System.Time_Stamp,vtti.timestamp,vtti.file_id,vtti.accel_x,vtti.accel_y,vtti.accel_z,vtti.gyro_x,vtti.gyro_y,vtti.gyro_z
1.000000,1900.000000,75549924.000000,0.110200,-0.020300,-0.986000, , , 
2.000000,1994.000000,75549924.000000, , , ,-0.650391,0.000000,-0.325195
3.000000,1999.000000,75549924.000000,0.116000,-0.008700,-0.980200, , , 
4.000000,2095.000000,75549924.000000, , , ,-0.325195,0.000000,0.000000
5.000000,2100.000000,75549924.000000,0.121800,-0.008700,-0.991800, , , 
6.000000,2196.000000,75549924.000000, , , ,0.000000,0.325195,0.000000
7.000000,2199.000000,75549924.000000,0.124700,-0.011600,-0.997600, , , 
8.000000,2297.000000,75549924.000000, , , ,-0.325195,0.000000,-0.325195
9.000000,2300.000000,75549924.000000,0.124700,-0.017400,-0.988900, , , 
10.000000,2398.000000,75549924.000000, , , ,-0.650391,0.325195,0.000000
11.000000,2399.000000,75549924.000000,0.130500,-0.014500,-1.006300, , , 
12.000000,2499.000000,75549924.000000, , , ,-0.325195,0.325195,0.000000
13.000000,2500.000000,75549924.000000,0.136300,-0.008700,-1.000500, , , 
14.000000,2599.000000,75549924.000000,0.147900,-0.008700,-0.988900, , , 
15.000000,2600.000000,75549924.000000, , , ,0.000000,0.325195,0.000000
16.000000,2700.000000,75549924.000000,0.147900,-0.017400,-0.991800, , , 
17.000000,2701.000000,75549924.000000, , , ,0.000000,0.000000,0.000000
18.000000,2792.000000,75549924.000000, , , ,-0.325195,0.325195,0.000000
19.000000,2799.000000,75549924.000000,0.136300,-0.017400,-0.983100, , , 
20.000000,2893.000000,75549924.000000, , , ,-0.650391,0.000000,0.000000
21.000000,2900.000000,75549924.000000,0.133400,-0.011600,-0.988900, , , 
22.000000,2994.000000,75549924.000000, , , ,-0.650391,0.650391,0.000000
23.000000,2999.000000,75549924.000000,0.127600,-0.008700,-0.994700, , , 
24.000000,3095.000000,75549924.000000, , , ,-0.325195,0.325195,0.000000
25.000000,3100.000000,75549924.000000,0.124700,-0.011600,-0.991800, , , 
26.000000,3196.000000,75549924.000000, , , ,-0.325195,-0.325195,0.000000
27.000000,3199.000000,75549924.000000,0.118900,-0.011600,-0.988900, , , 
28.000000,3297.000000,75549924.000000, , , ,-0.325195,0.000000,0.000000
29.000000,3300.000000,75549924.000000,0.116000,-0.020300,-0.988900, , , 
30.000000,3398.000000,75549924.000000, , , ,-0.650391,0.000000,0.000000
31.000000,3399.000000,75549924.000000,0.116000,-0.017400,-0.988900, , , 
32.000000,3499.000000,75549924.000000, , , ,-0.650391,0.000000,0.000000
33.000000,3500.000000,75549924.000000,0.110200,-0.011600,-0.986000, , , 
34.000000,3599.000000,75549924.000000,0.110200,-0.005800,-0.991800, , , 
35.000000,3600.000000,75549924.000000, , , ,-0.325195,0.000000,0.000000
36.000000,3700.000000,75549924.000000,0.107300,-0.011600,-0.988900, , , 
37.000000,3701.000000,75549924.000000, , , ,0.000000,0.000000,-0.325195
38.000000,3792.000000,75549924.000000, , , ,-0.325195,0.000000,-0.650391
39.000000,3799.000000,75549924.000000,0.104400,-0.017400,-0.988900, , , 
40.000000,3893.000000,75549924.000000, , , ,-0.650391,0.000000,0.000000
41.000000,3900.000000,75549924.000000,0.098600,-0.011600,-0.994700, , , 
42.000000,3994.000000,75549924.000000, , , ,-0.650391,0.000000,0.000000
43.000000,3999.000000,75549924.000000,0.095700,-0.008700,-0.988900, , , 
44.000000,4095.000000,75549924.000000, , , ,0.000000,0.000000,0.000000
45.000000,4100.000000,75549924.000000,0.101500,-0.002900,-0.994700, , , 
46.000000,4196.000000,75549924.000000, , , ,-0.325195,0.000000,0.000000
47.000000,4200.000000,75549924.000000,0.104400,-0.011600,-0.991800, , , 
48.000000,4296.000000,75549924.000000, , , ,-0.325195,0.000000,-0.325195
49.000000,4299.000000,75549924.000000,0.104400,-0.011600,-0.988900, , , 
50.000000,4397.000000,75549924.000000, , , ,0.000000,0.000000,-0.325195
51.000000,4400.000000,75549924.000000,0.104400,-0.005800,-0.986000, , , 
52.000000,4498.000000,75549924.000000, , , ,-0.325195,0.000000,0.000000
53.000000,4499.000000,75549924.000000,0.113100,-0.014500,-0.991800, , , 
54.000000,4599.000000,75549924.000000, , , ,-0.650391,0.000000,0.000000
55.000000,4600.000000,75549924.000000,0.118900,-0.011600,-0.988900, , , 
56.000000,4699.000000,75549924.000000,0.118900,-0.008700,-0.986000, , , 
57.000000,4700.000000,75549924.000000, , , ,0.000000,0.000000,0.000000
58.000000,4800.000000,75549924.000000,0.127600,-0.008700,-0.991800, , , 
59.000000,4801.000000,75549924.000000, , , ,-0.325195,0.000000,0.000000
60.000000,4892.000000,75549924.000000, , , ,-0.325195,0.000000,0.000000
61.000000,4899.000000,75549924.000000,0.130500,-0.020300,-0.997600, , , 
62.000000,4993.000000,75549924.000000, , , ,-0.325195,0.000000,0.000000
63.000000,5000.000000,75549924.000000,0.133400,-0.008700,-0.991800, , , 
64.000000,5094.000000,75549924.000000, , , ,-0.650391,0.000000,-0.325195
65.000000,5099.000000,75549924.000000,0.118900,-0.005800,-0.988900, , , 
66.000000,5195.000000,75549924.000000, , , ,0.000000,0.000000,0.000000
67.000000,5200.000000,75549924.000000,0.113100,-0.002900,-0.991800, , , 
68.000000,5296.000000,75549924.000000, , , ,-0.325195,0.000000,0.000000
69.000000,5299.000000,75549924.000000,0.104400,-0.011600,-0.994700, , , 
70.000000,5397.000000,75549924.000000, , , ,-0.325195,0.000000,-0.325195
71.000000,5400.000000,75549924.000000,0.101500,-0.008700,-0.988900, , , 
72.000000,5498.000000,75549924.000000, , , ,-0.325195,0.000000,0.000000
73.000000,5499.000000,75549924.000000,0.092800,-0.011600,-0.991800, , , 
74.000000,5599.000000,75549924.000000, , , ,-0.650391,0.325195,0.000000
75.000000,5600.000000,75549924.000000,0.089900,-0.005800,-0.983100, , , 
76.000000,5699.000000,75549924.000000,0.087000,-0.014500,-0.988900, , , 
77.000000,5700.000000,75549924.000000, , , ,0.000000,0.325195,-0.325195
78.000000,5800.000000,75549924.000000,0.092800,-0.008700,-0.986000, , , 
79.000000,5801.000000,75549924.000000, , , ,-0.650391,0.325195,0.000000
80.000000,5892.000000,75549924.000000, , , ,-0.325195,0.650391,0.000000
81.000000,5899.000000,75549924.000000,0.098600,-0.005800,-0.988900, , , 
82.000000,5993.000000,75549924.000000, , , ,-0.325195,0.000000,-0.325195
83.000000,6000.000000,75549924.000000,0.101500,-0.005800,-0.991800, , , 
84.000000,6094.000000,75549924.000000, , , ,-0.325195,0.325195,0.000000
85.000000,6099.000000,75549924.000000,0.104400,-0.005800,-0.991800, , , 
86.000000,6195.000000,75549924.000000, , , ,-0.325195,-0.650391,0.000000
87.000000,6200.000000,75549924.000000,0.101500,-0.011600,-0.991800, , , 
88.000000,6296.000000,75549924.000000, , , ,-0.325195,0.000000,-0.325195
89.000000,6299.000000,75549924.000000,0.087000,-0.011600,-0.991800, , , 
90.000000,6397.000000,75549924.000000, , , ,-0.650391,-0.325195,-0.325195
91.000000,6400.000000,75549924.000000,0.075400,-0.011600,-0.991800, , , 
92.000000,6498.000000,75549924.000000, , , ,-0.650391,0.000000,0.000000
93.000000,6499.000000,75549924.000000,0.069600,-0.008700,-0.988900, , , 
94.000000,6599.000000,75549924.000000, , , ,-0.325195,0.000000,-0.325195
95.000000,6600.000000,75549924.000000,0.063800,0.000000,-0.986000, , , 
96.000000,6699.000000,75549924.000000,0.063800,0.000000,-0.988900, , , 
97.000000,6700.000000,75549924.000000, , , ,0.000000,0.000000,-0.650391
98.000000,6800.000000,75549924.000000,0.066700,-0.011600,-0.986000, , , 
99.000000,6801.000000,75549924.000000, , , ,0.000000,0.000000,-0.325195
100.000000,6892.000000,75549924.000000, , , ,0.000000,0.325195,-0.325195
101.000000,6899.000000,75549924.000000,0.078300,-0.011600,-0.983100, , , 
102.000000,6993.000000,75549924.000000, , , ,0.000000,0.000000,0.000000
103.000000,7000.000000,75549924.000000,0.060900,-0.002900,-0.988900, , , 
104.000000,7094.000000,75549924.000000, , , ,-0.325195,-0.325195,-0.650391
105.000000,7099.000000,75549924.000000,0.156600,0.002900,-1.032400, , , 
106.000000,7195.000000,75549924.000000, , , ,-0.325195,-2.601563,0.000000
107.000000,7200.000000,75549924.000000,0.124700,-0.026100,-1.012100, , , 
108.000000,7296.000000,75549924.000000, , , ,-0.975586,-2.601563,0.325195
109.000000,7299.000000,75549924.000000,0.046400,-0.008700,-0.962800, , , 
110.000000,7397.000000,75549924.000000, , , ,-0.975586,-0.975586,0.325195
111.000000,7400.000000,75549924.000000,0.043500,0.023200,-0.974400, , , 
112.000000,7498.000000,75549924.000000, , , ,0.325195,-0.975586,0.000000
113.000000,7499.000000,75549924.000000,0.040600,0.008700,-0.997600, , , 
114.000000,7599.000000,75549924.000000, , , ,0.000000,-1.300781,1.300781
115.000000,7600.000000,75549924.000000,0.011600,-0.002900,-0.991800, , , 
116.000000,7699.000000,75549924.000000,0.005800,-0.008700,-0.983100, , , 
117.000000,7700.000000,75549924.000000, , , ,0.000000,-1.625977,0.650391
118.000000,7800.000000,75549924.000000,-0.005800,-0.020300,-0.980200, , , 
119.000000,7801.000000,75549924.000000, , , ,-0.325195,-0.975586,1.300781
120.000000,7892.000000,75549924.000000, , , ,-0.650391,-0.650391,1.951172
121.000000,7899.000000,75549924.000000,0.000000,-0.011600,-0.988900, , , 
122.000000,7993.000000,75549924.000000, , , ,0.000000,-1.300781,1.951172
123.000000,8000.000000,75549924.000000,0.008700,0.005800,-0.988900, , , 
124.000000,8094.000000,75549924.000000, , , ,-0.325195,-1.300781,2.276367
125.000000,8099.000000,75549924.000000,0.002900,-0.002900,-0.983100, , , 
126.000000,8195.000000,75549924.000000, , , ,-0.325195,-1.625977,2.926758
127.000000,8200.000000,75549924.000000,0.002900,-0.020300,-0.983100, , , 
128.000000,8296.000000,75549924.000000, , , ,-0.650391,-1.625977,3.251953
129.000000,8299.000000,75549924.000000,0.017400,-0.014500,-1.003400, , , 
130.000000,8397.000000,75549924.000000, , , ,-0.325195,-1.951172,3.251953
131.000000,8400.000000,75549924.000000,0.005800,0.000000,-0.980200, , , 
132.000000,8498.000000,75549924.000000, , , ,0.650391,-0.325195,3.251953
133.000000,8499.000000,75549924.000000,0.002900,-0.005800,-0.942500, , , 
134.000000,8599.000000,75549924.000000, , , ,0.000000,-2.276367,3.251953
135.000000,8600.000000,75549924.000000,0.069600,-0.029000,-1.020800, , , 
136.000000,8699.000000,75549924.000000,0.026100,-0.029000,-0.991800, , , 
137.000000,8700.000000,75549924.000000, , , ,0.000000,-3.577148,3.577148
138.000000,8800.000000,75549924.000000,-0.002900,-0.011600,-0.980200, , , 
139.000000,8801.000000,75549924.000000, , , ,0.000000,-1.625977,3.902344
140.000000,8892.000000,75549924.000000, , , ,0.000000,-0.650391,3.902344
141.000000,8899.000000,75549924.000000,0.026100,-0.023200,-0.994700, , , 
142.000000,8993.000000,75549924.000000, , , ,0.650391,-0.975586,3.902344
143.000000,9000.000000,75549924.000000,0.040600,-0.017400,-0.974400, , , 
144.000000,9094.000000,75549924.000000, , , ,0.975586,-1.625977,3.902344
145.000000,9099.000000,75549924.000000,0.020300,-0.052200,-0.974400, , , 
146.000000,9195.000000,75549924.000000, , , ,-2.926758,-0.650391,2.926758
147.000000,9200.000000,75549924.000000,0.046400,-0.127600,-1.061400, , , 
148.000000,9296.000000,75549924.000000, , , ,-0.650391,1.951172,3.577148
149.000000,9299.000000,75549924.000000,0.049300,-0.017400,-1.067200, , , 
150.000000,9397.000000,75549924.000000, , , ,-0.650391,1.951172,1.625977
151.000000,9400.000000,75549924.000000,0.078300,0.008700,-0.980200, , , 
152.000000,9498.000000,75549924.000000, , , ,1.625977,1.625977,0.650391
153.000000,9499.000000,75549924.000000,0.072500,-0.037700,-0.962800, , , 
154.000000,9599.000000,75549924.000000, , , ,0.000000,0.975586,0.650391
155.000000,9600.000000,75549924.000000,0.075400,-0.104400,-0.988900, , , 
156.000000,9699.000000,75549924.000000,0.063800,-0.078300,-0.971500, , , 
157.000000,9700.000000,75549924.000000, , , ,-1.625977,0.325195,-0.325195
158.000000,9800.000000,75549924.000000,0.066700,-0.017400,-1.000500, , , 
159.000000,9801.000000,75549924.000000, , , ,-1.951172,0.650391,-1.300781
160.000000,9892.000000,75549924.000000, , , ,-0.975586,0.975586,-0.975586
161.000000,9899.000000,75549924.000000,0.087000,-0.005800,-1.003400, , , 
162.000000,9993.000000,75549924.000000, , , ,-0.650391,0.650391,-1.625977
163.000000,10000.000000,75549924.000000,0.078300,-0.023200,-0.988900, , , 
164.000000,10094.000000,75549924.000000, , , ,0.000000,0.325195,-2.276367
165.000000,10101.000000,75549924.000000,0.069600,-0.002900,-0.959900, , , 
166.000000,10194.000000,75549924.000000, , , ,0.000000,0.000000,-3.577148
167.000000,10199.000000,75549924.000000,0.058000,-0.043500,-0.965700, , , 
168.000000,10295.000000,75549924.000000, , , ,0.000000,0.975586,-3.902344
169.000000,10300.000000,75549924.000000,0.060900,-0.020300,-1.023700, , , 
170.000000,10396.000000,75549924.000000, , , ,0.000000,2.601563,-3.251953
171.000000,10399.000000,75549924.000000,0.052200,0.002900,-1.000500, , , 
172.000000,10497.000000,75549924.000000, , , ,0.000000,1.625977,-4.877930
173.000000,10500.000000,75549924.000000,0.075400,-0.008700,-0.965700, , , 
174.000000,10598.000000,75549924.000000, , , ,1.951172,0.975586,-5.203125
175.000000,10599.000000,75549924.000000,-0.008700,-0.020300,-0.925100, , , 
176.000000,10699.000000,75549924.000000, , , ,-1.300781,3.902344,-6.503906
177.000000,10700.000000,75549924.000000,-0.017400,-0.098600,-0.951200, , , 
178.000000,10799.000000,75549924.000000,0.188500,-0.066700,-1.116500, , , 
179.000000,10800.000000,75549924.000000, , , ,-1.625977,1.625977,-5.528320
180.000000,10900.000000,75549924.000000,0.179800,-0.005800,-1.093300, , , 
181.000000,10901.000000,75549924.000000, , , ,-2.601563,-5.853516,-6.829102
182.000000,10992.000000,75549924.000000, , , ,-0.325195,-8.129883,-8.455078
183.000000,10999.000000,75549924.000000,0.069600,0.000000,-0.988900, , , 
184.000000,11093.000000,75549924.000000, , , ,-0.650391,-4.552734,-9.755859
185.000000,11100.000000,75549924.000000,-0.005800,-0.040600,-0.930900, , , 
186.000000,11194.000000,75549924.000000, , , ,-1.300781,-0.975586,-10.081055
187.000000,11199.000000,75549924.000000,0.014500,-0.023200,-0.945400, , , 
188.000000,11295.000000,75549924.000000, , , ,-1.625977,-0.650391,-11.381836
189.000000,11300.000000,75549924.000000,0.058000,-0.017400,-0.974400, , , 
190.000000,11396.000000,75549924.000000, , , ,-0.975586,-1.625977,-12.682617
191.000000,11399.000000,75549924.000000,0.037700,-0.011600,-1.003400, , , 
192.000000,11497.000000,75549924.000000, , , ,-1.625977,-1.951172,-12.682617
193.000000,11500.000000,75549924.000000,0.020300,0.014500,-1.012100, , , 
194.000000,11598.000000,75549924.000000, , , ,-0.650391,-1.300781,-13.007813
195.000000,11599.000000,75549924.000000,0.031900,0.023200,-1.009200, , , 
196.000000,11699.000000,75549924.000000, , , ,-0.975586,-1.951172,-14.308594
197.000000,11700.000000,75549924.000000,0.037700,-0.005800,-0.974400, , , 
198.000000,11799.000000,75549924.000000,0.031900,-0.002900,-0.977300, , , 
199.000000,11800.000000,75549924.000000, , , ,-0.975586,-2.601563,-15.284179
200.000000,11900.000000,75549924.000000,0.023200,0.005800,-0.988900, , , 
201.000000,11901.000000,75549924.000000, , , ,-1.300781,-2.276367,-15.934570
202.000000,11992.000000,75549924.000000, , , ,-0.650391,-1.951172,-16.584961
203.000000,11999.000000,75549924.000000,0.014500,-0.014500,-0.974400, , , 
204.000000,12093.000000,75549924.000000, , , ,-4.227539,-2.276367,-17.560547
205.000000,12100.000000,75549924.000000,0.014500,-0.008700,-0.974400, , , 
206.000000,12194.000000,75549924.000000, , , ,-4.877930,-2.926758,-16.584961
207.000000,12199.000000,75549924.000000,-0.008700,0.072500,-0.986000, , , 
208.000000,12295.000000,75549924.000000, , , ,-3.902344,-2.276367,-17.235352
209.000000,12300.000000,75549924.000000,-0.031900,0.046400,-0.942500, , , 
210.000000,12396.000000,75549924.000000, , , ,-3.902344,-3.577148,-17.235352
211.000000,12399.000000,75549924.000000,-0.008700,0.113100,-0.971500, , , 
212.000000,12497.000000,75549924.000000, , , ,1.625977,-1.300781,-16.910156
213.000000,12500.000000,75549924.000000,-0.037700,0.133400,-1.084600, , , 
214.000000,12598.000000,75549924.000000, , , ,4.552734,0.000000,-17.885742
215.000000,12599.000000,75549924.000000,-0.034800,0.156600,-1.009200, , , 
216.000000,12699.000000,75549924.000000, , , ,7.804688,-0.650391,-16.584961
217.000000,12700.000000,75549924.000000,-0.017400,0.063800,-0.962800, , , 
218.000000,12799.000000,75549924.000000,0.011600,-0.104400,-1.078800, , , 
219.000000,12800.000000,75549924.000000, , , ,2.601563,0.000000,-16.910156
220.000000,12900.000000,75549924.000000,0.014500,-0.133400,-1.032400, , , 
221.000000,12901.000000,75549924.000000, , , ,-2.601563,2.276367,-15.284179
222.000000,12992.000000,75549924.000000, , , ,-5.853516,1.951172,-14.308594
223.000000,12999.000000,75549924.000000,0.011600,-0.002900,-0.951200, , , 
224.000000,13093.000000,75549924.000000, , , ,-4.877930,0.325195,-14.633790
225.000000,13100.000000,75549924.000000,-0.008700,0.127600,-0.945400, , , 
226.000000,13194.000000,75549924.000000, , , ,-0.325195,0.650391,-14.958983
227.000000,13199.000000,75549924.000000,-0.020300,0.075400,-0.974400, , , 
228.000000,13295.000000,75549924.000000, , , ,-0.325195,0.325195,-14.958983
229.000000,13300.000000,75549924.000000,-0.005800,0.008700,-0.988900, , , 
230.000000,13396.000000,75549924.000000, , , ,-0.650391,0.325195,-14.633790
231.000000,13399.000000,75549924.000000,0.005800,-0.020300,-0.991800, , , 
232.000000,13497.000000,75549924.000000, , , ,-1.625977,0.000000,-14.958983
233.000000,13500.000000,75549924.000000,0.011600,-0.002900,-0.986000, , , 
234.000000,13598.000000,75549924.000000, , , ,-1.951172,0.000000,-14.633790
235.000000,13599.000000,75549924.000000,0.002900,0.037700,-0.986000, , , 
236.000000,13699.000000,75549924.000000, , , ,-1.625977,0.325195,-13.658203
237.000000,13700.000000,75549924.000000,0.008700,0.043500,-0.994700, , , 
238.000000,13799.000000,75549924.000000,0.031900,0.034800,-0.986000, , , 
239.000000,13800.000000,75549924.000000, , , ,-1.300781,0.325195,-13.983398
240.000000,13900.000000,75549924.000000,0.046400,0.017400,-0.991800, , , 
241.000000,13901.000000,75549924.000000, , , ,-1.625977,0.650391,-13.333008
242.000000,13992.000000,75549924.000000, , , ,-1.951172,0.325195,-12.682617
243.000000,13999.000000,75549924.000000,0.052200,0.020300,-0.991800, , , 
244.000000,14093.000000,75549924.000000, , , ,-1.951172,0.650391,-11.707031
245.000000,14100.000000,75549924.000000,0.060900,0.049300,-0.986000, , , 
246.000000,14194.000000,75549924.000000, , , ,-1.300781,0.000000,-11.381836
247.000000,14199.000000,75549924.000000,0.060900,0.037700,-0.983100, , , 
248.000000,14295.000000,75549924.000000, , , ,-0.975586,0.325195,-10.406250
249.000000,14300.000000,75549924.000000,0.081200,0.034800,-0.988900, , , 
250.000000,14396.000000,75549924.000000, , , ,-0.325195,0.650391,-9.430664
251.000000,14399.000000,75549924.000000,0.089900,0.043500,-0.988900, , , 
252.000000,14497.000000,75549924.000000, , , ,-0.975586,0.325195,-8.780273
253.000000,14500.000000,75549924.000000,0.078300,0.029000,-0.991800, , , 
254.000000,14598.000000,75549924.000000, , , ,-0.975586,0.325195,-6.503906
255.000000,14599.000000,75549924.000000,0.081200,0.026100,-0.991800, , , 
256.000000,14699.000000,75549924.000000, , , ,-0.650391,0.000000,-7.154297
257.000000,14700.000000,75549924.000000,0.084100,0.026100,-0.994700, , , 
258.000000,14799.000000,75549924.000000,0.089900,0.037700,-0.997600, , , 
259.000000,14800.000000,75549924.000000, , , ,-0.325195,0.000000,-6.178711
260.000000,14900.000000,75549924.000000,0.089900,0.029000,-0.994700, , , 
261.000000,14901.000000,75549924.000000, , , ,-0.650391,0.000000,-4.227539
262.000000,14992.000000,75549924.000000, , , ,-0.650391,0.000000,-4.552734
263.000000,14999.000000,75549924.000000,0.089900,0.017400,-0.986000, , , 
264.000000,15093.000000,75549924.000000, , , ,-0.975586,0.000000,-3.251953
265.000000,15100.000000,75549924.000000,0.084100,0.020300,-0.988900, , , 
266.000000,15194.000000,75549924.000000, , , ,-0.325195,0.000000,-2.601563
267.000000,15199.000000,75549924.000000,0.078300,0.020300,-0.991800, , , 
268.000000,15295.000000,75549924.000000, , , ,-0.325195,0.000000,-1.625977
269.000000,15300.000000,75549924.000000,0.078300,0.031900,-0.986000, , , 
270.000000,15396.000000,75549924.000000, , , ,-0.650391,0.000000,-1.300781
271.000000,15399.000000,75549924.000000,0.078300,0.014500,-0.994700, , , 
272.000000,15497.000000,75549924.000000, , , ,-0.325195,0.000000,-0.650391
273.000000,15500.000000,75549924.000000,0.072500,0.014500,-0.991800, , , 
274.000000,15598.000000,75549924.000000, , , ,-0.325195,0.000000,-0.325195
275.000000,15599.000000,75549924.000000,0.069600,0.000000,-0.991800, , , 
276.000000,15699.000000,75549924.000000, , , ,0.325195,0.000000,0.000000
277.000000,15700.000000,75549924.000000,0.017400,0.002900,-0.988900, , , 
278.000000,15799.000000,75549924.000000,-0.014500,-0.023200,-0.986000, , , 
279.000000,15800.000000,75549924.000000, , , ,0.000000,-0.650391,0.000000
280.000000,15900.000000,75549924.000000,0.011600,-0.020300,-1.000500, , , 
281.000000,15901.000000,75549924.000000, , , ,0.000000,0.000000,-0.325195
282.000000,15992.000000,75549924.000000, , , ,-0.325195,0.000000,0.000000
283.000000,15999.000000,75549924.000000,0.034800,-0.014500,-0.997600, , , 
284.000000,16093.000000,75549924.000000, , , ,0.000000,0.000000,-0.325195
285.000000,16100.000000,75549924.000000,0.060900,0.008700,-0.986000, , , 
286.000000,16194.000000,75549924.000000, , , ,-0.325195,0.000000,0.650391
287.000000,16199.000000,75549924.000000,0.095700,0.020300,-0.988900, , , 
288.000000,16295.000000,75549924.000000, , , ,-0.650391,1.300781,1.625977
289.000000,16300.000000,75549924.000000,0.145000,0.017400,-0.997600, , , 
290.000000,16396.000000,75549924.000000, , , ,0.650391,0.000000,1.625977
291.000000,16399.000000,75549924.000000,0.116000,0.005800,-0.988900, , , 
292.000000,16497.000000,75549924.000000, , , ,0.000000,-0.325195,1.625977
293.000000,16500.000000,75549924.000000,0.104400,-0.020300,-0.994700, , , 
294.000000,16598.000000,75549924.000000, , , ,0.000000,0.000000,2.276367
295.000000,16599.000000,75549924.000000,0.107300,-0.031900,-0.994700, , , 
296.000000,16699.000000,75549924.000000, , , ,-0.325195,0.000000,2.601563
297.000000,16700.000000,75549924.000000,0.118900,-0.008700,-0.991800, , , 
298.000000,16799.000000,75549924.000000,0.116000,-0.014500,-0.991800, , , 
299.000000,16800.000000,75549924.000000, , , ,0.000000,-0.325195,1.625977
300.000000,16900.000000,75549924.000000,0.110200,-0.017400,-0.997600, , , 
301.000000,16901.000000,75549924.000000, , , ,0.000000,0.000000,1.625977
302.000000,16992.000000,75549924.000000, , , ,0.000000,-0.325195,1.625977
303.000000,16999.000000,75549924.000000,0.113100,-0.040600,-0.988900, , , 
304.000000,17093.000000,75549924.000000, , , ,0.000000,0.000000,0.000000
305.000000,17100.000000,75549924.000000,0.116000,-0.049300,-0.997600, , , 
306.000000,17194.000000,75549924.000000, , , ,0.000000,-0.325195,-1.951172
307.000000,17199.000000,75549924.000000,0.113100,-0.046400,-0.986000, , , 
308.000000,17295.000000,75549924.000000, , , ,0.000000,-0.650391,-2.276367
309.000000,17300.000000,75549924.000000,0.113100,-0.055100,-0.986000, , , 
310.000000,17396.000000,75549924.000000, , , ,0.325195,0.000000,-4.227539
311.000000,17399.000000,75549924.000000,0.127600,-0.072500,-1.003400, , , 
312.000000,17497.000000,75549924.000000, , , ,0.000000,0.000000,-5.203125
313.000000,17500.000000,75549924.000000,0.142100,-0.075400,-0.997600, , , 
314.000000,17598.000000,75549924.000000, , , ,0.000000,0.000000,-6.178711
315.000000,17599.000000,75549924.000000,0.159500,-0.066700,-0.991800, , , 
316.000000,17699.000000,75549924.000000, , , ,0.325195,0.000000,-7.804688
317.000000,17700.000000,75549924.000000,0.168200,-0.084100,-0.991800, , , 
318.000000,17799.000000,75549924.000000,0.179800,-0.121800,-0.997600, , , 
319.000000,17800.000000,75549924.000000, , , ,0.325195,-0.325195,-9.755859
320.000000,17900.000000,75549924.000000,0.171100,-0.136300,-1.000500, , , 
321.000000,17901.000000,75549924.000000, , , ,0.000000,-0.325195,-11.381836
322.000000,17992.000000,75549924.000000, , , ,0.000000,-0.325195,-13.007813
323.000000,17999.000000,75549924.000000,0.176900,-0.121800,-0.986000, , , 
324.000000,18093.000000,75549924.000000, , , ,0.650391,-0.325195,-14.958983
325.000000,18100.000000,75549924.000000,0.179800,-0.139200,-0.986000, , , 
326.000000,18194.000000,75549924.000000, , , ,0.000000,-0.975586,-14.633790
327.000000,18199.000000,75549924.000000,0.168200,-0.174000,-0.991800, , , 
328.000000,18295.000000,75549924.000000, , , ,-0.650391,-0.325195,-17.235352
329.000000,18300.000000,75549924.000000,0.153700,-0.174000,-0.997600, , , 
330.000000,18396.000000,75549924.000000, , , ,-0.650391,-0.325195,-18.536133
331.000000,18399.000000,75549924.000000,0.150800,-0.139200,-0.994700, , , 
332.000000,18497.000000,75549924.000000, , , ,0.000000,-0.325195,-20.162109
333.000000,18500.000000,75549924.000000,0.156600,-0.142100,-0.986000, , , 
334.000000,18598.000000,75549924.000000, , , ,-0.650391,-0.325195,-19.836914
335.000000,18599.000000,75549924.000000,0.150800,-0.165300,-0.986000, , , 
336.000000,18699.000000,75549924.000000, , , ,-0.975586,-0.650391,-19.836914
337.000000,18700.000000,75549924.000000,0.142100,-0.153700,-0.986000, , , 
338.000000,18799.000000,75549924.000000,0.130500,-0.147900,-1.003400, , , 
339.000000,18800.000000,75549924.000000, , , ,-1.300781,0.000000,-19.511719
340.000000,18900.000000,75549924.000000,0.162400,-0.145000,-0.997600, , , 
341.000000,18901.000000,75549924.000000, , , ,-1.300781,0.000000,-19.186523
342.000000,18992.000000,75549924.000000, , , ,-1.300781,0.325195,-18.861328
343.000000,18999.000000,75549924.000000,0.188500,-0.147900,-0.994700, , , 
344.000000,19093.000000,75549924.000000, , , ,-1.951172,0.000000,-17.885742
345.000000,19100.000000,75549924.000000,0.205900,-0.130500,-0.988900, , , 
346.000000,19194.000000,75549924.000000, , , ,-0.650391,0.000000,-16.910156
347.000000,19199.000000,75549924.000000,0.211700,-0.113100,-0.977300, , , 
348.000000,19295.000000,75549924.000000, , , ,-1.300781,0.000000,-15.609375
349.000000,19300.000000,75549924.000000,0.203000,-0.113100,-1.006300, , , 
350.000000,19396.000000,75549924.000000, , , ,-1.625977,-0.325195,-13.983398
351.000000,19399.000000,75549924.000000,0.197200,-0.113100,-0.988900, , , 
352.000000,19497.000000,75549924.000000, , , ,-1.625977,-0.325195,-12.357422
353.000000,19500.000000,75549924.000000,0.188500,-0.087000,-0.994700, , , 
354.000000,19598.000000,75549924.000000, , , ,-1.951172,-0.325195,-10.731445
355.000000,19599.000000,75549924.000000,0.182700,-0.066700,-0.997600, , , 
356.000000,19699.000000,75549924.000000, , , ,-1.300781,-0.325195,-8.780273
357.000000,19700.000000,75549924.000000,0.168200,-0.060900,-0.997600, , , 
358.000000,19799.000000,75549924.000000,0.162400,-0.049300,-1.000500, , , 
359.000000,19800.000000,75549924.000000, , , ,-1.300781,0.000000,-6.829102
360.000000,19900.000000,75549924.000000,0.176900,-0.034800,-0.994700, , , 
361.000000,19901.000000,75549924.000000, , , ,-1.300781,0.975586,-5.528320
362.000000,19992.000000,75549924.000000, , , ,-1.625977,0.325195,-4.877930
363.000000,19999.000000,75549924.000000,0.176900,-0.026100,-0.980200, , , 
364.000000,20093.000000,75549924.000000, , , ,-1.300781,0.000000,-3.251953
365.000000,20100.000000,75549924.000000,0.171100,-0.017400,-1.003400, , , 
366.000000,20194.000000,75549924.000000, , , ,-1.300781,0.000000,-1.951172
367.000000,20199.000000,75549924.000000,0.174000,-0.002900,-0.994700, , , 
368.000000,20295.000000,75549924.000000, , , ,-1.625977,-0.325195,-0.650391
369.000000,20300.000000,75549924.000000,0.182700,-0.002900,-0.997600, , , 
370.000000,20396.000000,75549924.000000, , , ,-1.300781,-0.325195,0.000000
371.000000,20399.000000,75549924.000000,0.174000,0.023200,-1.000500, , , 
372.000000,20497.000000,75549924.000000, , , ,-0.975586,0.000000,0.975586
373.000000,20500.000000,75549924.000000,0.174000,0.017400,-0.991800, , , 
374.000000,20598.000000,75549924.000000, , , ,0.000000,0.000000,0.650391
375.000000,20599.000000,75549924.000000,0.188500,0.005800,-0.986000, , , 
376.000000,20699.000000,75549924.000000, , , ,-0.325195,-0.325195,0.325195
377.000000,20700.000000,75549924.000000,0.174000,-0.002900,-0.988900, , , 
378.000000,20799.000000,75549924.000000,0.165300,0.000000,-1.003400, , , 
379.000000,20800.000000,75549924.000000, , , ,-0.325195,0.000000,0.975586
380.000000,20900.000000,75549924.000000,0.174000,-0.026100,-0.997600, , , 
381.000000,20901.000000,75549924.000000, , , ,-0.650391,0.000000,0.975586
382.000000,20992.000000,75549924.000000, , , ,-0.650391,0.000000,0.650391
383.000000,20999.000000,75549924.000000,0.162400,0.002900,-0.997600, , , 
384.000000,21093.000000,75549924.000000, , , ,0.000000,0.325195,0.975586
385.000000,21100.000000,75549924.000000,0.156600,0.000000,-0.994700, , , 
386.000000,21194.000000,75549924.000000, , , ,0.000000,0.000000,0.650391
387.000000,21199.000000,75549924.000000,0.162400,-0.005800,-0.986000, , , 
388.000000,21295.000000,75549924.000000, , , ,-0.325195,0.000000,0.000000
389.000000,21300.000000,75549924.000000,0.162400,-0.005800,-0.991800, , , 
390.000000,21396.000000,75549924.000000, , , ,-0.650391,0.000000,0.325195
391.000000,21399.000000,75549924.000000,0.147900,-0.017400,-0.991800, , , 
392.000000,21497.000000,75549924.000000, , , ,-0.650391,-0.325195,0.000000
393.000000,21500.000000,75549924.000000,0.153700,-0.029000,-1.003400, , , 
394.000000,21598.000000,75549924.000000, , , ,-0.325195,0.000000,0.000000
395.000000,21599.000000,75549924.000000,0.136300,0.005800,-1.003400, , , 
396.000000,21699.000000,75549924.000000, , , ,-0.325195,0.325195,0.000000
397.000000,21700.000000,75549924.000000,0.147900,-0.023200,-0.994700, , , 
398.000000,21799.000000,75549924.000000,0.153700,-0.005800,-0.994700, , , 
399.000000,21800.000000,75549924.000000, , , ,-0.975586,0.325195,0.000000
400.000000,21900.000000,75549924.000000,0.147900,0.005800,-0.988900, , , 
401.000000,21901.000000,75549924.000000, , , ,-0.650391,0.000000,0.000000
402.000000,21992.000000,75549924.000000, , , ,0.000000,-0.325195,0.000000
403.000000,21999.000000,75549924.000000,0.142100,0.000000,-0.983100, , , 
404.000000,22093.000000,75549924.000000, , , ,-0.975586,-0.325195,0.325195
405.000000,22100.000000,75549924.000000,0.124700,0.002900,-0.997600, , , 
406.000000,22194.000000,75549924.000000, , , ,-0.650391,-0.325195,0.325195
407.000000,22199.000000,75549924.000000,0.113100,-0.005800,-0.986000, , , 
408.000000,22295.000000,75549924.000000, , , ,-0.650391,0.325195,0.000000
409.000000,22300.000000,75549924.000000,0.113100,0.005800,-1.009200, , , 
410.000000,22396.000000,75549924.000000, , , ,0.000000,0.325195,0.325195
411.000000,22399.000000,75549924.000000,0.118900,0.014500,-0.997600, , , 
412.000000,22497.000000,75549924.000000, , , ,-1.300781,0.650391,0.650391
413.000000,22500.000000,75549924.000000,0.121800,-0.034800,-0.986000, , , 
414.000000,22598.000000,75549924.000000, , , ,-0.650391,0.000000,0.975586
415.000000,22599.000000,75549924.000000,0.121800,0.017400,-1.006300, , , 
416.000000,22699.000000,75549924.000000, , , ,-0.325195,0.000000,1.300781
417.000000,22700.000000,75549924.000000,0.116000,0.034800,-0.983100, , , 
418.000000,22799.000000,75549924.000000,0.104400,0.026100,-0.988900, , , 
419.000000,22800.000000,75549924.000000, , , ,-0.975586,-0.325195,1.300781
420.000000,22900.000000,75549924.000000,0.110200,0.008700,-0.986000, , , 
421.000000,22901.000000,75549924.000000, , , ,-0.650391,0.000000,1.625977
422.000000,22992.000000,75549924.000000, , , ,-0.650391,0.000000,1.625977
423.000000,22999.000000,75549924.000000,0.101500,0.031900,-1.000500, , , 
424.000000,23093.000000,75549924.000000, , , ,-0.325195,0.000000,1.300781
425.000000,23100.000000,75549924.000000,0.040600,0.023200,-0.997600, , , 
426.000000,23194.000000,75549924.000000, , , ,-0.650391,-0.325195,1.300781
427.000000,23200.000000,75549924.000000,0.052200,-0.002900,-1.003400, , , 
428.000000,23294.000000,75549924.000000, , , ,-0.650391,1.625977,1.300781
429.000000,23299.000000,75549924.000000,0.110200,0.031900,-1.003400, , , 
430.000000,23395.000000,75549924.000000, , , ,-1.300781,1.951172,1.300781
431.000000,23400.000000,75549924.000000,0.156600,-0.002900,-1.009200, , , 
432.000000,23496.000000,75549924.000000, , , ,0.000000,0.650391,0.975586
433.000000,23499.000000,75549924.000000,0.168200,0.052200,-0.994700, , , 
434.000000,23597.000000,75549924.000000, , , ,-0.975586,0.325195,1.300781
435.000000,23600.000000,75549924.000000,0.211700,-0.026100,-1.000500, , , 
436.000000,23698.000000,75549924.000000, , , ,0.000000,0.000000,0.975586
437.000000,23699.000000,75549924.000000,0.162400,0.031900,-0.980200, , , 
438.000000,23799.000000,75549924.000000, , , ,0.000000,-0.650391,0.325195
439.000000,23800.000000,75549924.000000,0.127600,0.002900,-0.988900, , , 
440.000000,23899.000000,75549924.000000,0.107300,0.005800,-0.988900, , , 
441.000000,23900.000000,75549924.000000, , , ,0.000000,0.000000,0.000000
442.000000,24000.000000,75549924.000000,0.121800,-0.026100,-1.012100, , , 
443.000000,24001.000000,75549924.000000, , , ,-0.325195,0.000000,0.325195
444.000000,24092.000000,75549924.000000, , , ,0.000000,0.650391,0.650391
445.000000,24099.000000,75549924.000000,0.113100,0.011600,-1.006300, , , 
446.000000,24193.000000,75549924.000000, , , ,-0.325195,0.650391,0.325195
447.000000,24200.000000,75549924.000000,0.127600,-0.008700,-0.986000, , , 
448.000000,24294.000000,75549924.000000, , , ,0.325195,-0.325195,0.000000
449.000000,24299.000000,75549924.000000,0.130500,0.023200,-0.974400, , , 
450.000000,24395.000000,75549924.000000, , , ,-0.325195,-0.975586,0.325195
451.000000,24400.000000,75549924.000000,0.127600,-0.005800,-0.991800, , , 
452.000000,24496.000000,75549924.000000, , , ,0.000000,-0.650391,0.325195
453.000000,24499.000000,75549924.000000,0.107300,0.017400,-0.980200, , , 
454.000000,24597.000000,75549924.000000, , , ,0.000000,0.000000,0.000000
455.000000,24600.000000,75549924.000000,0.107300,-0.002900,-0.997600, , , 
456.000000,24698.000000,75549924.000000, , , ,0.325195,0.325195,0.325195
457.000000,24699.000000,75549924.000000,0.121800,0.008700,-0.977300, , , 
458.000000,24799.000000,75549924.000000, , , ,0.000000,0.000000,0.650391
459.000000,24800.000000,75549924.000000,0.116000,-0.014500,-1.003400, , , 
460.000000,24899.000000,75549924.000000,0.107300,-0.011600,-0.983100, , , 
461.000000,24900.000000,75549924.000000, , , ,0.000000,-0.325195,0.325195
462.000000,25000.000000,75549924.000000,0.101500,0.023200,-0.994700, , , 
463.000000,25001.000000,75549924.000000, , , ,0.325195,0.000000,0.000000
464.000000,25092.000000,75549924.000000, , , ,-0.325195,0.000000,0.000000
465.000000,25099.000000,75549924.000000,0.101500,-0.029000,-1.006300, , , 
466.000000,25193.000000,75549924.000000, , , ,0.000000,0.325195,0.000000
467.000000,25200.000000,75549924.000000,0.118900,0.005800,-0.977300, , , 
468.000000,25294.000000,75549924.000000, , , ,-0.975586,0.000000,0.000000
469.000000,25299.000000,75549924.000000,0.110200,-0.031900,-0.997600, , , 
470.000000,25395.000000,75549924.000000, , , ,-0.325195,0.000000,0.000000
471.000000,25400.000000,75549924.000000,0.095700,-0.002900,-0.994700, , , 
472.000000,25496.000000,75549924.000000, , , ,-1.951172,0.000000,0.325195
473.000000,25499.000000,75549924.000000,0.084100,-0.017400,-0.997600, , , 
474.000000,25597.000000,75549924.000000, , , ,-0.650391,0.000000,0.325195
475.000000,25600.000000,75549924.000000,0.087000,-0.029000,-1.003400, , , 
476.000000,25698.000000,75549924.000000, , , ,-1.300781,0.650391,-0.325195
477.000000,25699.000000,75549924.000000,0.072500,-0.005800,-1.009200, , , 
478.000000,25799.000000,75549924.000000, , , ,-0.325195,0.000000,0.000000
479.000000,25800.000000,75549924.000000,0.078300,0.000000,-0.988900, , , 
480.000000,25899.000000,75549924.000000,0.055100,0.008700,-0.980200, , , 
481.000000,25900.000000,75549924.000000, , , ,-0.650391,0.000000,0.000000
482.000000,26000.000000,75549924.000000,0.113100,-0.034800,-1.000500, , , 
483.000000,26001.000000,75549924.000000, , , ,-0.325195,-0.325195,0.000000
484.000000,26092.000000,75549924.000000, , , ,-0.325195,0.000000,-0.325195
485.000000,26099.000000,75549924.000000,0.127600,-0.008700,-0.968600, , , 
486.000000,26193.000000,75549924.000000, , , ,-0.650391,-0.975586,0.000000
487.000000,26200.000000,75549924.000000,0.089900,-0.005800,-0.977300, , , 
488.000000,26294.000000,75549924.000000, , , ,0.000000,-1.300781,-0.325195
489.000000,26299.000000,75549924.000000,0.060900,-0.023200,-0.957000, , , 
490.000000,26395.000000,75549924.000000, , , ,0.000000,-0.650391,-0.650391
491.000000,26400.000000,75549924.000000,0.052200,-0.008700,-1.003400, , , 
492.000000,26496.000000,75549924.000000, , , ,0.000000,0.325195,-0.650391
493.000000,26499.000000,75549924.000000,0.034800,-0.037700,-0.991800, , , 
494.000000,26597.000000,75549924.000000, , , ,-0.325195,0.650391,-0.325195
495.000000,26600.000000,75549924.000000,0.063800,-0.029000,-1.000500, , , 
496.000000,26698.000000,75549924.000000, , , ,0.000000,0.325195,-0.975586
497.000000,26699.000000,75549924.000000,0.058000,-0.002900,-1.017900, , , 
498.000000,26799.000000,75549924.000000, , , ,-0.325195,0.000000,0.000000
499.000000,26800.000000,75549924.000000,0.055100,-0.037700,-0.986000, , , 
500.000000,26899.000000,75549924.000000,0.055100,-0.008700,-1.000500, , , 
501.000000,26900.000000,75549924.000000, , , ,0.325195,0.650391,-0.650391
502.000000,27000.000000,75549924.000000,0.075400,-0.005800,-0.962800, , , 
503.000000,27001.000000,75549924.000000, , , ,-0.325195,0.000000,-0.650391
504.000000,27092.000000,75549924.000000, , , ,0.975586,-1.300781,-0.650391
505.000000,27099.000000,75549924.000000,0.081200,-0.031900,-0.965700, , , 
506.000000,27193.000000,75549924.000000, , , ,0.000000,-1.300781,-0.650391
507.000000,27200.000000,75549924.000000,0.037700,-0.026100,-0.994700, , , 
508.000000,27294.000000,75549924.000000, , , ,0.325195,0.325195,-0.325195
509.000000,27299.000000,75549924.000000,0.026100,-0.043500,-1.006300, , , 
510.000000,27395.000000,75549924.000000, , , ,0.000000,1.300781,-0.650391
511.000000,27400.000000,75549924.000000,0.040600,-0.029000,-1.015000, , , 
512.000000,27496.000000,75549924.000000, , , ,-0.975586,1.300781,-0.325195
513.000000,27499.000000,75549924.000000,0.058000,-0.046400,-1.041100, , , 
514.000000,27597.000000,75549924.000000, , , ,-0.650391,0.975586,-0.650391
515.000000,27600.000000,75549924.000000,0.060900,-0.037700,-1.009200, , , 
516.000000,27698.000000,75549924.000000, , , ,-0.975586,0.325195,-0.650391
517.000000,27699.000000,75549924.000000,0.081200,0.002900,-0.971500, , , 
518.000000,27799.000000,75549924.000000, , , ,-0.650391,-1.625977,-0.325195
519.000000,27800.000000,75549924.000000,0.087000,-0.023200,-0.948300, , , 
520.000000,27899.000000,75549924.000000,0.043500,-0.011600,-0.980200, , , 
521.000000,27900.000000,75549924.000000, , , ,0.000000,-1.951172,0.000000
522.000000,28000.000000,75549924.000000,0.002900,-0.020300,-0.991800, , , 
523.000000,28001.000000,75549924.000000, , , ,-0.650391,0.000000,-0.325195
524.000000,28092.000000,75549924.000000, , , ,0.000000,1.300781,-0.325195
525.000000,28099.000000,75549924.000000,0.029000,-0.026100,-1.017900, , , 
526.000000,28193.000000,75549924.000000, , , ,-0.650391,0.975586,-0.325195
527.000000,28200.000000,75549924.000000,0.043500,-0.034800,-0.997600, , , 
528.000000,28294.000000,75549924.000000, , , ,-0.325195,-0.650391,0.000000
529.000000,28299.000000,75549924.000000,0.058000,0.014500,-0.951200, , , 
530.000000,28395.000000,75549924.000000, , , ,0.650391,-1.625977,-0.650391
531.000000,28400.000000,75549924.000000,0.029000,-0.034800,-0.957000, , , 
532.000000,28496.000000,75549924.000000, , , ,0.000000,-1.300781,-0.650391
533.000000,28499.000000,75549924.000000,0.002900,-0.034800,-0.986000, , , 
534.000000,28597.000000,75549924.000000, , , ,0.325195,0.325195,-0.975586
535.000000,28600.000000,75549924.000000,0.000000,-0.026100,-0.994700, , , 
536.000000,28698.000000,75549924.000000, , , ,0.000000,0.975586,-0.975586
537.000000,28699.000000,75549924.000000,0.029000,-0.052200,-1.020800, , , 
538.000000,28799.000000,75549924.000000, , , ,0.000000,-0.325195,-0.650391
539.000000,28800.000000,75549924.000000,0.060900,-0.026100,-0.971500, , , 
540.000000,28899.000000,75549924.000000,0.055100,-0.020300,-0.942500, , , 
541.000000,28900.000000,75549924.000000, , , ,-0.325195,-1.300781,-0.325195
542.000000,29000.000000,75549924.000000,0.005800,-0.020300,-0.988900, , , 
543.000000,29001.000000,75549924.000000, , , ,0.000000,-1.951172,-0.325195
544.000000,29092.000000,75549924.000000, , , ,-0.975586,0.325195,0.000000
545.000000,29099.000000,75549924.000000,-0.040600,-0.023200,-1.044000, , , 
546.000000,29193.000000,75549924.000000, , , ,-0.325195,3.902344,-0.325195
547.000000,29200.000000,75549924.000000,0.000000,-0.031900,-1.038200, , , 
548.000000,29294.000000,75549924.000000, , , ,0.000000,2.601563,-0.325195
549.000000,29299.000000,75549924.000000,0.075400,-0.011600,-1.029500, , , 
550.000000,29395.000000,75549924.000000, , , ,-0.325195,-0.975586,-0.325195
551.000000,29400.000000,75549924.000000,0.078300,-0.034800,-0.983100, , , 
552.000000,29496.000000,75549924.000000, , , ,0.325195,-2.276367,0.000000
553.000000,29499.000000,75549924.000000,0.031900,-0.017400,-0.936700, , , 
554.000000,29597.000000,75549924.000000, , , ,0.000000,-0.325195,-0.650391
555.000000,29600.000000,75549924.000000,0.002900,-0.046400,-0.991800, , , 
556.000000,29698.000000,75549924.000000, , , ,0.000000,1.300781,-0.975586
557.000000,29699.000000,75549924.000000,0.005800,-0.066700,-1.003400, , , 
558.000000,29799.000000,75549924.000000, , , ,-0.325195,1.625977,-1.625977
559.000000,29800.000000,75549924.000000,0.046400,-0.087000,-1.026600, , , 
560.000000,29899.000000,75549924.000000,0.040600,-0.084100,-1.009200, , , 
561.000000,29900.000000,75549924.000000, , , ,-0.975586,0.650391,-2.276367
562.000000,30000.000000,75549924.000000,0.023200,-0.104400,-0.997600, , , 
563.000000,30001.000000,75549924.000000, , , ,-1.625977,0.325195,-1.951172
564.000000,30092.000000,75549924.000000, , , ,0.325195,-0.325195,-2.276367
565.000000,30099.000000,75549924.000000,0.072500,-0.031900,-0.930900, , , 
566.000000,30193.000000,75549924.000000, , , ,1.300781,-2.276367,-3.251953
567.000000,30200.000000,75549924.000000,0.063800,-0.101500,-0.983100, , , 
568.000000,30294.000000,75549924.000000, , , ,1.625977,-1.300781,-3.251953
569.000000,30299.000000,75549924.000000,0.026100,-0.058000,-0.925100, , , 
570.000000,30395.000000,75549924.000000, , , ,1.625977,-0.650391,-3.577148
571.000000,30400.000000,75549924.000000,0.020300,-0.176900,-0.983100, , , 
572.000000,30496.000000,75549924.000000, , , ,-3.251953,-1.951172,-2.926758
573.000000,30499.000000,75549924.000000,0.046400,-0.179800,-0.986000, , , 
574.000000,30597.000000,75549924.000000, , , ,-0.325195,0.000000,-2.601563
575.000000,30600.000000,75549924.000000,0.034800,-0.055100,-1.003400, , , 
576.000000,30698.000000,75549924.000000, , , ,-1.951172,0.650391,-3.577148
577.000000,30699.000000,75549924.000000,0.002900,-0.176900,-1.003400, , , 
578.000000,30799.000000,75549924.000000, , , ,-2.276367,1.300781,-3.251953
579.000000,30800.000000,75549924.000000,0.049300,-0.072500,-1.000500, , , 
580.000000,30899.000000,75549924.000000,0.034800,-0.113100,-1.006300, , , 
581.000000,30900.000000,75549924.000000, , , ,-1.951172,0.000000,-3.902344
582.000000,31000.000000,75549924.000000,0.037700,-0.078300,-0.974400, , , 
583.000000,31001.000000,75549924.000000, , , ,-1.951172,0.000000,-2.601563
584.000000,31092.000000,75549924.000000, , , ,-0.975586,-0.975586,-2.926758
585.000000,31099.000000,75549924.000000,0.081200,-0.101500,-0.904800, , , 
586.000000,31193.000000,75549924.000000, , , ,-1.625977,-3.902344,-3.251953
587.000000,31200.000000,75549924.000000,0.046400,-0.058000,-0.962800, , , 
588.000000,31294.000000,75549924.000000, , , ,0.000000,-1.300781,-3.251953
589.000000,31299.000000,75549924.000000,-0.031900,-0.075400,-1.003400, , , 
590.000000,31395.000000,75549924.000000, , , ,-0.650391,3.251953,-3.577148
591.000000,31400.000000,75549924.000000,-0.017400,-0.118900,-1.052700, , , 
592.000000,31496.000000,75549924.000000, , , ,-0.975586,3.577148,-2.601563
593.000000,31499.000000,75549924.000000,0.055100,-0.116000,-1.038200, , , 
594.000000,31597.000000,75549924.000000, , , ,-2.276367,-0.325195,-3.251953
595.000000,31600.000000,75549924.000000,0.072500,-0.072500,-1.015000, , , 
596.000000,31698.000000,75549924.000000, , , ,-1.625977,-0.325195,-2.926758
597.000000,31699.000000,75549924.000000,0.023200,-0.089900,-0.991800, , , 
598.000000,31799.000000,75549924.000000, , , ,-1.951172,0.000000,-3.251953
599.000000,31800.000000,75549924.000000,0.031900,-0.078300,-0.959900, , , 
600.000000,31899.000000,75549924.000000,0.046400,-0.087000,-0.980200, , , 
601.000000,31900.000000,75549924.000000, , , ,-1.625977,0.000000,-3.251953
602.000000,32000.000000,75549924.000000,0.029000,-0.049300,-0.977300, , , 
603.000000,32001.000000,75549924.000000, , , ,-0.975586,-0.650391,-3.251953
604.000000,32092.000000,75549924.000000, , , ,-1.625977,0.000000,-3.251953
605.000000,32099.000000,75549924.000000,0.011600,-0.095700,-1.000500, , , 
606.000000,32193.000000,75549924.000000, , , ,-2.926758,0.000000,-2.926758
607.000000,32200.000000,75549924.000000,0.020300,-0.075400,-1.003400, , , 
608.000000,32294.000000,75549924.000000, , , ,-2.276367,0.975586,-2.926758
609.000000,32299.000000,75549924.000000,0.037700,-0.075400,-1.015000, , , 
610.000000,32395.000000,75549924.000000, , , ,-0.650391,0.000000,-3.251953
611.000000,32400.000000,75549924.000000,0.066700,0.000000,-0.942500, , , 
612.000000,32496.000000,75549924.000000, , , ,0.325195,-1.951172,-3.251953
613.000000,32499.000000,75549924.000000,0.060900,-0.063800,-0.959900, , , 
614.000000,32597.000000,75549924.000000, , , ,0.650391,-1.951172,-3.251953
615.000000,32600.000000,75549924.000000,0.029000,-0.029000,-0.942500, , , 
616.000000,32698.000000,75549924.000000, , , ,2.276367,0.000000,-3.902344
617.000000,32699.000000,75549924.000000,0.005800,-0.058000,-0.983100, , , 
618.000000,32799.000000,75549924.000000, , , ,0.000000,0.975586,-3.577148
619.000000,32800.000000,75549924.000000,0.008700,-0.121800,-1.023700, , , 
620.000000,32899.000000,75549924.000000,0.017400,-0.046400,-1.052700, , , 
621.000000,32900.000000,75549924.000000, , , ,1.951172,1.625977,-3.577148
622.000000,33000.000000,75549924.000000,0.029000,-0.098600,-0.974400, , , 
623.000000,33001.000000,75549924.000000, , , ,0.325195,1.300781,-3.577148
624.000000,33092.000000,75549924.000000, , , ,1.625977,-1.300781,-3.577148
625.000000,33099.000000,75549924.000000,0.066700,-0.060900,-0.916400, , , 
626.000000,33193.000000,75549924.000000, , , ,0.325195,-2.926758,-3.902344
627.000000,33200.000000,75549924.000000,-0.014500,-0.130500,-1.023700, , , 
628.000000,33294.000000,75549924.000000, , , ,0.000000,0.975586,-2.926758
629.000000,33299.000000,75549924.000000,-0.049300,-0.069600,-0.968600, , , 
630.000000,33395.000000,75549924.000000, , , ,0.325195,2.601563,-2.601563
631.000000,33400.000000,75549924.000000,0.029000,-0.052200,-1.003400, , , 
632.000000,33496.000000,75549924.000000, , , ,-0.325195,0.000000,-2.276367
633.000000,33499.000000,75549924.000000,0.031900,-0.075400,-1.029500, , , 
634.000000,33597.000000,75549924.000000, , , ,-0.325195,-0.975586,-2.276367
635.000000,33600.000000,75549924.000000,-0.014500,-0.063800,-0.980200, , , 
636.000000,33698.000000,75549924.000000, , , ,-0.975586,0.650391,-2.276367
637.000000,33699.000000,75549924.000000,-0.029000,-0.104400,-1.038200, , , 
638.000000,33799.000000,75549924.000000, , , ,-1.625977,1.951172,-0.650391
639.000000,33800.000000,75549924.000000,-0.002900,-0.078300,-0.988900, , , 
640.000000,33899.000000,75549924.000000,0.034800,-0.034800,-0.997600, , , 
641.000000,33900.000000,75549924.000000, , , ,-3.577148,0.325195,-1.300781
642.000000,34000.000000,75549924.000000,0.017400,0.014500,-0.994700, , , 
643.000000,34001.000000,75549924.000000, , , ,-1.300781,-1.625977,-1.625977
644.000000,34092.000000,75549924.000000, , , ,-0.975586,-0.975586,-1.300781
645.000000,34099.000000,75549924.000000,0.005800,-0.026100,-0.919300, , , 
646.000000,34193.000000,75549924.000000, , , ,0.000000,-0.650391,-1.625977
647.000000,34200.000000,75549924.000000,-0.014500,-0.026100,-1.012100, , , 
648.000000,34294.000000,75549924.000000, , , ,0.000000,0.650391,-1.625977
649.000000,34299.000000,75549924.000000,-0.037700,-0.049300,-1.003400, , , 
650.000000,34395.000000,75549924.000000, , , ,-0.325195,1.951172,-0.975586
651.000000,34400.000000,75549924.000000,0.002900,-0.052200,-1.017900, , , 
652.000000,34496.000000,75549924.000000, , , ,-1.951172,0.000000,-1.300781
653.000000,34499.000000,75549924.000000,0.034800,-0.029000,-0.974400, , , 
654.000000,34597.000000,75549924.000000, , , ,-0.325195,-1.300781,0.000000
655.000000,34600.000000,75549924.000000,0.002900,0.002900,-0.971500, , , 
656.000000,34698.000000,75549924.000000, , , ,-2.276367,-0.325195,0.325195
657.000000,34699.000000,75549924.000000,-0.026100,0.026100,-0.962800, , , 
658.000000,34799.000000,75549924.000000, , , ,0.325195,0.000000,0.325195
659.000000,34800.000000,75549924.000000,0.002900,0.037700,-0.959900, , , 
660.000000,34899.000000,75549924.000000,0.002900,-0.002900,-0.988900, , , 
661.000000,34900.000000,75549924.000000, , , ,-1.951172,-0.650391,0.325195
662.000000,35000.000000,75549924.000000,-0.020300,0.055100,-0.997600, , , 
663.000000,35001.000000,75549924.000000, , , ,-0.325195,-0.325195,1.300781
664.000000,35092.000000,75549924.000000, , , ,-0.650391,1.300781,1.625977
665.000000,35099.000000,75549924.000000,-0.040600,0.049300,-0.991800, , , 
666.000000,35193.000000,75549924.000000, , , ,-0.325195,0.650391,2.276367
667.000000,35200.000000,75549924.000000,0.017400,0.069600,-1.023700, , , 
668.000000,35294.000000,75549924.000000, , , ,-0.325195,0.325195,2.601563
669.000000,35299.000000,75549924.000000,0.008700,0.078300,-0.983100, , , 
670.000000,35395.000000,75549924.000000, , , ,0.000000,-0.650391,2.601563
671.000000,35400.000000,75549924.000000,0.005800,0.095700,-0.959900, , , 
672.000000,35496.000000,75549924.000000, , , ,0.325195,-1.300781,2.926758
673.000000,35499.000000,75549924.000000,0.000000,0.075400,-0.965700, , , 
674.000000,35597.000000,75549924.000000, , , ,0.325195,0.000000,2.926758
675.000000,35600.000000,75549924.000000,-0.026100,0.066700,-0.980200, , , 
676.000000,35698.000000,75549924.000000, , , ,0.325195,0.325195,2.926758
677.000000,35699.000000,75549924.000000,-0.011600,0.081200,-0.997600, , , 
678.000000,35799.000000,75549924.000000, , , ,0.650391,0.000000,2.926758
679.000000,35800.000000,75549924.000000,0.005800,0.098600,-0.959900, , , 
680.000000,35899.000000,75549924.000000,0.017400,0.060900,-0.974400, , , 
681.000000,35900.000000,75549924.000000, , , ,0.000000,-1.625977,3.577148
682.000000,36000.000000,75549924.000000,-0.017400,0.098600,-0.971500, , , 
683.000000,36001.000000,75549924.000000, , , ,0.000000,-1.625977,3.577148
684.000000,36092.000000,75549924.000000, , , ,0.975586,0.325195,3.577148
685.000000,36099.000000,75549924.000000,-0.037700,0.072500,-1.012100, , , 
686.000000,36193.000000,75549924.000000, , , ,0.000000,1.951172,3.251953
687.000000,36200.000000,75549924.000000,-0.023200,0.052200,-1.032400, , , 
688.000000,36294.000000,75549924.000000, , , ,-0.325195,1.951172,3.251953
689.000000,36299.000000,75549924.000000,0.011600,0.049300,-1.015000, , , 
690.000000,36395.000000,75549924.000000, , , ,0.000000,0.000000,2.926758
691.000000,36400.000000,75549924.000000,0.017400,0.084100,-0.983100, , , 
692.000000,36496.000000,75549924.000000, , , ,-0.650391,-0.325195,2.926758
693.000000,36499.000000,75549924.000000,-0.008700,0.055100,-1.012100, , , 
694.000000,36597.000000,75549924.000000, , , ,0.000000,1.300781,2.926758
695.000000,36600.000000,75549924.000000,-0.031900,0.058000,-0.986000, , , 
696.000000,36698.000000,75549924.000000, , , ,-0.650391,0.650391,2.601563
697.000000,36699.000000,75549924.000000,0.002900,0.066700,-1.003400, , , 
698.000000,36799.000000,75549924.000000, , , ,0.325195,0.000000,2.601563
699.000000,36800.000000,75549924.000000,0.000000,0.060900,-1.000500, , , 
700.000000,36899.000000,75549924.000000,-0.017400,0.055100,-0.977300, , , 
701.000000,36900.000000,75549924.000000, , , ,-0.325195,0.000000,2.926758
702.000000,37000.000000,75549924.000000,0.000000,0.069600,-0.971500, , , 
703.000000,37001.000000,75549924.000000, , , ,0.975586,0.000000,2.926758
704.000000,37092.000000,75549924.000000, , , ,0.650391,-0.325195,2.601563
705.000000,37099.000000,75549924.000000,-0.020300,0.049300,-1.012100, , , 
706.000000,37193.000000,75549924.000000, , , ,0.975586,0.000000,2.276367
707.000000,37200.000000,75549924.000000,-0.011600,0.040600,-0.968600, , , 
708.000000,37294.000000,75549924.000000, , , ,0.650391,0.000000,1.951172
709.000000,37299.000000,75549924.000000,0.011600,0.020300,-0.965700, , , 
710.000000,37395.000000,75549924.000000, , , ,1.300781,-1.625977,1.300781
711.000000,37400.000000,75549924.000000,0.002900,0.005800,-0.959900, , , 
712.000000,37496.000000,75549924.000000, , , ,1.625977,-0.975586,0.650391
713.000000,37499.000000,75549924.000000,-0.026100,-0.023200,-1.009200, , , 
714.000000,37597.000000,75549924.000000, , , ,1.300781,0.975586,0.650391
715.000000,37600.000000,75549924.000000,-0.026100,-0.023200,-0.986000, , , 
716.000000,37698.000000,75549924.000000, , , ,0.000000,1.300781,0.650391
717.000000,37699.000000,75549924.000000,-0.002900,-0.029000,-1.023700, , , 
718.000000,37799.000000,75549924.000000, , , ,0.000000,0.975586,0.325195
719.000000,37800.000000,75549924.000000,-0.002900,-0.014500,-0.997600, , , 
720.000000,37899.000000,75549924.000000,-0.008700,-0.011600,-0.983100, , , 
721.000000,37900.000000,75549924.000000, , , ,0.000000,0.000000,0.650391
722.000000,38000.000000,75549924.000000,-0.002900,-0.037700,-0.997600, , , 
723.000000,38001.000000,75549924.000000, , , ,-1.300781,-0.650391,0.000000
724.000000,38092.000000,75549924.000000, , , ,0.000000,0.000000,0.975586
725.000000,38099.000000,75549924.000000,-0.023200,0.005800,-0.983100, , , 
726.000000,38193.000000,75549924.000000, , , ,-0.975586,0.325195,0.975586
727.000000,38200.000000,75549924.000000,-0.008700,-0.011600,-0.971500, , , 
728.000000,38294.000000,75549924.000000, , , ,-0.325195,-0.325195,0.650391
729.000000,38299.000000,75549924.000000,0.002900,-0.005800,-0.980200, , , 
730.000000,38395.000000,75549924.000000, , , ,-0.650391,-0.650391,0.650391
731.000000,38400.000000,75549924.000000,-0.011600,-0.011600,-0.980200, , , 
732.000000,38496.000000,75549924.000000, , , ,0.000000,-0.975586,0.650391
733.000000,38499.000000,75549924.000000,-0.031900,0.000000,-0.957000, , , 
734.000000,38597.000000,75549924.000000, , , ,-0.325195,-1.300781,0.650391
735.000000,38600.000000,75549924.000000,-0.034800,0.005800,-0.971500, , , 
736.000000,38698.000000,75549924.000000, , , ,0.000000,-0.975586,0.975586
737.000000,38699.000000,75549924.000000,-0.046400,-0.008700,-0.971500, , , 
738.000000,38799.000000,75549924.000000, , , ,0.000000,0.000000,0.975586
739.000000,38800.000000,75549924.000000,-0.069600,-0.008700,-0.988900, , , 
740.000000,38899.000000,75549924.000000,-0.052200,-0.002900,-0.974400, , , 
741.000000,38900.000000,75549924.000000, , , ,-0.325195,0.000000,0.650391
742.000000,39000.000000,75549924.000000,-0.040600,-0.020300,-0.962800, , , 
743.000000,39001.000000,75549924.000000, , , ,0.000000,-0.325195,0.325195
744.000000,39092.000000,75549924.000000, , , ,-0.650391,-1.300781,0.325195
745.000000,39099.000000,75549924.000000,-0.049300,-0.020300,-0.983100, , , 
746.000000,39193.000000,75549924.000000, , , ,-0.975586,-0.650391,0.650391
747.000000,39200.000000,75549924.000000,-0.058000,0.000000,-0.954100, , , 
748.000000,39294.000000,75549924.000000, , , ,0.325195,-0.975586,0.650391
749.000000,39299.000000,75549924.000000,-0.055100,0.002900,-0.945400, , , 
750.000000,39395.000000,75549924.000000, , , ,-0.650391,-0.650391,0.325195
751.000000,39400.000000,75549924.000000,-0.066700,-0.046400,-1.026600, , , 
752.000000,39496.000000,75549924.000000, , , ,-0.325195,0.000000,0.325195
753.000000,39499.000000,75549924.000000,-0.095700,0.014500,-0.983100, , , 
754.000000,39597.000000,75549924.000000, , , ,-0.975586,1.625977,0.000000
755.000000,39600.000000,75549924.000000,-0.063800,-0.034800,-1.012100, , , 
756.000000,39698.000000,75549924.000000, , , ,-0.325195,0.325195,0.650391
757.000000,39699.000000,75549924.000000,-0.049300,0.005800,-0.986000, , , 
758.000000,39799.000000,75549924.000000, , , ,-0.650391,-0.650391,0.325195
759.000000,39800.000000,75549924.000000,-0.066700,-0.014500,-0.986000, , , 
760.000000,39899.000000,75549924.000000,-0.092800,-0.005800,-0.968600, , , 
761.000000,39900.000000,75549924.000000, , , ,-0.650391,-0.325195,0.650391
762.000000,40000.000000,75549924.000000,-0.098600,-0.011600,-0.994700, , , 
763.000000,40001.000000,75549924.000000, , , ,-0.975586,0.000000,0.325195
764.000000,40092.000000,75549924.000000, , , ,-0.650391,0.000000,0.000000
765.000000,40099.000000,75549924.000000,-0.110200,-0.002900,-0.988900, , , 
766.000000,40193.000000,75549924.000000, , , ,-1.300781,0.650391,0.000000
767.000000,40200.000000,75549924.000000,-0.110200,-0.023200,-1.003400, , , 
768.000000,40294.000000,75549924.000000, , , ,0.325195,0.325195,0.325195
769.000000,40299.000000,75549924.000000,-0.107300,0.017400,-0.968600, , , 
770.000000,40395.000000,75549924.000000, , , ,-0.325195,0.000000,0.000000
771.000000,40400.000000,75549924.000000,-0.110200,-0.014500,-1.006300, , , 
772.000000,40496.000000,75549924.000000, , , ,-0.975586,0.325195,0.000000
773.000000,40499.000000,75549924.000000,-0.116000,-0.011600,-0.980200, , , 
774.000000,40597.000000,75549924.000000, , , ,0.000000,0.325195,0.000000
775.000000,40600.000000,75549924.000000,-0.110200,0.002900,-0.988900, , , 
776.000000,40698.000000,75549924.000000, , , ,-0.325195,0.000000,0.325195
777.000000,40699.000000,75549924.000000,-0.107300,-0.008700,-0.977300, , , 
778.000000,40799.000000,75549924.000000, , , ,-0.975586,0.000000,0.325195
779.000000,40800.000000,75549924.000000,-0.121800,-0.008700,-0.991800, , , 
780.000000,40899.000000,75549924.000000,-0.130500,0.000000,-1.003400, , , 
781.000000,40900.000000,75549924.000000, , , ,0.000000,0.975586,0.000000
782.000000,41000.000000,75549924.000000,-0.116000,-0.014500,-0.962800, , , 
783.000000,41001.000000,75549924.000000, , , ,-0.325195,0.325195,0.000000
784.000000,41092.000000,75549924.000000, , , ,0.000000,0.000000,0.000000
785.000000,41099.000000,75549924.000000,-0.124700,-0.005800,-0.983100, , , 
786.000000,41193.000000,75549924.000000, , , ,-1.951172,-0.650391,0.325195
787.000000,41200.000000,75549924.000000,-0.118900,-0.031900,-0.983100, , , 
788.000000,41294.000000,75549924.000000, , , ,0.325195,-0.325195,0.325195
789.000000,41301.000000,75549924.000000,-0.145000,-0.002900,-0.962800, , , 
790.000000,41394.000000,75549924.000000, , , ,-1.300781,-0.325195,0.000000
791.000000,41399.000000,75549924.000000,-0.130500,-0.011600,-0.968600, , , 
792.000000,41495.000000,75549924.000000, , , ,-1.300781,-0.975586,0.000000
793.000000,41500.000000,75549924.000000,-0.130500,-0.020300,-0.968600, , , 
794.000000,41596.000000,75549924.000000, , , ,-0.975586,-0.325195,0.325195
795.000000,41599.000000,75549924.000000,-0.145000,0.002900,-0.968600, , , 
796.000000,41697.000000,75549924.000000, , , ,-0.975586,-0.650391,0.000000
797.000000,41700.000000,75549924.000000,-0.139200,0.000000,-1.006300, , , 
798.000000,41798.000000,75549924.000000, , , ,-0.650391,0.650391,0.650391
799.000000,41799.000000,75549924.000000,-0.165300,0.002900,-0.980200, , , 
800.000000,41899.000000,75549924.000000, , , ,-1.300781,0.325195,0.000000
801.000000,41900.000000,75549924.000000,-0.139200,-0.011600,-0.965700, , , 
802.000000,41999.000000,75549924.000000,-0.156600,0.020300,-0.974400, , , 
803.000000,42000.000000,75549924.000000, , , ,0.000000,0.000000,0.000000
804.000000,42100.000000,75549924.000000,-0.171100,-0.026100,-1.000500, , , 
805.000000,42101.000000,75549924.000000, , , ,-0.650391,-0.975586,0.000000
806.000000,42192.000000,75549924.000000, , , ,-0.975586,-0.650391,0.650391
807.000000,42199.000000,75549924.000000,-0.159500,0.026100,-0.951200, , , 
808.000000,42293.000000,75549924.000000, , , ,0.000000,-0.650391,0.975586
809.000000,42300.000000,75549924.000000,-0.171100,0.014500,-0.930900, , , 
810.000000,42394.000000,75549924.000000, , , ,-0.325195,-0.650391,0.325195
811.000000,42399.000000,75549924.000000,-0.185600,0.031900,-1.012100, , , 
812.000000,42495.000000,75549924.000000, , , ,-0.325195,0.000000,1.625977
813.000000,42500.000000,75549924.000000,-0.176900,0.005800,-1.026600, , , 
814.000000,42596.000000,75549924.000000, , , ,-0.650391,0.650391,2.601563
815.000000,42599.000000,75549924.000000,-0.176900,0.066700,-0.948300, , , 
816.000000,42697.000000,75549924.000000, , , ,-0.975586,1.625977,2.601563
817.000000,42700.000000,75549924.000000,-0.145000,0.060900,-0.974400, , , 
818.000000,42798.000000,75549924.000000, , , ,-0.975586,0.975586,3.902344
819.000000,42799.000000,75549924.000000,-0.104400,0.060900,-1.000500, , , 
820.000000,42899.000000,75549924.000000, , , ,-0.650391,0.000000,4.877930
821.000000,42900.000000,75549924.000000,-0.110200,0.092800,-0.986000, , , 
822.000000,42999.000000,75549924.000000,-0.116000,0.136300,-0.959900, , , 
823.000000,43000.000000,75549924.000000, , , ,0.325195,0.000000,5.528320
824.000000,43100.000000,75549924.000000,-0.127600,0.107300,-1.026600, , , 
825.000000,43101.000000,75549924.000000, , , ,0.325195,0.325195,7.154297
826.000000,43192.000000,75549924.000000, , , ,0.325195,0.975586,8.129883
827.000000,43199.000000,75549924.000000,-0.130500,0.116000,-0.991800, , , 
828.000000,43293.000000,75549924.000000, , , ,0.650391,0.975586,8.129883
829.000000,43300.000000,75549924.000000,-0.095700,0.121800,-0.962800, , , 
830.000000,43394.000000,75549924.000000, , , ,0.000000,0.000000,9.430664
831.000000,43399.000000,75549924.000000,-0.087000,0.110200,-0.957000, , , 
832.000000,43495.000000,75549924.000000, , , ,-1.300781,-0.650391,10.731445
833.000000,43500.000000,75549924.000000,-0.066700,0.092800,-0.939600, , , 
834.000000,43596.000000,75549924.000000, , , ,-0.325195,-1.625977,11.381836
835.000000,43599.000000,75549924.000000,-0.095700,0.188500,-1.012100, , , 
836.000000,43697.000000,75549924.000000, , , ,3.577148,-2.276367,11.056641
837.000000,43700.000000,75549924.000000,-0.133400,0.223300,-1.017900, , , 
838.000000,43798.000000,75549924.000000, , , ,3.577148,0.975586,12.357422
839.000000,43799.000000,75549924.000000,-0.147900,0.127600,-1.032400, , , 
840.000000,43899.000000,75549924.000000, , , ,1.951172,1.951172,13.333008
841.000000,43900.000000,75549924.000000,-0.107300,0.087000,-0.991800, , , 
842.000000,43999.000000,75549924.000000,-0.063800,0.011600,-0.986000, , , 
843.000000,44000.000000,75549924.000000, , , ,-1.300781,4.877930,13.983398
844.000000,44100.000000,75549924.000000,0.023200,0.185600,-0.980200, , , 
845.000000,44101.000000,75549924.000000, , , ,-1.951172,4.877930,14.958983
846.000000,44192.000000,75549924.000000, , , ,0.000000,2.926758,15.609375
847.000000,44199.000000,75549924.000000,0.043500,0.290000,-0.939600, , , 
848.000000,44293.000000,75549924.000000, , , ,4.877930,-0.325195,15.609375
849.000000,44300.000000,75549924.000000,0.043500,0.220400,-0.977300, , , 
850.000000,44394.000000,75549924.000000, , , ,3.577148,-0.975586,17.235352
851.000000,44399.000000,75549924.000000,-0.014500,0.130500,-1.046900, , , 
852.000000,44495.000000,75549924.000000, , , ,-0.975586,-0.650391,18.861328
853.000000,44500.000000,75549924.000000,0.002900,0.084100,-1.012100, , , 
854.000000,44596.000000,75549924.000000, , , ,-0.975586,0.000000,19.186523
855.000000,44599.000000,75549924.000000,-0.034800,0.176900,-1.038200, , , 
856.000000,44697.000000,75549924.000000, , , ,-1.951172,1.300781,19.836914
857.000000,44700.000000,75549924.000000,0.000000,0.234900,-0.959900, , , 
858.000000,44798.000000,75549924.000000, , , ,3.251953,2.601563,19.511719
859.000000,44799.000000,75549924.000000,0.031900,0.307400,-0.939600, , , 
860.000000,44899.000000,75549924.000000, , , ,3.251953,2.601563,20.162109
861.000000,44900.000000,75549924.000000,0.060900,0.159500,-1.012100, , , 
862.000000,44999.000000,75549924.000000,0.104400,0.089900,-0.994700, , , 
863.000000,45000.000000,75549924.000000, , , ,-3.902344,1.300781,22.763672
864.000000,45100.000000,75549924.000000,0.133400,0.191400,-0.986000, , , 
865.000000,45101.000000,75549924.000000, , , ,-5.853516,-0.975586,21.137695
866.000000,45192.000000,75549924.000000, , , ,-3.577148,-1.300781,22.438477
867.000000,45199.000000,75549924.000000,0.031900,0.316100,-1.044000, , , 
868.000000,45293.000000,75549924.000000, , , ,0.975586,0.325195,22.113281
869.000000,45300.000000,75549924.000000,0.017400,0.374100,-1.061400, , , 
870.000000,45394.000000,75549924.000000, , , ,2.276367,2.601563,23.414063
871.000000,45399.000000,75549924.000000,0.034800,0.220400,-0.954100, , , 
872.000000,45495.000000,75549924.000000, , , ,-2.926758,3.902344,24.714844
873.000000,45500.000000,75549924.000000,0.075400,0.176900,-0.922200, , , 
874.000000,45596.000000,75549924.000000, , , ,-2.276367,0.650391,25.040039
875.000000,45599.000000,75549924.000000,0.121800,0.261000,-0.962800, , , 
876.000000,45697.000000,75549924.000000, , , ,-1.625977,-2.276367,24.389648
877.000000,45700.000000,75549924.000000,0.153700,0.348000,-1.023700, , , 
878.000000,45798.000000,75549924.000000, , , ,0.650391,-6.503906,23.739258
879.000000,45799.000000,75549924.000000,0.089900,0.353800,-0.965700, , , 
880.000000,45899.000000,75549924.000000, , , ,2.601563,-4.877930,24.389648
881.000000,45900.000000,75549924.000000,0.017400,0.313200,-0.962800, , , 
882.000000,45999.000000,75549924.000000,0.002900,0.229100,-1.044000, , , 
883.000000,46000.000000,75549924.000000, , , ,1.300781,-1.300781,24.389648
884.000000,46100.000000,75549924.000000,0.020300,0.287100,-1.017900, , , 
885.000000,46101.000000,75549924.000000, , , ,0.000000,2.276367,24.714844
886.000000,46192.000000,75549924.000000, , , ,0.000000,4.227539,24.064453
887.000000,46199.000000,75549924.000000,0.058000,0.272600,-0.968600, , , 
888.000000,46293.000000,75549924.000000, , , ,-0.325195,4.227539,23.739258
889.000000,46300.000000,75549924.000000,0.081200,0.269700,-0.994700, , , 
890.000000,46394.000000,75549924.000000, , , ,0.325195,3.902344,23.088867
891.000000,46399.000000,75549924.000000,0.089900,0.304500,-1.006300, , , 
892.000000,46495.000000,75549924.000000, , , ,0.000000,0.325195,22.113281
893.000000,46500.000000,75549924.000000,0.136300,0.240700,-1.015000, , , 
894.000000,46596.000000,75549924.000000, , , ,1.300781,-1.300781,20.812500
895.000000,46599.000000,75549924.000000,0.110200,0.249400,-0.954100, , , 
896.000000,46697.000000,75549924.000000, , , ,0.650391,-0.975586,19.186523
897.000000,46700.000000,75549924.000000,0.092800,0.179800,-0.983100, , , 
898.000000,46798.000000,75549924.000000, , , ,-0.650391,-1.300781,17.560547
899.000000,46799.000000,75549924.000000,0.095700,0.162400,-1.038200, , , 
900.000000,46899.000000,75549924.000000, , , ,-0.325195,0.325195,14.308594
901.000000,46900.000000,75549924.000000,0.058000,0.127600,-1.035300, , , 
902.000000,46999.000000,75549924.000000,0.075400,0.234900,-0.919300, , , 
903.000000,47000.000000,75549924.000000, , , ,0.650391,1.951172,13.983398
904.000000,47100.000000,75549924.000000,0.147900,0.107300,-0.925100, , , 
905.000000,47101.000000,75549924.000000, , , ,1.951172,1.625977,12.032227
906.000000,47192.000000,75549924.000000, , , ,1.951172,-0.650391,10.731445
907.000000,47199.000000,75549924.000000,0.156600,0.139200,-1.003400, , , 
908.000000,47293.000000,75549924.000000, , , ,1.625977,-3.902344,9.105469
909.000000,47300.000000,75549924.000000,0.130500,0.029000,-1.012100, , , 
910.000000,47394.000000,75549924.000000, , , ,0.975586,-3.577148,7.154297
911.000000,47399.000000,75549924.000000,0.075400,0.058000,-1.003400, , , 
912.000000,47495.000000,75549924.000000, , , ,0.650391,0.000000,6.503906
913.000000,47500.000000,75549924.000000,0.078300,0.043500,-0.948300, , , 
914.000000,47596.000000,75549924.000000, , , ,0.000000,1.300781,5.853516
915.000000,47599.000000,75549924.000000,0.098600,0.046400,-0.962800, , , 
916.000000,47697.000000,75549924.000000, , , ,-0.650391,0.975586,4.877930
917.000000,47700.000000,75549924.000000,0.110200,0.011600,-1.020800, , , 
918.000000,47798.000000,75549924.000000, , , ,-0.650391,0.000000,4.552734
919.000000,47799.000000,75549924.000000,0.118900,0.049300,-1.032400, , , 
920.000000,47899.000000,75549924.000000, , , ,0.000000,0.325195,3.577148
921.000000,47900.000000,75549924.000000,0.101500,0.029000,-0.974400, , , 
922.000000,47999.000000,75549924.000000,0.101500,0.023200,-1.006300, , , 
923.000000,48000.000000,75549924.000000, , , ,-0.650391,0.975586,2.601563
924.000000,48100.000000,75549924.000000,0.104400,0.026100,-1.000500, , , 
925.000000,48101.000000,75549924.000000, , , ,-0.325195,0.975586,2.926758
926.000000,48192.000000,75549924.000000, , , ,0.325195,0.000000,2.601563
927.000000,48199.000000,75549924.000000,0.116000,0.043500,-0.991800, , , 
928.000000,48293.000000,75549924.000000, , , ,0.325195,0.000000,1.625977
929.000000,48300.000000,75549924.000000,0.113100,0.000000,-0.991800, , , 
930.000000,48394.000000,75549924.000000, , , ,0.325195,-0.325195,0.650391
931.000000,48399.000000,75549924.000000,0.110200,-0.014500,-0.983100, , , 
932.000000,48495.000000,75549924.000000, , , ,0.000000,-0.650391,0.325195
933.000000,48500.000000,75549924.000000,0.107300,-0.008700,-0.986000, , , 
934.000000,48596.000000,75549924.000000, , , ,0.000000,-0.325195,0.000000
935.000000,48599.000000,75549924.000000,0.101500,-0.026100,-0.977300, , , 
936.000000,48697.000000,75549924.000000, , , ,-0.650391,-0.325195,0.000000
937.000000,48700.000000,75549924.000000,0.101500,-0.023200,-1.000500, , , 
938.000000,48798.000000,75549924.000000, , , ,-0.975586,-0.325195,0.000000
939.000000,48799.000000,75549924.000000,0.092800,-0.002900,-0.991800, , , 
940.000000,48899.000000,75549924.000000, , , ,-0.325195,0.000000,-0.325195
941.000000,48900.000000,75549924.000000,0.098600,-0.008700,-0.988900, , , 
942.000000,48999.000000,75549924.000000,0.104400,-0.005800,-0.997600, , , 
943.000000,49000.000000,75549924.000000, , , ,-0.650391,0.325195,0.325195
944.000000,49100.000000,75549924.000000,0.101500,-0.017400,-0.988900, , , 
945.000000,49101.000000,75549924.000000, , , ,-0.325195,0.000000,0.000000
946.000000,49192.000000,75549924.000000, , , ,-0.975586,0.000000,0.000000
947.000000,49199.000000,75549924.000000,0.098600,0.002900,-1.006300, , , 
948.000000,49293.000000,75549924.000000, , , ,-0.325195,0.000000,-0.325195
949.000000,49300.000000,75549924.000000,0.092800,-0.020300,-0.991800, , , 
950.000000,49394.000000,75549924.000000, , , ,-0.325195,0.325195,0.000000
951.000000,49399.000000,75549924.000000,0.095700,-0.002900,-1.000500, , , 
952.000000,49495.000000,75549924.000000, , , ,-0.325195,0.000000,-0.325195
953.000000,49500.000000,75549924.000000,0.072500,0.002900,-0.980200, , , 
954.000000,49596.000000,75549924.000000, , , ,0.000000,0.000000,0.000000
955.000000,49599.000000,75549924.000000,0.037700,-0.005800,-1.000500, , , 
956.000000,49697.000000,75549924.000000, , , ,0.000000,0.000000,0.000000
957.000000,49700.000000,75549924.000000,0.040600,0.005800,-0.977300, , , 
958.000000,49798.000000,75549924.000000, , , ,0.000000,0.000000,0.000000
959.000000,49799.000000,75549924.000000,0.040600,-0.020300,-0.977300, , , 
960.000000,49899.000000,75549924.000000, , , ,-0.325195,-0.975586,0.000000
961.000000,49900.000000,75549924.000000,0.023200,-0.002900,-1.003400, , , 
962.000000,49999.000000,75549924.000000,0.011600,-0.023200,-0.965700, , , 
963.000000,50000.000000,75549924.000000, , , ,-0.325195,-0.975586,-0.325195
964.000000,50100.000000,75549924.000000,0.002900,0.000000,-0.991800, , , 
965.000000,50101.000000,75549924.000000, , , ,0.000000,-0.325195,0.000000
966.000000,50192.000000,75549924.000000, , , ,-0.975586,0.000000,0.325195
967.000000,50199.000000,75549924.000000,0.026100,-0.008700,-0.988900, , , 
968.000000,50293.000000,75549924.000000, , , ,-0.650391,0.000000,0.325195
969.000000,50300.000000,75549924.000000,-0.002900,0.014500,-1.003400, , , 
970.000000,50393.000000,75549924.000000, , , ,0.650391,0.650391,0.650391
971.000000,50400.000000,75549924.000000,0.023200,0.002900,-1.000500, , , 
972.000000,50494.000000,75549924.000000, , , ,-0.325195,0.325195,0.325195
973.000000,50499.000000,75549924.000000,0.023200,0.000000,-0.962800, , , 
974.000000,50595.000000,75549924.000000, , , ,0.000000,-0.325195,0.325195
975.000000,50600.000000,75549924.000000,0.026100,0.005800,-0.994700, , , 
976.000000,50696.000000,75549924.000000, , , ,0.000000,-0.975586,0.325195
977.000000,50699.000000,75549924.000000,0.002900,0.005800,-1.012100, , , 
978.000000,50797.000000,75549924.000000, , , ,0.000000,0.325195,0.975586
979.000000,50800.000000,75549924.000000,-0.011600,0.000000,-0.986000, , , 
980.000000,50898.000000,75549924.000000, , , ,-0.325195,1.951172,1.300781
981.000000,50899.000000,75549924.000000,0.002900,0.002900,-1.000500, , , 
982.000000,50999.000000,75549924.000000, , , ,-0.650391,1.300781,1.625977
983.000000,51000.000000,75549924.000000,0.011600,0.058000,-1.000500, , , 
984.000000,51099.000000,75549924.000000,0.002900,0.026100,-0.997600, , , 
985.000000,51100.000000,75549924.000000, , , ,-0.325195,0.650391,1.951172
986.000000,51200.000000,75549924.000000,0.000000,0.026100,-0.980200, , , 
987.000000,51201.000000,75549924.000000, , , ,0.000000,0.000000,1.951172
988.000000,51292.000000,75549924.000000, , , ,0.000000,-0.650391,2.601563
989.000000,51299.000000,75549924.000000,-0.005800,0.031900,-0.968600, , , 
990.000000,51393.000000,75549924.000000, , , ,-1.625977,-1.625977,2.601563
991.000000,51400.000000,75549924.000000,-0.014500,0.029000,-0.968600, , , 
992.000000,51494.000000,75549924.000000, , , ,0.650391,-1.625977,2.601563
993.000000,51501.000000,75549924.000000,-0.049300,0.066700,-0.980200, , , 
994.000000,51594.000000,75549924.000000, , , ,0.650391,-0.325195,2.926758
995.000000,51599.000000,75549924.000000,-0.075400,0.052200,-1.015000, , , 
996.000000,51695.000000,75549924.000000, , , ,-0.325195,0.000000,3.577148
997.000000,51700.000000,75549924.000000,-0.055100,0.002900,-0.965700, , , 
998.000000,51796.000000,75549924.000000, , , ,-0.325195,0.650391,3.577148
999.000000,51799.000000,75549924.000000,-0.072500,0.087000,-0.986000, , , 
1000.000000,51897.000000,75549924.000000, , , ,0.000000,0.000000,3.902344
1001.000000,51900.000000,75549924.000000,-0.049300,0.052200,-1.012100, , , 
1002.000000,51998.000000,75549924.000000, , , ,-0.325195,-0.325195,4.552734
1003.000000,51999.000000,75549924.000000,-0.075400,0.031900,-0.971500, , , 
1004.000000,52099.000000,75549924.000000, , , ,-0.650391,0.325195,5.203125
1005.000000,52100.000000,75549924.000000,-0.078300,0.078300,-1.006300, , , 
1006.000000,52199.000000,75549924.000000,-0.078300,0.098600,-0.997600, , , 
1007.000000,52200.000000,75549924.000000, , , ,-0.650391,0.650391,5.853516
1008.000000,52300.000000,75549924.000000,-0.078300,0.107300,-0.983100, , , 
1009.000000,52301.000000,75549924.000000, , , ,-0.650391,1.300781,6.829102
1010.000000,52392.000000,75549924.000000, , , ,-0.650391,0.000000,7.804688
1011.000000,52399.000000,75549924.000000,-0.046400,0.124700,-0.957000, , , 
1012.000000,52493.000000,75549924.000000, , , ,0.325195,-0.650391,8.129883
1013.000000,52500.000000,75549924.000000,-0.066700,0.159500,-0.971500, , , 
1014.000000,52594.000000,75549924.000000, , , ,0.650391,-1.300781,8.780273
1015.000000,52599.000000,75549924.000000,-0.066700,0.121800,-1.006300, , , 
1016.000000,52695.000000,75549924.000000, , , ,0.650391,-0.650391,9.430664
1017.000000,52700.000000,75549924.000000,-0.104400,0.116000,-0.988900, , , 
1018.000000,52796.000000,75549924.000000, , , ,-0.325195,0.325195,9.755859
1019.000000,52799.000000,75549924.000000,-0.075400,0.127600,-0.991800, , , 
1020.000000,52897.000000,75549924.000000, , , ,0.000000,1.625977,10.081055
1021.000000,52900.000000,75549924.000000,0.000000,0.136300,-0.959900, , , 
1022.000000,52998.000000,75549924.000000, , , ,0.975586,0.975586,9.430664
1023.000000,52999.000000,75549924.000000,0.017400,0.118900,-0.994700, , , 
1024.000000,53099.000000,75549924.000000, , , ,0.000000,0.000000,10.081055
1025.000000,53100.000000,75549924.000000,0.011600,0.116000,-1.038200, , , 
1026.000000,53199.000000,75549924.000000,-0.002900,0.130500,-0.988900, , , 
1027.000000,53200.000000,75549924.000000, , , ,-0.325195,0.325195,10.081055
1028.000000,53300.000000,75549924.000000,0.000000,0.147900,-0.977300, , , 
1029.000000,53301.000000,75549924.000000, , , ,0.000000,1.300781,10.731445
1030.000000,53392.000000,75549924.000000, , , ,0.000000,0.650391,11.056641
1031.000000,53399.000000,75549924.000000,0.040600,0.139200,-0.980200, , , 
1032.000000,53493.000000,75549924.000000, , , ,0.325195,-0.325195,11.381836
1033.000000,53500.000000,75549924.000000,0.029000,0.171100,-0.980200, , , 
1034.000000,53594.000000,75549924.000000, , , ,0.650391,-1.625977,12.032227
1035.000000,53599.000000,75549924.000000,0.040600,0.188500,-0.957000, , , 
1036.000000,53695.000000,75549924.000000, , , ,0.325195,-2.276367,12.682617
1037.000000,53700.000000,75549924.000000,0.020300,0.150800,-0.954100, , , 
1038.000000,53796.000000,75549924.000000, , , ,0.650391,-2.276367,13.007813
1039.000000,53799.000000,75549924.000000,0.011600,0.182700,-0.968600, , , 
1040.000000,53897.000000,75549924.000000, , , ,0.975586,-1.625977,13.658203
1041.000000,53900.000000,75549924.000000,0.031900,0.188500,-0.951200, , , 
1042.000000,53998.000000,75549924.000000, , , ,0.325195,-1.300781,13.658203
1043.000000,54001.000000,75549924.000000,0.000000,0.165300,-1.000500, , , 
1044.000000,54098.000000,75549924.000000, , , ,0.000000,1.300781,13.983398
1045.000000,54099.000000,75549924.000000,-0.023200,0.165300,-1.075900, , , 
1046.000000,54199.000000,75549924.000000, , , ,-0.650391,4.877930,14.308594
1047.000000,54200.000000,75549924.000000,-0.017400,0.174000,-1.081700, , , 
1048.000000,54299.000000,75549924.000000,0.002900,0.226200,-0.971500, , , 
1049.000000,54300.000000,75549924.000000, , , ,0.325195,7.479492,14.958983
1050.000000,54400.000000,75549924.000000,0.087000,0.217500,-1.006300, , , 
1051.000000,54401.000000,75549924.000000, , , ,-0.650391,3.251953,15.934570
1052.000000,54492.000000,75549924.000000, , , ,0.325195,0.000000,16.584961
1053.000000,54499.000000,75549924.000000,0.104400,0.246500,-1.012100, , , 
1054.000000,54593.000000,75549924.000000, , , ,0.000000,-2.601563,16.584961
1055.000000,54600.000000,75549924.000000,0.040600,0.232000,-0.988900, , , 
1056.000000,54694.000000,75549924.000000, , , ,0.975586,-1.300781,16.584961
1057.000000,54699.000000,75549924.000000,0.000000,0.226200,-0.986000, , , 
1058.000000,54795.000000,75549924.000000, , , ,0.000000,0.000000,17.235352
1059.000000,54800.000000,75549924.000000,0.017400,0.214600,-0.983100, , , 
1060.000000,54896.000000,75549924.000000, , , ,0.650391,1.300781,15.934570
1061.000000,54899.000000,75549924.000000,0.014500,0.240700,-0.957000, , , 
1062.000000,54997.000000,75549924.000000, , , ,-0.650391,1.300781,17.235352
1063.000000,55000.000000,75549924.000000,0.046400,0.243600,-0.997600, , , 
1064.000000,55098.000000,75549924.000000, , , ,0.975586,0.325195,17.235352
1065.000000,55099.000000,75549924.000000,0.040600,0.232000,-1.009200, , , 
1066.000000,55199.000000,75549924.000000, , , ,0.000000,0.650391,17.235352
1067.000000,55200.000000,75549924.000000,0.008700,0.203000,-1.023700, , , 
1068.000000,55299.000000,75549924.000000,0.034800,0.200100,-1.026600, , , 
1069.000000,55300.000000,75549924.000000, , , ,0.325195,1.951172,17.235352
1070.000000,55400.000000,75549924.000000,0.043500,0.185600,-0.997600, , , 
1071.000000,55401.000000,75549924.000000, , , ,0.000000,0.650391,15.609375
1072.000000,55492.000000,75549924.000000, , , ,0.325195,1.625977,14.308594
1073.000000,55499.000000,75549924.000000,0.058000,0.168200,-0.980200, , , 
1074.000000,55593.000000,75549924.000000, , , ,0.000000,0.325195,12.357422
1075.000000,55600.000000,75549924.000000,0.066700,0.127600,-1.003400, , , 
1076.000000,55694.000000,75549924.000000, , , ,-0.975586,0.000000,13.007813
1077.000000,55699.000000,75549924.000000,0.040600,0.162400,-0.997600, , , 
1078.000000,55795.000000,75549924.000000, , , ,0.000000,-0.325195,12.032227
1079.000000,55800.000000,75549924.000000,0.043500,0.153700,-0.968600, , , 
1080.000000,55896.000000,75549924.000000, , , ,0.325195,-0.650391,11.056641
1081.000000,55899.000000,75549924.000000,0.052200,0.142100,-0.968600, , , 
1082.000000,55997.000000,75549924.000000, , , ,0.000000,0.000000,10.731445
1083.000000,56000.000000,75549924.000000,0.046400,0.107300,-1.000500, , , 
1084.000000,56098.000000,75549924.000000, , , ,0.000000,0.000000,9.755859
1085.000000,56099.000000,75549924.000000,0.043500,0.089900,-0.997600, , , 
1086.000000,56199.000000,75549924.000000, , , ,-0.325195,0.000000,9.105469
1087.000000,56200.000000,75549924.000000,0.037700,0.113100,-0.971500, , , 
1088.000000,56299.000000,75549924.000000,0.066700,0.081200,-0.977300, , , 
1089.000000,56300.000000,75549924.000000, , , ,0.000000,0.000000,8.129883
1090.000000,56400.000000,75549924.000000,0.052200,0.066700,-0.994700, , , 
1091.000000,56401.000000,75549924.000000, , , ,-0.975586,-0.650391,7.479492
1092.000000,56501.000000,75549924.000000,0.046400,0.087000,-1.003400, , , 
1093.000000,56502.000000,75549924.000000, , , ,0.000000,0.000000,6.503906
1094.000000,56592.000000,75549924.000000, , , ,0.000000,0.650391,6.178711
1095.000000,56599.000000,75549924.000000,0.029000,0.060900,-1.000500, , , 
1096.000000,56693.000000,75549924.000000, , , ,-0.650391,0.975586,5.853516
1097.000000,56700.000000,75549924.000000,0.060900,0.034800,-0.986000, , , 
1098.000000,56794.000000,75549924.000000, , , ,-0.650391,0.975586,5.528320
1099.000000,56799.000000,75549924.000000,0.081200,0.075400,-0.977300, , , 
1100.000000,56895.000000,75549924.000000, , , ,0.325195,0.000000,4.877930
1101.000000,56900.000000,75549924.000000,0.072500,0.081200,-0.997600, , , 
1102.000000,56996.000000,75549924.000000, , , ,0.650391,-0.650391,4.227539
1103.000000,56999.000000,75549924.000000,0.060900,0.043500,-0.988900, , , 
1104.000000,57097.000000,75549924.000000, , , ,0.000000,-0.325195,3.902344
1105.000000,57100.000000,75549924.000000,0.052200,0.008700,-0.983100, , , 
1106.000000,57198.000000,75549924.000000, , , ,0.000000,0.000000,3.251953
1107.000000,57199.000000,75549924.000000,0.060900,0.029000,-0.983100, , , 
1108.000000,57299.000000,75549924.000000, , , ,0.325195,0.000000,2.276367
1109.000000,57300.000000,75549924.000000,0.058000,0.011600,-0.991800, , , 
1110.000000,57399.000000,75549924.000000,0.058000,-0.008700,-0.986000, , , 
1111.000000,57400.000000,75549924.000000, , , ,0.325195,0.650391,1.951172
1112.000000,57500.000000,75549924.000000,0.060900,-0.005800,-0.988900, , , 
1113.000000,57501.000000,75549924.000000, , , ,-0.325195,-0.325195,1.951172
1114.000000,57592.000000,75549924.000000, , , ,-0.325195,0.325195,1.625977
1115.000000,57599.000000,75549924.000000,0.046400,0.014500,-1.006300, , , 
1116.000000,57693.000000,75549924.000000, , , ,-0.650391,0.000000,1.300781
1117.000000,57700.000000,75549924.000000,0.058000,0.005800,-0.991800, , , 
1118.000000,57794.000000,75549924.000000, , , ,-0.650391,0.000000,1.300781
1119.000000,57799.000000,75549924.000000,0.020300,0.002900,-0.994700, , , 
1120.000000,57895.000000,75549924.000000, , , ,0.000000,0.975586,1.300781
1121.000000,57900.000000,75549924.000000,0.031900,0.005800,-1.006300, , , 
1122.000000,57996.000000,75549924.000000, , , ,0.000000,0.000000,0.975586
1123.000000,57999.000000,75549924.000000,0.017400,0.011600,-0.986000, , , 
1124.000000,58097.000000,75549924.000000, , , ,0.000000,0.325195,1.300781
1125.000000,58100.000000,75549924.000000,0.020300,-0.008700,-0.988900, , , 
1126.000000,58198.000000,75549924.000000, , , ,0.000000,-0.325195,0.650391
1127.000000,58199.000000,75549924.000000,0.020300,-0.023200,-0.991800, , , 
1128.000000,58299.000000,75549924.000000, , , ,0.000000,0.000000,0.325195
1129.000000,58300.000000,75549924.000000,0.008700,0.002900,-0.988900, , , 
1130.000000,58399.000000,75549924.000000,0.005800,-0.026100,-1.003400, , , 
1131.000000,58400.000000,75549924.000000, , , ,0.325195,0.000000,0.000000
1132.000000,58500.000000,75549924.000000,0.011600,-0.026100,-0.983100, , , 
1133.000000,58501.000000,75549924.000000, , , ,0.650391,0.650391,0.000000
1134.000000,58592.000000,75549924.000000, , , ,0.000000,0.325195,0.000000
1135.000000,58599.000000,75549924.000000,0.034800,-0.040600,-0.997600, , , 
1136.000000,58693.000000,75549924.000000, , , ,-0.325195,0.000000,-0.975586
1137.000000,58700.000000,75549924.000000,0.017400,-0.058000,-1.000500, , , 
1138.000000,58794.000000,75549924.000000, , , ,0.000000,0.000000,-0.975586
1139.000000,58799.000000,75549924.000000,0.017400,-0.026100,-0.977300, , , 
1140.000000,58895.000000,75549924.000000, , , ,0.325195,0.000000,-1.951172
1141.000000,58900.000000,75549924.000000,0.014500,-0.084100,-0.988900, , , 
1142.000000,58996.000000,75549924.000000, , , ,0.325195,-0.325195,-2.926758
1143.000000,58999.000000,75549924.000000,0.005800,-0.107300,-0.986000, , , 
1144.000000,59097.000000,75549924.000000, , , ,0.000000,-0.325195,-3.902344
1145.000000,59100.000000,75549924.000000,-0.002900,-0.121800,-0.983100, , , 
1146.000000,59198.000000,75549924.000000, , , ,0.000000,0.000000,-4.877930
1147.000000,59199.000000,75549924.000000,-0.017400,-0.136300,-0.983100, , , 
1148.000000,59299.000000,75549924.000000, , , ,-0.975586,-0.650391,-6.178711
1149.000000,59300.000000,75549924.000000,-0.011600,-0.159500,-0.983100, , , 
1150.000000,59399.000000,75549924.000000,-0.046400,-0.179800,-0.988900, , , 
1151.000000,59400.000000,75549924.000000, , , ,0.000000,0.000000,-7.479492
1152.000000,59500.000000,75549924.000000,-0.023200,-0.211700,-0.986000, , , 
1153.000000,59501.000000,75549924.000000, , , ,-0.325195,-0.650391,-9.105469
1154.000000,59592.000000,75549924.000000, , , ,-0.650391,-0.325195,-10.406250
1155.000000,59599.000000,75549924.000000,-0.052200,-0.226200,-0.983100, , , 
1156.000000,59693.000000,75549924.000000, , , ,-0.325195,-0.325195,-11.707031
1157.000000,59700.000000,75549924.000000,-0.031900,-0.249400,-0.983100, , , 
1158.000000,59794.000000,75549924.000000, , , ,-1.300781,-0.650391,-12.357422
1159.000000,59799.000000,75549924.000000,-0.029000,-0.255200,-0.974400, , , 
1160.000000,59895.000000,75549924.000000, , , ,-2.276367,-0.325195,-12.682617
1161.000000,59900.000000,75549924.000000,-0.008700,-0.258100,-0.983100, , , 
1162.000000,59996.000000,75549924.000000, , , ,-2.276367,-1.625977,-13.983398
1163.000000,60001.000000,75549924.000000,0.008700,-0.266800,-0.959900, , , 
1164.000000,60096.000000,75549924.000000, , , ,-2.276367,-1.300781,-12.357422
1165.000000,60099.000000,75549924.000000,-0.011600,-0.252300,-0.977300, , , 
1166.000000,60197.000000,75549924.000000, , , ,-2.601563,-0.975586,-14.633790
1167.000000,60200.000000,75549924.000000,-0.008700,-0.281300,-0.988900, , , 
1168.000000,60298.000000,75549924.000000, , , ,-1.625977,-0.650391,-15.609375
1169.000000,60301.000000,75549924.000000,-0.017400,-0.281300,-0.980200, , , 
1170.000000,60398.000000,75549924.000000, , , ,-3.251953,0.325195,-15.934570
1171.000000,60399.000000,75549924.000000,-0.023200,-0.319000,-0.991800, , , 
1172.000000,60499.000000,75549924.000000, , , ,-1.625977,-0.325195,-17.560547
1173.000000,60500.000000,75549924.000000,0.005800,-0.275500,-0.971500, , , 
1174.000000,60599.000000,75549924.000000,-0.026100,-0.295800,-1.000500, , , 
1175.000000,60600.000000,75549924.000000, , , ,-1.300781,-0.325195,-16.259766
1176.000000,60700.000000,75549924.000000,-0.060900,-0.324800,-1.061400, , , 
1177.000000,60701.000000,75549924.000000, , , ,-0.325195,0.975586,-19.511719
1178.000000,60792.000000,75549924.000000, , , ,-0.650391,2.276367,-20.162109
1179.000000,60799.000000,75549924.000000,-0.011600,-0.371200,-0.942500, , , 
1180.000000,60893.000000,75549924.000000, , , ,-0.650391,0.325195,-21.462891
1181.000000,60900.000000,75549924.000000,0.029000,-0.324800,-0.922200, , , 
1182.000000,60994.000000,75549924.000000, , , ,-0.975586,-2.601563,-22.438477
1183.000000,60999.000000,75549924.000000,0.020300,-0.368300,-1.012100, , , 
1184.000000,61095.000000,75549924.000000, , , ,1.300781,-3.902344,-23.088867
1185.000000,61100.000000,75549924.000000,0.000000,-0.327700,-1.026600, , , 
1186.000000,61196.000000,75549924.000000, , , ,0.000000,-0.650391,-23.088867
1187.000000,61199.000000,75549924.000000,-0.058000,-0.379900,-0.971500, , , 
1188.000000,61297.000000,75549924.000000, , , ,-0.650391,2.926758,-23.414063
1189.000000,61300.000000,75549924.000000,-0.034800,-0.391500,-1.017900, , , 
1190.000000,61398.000000,75549924.000000, , , ,-2.276367,3.902344,-23.088867
1191.000000,61399.000000,75549924.000000,-0.008700,-0.397300,-1.041100, , , 
1192.000000,61499.000000,75549924.000000, , , ,-0.975586,3.577148,-24.064453
1193.000000,61500.000000,75549924.000000,0.031900,-0.327700,-1.035300, , , 
1194.000000,61599.000000,75549924.000000,0.072500,-0.333500,-0.977300, , , 
1195.000000,61600.000000,75549924.000000, , , ,-0.650391,1.625977,-23.739258
1196.000000,61700.000000,75549924.000000,0.052200,-0.345100,-0.983100, , , 
1197.000000,61701.000000,75549924.000000, , , ,0.325195,0.000000,-23.088867
1198.000000,61792.000000,75549924.000000, , , ,0.975586,-2.276367,-20.162109
1199.000000,61799.000000,75549924.000000,0.098600,-0.348000,-0.919300, , , 
1200.000000,61893.000000,75549924.000000, , , ,-1.300781,-4.877930,-22.763672
1201.000000,61900.000000,75549924.000000,0.029000,-0.426300,-0.968600, , , 
1202.000000,61994.000000,75549924.000000, , , ,-2.601563,-3.902344,-23.088867
1203.000000,61999.000000,75549924.000000,0.040600,-0.377000,-0.962800, , , 
1204.000000,62095.000000,75549924.000000, , , ,0.000000,-2.601563,-23.739258
1205.000000,62100.000000,75549924.000000,0.023200,-0.348000,-0.971500, , , 
1206.000000,62196.000000,75549924.000000, , , ,0.975586,0.325195,-23.739258
1207.000000,62199.000000,75549924.000000,0.023200,-0.330600,-0.997600, , , 
1208.000000,62297.000000,75549924.000000, , , ,2.926758,0.325195,-23.739258
1209.000000,62300.000000,75549924.000000,0.066700,-0.359600,-0.962800, , , 
1210.000000,62398.000000,75549924.000000, , , ,0.000000,0.000000,-23.088867
1211.000000,62399.000000,75549924.000000,0.058000,-0.388600,-1.035300, , , 
1212.000000,62499.000000,75549924.000000, , , ,1.300781,-0.650391,-22.763672
1213.000000,62500.000000,75549924.000000,0.087000,-0.397300,-0.968600, , , 
1214.000000,62599.000000,75549924.000000,0.055100,-0.313200,-0.991800, , , 
1215.000000,62600.000000,75549924.000000, , , ,1.951172,-0.325195,-22.763672
1216.000000,62700.000000,75549924.000000,0.092800,-0.394400,-0.971500, , , 
1217.000000,62701.000000,75549924.000000, , , ,2.276367,0.000000,-22.113281
1218.000000,62792.000000,75549924.000000, , , ,1.300781,-0.975586,-21.462891
1219.000000,62799.000000,75549924.000000,0.092800,-0.385700,-0.974400, , , 
1220.000000,62893.000000,75549924.000000, , , ,-0.650391,-1.625977,-20.162109
1221.000000,62900.000000,75549924.000000,0.089900,-0.403100,-0.957000, , , 
1222.000000,62994.000000,75549924.000000, , , ,-0.650391,-2.276367,-19.186523
1223.000000,62999.000000,75549924.000000,0.084100,-0.321900,-0.974400, , , 
1224.000000,63095.000000,75549924.000000, , , ,-1.300781,-0.975586,-17.885742
1225.000000,63100.000000,75549924.000000,0.060900,-0.278400,-1.020800, , , 
1226.000000,63196.000000,75549924.000000, , , ,-1.300781,1.300781,-15.284179
1227.000000,63199.000000,75549924.000000,0.084100,-0.281300,-0.994700, , , 
1228.000000,63297.000000,75549924.000000, , , ,0.000000,1.625977,-13.658203
1229.000000,63300.000000,75549924.000000,0.104400,-0.197200,-0.988900, , , 
1230.000000,63398.000000,75549924.000000, , , ,-0.325195,0.000000,-12.032227
1231.000000,63399.000000,75549924.000000,0.133400,-0.226200,-0.962800, , , 
1232.000000,63499.000000,75549924.000000, , , ,0.000000,-2.276367,-11.056641
1233.000000,63500.000000,75549924.000000,0.127600,-0.217500,-0.962800, , , 
1234.000000,63599.000000,75549924.000000,0.092800,-0.188500,-0.980200, , , 
1235.000000,63600.000000,75549924.000000, , , ,0.325195,-2.601563,-9.755859
1236.000000,63700.000000,75549924.000000,0.092800,-0.174000,-0.965700, , , 
1237.000000,63701.000000,75549924.000000, , , ,-1.625977,-1.625977,-8.129883
1238.000000,63792.000000,75549924.000000, , , ,-0.975586,-0.650391,-7.154297
1239.000000,63799.000000,75549924.000000,0.098600,-0.159500,-0.954100, , , 
1240.000000,63893.000000,75549924.000000, , , ,-1.625977,-0.325195,-6.178711
1241.000000,63900.000000,75549924.000000,0.110200,-0.124700,-0.997600, , , 
1242.000000,63994.000000,75549924.000000, , , ,-0.975586,-0.650391,-5.528320
1243.000000,63999.000000,75549924.000000,0.101500,-0.139200,-0.988900, , , 
1244.000000,64095.000000,75549924.000000, , , ,-1.300781,0.000000,-4.877930
1245.000000,64100.000000,75549924.000000,0.107300,-0.118900,-0.994700, , , 
1246.000000,64196.000000,75549924.000000, , , ,-1.300781,0.000000,-3.577148
1247.000000,64199.000000,75549924.000000,0.098600,-0.084100,-0.959900, , , 
1248.000000,64297.000000,75549924.000000, , , ,-1.625977,-1.300781,-2.926758
1249.000000,64300.000000,75549924.000000,0.098600,-0.081200,-0.962800, , , 
1250.000000,64398.000000,75549924.000000, , , ,0.000000,-1.625977,-1.951172
1251.000000,64399.000000,75549924.000000,0.078300,-0.040600,-1.009200, , , 
1252.000000,64499.000000,75549924.000000, , , ,-1.625977,0.000000,-1.300781
1253.000000,64500.000000,75549924.000000,0.049300,-0.084100,-1.017900, , , 
1254.000000,64599.000000,75549924.000000,0.069600,-0.058000,-1.003400, , , 
1255.000000,64600.000000,75549924.000000, , , ,-0.975586,2.276367,-0.975586
1256.000000,64700.000000,75549924.000000,0.116000,-0.058000,-1.015000, , , 
1257.000000,64701.000000,75549924.000000, , , ,-1.300781,2.276367,-0.650391
1258.000000,64792.000000,75549924.000000, , , ,-1.625977,0.650391,-0.650391
1259.000000,64799.000000,75549924.000000,0.110200,-0.063800,-1.012100, , , 
1260.000000,64893.000000,75549924.000000, , , ,-2.276367,0.000000,-0.650391
1261.000000,64900.000000,75549924.000000,0.110200,-0.066700,-0.980200, , , 
1262.000000,64994.000000,75549924.000000, , , ,-0.975586,-0.325195,0.000000
1263.000000,64999.000000,75549924.000000,0.104400,-0.008700,-0.974400, , , 
1264.000000,65095.000000,75549924.000000, , , ,-3.251953,-0.325195,-0.325195
1265.000000,65100.000000,75549924.000000,0.089900,-0.060900,-1.015000, , , 
1266.000000,65196.000000,75549924.000000, , , ,-1.300781,0.000000,0.000000
1267.000000,65199.000000,75549924.000000,0.049300,-0.008700,-0.974400, , , 
1268.000000,65297.000000,75549924.000000, , , ,-1.300781,0.000000,0.325195
1269.000000,65300.000000,75549924.000000,0.034800,-0.020300,-0.988900, , , 
1270.000000,65398.000000,75549924.000000, , , ,0.000000,-0.650391,0.000000
1271.000000,65400.000000,75549924.000000,0.031900,-0.011600,-0.988900, , , 
1272.000000,65498.000000,75549924.000000, , , ,-0.650391,0.000000,0.000000
1273.000000,65499.000000,75549924.000000,0.026100,-0.037700,-1.006300, , , 
1274.000000,65599.000000,75549924.000000, , , ,0.650391,0.000000,0.325195
1275.000000,65600.000000,75549924.000000,0.026100,-0.008700,-0.977300, , , 
1276.000000,65699.000000,75549924.000000,0.034800,-0.037700,-1.012100, , , 
1277.000000,65700.000000,75549924.000000, , , ,0.000000,0.000000,-0.325195
1278.000000,65800.000000,75549924.000000,0.020300,-0.020300,-0.983100, , , 
1279.000000,65801.000000,75549924.000000, , , ,0.325195,0.000000,-0.325195
1280.000000,65892.000000,75549924.000000, , , ,-0.325195,0.325195,0.000000
1281.000000,65899.000000,75549924.000000,0.031900,-0.066700,-0.991800, , , 
1282.000000,65993.000000,75549924.000000, , , ,0.000000,0.000000,0.000000
1283.000000,66000.000000,75549924.000000,0.020300,-0.002900,-0.991800, , , 
1284.000000,66094.000000,75549924.000000, , , ,0.000000,0.000000,0.000000
1285.000000,66099.000000,75549924.000000,0.026100,-0.034800,-0.986000, , , 
1286.000000,66195.000000,75549924.000000, , , ,0.650391,0.000000,0.000000
1287.000000,66200.000000,75549924.000000,0.020300,-0.029000,-0.991800, , , 
1288.000000,66296.000000,75549924.000000, , , ,0.000000,0.000000,0.000000
1289.000000,66299.000000,75549924.000000,0.017400,-0.049300,-0.997600, , , 
1290.000000,66397.000000,75549924.000000, , , ,0.325195,0.000000,0.000000
1291.000000,66400.000000,75549924.000000,0.011600,-0.008700,-0.986000, , , 
1292.000000,66498.000000,75549924.000000, , , ,0.000000,0.650391,0.000000
1293.000000,66499.000000,75549924.000000,0.017400,-0.040600,-1.000500, , , 
1294.000000,66599.000000,75549924.000000, , , ,0.325195,0.650391,0.000000
1295.000000,66600.000000,75549924.000000,0.008700,-0.043500,-1.003400, , , 
1296.000000,66699.000000,75549924.000000,0.026100,-0.031900,-0.980200, , , 
1297.000000,66700.000000,75549924.000000, , , ,-0.325195,0.325195,0.000000
1298.000000,66800.000000,75549924.000000,0.014500,-0.029000,-0.988900, , , 
1299.000000,66801.000000,75549924.000000, , , ,-0.325195,0.000000,0.325195
1300.000000,66892.000000,75549924.000000, , , ,-1.951172,-0.325195,0.000000
1301.000000,66899.000000,75549924.000000,0.011600,-0.040600,-0.991800, , , 
1302.000000,66993.000000,75549924.000000, , , ,0.000000,0.000000,0.000000
1303.000000,67000.000000,75549924.000000,-0.005800,-0.002900,-0.974400, , , 
1304.000000,67094.000000,75549924.000000, , , ,-1.300781,0.000000,0.325195
1305.000000,67099.000000,75549924.000000,0.002900,-0.031900,-0.971500, , , 
1306.000000,67195.000000,75549924.000000, , , ,0.000000,-0.650391,0.650391
1307.000000,67200.000000,75549924.000000,0.000000,-0.020300,-0.971500, , , 
1308.000000,67296.000000,75549924.000000, , , ,-0.325195,-1.625977,0.000000
1309.000000,67299.000000,75549924.000000,-0.017400,-0.034800,-0.991800, , , 
1310.000000,67397.000000,75549924.000000, , , ,0.000000,-0.325195,0.000000
1311.000000,67400.000000,75549924.000000,-0.052200,-0.008700,-1.003400, , , 
1312.000000,67498.000000,75549924.000000, , , ,0.000000,0.975586,0.325195
1313.000000,67499.000000,75549924.000000,-0.043500,-0.055100,-0.980200, , , 
1314.000000,67599.000000,75549924.000000, , , ,0.325195,0.650391,0.325195
1315.000000,67600.000000,75549924.000000,-0.034800,-0.014500,-0.994700, , , 
1316.000000,67699.000000,75549924.000000,-0.034800,-0.066700,-1.015000, , , 
1317.000000,67700.000000,75549924.000000, , , ,-0.650391,0.000000,0.975586
1318.000000,67800.000000,75549924.000000,-0.060900,-0.008700,-0.959900, , , 
1319.000000,67801.000000,75549924.000000, , , ,0.325195,-0.325195,0.325195
1320.000000,67892.000000,75549924.000000, , , ,-0.325195,0.000000,0.000000
1321.000000,67899.000000,75549924.000000,-0.055100,-0.058000,-0.983100, , , 
1322.000000,67993.000000,75549924.000000, , , ,-1.300781,0.000000,0.325195
1323.000000,68000.000000,75549924.000000,-0.060900,-0.049300,-1.015000, , , 
1324.000000,68094.000000,75549924.000000, , , ,0.325195,0.325195,0.000000
1325.000000,68099.000000,75549924.000000,-0.084100,-0.034800,-0.974400, , , 
1326.000000,68195.000000,75549924.000000, , , ,-1.300781,0.650391,0.000000
1327.000000,68200.000000,75549924.000000,-0.084100,-0.020300,-0.994700, , , 
1328.000000,68296.000000,75549924.000000, , , ,0.000000,0.000000,0.000000
1329.000000,68299.000000,75549924.000000,-0.081200,-0.049300,-0.994700, , , 
1330.000000,68397.000000,75549924.000000, , , ,-1.625977,0.000000,0.000000
1331.000000,68400.000000,75549924.000000,-0.107300,-0.066700,-0.997600, , , 
1332.000000,68498.000000,75549924.000000, , , ,-0.325195,0.000000,0.000000
1333.000000,68499.000000,75549924.000000,-0.101500,0.000000,-0.965700, , , 
1334.000000,68599.000000,75549924.000000, , , ,-0.650391,0.000000,0.000000
1335.000000,68600.000000,75549924.000000,-0.110200,-0.046400,-0.980200, , , 
1336.000000,68699.000000,75549924.000000,-0.104400,-0.020300,-0.983100, , , 
1337.000000,68700.000000,75549924.000000, , , ,-0.650391,-0.325195,0.000000
1338.000000,68800.000000,75549924.000000,-0.110200,-0.040600,-0.971500, , , 
1339.000000,68801.000000,75549924.000000, , , ,-0.650391,-0.325195,0.000000
1340.000000,68892.000000,75549924.000000, , , ,-0.325195,0.000000,-0.325195
1341.000000,68899.000000,75549924.000000,-0.110200,-0.066700,-0.983100, , , 
1342.000000,68993.000000,75549924.000000, , , ,-0.975586,0.000000,0.000000
1343.000000,69000.000000,75549924.000000,-0.084100,0.043500,-0.954100, , , 
1344.000000,69094.000000,75549924.000000, , , ,0.975586,-0.650391,0.000000
1345.000000,69099.000000,75549924.000000,-0.113100,-0.069600,-0.980200, , , 
1346.000000,69195.000000,75549924.000000, , , ,-0.650391,0.000000,-0.325195
1347.000000,69200.000000,75549924.000000,-0.127600,-0.055100,-1.003400, , , 
1348.000000,69296.000000,75549924.000000, , , ,0.000000,0.325195,-0.650391
1349.000000,69299.000000,75549924.000000,-0.110200,-0.089900,-1.006300, , , 
1350.000000,69397.000000,75549924.000000, , , ,-0.325195,0.650391,-0.325195
1351.000000,69400.000000,75549924.000000,-0.116000,0.005800,-0.948300, , , 
1352.000000,69498.000000,75549924.000000, , , ,0.000000,0.975586,-0.975586
1353.000000,69499.000000,75549924.000000,-0.098600,-0.040600,-0.994700, , , 
1354.000000,69599.000000,75549924.000000, , , ,0.000000,0.000000,-0.325195
1355.000000,69600.000000,75549924.000000,-0.098600,-0.060900,-0.994700, , , 
1356.000000,69699.000000,75549924.000000,-0.107300,-0.055100,-0.991800, , , 
1357.000000,69700.000000,75549924.000000, , , ,-0.975586,0.000000,-0.325195
1358.000000,69800.000000,75549924.000000,-0.101500,-0.020300,-0.986000, , , 
1359.000000,69801.000000,75549924.000000, , , ,0.000000,0.325195,-0.975586
1360.000000,69892.000000,75549924.000000, , , ,-0.325195,0.975586,-0.325195
1361.000000,69899.000000,75549924.000000,-0.092800,-0.055100,-0.994700, , , 
1362.000000,69993.000000,75549924.000000, , , ,-0.325195,0.975586,-0.325195
1363.000000,70000.000000,75549924.000000,-0.066700,-0.052200,-0.971500, , , 
1364.000000,70094.000000,75549924.000000, , , ,-0.975586,0.650391,-0.650391
1365.000000,70099.000000,75549924.000000,-0.069600,-0.043500,-1.003400, , , 
1366.000000,70195.000000,75549924.000000, , , ,0.000000,0.000000,-0.975586
1367.000000,70200.000000,75549924.000000,-0.075400,-0.034800,-0.983100, , , 
1368.000000,70296.000000,75549924.000000, , , ,-0.325195,0.325195,-0.325195
1369.000000,70299.000000,75549924.000000,-0.058000,-0.063800,-0.980200, , , 
1370.000000,70397.000000,75549924.000000, , , ,-0.650391,-0.325195,-0.325195
1371.000000,70400.000000,75549924.000000,-0.066700,-0.029000,-0.988900, , , 
1372.000000,70498.000000,75549924.000000, , , ,-0.650391,0.650391,-0.650391
1373.000000,70501.000000,75549924.000000,-0.069600,-0.046400,-0.994700, , , 
1374.000000,70598.000000,75549924.000000, , , ,-0.325195,0.000000,-0.325195
1375.000000,70599.000000,75549924.000000,-0.058000,-0.046400,-0.980200, , , 
1376.000000,70699.000000,75549924.000000, , , ,-0.975586,0.000000,0.000000
1377.000000,70700.000000,75549924.000000,-0.060900,-0.040600,-0.974400, , , 
1378.000000,70799.000000,75549924.000000,-0.060900,-0.034800,-0.980200, , , 
1379.000000,70800.000000,75549924.000000, , , ,-0.650391,0.000000,-0.650391
1380.000000,70900.000000,75549924.000000,-0.058000,-0.029000,-0.997600, , , 
1381.000000,70901.000000,75549924.000000, , , ,0.000000,0.000000,-0.325195
1382.000000,70992.000000,75549924.000000, , , ,0.000000,-0.975586,-0.650391
1383.000000,70999.000000,75549924.000000,-0.052200,-0.046400,-0.971500, , , 
1384.000000,71093.000000,75549924.000000, , , ,-1.300781,0.000000,0.325195
1385.000000,71100.000000,75549924.000000,-0.055100,-0.037700,-0.983100, , , 
1386.000000,71194.000000,75549924.000000, , , ,-0.650391,-0.650391,-0.325195
1387.000000,71199.000000,75549924.000000,-0.060900,-0.040600,-0.983100, , , 
1388.000000,71295.000000,75549924.000000, , , ,0.000000,-0.325195,-0.325195
1389.000000,71300.000000,75549924.000000,-0.063800,-0.029000,-0.977300, , , 
1390.000000,71396.000000,75549924.000000, , , ,0.000000,0.000000,0.000000
1391.000000,71399.000000,75549924.000000,-0.055100,-0.046400,-0.991800, , , 
1392.000000,71497.000000,75549924.000000, , , ,-0.650391,0.000000,0.000000
1393.000000,71500.000000,75549924.000000,-0.058000,-0.055100,-0.986000, , , 
1394.000000,71598.000000,75549924.000000, , , ,-0.975586,0.000000,-0.325195
1395.000000,71599.000000,75549924.000000,-0.063800,-0.037700,-0.980200, , , 
1396.000000,71699.000000,75549924.000000, , , ,0.000000,0.000000,0.000000
1397.000000,71700.000000,75549924.000000,-0.052200,-0.023200,-0.986000, , , 
1398.000000,71799.000000,75549924.000000,-0.052200,-0.023200,-0.977300, , , 
1399.000000,71800.000000,75549924.000000, , , ,0.000000,0.000000,-0.650391
1400.000000,71900.000000,75549924.000000,-0.058000,-0.046400,-0.988900, , , 
1401.000000,71901.000000,75549924.000000, , , ,0.000000,0.000000,-0.325195
1402.000000,71992.000000,75549924.000000, , , ,0.325195,0.650391,0.000000
1403.000000,71999.000000,75549924.000000,-0.055100,-0.026100,-0.980200, , , 
1404.000000,72093.000000,75549924.000000, , , ,-0.650391,0.000000,0.000000
1405.000000,72100.000000,75549924.000000,-0.078300,-0.066700,-0.997600, , , 
1406.000000,72194.000000,75549924.000000, , , ,0.000000,-0.325195,0.000000
1407.000000,72199.000000,75549924.000000,-0.092800,-0.037700,-0.974400, , , 
1408.000000,72295.000000,75549924.000000, , , ,-1.625977,-0.325195,0.000000
1409.000000,72300.000000,75549924.000000,-0.107300,-0.049300,-0.991800, , , 
1410.000000,72396.000000,75549924.000000, , , ,0.000000,0.000000,-0.325195
1411.000000,72401.000000,75549924.000000,-0.110200,-0.029000,-0.974400, , , 
1412.000000,72496.000000,75549924.000000, , , ,-0.975586,0.000000,-0.325195
1413.000000,72499.000000,75549924.000000,-0.113100,-0.034800,-0.983100, , , 
1414.000000,72597.000000,75549924.000000, , , ,-0.325195,0.000000,-0.325195
1415.000000,72600.000000,75549924.000000,-0.116000,-0.031900,-0.986000, , , 
1416.000000,72698.000000,75549924.000000, , , ,0.000000,-0.650391,-0.650391
1417.000000,72699.000000,75549924.000000,-0.124700,-0.026100,-0.980200, , , 
1418.000000,72799.000000,75549924.000000, , , ,-0.325195,0.000000,-0.325195
1419.000000,72800.000000,75549924.000000,-0.130500,-0.043500,-0.974400, , , 
1420.000000,72899.000000,75549924.000000,-0.124700,-0.037700,-0.988900, , , 
1421.000000,72900.000000,75549924.000000, , , ,-0.325195,0.000000,-0.325195
1422.000000,73000.000000,75549924.000000,-0.130500,-0.034800,-0.974400, , , 
1423.000000,73001.000000,75549924.000000, , , ,0.000000,0.000000,0.000000
1424.000000,73092.000000,75549924.000000, , , ,0.000000,0.000000,-0.325195
1425.000000,73099.000000,75549924.000000,-0.133400,-0.043500,-0.983100, , , 
1426.000000,73193.000000,75549924.000000, , , ,-0.975586,0.000000,0.000000
1427.000000,73200.000000,75549924.000000,-0.121800,-0.052200,-0.991800, , , 
1428.000000,73294.000000,75549924.000000, , , ,-0.650391,0.000000,-0.325195
1429.000000,73299.000000,75549924.000000,-0.121800,-0.037700,-0.980200, , , 
1430.000000,73395.000000,75549924.000000, , , ,-0.650391,0.000000,0.000000
1431.000000,73400.000000,75549924.000000,-0.133400,-0.023200,-0.977300, , , 
1432.000000,73496.000000,75549924.000000, , , ,-0.650391,0.650391,-0.325195
1433.000000,73499.000000,75549924.000000,-0.136300,-0.037700,-0.986000, , , 
1434.000000,73597.000000,75549924.000000, , , ,-0.650391,0.000000,0.000000
1435.000000,73600.000000,75549924.000000,-0.145000,-0.037700,-0.983100, , , 
1436.000000,73698.000000,75549924.000000, , , ,-0.650391,0.000000,0.000000
1437.000000,73699.000000,75549924.000000,-0.139200,-0.034800,-0.977300, , , 
1438.000000,73799.000000,75549924.000000, , , ,-0.325195,0.000000,-0.325195
1439.000000,73800.000000,75549924.000000,-0.118900,-0.020300,-0.977300, , , 
1440.000000,73899.000000,75549924.000000,-0.075400,-0.023200,-0.986000, , , 
1441.000000,73900.000000,75549924.000000, , , ,-0.325195,0.325195,0.000000
1442.000000,74000.000000,75549924.000000,-0.008700,-0.031900,-0.991800, , , 
1443.000000,74001.000000,75549924.000000, , , ,0.000000,0.650391,0.000000
1444.000000,74092.000000,75549924.000000, , , ,0.000000,0.975586,-0.325195
1445.000000,74099.000000,75549924.000000,0.002900,-0.031900,-0.983100, , , 
1446.000000,74193.000000,75549924.000000, , , ,-0.325195,0.325195,-0.325195
1447.000000,74200.000000,75549924.000000,-0.002900,-0.034800,-0.988900, , , 
1448.000000,74294.000000,75549924.000000, , , ,0.000000,0.325195,-0.325195
1449.000000,74299.000000,75549924.000000,-0.008700,-0.031900,-0.983100, , , 
1450.000000,74395.000000,75549924.000000, , , ,-0.325195,0.000000,0.000000
1451.000000,74400.000000,75549924.000000,-0.008700,-0.031900,-0.986000, , , 
1452.000000,74496.000000,75549924.000000, , , ,0.000000,0.000000,0.000000
1453.000000,74499.000000,75549924.000000,-0.026100,-0.031900,-0.986000, , , 
1454.000000,74597.000000,75549924.000000, , , ,-0.325195,0.325195,-0.325195
1455.000000,74600.000000,75549924.000000,-0.034800,-0.034800,-0.986000, , , 
1456.000000,74698.000000,75549924.000000, , , ,-0.325195,0.000000,0.000000
1457.000000,74699.000000,75549924.000000,-0.037700,-0.034800,-0.986000, , , 
1458.000000,74799.000000,75549924.000000, , , ,-0.325195,-0.325195,0.000000
1459.000000,74800.000000,75549924.000000,-0.034800,-0.034800,-0.986000, , , 
1460.000000,74899.000000,75549924.000000,-0.034800,-0.034800,-0.983100, , , 
1461.000000,74900.000000,75549924.000000, , , ,-0.325195,0.000000,0.000000
1462.000000,75000.000000,75549924.000000,-0.031900,-0.034800,-0.988900, , , 
1463.000000,75001.000000,75549924.000000, , , ,0.000000,0.000000,-0.325195
1464.000000,75092.000000,75549924.000000, , , ,-0.325195,0.000000,0.000000
1465.000000,75099.000000,75549924.000000,-0.029000,-0.034800,-0.983100, , , 
1466.000000,75193.000000,75549924.000000, , , ,-0.325195,-0.325195,0.000000
1467.000000,75200.000000,75549924.000000,0.023200,-0.034800,-0.991800, , , 
1468.000000,75294.000000,75549924.000000, , , ,-0.325195,0.650391,0.000000
1469.000000,75299.000000,75549924.000000,0.084100,-0.034800,-0.994700, , , 
1470.000000,75395.000000,75549924.000000, , , ,-0.650391,0.975586,-0.325195
1471.000000,75400.000000,75549924.000000,0.060900,-0.031900,-0.986000, , , 
1472.000000,75496.000000,75549924.000000, , , ,-0.325195,-0.325195,0.000000
1473.000000,75499.000000,75549924.000000,0.034800,-0.029000,-0.986000, , , 
1474.000000,75597.000000,75549924.000000, , , ,0.000000,-0.325195,-0.325195
1475.000000,75600.000000,75549924.000000,0.043500,-0.034800,-0.988900, , , 
1476.000000,75698.000000,75549924.000000, , , ,-0.325195,0.325195,0.000000
1477.000000,75699.000000,75549924.000000,0.052200,-0.034800,-0.986000, , , 
1478.000000,75799.000000,75549924.000000, , , ,0.000000,0.325195,0.000000
1479.000000,75800.000000,75549924.000000,0.046400,-0.031900,-0.988900, , , 
1480.000000,75899.000000,75549924.000000,0.040600,-0.034800,-0.988900, , , 
1481.000000,75900.000000,75549924.000000, , , ,0.000000,0.000000,0.000000
1482.000000,76000.000000,75549924.000000,0.031900,-0.034800,-0.991800, , , 
1483.000000,76001.000000,75549924.000000, , , ,0.000000,-0.325195,-0.325195
1484.000000,76092.000000,75549924.000000, , , ,-0.325195,0.000000,0.000000
1485.000000,76099.000000,75549924.000000,0.046400,-0.034800,-0.991800, , , 
1486.000000,76193.000000,75549924.000000, , , ,-0.325195,0.650391,0.000000
1487.000000,76200.000000,75549924.000000,0.043500,-0.031900,-0.986000, , , 
1488.000000,76294.000000,75549924.000000, , , ,-0.650391,0.000000,0.000000
1489.000000,76299.000000,75549924.000000,0.046400,-0.031900,-0.991800, , , 
1490.000000,76395.000000,75549924.000000, , , ,-0.325195,-0.325195,0.000000
1491.000000,76400.000000,75549924.000000,0.046400,-0.034800,-0.986000, , , 
1492.000000,76496.000000,75549924.000000, , , ,0.000000,0.000000,0.000000
1493.000000,76499.000000,75549924.000000,0.046400,-0.034800,-0.991800, , , 
1494.000000,76597.000000,75549924.000000, , , ,-0.325195,0.650391,0.000000
1495.000000,76600.000000,75549924.000000,0.043500,-0.034800,-0.991800, , , 
1496.000000,76698.000000,75549924.000000, , , ,-0.325195,0.000000,0.000000
1497.000000,76699.000000,75549924.000000,0.043500,-0.034800,-0.988900, , , 
1498.000000,76799.000000,75549924.000000, , , ,-0.650391,0.000000,0.000000
1499.000000,76800.000000,75549924.000000,0.046400,-0.031900,-0.988900, , , 
1500.000000,76899.000000,75549924.000000,0.043500,-0.031900,-0.986000, , , 
1501.000000,76900.000000,75549924.000000, , , ,-0.325195,0.325195,0.000000
1502.000000,77000.000000,75549924.000000,0.046400,-0.031900,-0.991800, , , 
1503.000000,77001.000000,75549924.000000, , , ,-0.325195,-0.650391,-0.325195
1504.000000,77092.000000,75549924.000000, , , ,0.000000,0.000000,0.000000
1505.000000,77099.000000,75549924.000000,0.060900,-0.031900,-0.991800, , , 
1506.000000,77193.000000,75549924.000000, , , ,-0.325195,0.650391,0.325195
1507.000000,77200.000000,75549924.000000,0.043500,-0.031900,-0.988900, , , 
1508.000000,77294.000000,75549924.000000, , , ,-0.325195,-0.325195,0.000000
1509.000000,77299.000000,75549924.000000,0.058000,-0.031900,-0.988900, , , 
1510.000000,77395.000000,75549924.000000, , , ,-0.325195,0.325195,0.325195
1511.000000,77400.000000,75549924.000000,0.046400,-0.037700,-0.991800, , , 
1512.000000,77496.000000,75549924.000000, , , ,-0.325195,0.325195,-0.325195
1513.000000,77499.000000,75549924.000000,0.049300,-0.031900,-0.986000, , , 
1514.000000,77597.000000,75549924.000000, , , ,-0.325195,-0.325195,0.000000
1515.000000,77600.000000,75549924.000000,0.046400,-0.034800,-0.986000, , , 
1516.000000,77698.000000,75549924.000000, , , ,-0.325195,0.000000,0.000000
1517.000000,77699.000000,75549924.000000,0.063800,-0.031900,-0.991800, , , 
1518.000000,77799.000000,75549924.000000, , , ,-0.325195,0.975586,-0.650391
1519.000000,77800.000000,75549924.000000,0.116000,-0.034800,-0.994700, , , 
1520.000000,77899.000000,75549924.000000,0.139200,-0.031900,-0.991800, , , 
1521.000000,77900.000000,75549924.000000, , , ,-0.325195,0.650391,0.000000
1522.000000,78000.000000,75549924.000000,0.139200,-0.031900,-0.991800, , , 
1523.000000,78001.000000,75549924.000000, , , ,-0.325195,0.000000,-0.325195
1524.000000,78092.000000,75549924.000000, , , ,0.000000,0.325195,0.000000
1525.000000,78099.000000,75549924.000000,0.136300,-0.031900,-0.991800, , , 
1526.000000,78193.000000,75549924.000000, , , ,-0.325195,0.000000,0.000000
1527.000000,78200.000000,75549924.000000,0.136300,-0.034800,-0.988900, , , 
1528.000000,78294.000000,75549924.000000, , , ,-0.650391,0.000000,0.650391
1529.000000,78299.000000,75549924.000000,0.133400,-0.034800,-0.991800, , , 
1530.000000,78395.000000,75549924.000000, , , ,-0.325195,0.325195,0.000000
1531.000000,78400.000000,75549924.000000,0.145000,-0.034800,-0.988900, , , 
1532.000000,78496.000000,75549924.000000, , , ,-0.325195,0.325195,0.000000
1533.000000,78499.000000,75549924.000000,0.159500,-0.034800,-0.994700, , , 
1534.000000,78597.000000,75549924.000000, , , ,-0.325195,0.325195,0.000000
1535.000000,78600.000000,75549924.000000,0.174000,-0.029000,-0.991800, , , 
1536.000000,78698.000000,75549924.000000, , , ,-0.325195,0.325195,0.000000
1537.000000,78699.000000,75549924.000000,0.179800,-0.026100,-0.988900, , , 
1538.000000,78799.000000,75549924.000000, , , ,-0.325195,-0.325195,0.000000
1539.000000,78800.000000,75549924.000000,0.176900,-0.026100,-0.994700, , , 
1540.000000,78899.000000,75549924.000000,0.171100,-0.031900,-0.994700, , , 
1541.000000,78900.000000,75549924.000000, , , ,0.000000,0.000000,0.000000
1542.000000,79000.000000,75549924.000000,0.171100,-0.043500,-0.991800, , , 
1543.000000,79001.000000,75549924.000000, , , ,0.000000,0.000000,0.000000
1544.000000,79092.000000,75549924.000000, , , ,-0.650391,0.000000,0.000000
1545.000000,79099.000000,75549924.000000,0.168200,-0.040600,-0.994700, , , 
1546.000000,79193.000000,75549924.000000, , , ,-0.975586,0.000000,0.000000
1547.000000,79200.000000,75549924.000000,0.162400,-0.034800,-0.988900, , , 
1548.000000,79294.000000,75549924.000000, , , ,-0.975586,-0.325195,0.000000
1549.000000,79299.000000,75549924.000000,0.153700,-0.026100,-0.994700, , , 
1550.000000,79395.000000,75549924.000000, , , ,-0.650391,0.000000,0.000000
1551.000000,79400.000000,75549924.000000,0.147900,-0.023200,-0.988900, , , 
1552.000000,79496.000000,75549924.000000, , , ,-0.325195,-0.650391,-0.325195
1553.000000,79499.000000,75549924.000000,0.124700,-0.026100,-0.991800, , , 
1554.000000,79597.000000,75549924.000000, , , ,-0.325195,-0.650391,0.325195
1555.000000,79600.000000,75549924.000000,0.098600,-0.029000,-0.988900, , , 
1556.000000,79698.000000,75549924.000000, , , ,-0.325195,-0.650391,0.000000
1557.000000,79699.000000,75549924.000000,0.081200,-0.040600,-0.994700, , , 
1558.000000,79799.000000,75549924.000000, , , ,-0.650391,-0.975586,0.000000
1559.000000,79800.000000,75549924.000000,0.069600,-0.040600,-0.988900, , , 
1560.000000,79899.000000,75549924.000000,0.075400,-0.017400,-0.977300, , , 
1561.000000,79900.000000,75549924.000000, , , ,0.000000,-0.325195,-0.325195
1562.000000,80000.000000,75549924.000000,0.066700,-0.020300,-0.994700, , , 
1563.000000,80001.000000,75549924.000000, , , ,0.000000,-0.325195,-0.325195
1564.000000,80092.000000,75549924.000000, , , ,0.000000,-0.325195,0.000000
1565.000000,80099.000000,75549924.000000,0.040600,-0.034800,-0.997600, , , 
1566.000000,80193.000000,75549924.000000, , , ,0.000000,-0.650391,0.000000
1567.000000,80200.000000,75549924.000000,0.034800,-0.043500,-0.988900, , , 
1568.000000,80294.000000,75549924.000000, , , ,-0.325195,-0.650391,-0.325195
1569.000000,80299.000000,75549924.000000,0.017400,-0.031900,-0.974400, , , 
1570.000000,80395.000000,75549924.000000, , , ,-0.325195,-0.325195,0.000000
1571.000000,80400.000000,75549924.000000,0.000000,-0.040600,-0.991800, , , 
1572.000000,80496.000000,75549924.000000, , , ,-0.325195,-0.650391,-0.325195
1573.000000,80499.000000,75549924.000000,-0.017400,-0.046400,-0.994700, , , 
1574.000000,80597.000000,75549924.000000, , , ,-0.975586,0.000000,0.000000
1575.000000,80600.000000,75549924.000000,-0.011600,-0.034800,-0.983100, , , 
1576.000000,80698.000000,75549924.000000, , , ,-0.325195,0.000000,0.000000
1577.000000,80699.000000,75549924.000000,-0.005800,-0.026100,-0.983100, , , 
1578.000000,80799.000000,75549924.000000, , , ,-0.325195,0.000000,0.000000
1579.000000,80800.000000,75549924.000000,-0.014500,-0.031900,-0.988900, , , 
1580.000000,80899.000000,75549924.000000,-0.011600,-0.043500,-0.991800, , , 
1581.000000,80900.000000,75549924.000000, , , ,-0.325195,0.000000,0.000000
1582.000000,81000.000000,75549924.000000,-0.008700,-0.029000,-0.988900, , , 
1583.000000,81001.000000,75549924.000000, , , ,-0.325195,0.000000,0.000000
1584.000000,81092.000000,75549924.000000, , , ,-0.650391,0.000000,0.000000
1585.000000,81099.000000,75549924.000000,-0.014500,-0.026100,-0.991800, , , 
1586.000000,81193.000000,75549924.000000, , , ,-0.325195,0.000000,-0.325195
1587.000000,81200.000000,75549924.000000,-0.026100,-0.034800,-0.991800, , , 
1588.000000,81294.000000,75549924.000000, , , ,-0.650391,0.000000,0.000000
1589.000000,81299.000000,75549924.000000,-0.037700,-0.031900,-0.980200, , , 
1590.000000,81395.000000,75549924.000000, , , ,0.000000,0.000000,-0.325195
1591.000000,81400.000000,75549924.000000,-0.040600,-0.023200,-0.983100, , , 
1592.000000,81496.000000,75549924.000000, , , ,-0.325195,0.000000,-0.650391
1593.000000,81499.000000,75549924.000000,-0.040600,-0.029000,-0.991800, , , 
1594.000000,81597.000000,75549924.000000, , , ,0.000000,0.000000,0.000000
1595.000000,81600.000000,75549924.000000,-0.040600,-0.034800,-0.991800, , , 
1596.000000,81698.000000,75549924.000000, , , ,-0.325195,0.000000,0.000000
1597.000000,81699.000000,75549924.000000,-0.040600,-0.037700,-0.988900, , , 
1598.000000,81799.000000,75549924.000000, , , ,-0.325195,0.000000,-0.325195
1599.000000,81800.000000,75549924.000000,-0.040600,-0.031900,-0.983100, , , 
1600.000000,81899.000000,75549924.000000,-0.040600,-0.029000,-0.980200, , , 
1601.000000,81900.000000,75549924.000000, , , ,0.000000,0.000000,0.000000
1602.000000,82000.000000,75549924.000000,-0.043500,-0.034800,-0.986000, , , 
1603.000000,82001.000000,75549924.000000, , , ,0.000000,0.000000,-0.325195
1604.000000,82092.000000,75549924.000000, , , ,-0.325195,0.650391,-0.975586
1605.000000,82099.000000,75549924.000000,-0.049300,-0.040600,-0.991800, , , 
1606.000000,82193.000000,75549924.000000, , , ,-0.325195,0.000000,-0.650391
1607.000000,82200.000000,75549924.000000,-0.052200,-0.040600,-0.986000, , , 
1608.000000,82294.000000,75549924.000000, , , ,-0.650391,-0.650391,0.000000
1609.000000,82299.000000,75549924.000000,-0.055100,-0.034800,-0.988900, , , 
1610.000000,82395.000000,75549924.000000, , , ,-0.650391,0.000000,-0.650391
1611.000000,82400.000000,75549924.000000,-0.055100,-0.029000,-0.983100, , , 
1612.000000,82496.000000,75549924.000000, , , ,-0.325195,0.650391,0.325195
1613.000000,82499.000000,75549924.000000,-0.049300,-0.031900,-0.986000, , , 
1614.000000,82597.000000,75549924.000000, , , ,-0.650391,0.000000,0.000000
1615.000000,82600.000000,75549924.000000,-0.046400,-0.029000,-0.983100, , , 
1616.000000,82698.000000,75549924.000000, , , ,0.000000,0.000000,0.000000
1617.000000,82699.000000,75549924.000000,-0.043500,-0.031900,-0.988900, , , 
1618.000000,82799.000000,75549924.000000, , , ,-0.325195,-0.325195,0.650391
1619.000000,82800.000000,75549924.000000,-0.037700,-0.034800,-0.983100, , , 
1620.000000,82899.000000,75549924.000000,-0.034800,-0.031900,-0.988900, , , 
1621.000000,82900.000000,75549924.000000, , , ,-0.325195,0.000000,0.000000
1622.000000,83000.000000,75549924.000000,-0.034800,-0.029000,-0.986000, , , 
1623.000000,83001.000000,75549924.000000, , , ,-0.650391,0.000000,-0.325195
1624.000000,83092.000000,75549924.000000, , , ,-0.325195,0.000000,0.000000
1625.000000,83099.000000,75549924.000000,-0.031900,-0.031900,-0.986000, , , 
1626.000000,83193.000000,75549924.000000, , , ,0.000000,0.000000,-0.325195
1627.000000,83200.000000,75549924.000000,-0.020300,-0.034800,-0.988900, , , 
1628.000000,83294.000000,75549924.000000, , , ,0.000000,0.650391,0.000000
1629.000000,83299.000000,75549924.000000,0.002900,-0.031900,-0.991800, , , 
1630.000000,83395.000000,75549924.000000, , , ,-0.325195,0.975586,-0.325195
1631.000000,83400.000000,75549924.000000,0.089900,-0.031900,-0.994700, , , 
1632.000000,83496.000000,75549924.000000, , , ,-0.650391,0.650391,0.000000
1633.000000,83499.000000,75549924.000000,0.133400,-0.031900,-0.991800, , , 
1634.000000,83597.000000,75549924.000000, , , ,-0.325195,0.650391,0.000000
1635.000000,83600.000000,75549924.000000,0.139200,-0.026100,-0.994700, , , 
1636.000000,83698.000000,75549924.000000, , , ,0.000000,0.000000,0.000000
1637.000000,83699.000000,75549924.000000,0.130500,-0.029000,-0.991800, , , 
1638.000000,83799.000000,75549924.000000, , , ,-0.325195,0.000000,0.000000
1639.000000,83800.000000,75549924.000000,0.124700,-0.034800,-0.991800, , , 
1640.000000,83899.000000,75549924.000000,0.133400,-0.034800,-0.991800, , , 
1641.000000,83900.000000,75549924.000000, , , ,0.000000,0.650391,0.000000
1642.000000,84000.000000,75549924.000000,0.159500,-0.029000,-1.000500, , , 
1643.000000,84001.000000,75549924.000000, , , ,-0.325195,0.000000,0.000000
1644.000000,84092.000000,75549924.000000, , , ,-0.325195,0.650391,-0.325195
1645.000000,84099.000000,75549924.000000,0.182700,-0.037700,-0.994700, , , 
1646.000000,84193.000000,75549924.000000, , , ,-0.325195,0.650391,-0.650391
1647.000000,84200.000000,75549924.000000,0.214600,-0.046400,-1.003400, , , 
1648.000000,84294.000000,75549924.000000, , , ,-0.325195,0.650391,-0.650391
1649.000000,84299.000000,75549924.000000,0.243600,-0.046400,-0.994700, , , 
1650.000000,84395.000000,75549924.000000, , , ,-0.650391,0.650391,-1.300781
1651.000000,84400.000000,75549924.000000,0.261000,-0.055100,-0.997600, , , 
1652.000000,84496.000000,75549924.000000, , , ,-0.650391,0.650391,-2.276367
1653.000000,84499.000000,75549924.000000,0.246500,-0.066700,-1.006300, , , 
1654.000000,84597.000000,75549924.000000, , , ,-0.975586,0.325195,-3.251953
1655.000000,84600.000000,75549924.000000,0.252300,-0.069600,-0.997600, , , 
1656.000000,84698.000000,75549924.000000, , , ,-0.650391,0.000000,-3.902344
1657.000000,84699.000000,75549924.000000,0.217500,-0.063800,-0.994700, , , 
1658.000000,84799.000000,75549924.000000, , , ,-0.325195,0.000000,-4.552734
1659.000000,84800.000000,75549924.000000,0.185600,-0.060900,-0.986000, , , 
1660.000000,84899.000000,75549924.000000,0.185600,-0.089900,-0.997600, , , 
1661.000000,84900.000000,75549924.000000, , , ,0.000000,0.650391,-4.877930
1662.000000,85000.000000,75549924.000000,0.208800,-0.118900,-1.003400, , , 
1663.000000,85001.000000,75549924.000000, , , ,-0.325195,0.650391,-7.154297
1664.000000,85092.000000,75549924.000000, , , ,-0.975586,-0.325195,-8.455078
1665.000000,85099.000000,75549924.000000,0.200100,-0.116000,-0.994700, , , 
1666.000000,85193.000000,75549924.000000, , , ,-1.300781,0.000000,-9.755859
1667.000000,85200.000000,75549924.000000,0.194300,-0.107300,-0.994700, , , 
1668.000000,85294.000000,75549924.000000, , , ,-1.300781,0.325195,-10.406250
1669.000000,85299.000000,75549924.000000,0.182700,-0.104400,-1.000500, , , 
1670.000000,85395.000000,75549924.000000, , , ,-1.300781,0.325195,-11.381836
1671.000000,85400.000000,75549924.000000,0.176900,-0.130500,-0.983100, , , 
1672.000000,85496.000000,75549924.000000, , , ,-0.975586,0.000000,-13.658203
1673.000000,85499.000000,75549924.000000,0.182700,-0.145000,-0.991800, , , 
1674.000000,85597.000000,75549924.000000, , , ,-0.975586,-0.650391,-14.958983
1675.000000,85600.000000,75549924.000000,0.174000,-0.150800,-0.983100, , , 
1676.000000,85698.000000,75549924.000000, , , ,-1.300781,-0.650391,-16.259766
1677.000000,85699.000000,75549924.000000,0.176900,-0.176900,-0.971500, , , 
1678.000000,85799.000000,75549924.000000, , , ,-1.625977,-1.300781,-17.560547
1679.000000,85800.000000,75549924.000000,0.165300,-0.156600,-0.983100, , , 
1680.000000,85899.000000,75549924.000000,0.171100,-0.156600,-0.988900, , , 
1681.000000,85900.000000,75549924.000000, , , ,-0.975586,-1.300781,-18.536133
1682.000000,86000.000000,75549924.000000,0.208800,-0.101500,-0.930900, , , 
1683.000000,86001.000000,75549924.000000, , , ,1.951172,-2.926758,-20.162109
1684.000000,86092.000000,75549924.000000, , , ,-0.325195,-3.577148,-21.137695
1685.000000,86099.000000,75549924.000000,0.191400,-0.295800,-0.977300, , , 
1686.000000,86193.000000,75549924.000000, , , ,-4.552734,-3.902344,-18.861328
1687.000000,86200.000000,75549924.000000,0.116000,-0.310300,-1.032400, , , 
1688.000000,86294.000000,75549924.000000, , , ,-5.203125,-1.951172,-22.763672
1689.000000,86299.000000,75549924.000000,0.098600,-0.205900,-1.044000, , , 
1690.000000,86395.000000,75549924.000000, , , ,-2.276367,0.650391,-21.462891
1691.000000,86400.000000,75549924.000000,0.139200,-0.107300,-0.997600, , , 
1692.000000,86496.000000,75549924.000000, , , ,0.000000,0.000000,-25.365234
1693.000000,86499.000000,75549924.000000,0.156600,-0.188500,-0.974400, , , 
1694.000000,86597.000000,75549924.000000, , , ,0.000000,1.300781,-25.690430
1695.000000,86600.000000,75549924.000000,0.147900,-0.229100,-0.954100, , , 
1696.000000,86698.000000,75549924.000000, , , ,2.601563,1.951172,-26.991213
1697.000000,86699.000000,75549924.000000,0.159500,-0.240700,-0.968600, , , 
1698.000000,86799.000000,75549924.000000, , , ,-0.650391,0.000000,-26.991213
1699.000000,86800.000000,75549924.000000,0.182700,-0.345100,-1.000500, , , 
1700.000000,86899.000000,75549924.000000,0.153700,-0.336400,-0.974400, , , 
1701.000000,86900.000000,75549924.000000, , , ,-3.251953,0.000000,-26.666016
1702.000000,87000.000000,75549924.000000,0.156600,-0.234900,-1.017900, , , 
1703.000000,87001.000000,75549924.000000, , , ,-3.577148,-1.951172,-27.641600
1704.000000,87092.000000,75549924.000000, , , ,-1.625977,-1.300781,-27.966797
1705.000000,87099.000000,75549924.000000,0.156600,-0.197200,-0.991800, , , 
1706.000000,87193.000000,75549924.000000, , , ,0.000000,-2.601563,-27.966797
1707.000000,87200.000000,75549924.000000,0.153700,-0.234900,-0.954100, , , 
1708.000000,87294.000000,75549924.000000, , , ,1.300781,-1.951172,-27.966797
1709.000000,87299.000000,75549924.000000,0.171100,-0.255200,-0.942500, , , 
1710.000000,87395.000000,75549924.000000, , , ,2.601563,-1.951172,-27.966797
1711.000000,87400.000000,75549924.000000,0.165300,-0.298700,-0.977300, , , 
1712.000000,87496.000000,75549924.000000, , , ,1.625977,-2.601563,-27.641600
1713.000000,87499.000000,75549924.000000,0.156600,-0.324800,-1.006300, , , 
1714.000000,87597.000000,75549924.000000, , , ,0.650391,-3.251953,-27.316406
1715.000000,87600.000000,75549924.000000,0.121800,-0.345100,-0.994700, , , 
1716.000000,87698.000000,75549924.000000, , , ,0.000000,-1.625977,-26.666016
1717.000000,87699.000000,75549924.000000,0.107300,-0.336400,-0.980200, , , 
1718.000000,87799.000000,75549924.000000, , , ,0.650391,0.000000,-26.340822
1719.000000,87800.000000,75549924.000000,0.124700,-0.275500,-0.968600, , , 
1720.000000,87899.000000,75549924.000000,0.153700,-0.304500,-0.983100, , , 
1721.000000,87900.000000,75549924.000000, , , ,0.650391,0.000000,-25.365234
1722.000000,88000.000000,75549924.000000,0.174000,-0.278400,-0.986000, , , 
1723.000000,88001.000000,75549924.000000, , , ,0.650391,0.000000,-22.763672
1724.000000,88092.000000,75549924.000000, , , ,0.000000,-0.650391,-20.487305
1725.000000,88099.000000,75549924.000000,0.182700,-0.249400,-0.983100, , , 
1726.000000,88193.000000,75549924.000000, , , ,-0.325195,-1.625977,-18.536133
1727.000000,88200.000000,75549924.000000,0.168200,-0.226200,-0.991800, , , 
1728.000000,88294.000000,75549924.000000, , , ,0.000000,-1.625977,-16.584961
1729.000000,88299.000000,75549924.000000,0.162400,-0.208800,-0.980200, , , 
1730.000000,88395.000000,75549924.000000, , , ,-0.325195,-1.300781,-14.633790
1731.000000,88400.000000,75549924.000000,0.159500,-0.203000,-0.986000, , , 
1732.000000,88496.000000,75549924.000000, , , ,-0.325195,-0.650391,-12.682617
1733.000000,88499.000000,75549924.000000,0.162400,-0.176900,-0.980200, , , 
1734.000000,88597.000000,75549924.000000, , , ,-0.325195,-0.325195,-10.406250
1735.000000,88600.000000,75549924.000000,0.159500,-0.145000,-0.991800, , , 
1736.000000,88698.000000,75549924.000000, , , ,-1.300781,0.000000,-9.105469
1737.000000,88699.000000,75549924.000000,0.165300,-0.133400,-0.997600, , , 
1738.000000,88799.000000,75549924.000000, , , ,-0.650391,0.650391,-7.479492
1739.000000,88800.000000,75549924.000000,0.176900,-0.118900,-0.991800, , , 
1740.000000,88899.000000,75549924.000000,0.179800,-0.124700,-0.991800, , , 
1741.000000,88900.000000,75549924.000000, , , ,-1.300781,0.325195,-6.829102
1742.000000,89000.000000,75549924.000000,0.171100,-0.113100,-0.986000, , , 
1743.000000,89001.000000,75549924.000000, , , ,-0.975586,0.000000,-5.528320
1744.000000,89092.000000,75549924.000000, , , ,-1.625977,0.000000,-5.528320
1745.000000,89099.000000,75549924.000000,0.185600,-0.118900,-1.003400, , , 
1746.000000,89193.000000,75549924.000000, , , ,-2.276367,0.650391,-4.227539
1747.000000,89200.000000,75549924.000000,0.185600,-0.098600,-1.012100, , , 
1748.000000,89294.000000,75549924.000000, , , ,-0.975586,0.325195,-3.902344
1749.000000,89299.000000,75549924.000000,0.188500,-0.089900,-0.986000, , , 
1750.000000,89395.000000,75549924.000000, , , ,-1.951172,0.000000,-2.926758
1751.000000,89400.000000,75549924.000000,0.194300,-0.069600,-0.977300, , , 
1752.000000,89496.000000,75549924.000000, , , ,-1.625977,-0.325195,-1.951172
1753.000000,89499.000000,75549924.000000,0.197200,-0.043500,-1.003400, , , 
1754.000000,89597.000000,75549924.000000, , , ,-2.276367,-0.650391,-1.300781
1755.000000,89600.000000,75549924.000000,0.182700,-0.040600,-0.988900, , , 
1756.000000,89698.000000,75549924.000000, , , ,-0.975586,-0.325195,-1.300781
1757.000000,89699.000000,75549924.000000,0.185600,-0.029000,-0.968600, , , 
1758.000000,89799.000000,75549924.000000, , , ,-1.951172,-0.325195,-0.650391
1759.000000,89800.000000,75549924.000000,0.179800,-0.034800,-0.997600, , , 
1760.000000,89899.000000,75549924.000000,0.179800,-0.043500,-0.994700, , , 
1761.000000,89900.000000,75549924.000000, , , ,-0.975586,0.000000,-0.650391
1762.000000,90000.000000,75549924.000000,0.165300,-0.029000,-0.983100, , , 
1763.000000,90001.000000,75549924.000000, , , ,-1.625977,0.325195,-0.650391
1764.000000,90092.000000,75549924.000000, , , ,-0.650391,0.000000,-0.325195
1765.000000,90099.000000,75549924.000000,0.147900,-0.026100,-0.997600, , , 
1766.000000,90193.000000,75549924.000000, , , ,-1.625977,-0.325195,-0.325195
1767.000000,90200.000000,75549924.000000,0.139200,-0.029000,-0.986000, , , 
1768.000000,90294.000000,75549924.000000, , , ,-0.650391,0.000000,-0.325195
1769.000000,90299.000000,75549924.000000,0.133400,0.000000,-0.991800, , , 
1770.000000,90395.000000,75549924.000000, , , ,-0.650391,-0.650391,0.000000
1771.000000,90400.000000,75549924.000000,0.124700,-0.002900,-0.977300, , , 
1772.000000,90496.000000,75549924.000000, , , ,0.325195,-0.325195,0.000000
1773.000000,90499.000000,75549924.000000,0.124700,-0.020300,-0.988900, , , 
1774.000000,90597.000000,75549924.000000, , , ,-1.300781,0.000000,0.000000
1775.000000,90600.000000,75549924.000000,0.121800,-0.020300,-1.000500, , , 
1776.000000,90698.000000,75549924.000000, , , ,0.000000,0.000000,0.000000
1777.000000,90699.000000,75549924.000000,0.145000,-0.011600,-0.980200, , , 
1778.000000,90799.000000,75549924.000000, , , ,-0.325195,0.325195,0.000000
1779.000000,90800.000000,75549924.000000,0.171100,-0.005800,-0.994700, , , 
1780.000000,90899.000000,75549924.000000,0.197200,-0.052200,-1.012100, , , 
1781.000000,90900.000000,75549924.000000, , , ,-0.325195,0.325195,0.000000
1782.000000,91000.000000,75549924.000000,0.234900,0.020300,-0.962800, , , 
1783.000000,91001.000000,75549924.000000, , , ,-0.650391,0.000000,0.000000
1784.000000,91092.000000,75549924.000000, , , ,-0.650391,0.975586,0.000000
1785.000000,91099.000000,75549924.000000,0.185600,-0.052200,-1.032400, , , 
1786.000000,91193.000000,75549924.000000, , , ,0.325195,-1.300781,0.325195
1787.000000,91200.000000,75549924.000000,0.121800,0.002900,-0.965700, , , 
1788.000000,91294.000000,75549924.000000, , , ,-0.325195,-0.975586,0.000000
1789.000000,91300.000000,75549924.000000,0.072500,-0.020300,-0.988900, , , 
1790.000000,91394.000000,75549924.000000, , , ,-0.975586,-0.325195,-0.325195
1791.000000,91399.000000,75549924.000000,0.089900,-0.031900,-0.997600, , , 
1792.000000,91495.000000,75549924.000000, , , ,-0.975586,0.325195,0.000000
1793.000000,91500.000000,75549924.000000,0.084100,-0.008700,-1.000500, , , 
1794.000000,91596.000000,75549924.000000, , , ,-1.300781,0.325195,-0.325195
1795.000000,91599.000000,75549924.000000,0.072500,-0.034800,-0.997600, , , 
1796.000000,91697.000000,75549924.000000, , , ,0.000000,0.000000,-0.325195
1797.000000,91700.000000,75549924.000000,0.104400,-0.005800,-0.983100, , , 
1798.000000,91798.000000,75549924.000000, , , ,-1.625977,0.650391,-0.325195
1799.000000,91799.000000,75549924.000000,0.118900,-0.052200,-1.023700, , , 
1800.000000,91899.000000,75549924.000000, , , ,-0.325195,1.300781,-0.650391
1801.000000,91900.000000,75549924.000000,0.127600,0.014500,-0.997600, , , 
1802.000000,91999.000000,75549924.000000,0.145000,-0.031900,-1.017900, , , 
1803.000000,92000.000000,75549924.000000, , , ,-0.650391,1.300781,-0.975586
1804.000000,92100.000000,75549924.000000,0.156600,-0.037700,-0.994700, , , 
1805.000000,92101.000000,75549924.000000, , , ,-0.975586,0.000000,-0.650391
1806.000000,92192.000000,75549924.000000, , , ,0.000000,0.000000,-0.325195
1807.000000,92199.000000,75549924.000000,0.165300,-0.017400,-0.983100, , , 
1808.000000,92293.000000,75549924.000000, , , ,0.325195,-0.975586,-0.325195
1809.000000,92300.000000,75549924.000000,0.156600,0.011600,-0.954100, , , 
1810.000000,92394.000000,75549924.000000, , , ,-0.325195,-0.975586,-0.325195
1811.000000,92399.000000,75549924.000000,0.127600,-0.066700,-1.006300, , , 
1812.000000,92495.000000,75549924.000000, , , ,0.325195,0.325195,-0.650391
1813.000000,92500.000000,75549924.000000,0.127600,-0.005800,-0.962800, , , 
1814.000000,92596.000000,75549924.000000, , , ,-1.625977,0.325195,-0.650391
1815.000000,92599.000000,75549924.000000,0.174000,-0.055100,-1.017900, , , 
1816.000000,92697.000000,75549924.000000, , , ,-0.650391,-0.325195,-0.650391
1817.000000,92700.000000,75549924.000000,0.130500,-0.049300,-0.997600, , , 
1818.000000,92798.000000,75549924.000000, , , ,-0.650391,0.000000,-0.650391
1819.000000,92799.000000,75549924.000000,0.145000,-0.023200,-0.968600, , , 
1820.000000,92899.000000,75549924.000000, , , ,-0.975586,-0.650391,-0.650391
1821.000000,92900.000000,75549924.000000,0.147900,-0.017400,-0.983100, , , 
1822.000000,92999.000000,75549924.000000,0.127600,-0.026100,-1.003400, , , 
1823.000000,93000.000000,75549924.000000, , , ,-0.650391,-0.975586,-0.650391
1824.000000,93100.000000,75549924.000000,0.118900,-0.026100,-0.988900, , , 
1825.000000,93101.000000,75549924.000000, , , ,-0.325195,0.650391,-0.650391
1826.000000,93192.000000,75549924.000000, , , ,-0.325195,0.000000,0.000000
1827.000000,93199.000000,75549924.000000,0.133400,0.000000,-0.994700, , , 
1828.000000,93293.000000,75549924.000000, , , ,-1.300781,0.000000,-0.325195
1829.000000,93300.000000,75549924.000000,0.130500,-0.031900,-1.006300, , , 
1830.000000,93394.000000,75549924.000000, , , ,0.000000,0.000000,-0.325195
1831.000000,93399.000000,75549924.000000,0.133400,0.000000,-0.974400, , , 
1832.000000,93495.000000,75549924.000000, , , ,-0.325195,-0.650391,0.000000
1833.000000,93500.000000,75549924.000000,0.130500,-0.017400,-0.983100, , , 
1834.000000,93596.000000,75549924.000000, , , ,-0.650391,0.000000,0.000000
1835.000000,93599.000000,75549924.000000,0.110200,-0.005800,-1.003400, , , 
1836.000000,93697.000000,75549924.000000, , , ,-0.325195,0.650391,0.000000
1837.000000,93700.000000,75549924.000000,0.118900,-0.011600,-0.991800, , , 
1838.000000,93798.000000,75549924.000000, , , ,-0.325195,-0.325195,0.000000
1839.000000,93799.000000,75549924.000000,0.133400,-0.043500,-0.991800, , , 
1840.000000,93899.000000,75549924.000000, , , ,-0.650391,-0.650391,0.000000
1841.000000,93900.000000,75549924.000000,0.113100,0.000000,-0.997600, , , 
1842.000000,93999.000000,75549924.000000,0.124700,-0.023200,-0.968600, , , 
1843.000000,94000.000000,75549924.000000, , , ,-1.300781,0.000000,-0.325195
1844.000000,94100.000000,75549924.000000,0.136300,-0.017400,-0.951200, , , 
1845.000000,94101.000000,75549924.000000, , , ,-0.975586,-1.625977,0.000000
1846.000000,94192.000000,75549924.000000, , , ,-0.650391,-1.300781,-0.325195
1847.000000,94199.000000,75549924.000000,0.087000,-0.002900,-0.994700, , , 
1848.000000,94293.000000,75549924.000000, , , ,-0.325195,0.000000,0.000000
1849.000000,94300.000000,75549924.000000,0.063800,-0.011600,-1.006300, , , 
1850.000000,94394.000000,75549924.000000, , , ,-0.650391,2.276367,0.000000
1851.000000,94399.000000,75549924.000000,0.098600,-0.017400,-1.041100, , , 
1852.000000,94495.000000,75549924.000000, , , ,0.000000,0.650391,-0.325195
1853.000000,94500.000000,75549924.000000,0.127600,0.000000,-1.003400, , , 
1854.000000,94596.000000,75549924.000000, , , ,0.975586,-0.975586,-0.325195
1855.000000,94599.000000,75549924.000000,0.107300,0.002900,-0.980200, , , 
1856.000000,94697.000000,75549924.000000, , , ,0.975586,0.000000,-0.650391
1857.000000,94700.000000,75549924.000000,0.081200,-0.002900,-0.977300, , , 
1858.000000,94798.000000,75549924.000000, , , ,0.325195,0.000000,0.000000
1859.000000,94799.000000,75549924.000000,0.095700,-0.031900,-0.983100, , , 
1860.000000,94899.000000,75549924.000000, , , ,0.325195,0.325195,0.000000
1861.000000,94900.000000,75549924.000000,0.084100,-0.023200,-0.986000, , , 
1862.000000,94999.000000,75549924.000000,0.095700,-0.020300,-0.980200, , , 
1863.000000,95000.000000,75549924.000000, , , ,0.650391,-0.325195,0.000000
1864.000000,95100.000000,75549924.000000,0.081200,-0.026100,-0.994700, , , 
1865.000000,95101.000000,75549924.000000, , , ,0.325195,0.000000,-0.325195
1866.000000,95192.000000,75549924.000000, , , ,0.000000,0.325195,0.000000
1867.000000,95199.000000,75549924.000000,0.072500,-0.017400,-1.015000, , , 
1868.000000,95293.000000,75549924.000000, , , ,0.000000,0.975586,0.000000
1869.000000,95300.000000,75549924.000000,0.089900,-0.026100,-1.015000, , , 
1870.000000,95394.000000,75549924.000000, , , ,-0.325195,0.000000,0.000000
1871.000000,95399.000000,75549924.000000,0.104400,-0.020300,-0.988900, , , 
1872.000000,95495.000000,75549924.000000, , , ,-0.975586,-0.650391,0.000000
1873.000000,95500.000000,75549924.000000,0.092800,-0.023200,-0.980200, , , 
1874.000000,95596.000000,75549924.000000, , , ,0.000000,-0.325195,0.000000
1875.000000,95599.000000,75549924.000000,0.087000,-0.011600,-0.980200, , , 
1876.000000,95697.000000,75549924.000000, , , ,-1.625977,0.000000,0.000000
1877.000000,95700.000000,75549924.000000,0.072500,-0.017400,-1.003400, , , 
1878.000000,95798.000000,75549924.000000, , , ,-1.625977,0.000000,0.325195
1879.000000,95799.000000,75549924.000000,0.092800,-0.002900,-0.991800, , , 
1880.000000,95899.000000,75549924.000000, , , ,-1.300781,-0.650391,0.325195
1881.000000,95900.000000,75549924.000000,0.113100,0.000000,-0.971500, , , 
1882.000000,95999.000000,75549924.000000,0.078300,0.008700,-0.974400, , , 
1883.000000,96000.000000,75549924.000000, , , ,0.000000,-0.975586,0.000000
1884.000000,96100.000000,75549924.000000,0.081200,-0.023200,-0.980200, , , 
1885.000000,96101.000000,75549924.000000, , , ,-0.325195,0.000000,-0.325195
1886.000000,96192.000000,75549924.000000, , , ,0.000000,-0.650391,0.000000
1887.000000,96199.000000,75549924.000000,0.087000,-0.005800,-0.983100, , , 
1888.000000,96293.000000,75549924.000000, , , ,-0.325195,0.000000,0.000000
1889.000000,96300.000000,75549924.000000,0.072500,-0.029000,-1.003400, , , 
1890.000000,96394.000000,75549924.000000, , , ,0.000000,0.325195,0.000000
1891.000000,96399.000000,75549924.000000,0.072500,-0.023200,-1.000500, , , 
1892.000000,96495.000000,75549924.000000, , , ,0.000000,0.325195,0.000000
1893.000000,96500.000000,75549924.000000,0.081200,-0.005800,-1.015000, , , 
1894.000000,96596.000000,75549924.000000, , , ,0.325195,0.650391,-0.325195
1895.000000,96599.000000,75549924.000000,0.072500,-0.031900,-1.015000, , , 
1896.000000,96697.000000,75549924.000000, , , ,0.975586,0.000000,-0.650391
1897.000000,96700.000000,75549924.000000,0.095700,-0.014500,-0.986000, , , 
1898.000000,96798.000000,75549924.000000, , , ,0.975586,-0.975586,0.000000
1899.000000,96799.000000,75549924.000000,0.075400,-0.011600,-0.965700, , , 
1900.000000,96899.000000,75549924.000000, , , ,0.650391,0.000000,-0.325195
1901.000000,96900.000000,75549924.000000,0.058000,-0.034800,-0.988900, , , 
1902.000000,96999.000000,75549924.000000,0.063800,-0.023200,-0.971500, , , 
1903.000000,97000.000000,75549924.000000, , , ,1.951172,0.000000,0.000000
1904.000000,97100.000000,75549924.000000,0.058000,-0.052200,-0.986000, , , 
1905.000000,97101.000000,75549924.000000, , , ,0.650391,-0.650391,-0.325195
1906.000000,97192.000000,75549924.000000, , , ,1.625977,-0.325195,-0.650391
1907.000000,97199.000000,75549924.000000,0.040600,-0.026100,-0.965700, , , 
1908.000000,97293.000000,75549924.000000, , , ,0.975586,0.000000,0.000000
1909.000000,97300.000000,75549924.000000,0.055100,-0.063800,-0.994700, , , 
1910.000000,97394.000000,75549924.000000, , , ,0.650391,-0.325195,-0.325195
1911.000000,97399.000000,75549924.000000,0.020300,-0.058000,-0.959900, , , 
1912.000000,97495.000000,75549924.000000, , , ,-0.650391,-0.975586,0.000000
1913.000000,97500.000000,75549924.000000,-0.002900,-0.060900,-1.003400, , , 
1914.000000,97596.000000,75549924.000000, , , ,-1.300781,1.951172,-0.325195
1915.000000,97599.000000,75549924.000000,-0.043500,-0.095700,-1.052700, , , 
1916.000000,97697.000000,75549924.000000, , , ,-1.951172,2.601563,-0.325195
1917.000000,97700.000000,75549924.000000,0.055100,-0.058000,-1.075900, , , 
1918.000000,97798.000000,75549924.000000, , , ,-2.601563,0.000000,0.000000
1919.000000,97799.000000,75549924.000000,0.072500,-0.052200,-0.988900, , , 
1920.000000,97899.000000,75549924.000000, , , ,-1.300781,-1.300781,0.000000
1921.000000,97900.000000,75549924.000000,0.026100,-0.020300,-0.939600, , , 
1922.000000,97999.000000,75549924.000000,0.020300,-0.026100,-0.930900, , , 
1923.000000,98000.000000,75549924.000000, , , ,0.000000,-1.300781,-0.325195
1924.000000,98100.000000,75549924.000000,0.014500,-0.029000,-0.974400, , , 
1925.000000,98101.000000,75549924.000000, , , ,0.325195,-0.650391,0.000000
1926.000000,98192.000000,75549924.000000, , , ,1.625977,0.000000,-0.650391
1927.000000,98199.000000,75549924.000000,0.029000,-0.026100,-0.959900, , , 
1928.000000,98293.000000,75549924.000000, , , ,1.300781,-0.650391,0.000000
1929.000000,98300.000000,75549924.000000,0.020300,-0.055100,-0.965700, , , 
1930.000000,98394.000000,75549924.000000, , , ,1.625977,-0.325195,0.000000
1931.000000,98399.000000,75549924.000000,0.000000,-0.046400,-0.986000, , , 
1932.000000,98495.000000,75549924.000000, , , ,0.325195,1.625977,-0.325195
1933.000000,98500.000000,75549924.000000,0.000000,-0.092800,-1.032400, , , 
1934.000000,98596.000000,75549924.000000, , , ,-0.975586,1.625977,0.000000
1935.000000,98599.000000,75549924.000000,0.020300,-0.072500,-1.058500, , , 
1936.000000,98697.000000,75549924.000000, , , ,-2.276367,0.975586,0.000000
1937.000000,98700.000000,75549924.000000,0.046400,-0.075400,-1.012100, , , 
1938.000000,98798.000000,75549924.000000, , , ,-2.601563,-0.325195,0.000000
1939.000000,98799.000000,75549924.000000,0.037700,-0.040600,-0.971500, , , 
1940.000000,98899.000000,75549924.000000, , , ,-2.926758,-0.325195,0.000000
1941.000000,98900.000000,75549924.000000,0.011600,-0.055100,-0.994700, , , 
1942.000000,98999.000000,75549924.000000,0.023200,-0.034800,-0.986000, , , 
1943.000000,99000.000000,75549924.000000, , , ,-1.951172,0.650391,0.000000
1944.000000,99100.000000,75549924.000000,0.043500,-0.026100,-0.980200, , , 
1945.000000,99101.000000,75549924.000000, , , ,-2.601563,-0.325195,0.000000
1946.000000,99192.000000,75549924.000000, , , ,-2.276367,-0.325195,0.000000
1947.000000,99199.000000,75549924.000000,0.023200,-0.026100,-0.962800, , , 
1948.000000,99293.000000,75549924.000000, , , ,-2.601563,-0.325195,0.000000
1949.000000,99300.000000,75549924.000000,0.023200,-0.023200,-0.980200, , , 
1950.000000,99394.000000,75549924.000000, , , ,-1.300781,0.000000,0.000000
1951.000000,99399.000000,75549924.000000,0.014500,-0.008700,-0.980200, , , 
1952.000000,99495.000000,75549924.000000, , , ,-2.276367,0.000000,0.000000
1953.000000,99500.000000,75549924.000000,0.040600,-0.011600,-0.965700, , , 
1954.000000,99596.000000,75549924.000000, , , ,-0.325195,-0.325195,0.325195
1955.000000,99599.000000,75549924.000000,0.026100,-0.005800,-0.971500, , , 
1956.000000,99697.000000,75549924.000000, , , ,-0.650391,0.000000,0.000000
1957.000000,99700.000000,75549924.000000,-0.002900,-0.014500,-1.006300, , , 
1958.000000,99798.000000,75549924.000000, , , ,0.000000,1.300781,-0.325195
1959.000000,99799.000000,75549924.000000,0.026100,0.005800,-1.015000, , , 
1960.000000,99899.000000,75549924.000000, , , ,0.650391,0.000000,-0.650391
1961.000000,99900.000000,75549924.000000,0.043500,0.000000,-0.994700, , , 
1962.000000,99999.000000,75549924.000000,0.014500,-0.023200,-0.983100, , , 
1963.000000,100000.000000,75549924.000000, , , ,0.000000,0.000000,-0.325195
1964.000000,100100.000000,75549924.000000,0.020300,-0.023200,-0.983100, , , 
1965.000000,100101.000000,75549924.000000, , , ,0.650391,0.000000,0.000000
1966.000000,100192.000000,75549924.000000, , , ,0.000000,0.000000,0.000000
1967.000000,100199.000000,75549924.000000,0.011600,-0.031900,-1.012100, , , 
1968.000000,100293.000000,75549924.000000, , , ,-0.325195,0.650391,-0.325195
1969.000000,100300.000000,75549924.000000,0.017400,-0.043500,-1.009200, , , 
1970.000000,100394.000000,75549924.000000, , , ,-0.975586,0.650391,-0.325195
1971.000000,100399.000000,75549924.000000,0.043500,-0.023200,-0.994700, , , 
1972.000000,100495.000000,75549924.000000, , , ,-0.975586,-0.650391,0.000000
1973.000000,100500.000000,75549924.000000,0.040600,-0.043500,-0.957000, , , 
1974.000000,100596.000000,75549924.000000, , , ,-1.300781,-0.650391,0.000000
1975.000000,100599.000000,75549924.000000,0.014500,-0.034800,-0.959900, , , 
1976.000000,100697.000000,75549924.000000, , , ,-1.951172,-1.300781,0.325195
1977.000000,100700.000000,75549924.000000,0.017400,-0.034800,-0.977300, , , 
1978.000000,100798.000000,75549924.000000, , , ,-2.276367,0.000000,0.000000
1979.000000,100799.000000,75549924.000000,0.029000,-0.011600,-0.977300, , , 
1980.000000,100899.000000,75549924.000000, , , ,-1.951172,-0.325195,0.000000
1981.000000,100900.000000,75549924.000000,0.017400,-0.014500,-0.974400, , , 
1982.000000,100999.000000,75549924.000000,0.023200,0.005800,-0.980200, , , 
1983.000000,101000.000000,75549924.000000, , , ,-1.625977,-0.325195,0.000000
1984.000000,101100.000000,75549924.000000,0.020300,0.008700,-0.974400, , , 
1985.000000,101101.000000,75549924.000000, , , ,-0.975586,-0.325195,0.000000
1986.000000,101192.000000,75549924.000000, , , ,-0.325195,-0.650391,0.000000
1987.000000,101199.000000,75549924.000000,0.031900,0.017400,-0.977300, , , 
1988.000000,101293.000000,75549924.000000, , , ,-0.325195,0.000000,0.000000
1989.000000,101300.000000,75549924.000000,0.002900,0.008700,-0.983100, , , 
1990.000000,101394.000000,75549924.000000, , , ,0.650391,0.325195,0.000000
1991.000000,101399.000000,75549924.000000,0.020300,0.020300,-1.006300, , , 
1992.000000,101495.000000,75549924.000000, , , ,1.300781,-0.325195,0.000000
1993.000000,101500.000000,75549924.000000,0.017400,0.017400,-0.980200, , , 
1994.000000,101596.000000,75549924.000000, , , ,1.951172,0.000000,0.325195
1995.000000,101599.000000,75549924.000000,0.029000,-0.014500,-0.971500, , , 
1996.000000,101697.000000,75549924.000000, , , ,1.951172,-0.650391,0.650391
1997.000000,101700.000000,75549924.000000,0.026100,0.023200,-0.951200, , , 
1998.000000,101798.000000,75549924.000000, , , ,0.650391,-0.325195,0.325195
1999.000000,101799.000000,75549924.000000,0.014500,-0.043500,-0.986000, , , 
2000.000000,101899.000000,75549924.000000, , , ,0.325195,0.325195,0.000000
2001.000000,101900.000000,75549924.000000,0.000000,-0.026100,-1.009200, , , 
2002.000000,101999.000000,75549924.000000,0.023200,-0.058000,-1.032400, , , 
2003.000000,102000.000000,75549924.000000, , , ,-2.276367,0.975586,0.650391
2004.000000,102100.000000,75549924.000000,0.034800,-0.005800,-0.997600, , , 
2005.000000,102101.000000,75549924.000000, , , ,-1.951172,0.650391,0.650391
2006.000000,102192.000000,75549924.000000, , , ,-1.300781,-0.650391,0.325195
2007.000000,102199.000000,75549924.000000,0.031900,0.031900,-0.971500, , , 
2008.000000,102293.000000,75549924.000000, , , ,0.000000,-0.650391,0.325195
2009.000000,102300.000000,75549924.000000,0.014500,0.037700,-0.951200, , , 
2010.000000,102394.000000,75549924.000000, , , ,0.000000,-0.975586,0.000000
2011.000000,102399.000000,75549924.000000,0.011600,0.011600,-0.962800, , , 
2012.000000,102495.000000,75549924.000000, , , ,-0.325195,0.000000,0.325195
2013.000000,102500.000000,75549924.000000,0.000000,-0.029000,-1.015000, , , 
2014.000000,102596.000000,75549924.000000, , , ,0.000000,0.975586,0.325195
2015.000000,102599.000000,75549924.000000,0.017400,-0.014500,-0.988900, , , 
2016.000000,102697.000000,75549924.000000, , , ,0.000000,-0.325195,0.325195
2017.000000,102700.000000,75549924.000000,0.043500,0.000000,-0.983100, , , 
2018.000000,102798.000000,75549924.000000, , , ,0.325195,-0.325195,0.325195
2019.000000,102799.000000,75549924.000000,0.008700,-0.014500,-0.991800, , , 
2020.000000,102899.000000,75549924.000000, , , ,0.650391,0.325195,0.000000
2021.000000,102900.000000,75549924.000000,0.014500,0.005800,-0.991800, , , 
2022.000000,102999.000000,75549924.000000,0.034800,-0.023200,-0.991800, , , 
2023.000000,103000.000000,75549924.000000, , , ,0.975586,0.000000,0.000000
2024.000000,103100.000000,75549924.000000,0.026100,-0.008700,-0.971500, , , 
2025.000000,103101.000000,75549924.000000, , , ,0.325195,-0.325195,0.325195
2026.000000,103192.000000,75549924.000000, , , ,0.325195,0.000000,0.325195
2027.000000,103199.000000,75549924.000000,0.011600,-0.046400,-0.980200, , , 
2028.000000,103293.000000,75549924.000000, , , ,-0.975586,0.000000,0.325195
2029.000000,103300.000000,75549924.000000,0.023200,-0.031900,-0.980200, , , 
2030.000000,103394.000000,75549924.000000, , , ,-0.650391,-0.325195,0.325195
2031.000000,103399.000000,75549924.000000,0.011600,0.005800,-0.962800, , , 
2032.000000,103495.000000,75549924.000000, , , ,-0.975586,0.000000,0.325195
2033.000000,103500.000000,75549924.000000,0.008700,-0.017400,-0.991800, , , 
2034.000000,103596.000000,75549924.000000, , , ,0.000000,0.325195,0.000000
2035.000000,103599.000000,75549924.000000,0.011600,-0.008700,-0.983100, , , 
2036.000000,103697.000000,75549924.000000, , , ,-0.325195,0.000000,0.000000
2037.000000,103700.000000,75549924.000000,0.017400,-0.029000,-0.986000, , , 
2038.000000,103798.000000,75549924.000000, , , ,-0.975586,0.000000,0.000000
2039.000000,103799.000000,75549924.000000,0.011600,-0.034800,-1.000500, , , 
2040.000000,103899.000000,75549924.000000, , , ,-0.325195,0.325195,0.000000
2041.000000,103900.000000,75549924.000000,0.020300,-0.002900,-0.968600, , , 
2042.000000,103999.000000,75549924.000000,0.011600,-0.002900,-0.980200, , , 
2043.000000,104000.000000,75549924.000000, , , ,0.000000,-0.325195,0.000000
2044.000000,104100.000000,75549924.000000,0.000000,-0.017400,-0.988900, , , 
2045.000000,104101.000000,75549924.000000, , , ,0.325195,0.000000,0.000000
2046.000000,104192.000000,75549924.000000, , , ,0.000000,0.325195,0.000000
2047.000000,104199.000000,75549924.000000,0.000000,-0.005800,-1.023700, , , 
2048.000000,104293.000000,75549924.000000, , , ,0.650391,0.650391,0.000000
2049.000000,104300.000000,75549924.000000,0.020300,-0.049300,-1.012100, , , 
2050.000000,104394.000000,75549924.000000, , , ,0.975586,0.000000,0.000000
2051.000000,104399.000000,75549924.000000,0.008700,0.020300,-0.988900, , , 
2052.000000,104495.000000,75549924.000000, , , ,0.975586,0.325195,-0.325195
2053.000000,104500.000000,75549924.000000,0.002900,-0.060900,-1.012100, , , 
2054.000000,104596.000000,75549924.000000, , , ,2.601563,-0.325195,-0.325195
2055.000000,104599.000000,75549924.000000,0.043500,-0.005800,-0.942500, , , 
2056.000000,104697.000000,75549924.000000, , , ,1.300781,-1.951172,0.000000
2057.000000,104700.000000,75549924.000000,0.000000,-0.058000,-0.959900, , , 
2058.000000,104798.000000,75549924.000000, , , ,0.975586,0.000000,-0.325195
2059.000000,104799.000000,75549924.000000,-0.011600,-0.058000,-0.980200, , , 
2060.000000,104899.000000,75549924.000000, , , ,0.000000,0.650391,0.000000
2061.000000,104900.000000,75549924.000000,0.011600,-0.063800,-1.009200, , , 
2062.000000,104999.000000,75549924.000000,0.031900,-0.031900,-0.971500, , , 
2063.000000,105000.000000,75549924.000000, , , ,0.000000,0.000000,0.000000
2064.000000,105100.000000,75549924.000000,0.026100,-0.029000,-0.925100, , , 
2065.000000,105101.000000,75549924.000000, , , ,0.650391,-0.975586,0.000000
2066.000000,105192.000000,75549924.000000, , , ,1.625977,-1.300781,0.650391
2067.000000,105199.000000,75549924.000000,0.000000,0.000000,-0.954100, , , 
2068.000000,105293.000000,75549924.000000, , , ,0.650391,0.000000,0.325195
2069.000000,105300.000000,75549924.000000,-0.011600,-0.034800,-0.997600, , , 
2070.000000,105394.000000,75549924.000000, , , ,1.300781,0.650391,0.975586
2071.000000,105401.000000,75549924.000000,0.017400,-0.020300,-1.012100, , , 
2072.000000,105494.000000,75549924.000000, , , ,0.975586,0.325195,0.975586
2073.000000,105499.000000,75549924.000000,0.011600,-0.011600,-0.994700, , , 
2074.000000,105595.000000,75549924.000000, , , ,0.650391,0.000000,0.650391
2075.000000,105600.000000,75549924.000000,0.017400,-0.043500,-0.997600, , , 
2076.000000,105696.000000,75549924.000000, , , ,0.650391,0.325195,0.975586
2077.000000,105699.000000,75549924.000000,-0.002900,-0.014500,-0.986000, , , 
2078.000000,105797.000000,75549924.000000, , , ,-1.300781,0.650391,1.300781
2079.000000,105800.000000,75549924.000000,0.000000,-0.063800,-1.041100, , , 
2080.000000,105898.000000,75549924.000000, , , ,-1.625977,1.625977,1.625977
2081.000000,105899.000000,75549924.000000,0.020300,-0.017400,-1.032400, , , 
2082.000000,105999.000000,75549924.000000, , , ,-4.227539,0.325195,1.951172
2083.000000,106000.000000,75549924.000000,0.011600,-0.005800,-1.026600, , , 
2084.000000,106099.000000,75549924.000000,0.023200,0.037700,-1.003400, , , 
2085.000000,106100.000000,75549924.000000, , , ,-4.227539,1.300781,2.276367
2086.000000,106200.000000,75549924.000000,0.055100,0.075400,-0.983100, , , 
2087.000000,106201.000000,75549924.000000, , , ,-2.276367,0.000000,2.926758
2088.000000,106292.000000,75549924.000000, , , ,-2.601563,0.000000,4.227539
2089.000000,106299.000000,75549924.000000,0.020300,0.116000,-0.986000, , , 
2090.000000,106393.000000,75549924.000000, , , ,-0.650391,0.975586,3.902344
2091.000000,106400.000000,75549924.000000,0.029000,0.124700,-0.997600, , , 
2092.000000,106494.000000,75549924.000000, , , ,0.000000,0.000000,4.227539
2093.000000,106499.000000,75549924.000000,0.023200,0.118900,-0.986000, , , 
2094.000000,106595.000000,75549924.000000, , , ,0.325195,-0.325195,3.577148
2095.000000,106600.000000,75549924.000000,0.026100,0.095700,-0.983100, , , 
2096.000000,106696.000000,75549924.000000, , , ,0.000000,0.000000,4.227539
2097.000000,106699.000000,75549924.000000,0.011600,0.142100,-0.980200, , , 
2098.000000,106797.000000,75549924.000000, , , ,-0.650391,0.650391,4.877930
2099.000000,106800.000000,75549924.000000,0.029000,0.084100,-1.012100, , , 
2100.000000,106898.000000,75549924.000000, , , ,-0.650391,0.325195,4.877930
2101.000000,106899.000000,75549924.000000,0.023200,0.127600,-0.997600, , , 
2102.000000,106999.000000,75549924.000000, , , ,-0.975586,0.000000,4.877930
2103.000000,107000.000000,75549924.000000,0.031900,0.124700,-0.994700, , , 
2104.000000,107099.000000,75549924.000000,0.029000,0.124700,-0.980200, , , 
2105.000000,107100.000000,75549924.000000, , , ,-0.975586,-0.325195,4.227539
2106.000000,107200.000000,75549924.000000,0.031900,0.142100,-0.974400, , , 
2107.000000,107201.000000,75549924.000000, , , ,0.975586,0.000000,4.227539
2108.000000,107292.000000,75549924.000000, , , ,0.000000,0.000000,4.227539
2109.000000,107299.000000,75549924.000000,0.017400,0.142100,-0.983100, , , 
2110.000000,107393.000000,75549924.000000, , , ,0.325195,0.325195,4.877930
2111.000000,107400.000000,75549924.000000,0.023200,0.113100,-0.994700, , , 
2112.000000,107494.000000,75549924.000000, , , ,0.325195,0.325195,4.227539
2113.000000,107499.000000,75549924.000000,0.017400,0.116000,-1.026600, , , 
2114.000000,107595.000000,75549924.000000, , , ,0.650391,0.975586,4.227539
2115.000000,107600.000000,75549924.000000,0.005800,0.116000,-1.009200, , , 
2116.000000,107696.000000,75549924.000000, , , ,-0.325195,-0.325195,3.902344
2117.000000,107699.000000,75549924.000000,0.023200,0.092800,-0.994700, , , 
2118.000000,107797.000000,75549924.000000, , , ,-0.650391,0.325195,3.577148
2119.000000,107800.000000,75549924.000000,0.008700,0.084100,-1.012100, , , 
2120.000000,107898.000000,75549924.000000, , , ,-1.951172,0.650391,3.577148
2121.000000,107901.000000,75549924.000000,0.000000,0.058000,-1.009200, , , 
2122.000000,107998.000000,75549924.000000, , , ,-1.951172,-0.325195,3.577148
2123.000000,107999.000000,75549924.000000,0.014500,0.089900,-0.974400, , , 
2124.000000,108099.000000,75549924.000000, , , ,-0.325195,-0.650391,2.926758
2125.000000,108100.000000,75549924.000000,0.000000,0.089900,-0.936700, , , 
2126.000000,108199.000000,75549924.000000,0.000000,0.034800,-0.948300, , , 
2127.000000,108200.000000,75549924.000000, , , ,-0.975586,-0.325195,2.601563
2128.000000,108300.000000,75549924.000000,0.005800,0.069600,-0.928000, , , 
2129.000000,108301.000000,75549924.000000, , , ,0.000000,-1.625977,1.951172
2130.000000,108392.000000,75549924.000000, , , ,0.000000,-1.951172,1.951172
2131.000000,108399.000000,75549924.000000,0.000000,0.040600,-0.910600, , , 
2132.000000,108493.000000,75549924.000000, , , ,2.276367,-1.300781,1.300781
2133.000000,108500.000000,75549924.000000,-0.029000,0.031900,-0.942500, , , 
2134.000000,108594.000000,75549924.000000, , , ,2.926758,0.000000,1.300781
2135.000000,108599.000000,75549924.000000,-0.023200,0.026100,-0.991800, , , 
2136.000000,108695.000000,75549924.000000, , , ,1.951172,0.975586,1.300781
2137.000000,108700.000000,75549924.000000,-0.014500,0.017400,-1.020800, , , 
2138.000000,108796.000000,75549924.000000, , , ,1.300781,1.625977,1.625977
2139.000000,108799.000000,75549924.000000,0.002900,-0.011600,-1.075900, , , 
2140.000000,108897.000000,75549924.000000, , , ,0.650391,1.625977,1.625977
2141.000000,108900.000000,75549924.000000,0.034800,-0.005800,-1.020800, , , 
2142.000000,108998.000000,75549924.000000, , , ,1.300781,0.325195,1.625977
2143.000000,108999.000000,75549924.000000,0.029000,0.029000,-1.006300, , , 
2144.000000,109099.000000,75549924.000000, , , ,0.000000,1.300781,2.276367
2145.000000,109100.000000,75549924.000000,0.005800,0.020300,-1.012100, , , 
2146.000000,109199.000000,75549924.000000,0.029000,-0.046400,-1.052700, , , 
2147.000000,109200.000000,75549924.000000, , , ,-2.601563,0.975586,2.601563
2148.000000,109300.000000,75549924.000000,0.023200,0.037700,-1.020800, , , 
2149.000000,109301.000000,75549924.000000, , , ,-3.577148,0.000000,2.926758
2150.000000,109392.000000,75549924.000000, , , ,-3.251953,0.000000,2.926758
2151.000000,109399.000000,75549924.000000,0.069600,0.055100,-0.945400, , , 
2152.000000,109493.000000,75549924.000000, , , ,-1.625977,-1.951172,2.601563
2153.000000,109500.000000,75549924.000000,0.026100,0.107300,-0.910600, , , 
2154.000000,109594.000000,75549924.000000, , , ,1.625977,-0.650391,2.276367
2155.000000,109599.000000,75549924.000000,0.014500,0.084100,-0.945400, , , 
2156.000000,109695.000000,75549924.000000, , , ,1.951172,0.325195,1.951172
2157.000000,109700.000000,75549924.000000,0.023200,0.049300,-1.009200, , , 
2158.000000,109796.000000,75549924.000000, , , ,-0.650391,1.300781,2.276367
2159.000000,109799.000000,75549924.000000,0.029000,-0.017400,-1.035300, , , 
2160.000000,109897.000000,75549924.000000, , , ,-2.601563,0.650391,2.926758
2161.000000,109900.000000,75549924.000000,0.046400,-0.002900,-1.041100, , , 
2162.000000,109998.000000,75549924.000000, , , ,-4.552734,0.325195,2.601563
2163.000000,109999.000000,75549924.000000,0.040600,0.049300,-0.988900, , , 
2164.000000,110099.000000,75549924.000000, , , ,-1.625977,-0.650391,1.625977
2165.000000,110100.000000,75549924.000000,0.063800,0.055100,-0.945400, , , 
2166.000000,110199.000000,75549924.000000,0.026100,0.069600,-0.945400, , , 
2167.000000,110200.000000,75549924.000000, , , ,0.325195,-0.650391,0.650391
2168.000000,110300.000000,75549924.000000,0.023200,0.000000,-0.997600, , , 
2169.000000,110301.000000,75549924.000000, , , ,0.325195,0.325195,0.650391
2170.000000,110392.000000,75549924.000000, , , ,0.000000,0.650391,0.975586
2171.000000,110399.000000,75549924.000000,0.031900,-0.005800,-1.017900, , , 
2172.000000,110493.000000,75549924.000000, , , ,-0.325195,0.325195,0.650391
2173.000000,110500.000000,75549924.000000,0.049300,0.000000,-1.041100, , , 
2174.000000,110594.000000,75549924.000000, , , ,-0.975586,0.650391,0.650391
2175.000000,110599.000000,75549924.000000,0.034800,0.008700,-0.994700, , , 
2176.000000,110695.000000,75549924.000000, , , ,-1.300781,0.325195,0.975586
2177.000000,110700.000000,75549924.000000,0.026100,0.011600,-1.012100, , , 
2178.000000,110796.000000,75549924.000000, , , ,-1.300781,1.300781,0.650391
2179.000000,110799.000000,75549924.000000,0.043500,-0.014500,-1.000500, , , 
2180.000000,110897.000000,75549924.000000, , , ,0.000000,0.000000,0.325195
2181.000000,110900.000000,75549924.000000,0.046400,0.014500,-0.988900, , , 
2182.000000,110998.000000,75549924.000000, , , ,-0.650391,-0.325195,0.000000
2183.000000,110999.000000,75549924.000000,0.020300,-0.020300,-0.974400, , , 
2184.000000,111099.000000,75549924.000000, , , ,0.650391,0.325195,0.325195
2185.000000,111100.000000,75549924.000000,0.037700,-0.005800,-0.968600, , , 
2186.000000,111199.000000,75549924.000000,0.014500,-0.037700,-1.012100, , , 
2187.000000,111200.000000,75549924.000000, , , ,-0.325195,0.325195,0.000000
2188.000000,111300.000000,75549924.000000,0.052200,-0.005800,-1.017900, , , 
2189.000000,111301.000000,75549924.000000, , , ,0.000000,0.975586,0.000000
2190.000000,111392.000000,75549924.000000, , , ,1.300781,0.000000,0.000000
2191.000000,111399.000000,75549924.000000,0.046400,0.011600,-0.988900, , , 
2192.000000,111493.000000,75549924.000000, , , ,1.625977,0.000000,0.000000
2193.000000,111500.000000,75549924.000000,0.026100,0.000000,-0.983100, , , 
2194.000000,111594.000000,75549924.000000, , , ,1.625977,-0.325195,-0.325195
2195.000000,111599.000000,75549924.000000,0.034800,-0.034800,-0.974400, , , 
2196.000000,111695.000000,75549924.000000, , , ,1.625977,0.000000,0.000000
2197.000000,111700.000000,75549924.000000,0.034800,-0.072500,-0.986000, , , 
2198.000000,111796.000000,75549924.000000, , , ,0.650391,0.325195,0.000000
2199.000000,111799.000000,75549924.000000,0.014500,-0.040600,-0.991800, , , 
2200.000000,111897.000000,75549924.000000, , , ,0.000000,0.325195,0.000000
2201.000000,111900.000000,75549924.000000,0.043500,-0.078300,-1.020800, , , 
2202.000000,111998.000000,75549924.000000, , , ,-0.650391,0.000000,0.325195
2203.000000,111999.000000,75549924.000000,0.058000,-0.063800,-0.948300, , , 
2204.000000,112099.000000,75549924.000000, , , ,-0.325195,-0.650391,0.000000
2205.000000,112100.000000,75549924.000000,0.005800,-0.023200,-0.988900, , , 
2206.000000,112199.000000,75549924.000000,0.002900,-0.058000,-1.003400, , , 
2207.000000,112200.000000,75549924.000000, , , ,-0.975586,0.975586,0.000000
2208.000000,112300.000000,75549924.000000,0.017400,-0.020300,-1.006300, , , 
2209.000000,112301.000000,75549924.000000, , , ,0.000000,0.000000,-0.325195
2210.000000,112392.000000,75549924.000000, , , ,0.000000,-0.325195,0.000000
2211.000000,112399.000000,75549924.000000,0.000000,-0.034800,-0.974400, , , 
2212.000000,112493.000000,75549924.000000, , , ,0.650391,-0.325195,-0.325195
2213.000000,112500.000000,75549924.000000,-0.023200,-0.055100,-0.988900, , , 
2214.000000,112594.000000,75549924.000000, , , ,0.650391,0.325195,0.000000
2215.000000,112599.000000,75549924.000000,-0.014500,-0.058000,-0.994700, , , 
2216.000000,112695.000000,75549924.000000, , , ,0.000000,0.000000,0.000000
2217.000000,112700.000000,75549924.000000,-0.008700,-0.055100,-0.986000, , , 
2218.000000,112796.000000,75549924.000000, , , ,-0.325195,0.000000,0.000000
2219.000000,112799.000000,75549924.000000,-0.011600,-0.072500,-0.994700, , , 
2220.000000,112897.000000,75549924.000000, , , ,-0.650391,0.325195,0.000000
2221.000000,112900.000000,75549924.000000,-0.031900,-0.058000,-1.003400, , , 
2222.000000,112998.000000,75549924.000000, , , ,-0.975586,0.650391,0.000000
2223.000000,112999.000000,75549924.000000,-0.020300,-0.052200,-1.012100, , , 
2224.000000,113099.000000,75549924.000000, , , ,-1.625977,0.325195,0.000000
2225.000000,113100.000000,75549924.000000,-0.014500,-0.066700,-1.003400, , , 
2226.000000,113199.000000,75549924.000000,-0.017400,-0.031900,-0.977300, , , 
2227.000000,113200.000000,75549924.000000, , , ,-0.650391,0.000000,0.000000
2228.000000,113300.000000,75549924.000000,-0.034800,-0.046400,-0.980200, , , 
2229.000000,113301.000000,75549924.000000, , , ,-0.325195,0.000000,0.000000
2230.000000,113392.000000,75549924.000000, , , ,0.000000,-0.650391,0.000000
2231.000000,113399.000000,75549924.000000,-0.005800,-0.020300,-0.965700, , , 
2232.000000,113493.000000,75549924.000000, , , ,0.650391,-0.650391,0.000000
2233.000000,113500.000000,75549924.000000,-0.029000,-0.037700,-0.951200, , , 
2234.000000,113594.000000,75549924.000000, , , ,0.975586,0.325195,0.000000
2235.000000,113599.000000,75549924.000000,-0.040600,-0.055100,-1.000500, , , 
2236.000000,113695.000000,75549924.000000, , , ,0.000000,1.625977,0.000000
2237.000000,113700.000000,75549924.000000,-0.029000,-0.089900,-1.055600, , , 
2238.000000,113796.000000,75549924.000000, , , ,-2.276367,0.325195,0.000000
2239.000000,113799.000000,75549924.000000,0.014500,-0.084100,-1.046900, , , 
2240.000000,113897.000000,75549924.000000, , , ,-2.601563,0.325195,0.000000
2241.000000,113900.000000,75549924.000000,0.034800,-0.043500,-0.991800, , , 
2242.000000,113998.000000,75549924.000000, , , ,-0.650391,0.000000,0.000000
2243.000000,113999.000000,75549924.000000,0.023200,-0.008700,-0.959900, , , 
2244.000000,114099.000000,75549924.000000, , , ,-0.650391,0.000000,0.000000
2245.000000,114100.000000,75549924.000000,-0.008700,-0.005800,-0.983100, , , 
2246.000000,114199.000000,75549924.000000,0.011600,-0.060900,-1.009200, , , 
2247.000000,114200.000000,75549924.000000, , , ,-0.650391,0.975586,0.000000
2248.000000,114300.000000,75549924.000000,0.008700,-0.075400,-1.017900, , , 
2249.000000,114301.000000,75549924.000000, , , ,-1.951172,-0.325195,0.000000
2250.000000,114392.000000,75549924.000000, , , ,-1.300781,0.325195,0.000000
2251.000000,114399.000000,75549924.000000,0.000000,-0.066700,-1.012100, , , 
2252.000000,114493.000000,75549924.000000, , , ,-1.951172,0.650391,0.000000
2253.000000,114500.000000,75549924.000000,0.026100,-0.023200,-0.983100, , , 
2254.000000,114594.000000,75549924.000000, , , ,-0.975586,-0.650391,-0.325195
2255.000000,114599.000000,75549924.000000,0.037700,-0.043500,-0.968600, , , 
2256.000000,114695.000000,75549924.000000, , , ,0.650391,0.000000,-0.975586
2257.000000,114700.000000,75549924.000000,-0.005800,-0.017400,-0.974400, , , 
2258.000000,114796.000000,75549924.000000, , , ,0.325195,0.650391,-0.650391
2259.000000,114799.000000,75549924.000000,0.002900,-0.066700,-1.029500, , , 
2260.000000,114897.000000,75549924.000000, , , ,0.325195,1.300781,-0.325195
2261.000000,114900.000000,75549924.000000,0.017400,-0.034800,-1.012100, , , 
2262.000000,114998.000000,75549924.000000, , , ,0.325195,0.000000,-0.325195
2263.000000,114999.000000,75549924.000000,0.031900,-0.060900,-1.026600, , , 
2264.000000,115099.000000,75549924.000000, , , ,0.325195,0.000000,-0.325195
2265.000000,115100.000000,75549924.000000,0.023200,-0.052200,-0.980200, , , 
2266.000000,115199.000000,75549924.000000,0.031900,-0.049300,-0.974400, , , 
2267.000000,115200.000000,75549924.000000, , , ,0.325195,0.000000,0.000000
2268.000000,115300.000000,75549924.000000,0.029000,-0.072500,-0.962800, , , 
2269.000000,115301.000000,75549924.000000, , , ,0.325195,-0.325195,0.000000
2270.000000,115392.000000,75549924.000000, , , ,-0.325195,-0.325195,0.000000
2271.000000,115399.000000,75549924.000000,0.026100,-0.052200,-0.948300, , , 
2272.000000,115493.000000,75549924.000000, , , ,-0.650391,-0.975586,0.000000
2273.000000,115500.000000,75549924.000000,0.005800,-0.060900,-0.959900, , , 
2274.000000,115594.000000,75549924.000000, , , ,-0.650391,-0.325195,0.000000
2275.000000,115599.000000,75549924.000000,-0.008700,-0.055100,-0.974400, , , 
2276.000000,115695.000000,75549924.000000, , , ,-1.625977,0.000000,0.000000
2277.000000,115700.000000,75549924.000000,0.002900,-0.043500,-1.000500, , , 
2278.000000,115796.000000,75549924.000000, , , ,-1.951172,0.000000,0.000000
2279.000000,115799.000000,75549924.000000,-0.005800,-0.055100,-1.009200, , , 
2280.000000,115897.000000,75549924.000000, , , ,-0.975586,0.000000,0.000000
2281.000000,115900.000000,75549924.000000,0.005800,-0.029000,-0.994700, , , 
2282.000000,115998.000000,75549924.000000, , , ,-0.650391,0.000000,0.000000
2283.000000,115999.000000,75549924.000000,0.000000,-0.037700,-1.009200, , , 
2284.000000,116099.000000,75549924.000000, , , ,-0.650391,0.650391,0.000000
2285.000000,116100.000000,75549924.000000,-0.002900,-0.034800,-0.988900, , , 
2286.000000,116199.000000,75549924.000000,0.002900,-0.002900,-1.000500, , , 
2287.000000,116200.000000,75549924.000000, , , ,-0.325195,0.000000,0.325195
2288.000000,116300.000000,75549924.000000,-0.005800,-0.034800,-0.983100, , , 
2289.000000,116301.000000,75549924.000000, , , ,-0.975586,0.325195,0.650391
2290.000000,116392.000000,75549924.000000, , , ,0.325195,-0.325195,0.000000
2291.000000,116399.000000,75549924.000000,0.014500,-0.017400,-0.954100, , , 
2292.000000,116493.000000,75549924.000000, , , ,0.000000,-1.951172,0.325195
2293.000000,116500.000000,75549924.000000,-0.002900,0.000000,-0.942500, , , 
2294.000000,116594.000000,75549924.000000, , , ,0.325195,0.325195,0.000000
2295.000000,116599.000000,75549924.000000,-0.043500,-0.020300,-1.003400, , , 
2296.000000,116695.000000,75549924.000000, , , ,0.000000,1.625977,0.000000
2297.000000,116700.000000,75549924.000000,0.000000,-0.034800,-1.049800, , , 
2298.000000,116796.000000,75549924.000000, , , ,-0.325195,0.325195,0.325195
2299.000000,116799.000000,75549924.000000,0.005800,-0.040600,-1.032400, , , 
2300.000000,116897.000000,75549924.000000, , , ,-1.625977,0.650391,0.325195
2301.000000,116900.000000,75549924.000000,-0.002900,-0.063800,-1.006300, , , 
2302.000000,116998.000000,75549924.000000, , , ,-1.951172,0.650391,0.325195
2303.000000,116999.000000,75549924.000000,0.000000,-0.023200,-1.003400, , , 
2304.000000,117099.000000,75549924.000000, , , ,-1.951172,0.325195,0.325195
2305.000000,117100.000000,75549924.000000,0.002900,-0.043500,-0.991800, , , 
2306.000000,117199.000000,75549924.000000,0.000000,-0.002900,-0.994700, , , 
2307.000000,117200.000000,75549924.000000, , , ,-0.975586,-0.325195,0.000000
2308.000000,117300.000000,75549924.000000,0.008700,-0.037700,-0.945400, , , 
2309.000000,117301.000000,75549924.000000, , , ,-0.975586,-0.325195,0.325195
2310.000000,117392.000000,75549924.000000, , , ,-1.625977,-0.650391,0.000000
2311.000000,117399.000000,75549924.000000,0.002900,-0.046400,-0.959900, , , 
2312.000000,117493.000000,75549924.000000, , , ,-0.975586,-0.650391,0.000000
2313.000000,117500.000000,75549924.000000,0.000000,-0.031900,-0.948300, , , 
2314.000000,117594.000000,75549924.000000, , , ,-1.300781,-0.975586,0.000000
2315.000000,117599.000000,75549924.000000,-0.008700,-0.014500,-0.974400, , , 
2316.000000,117695.000000,75549924.000000, , , ,0.000000,-0.325195,-0.325195
2317.000000,117700.000000,75549924.000000,0.005800,-0.023200,-0.965700, , , 
2318.000000,117796.000000,75549924.000000, , , ,0.000000,-0.325195,0.000000
2319.000000,117799.000000,75549924.000000,0.000000,-0.017400,-0.983100, , , 
2320.000000,117897.000000,75549924.000000, , , ,0.000000,0.650391,0.000000
2321.000000,117900.000000,75549924.000000,-0.026100,-0.031900,-1.012100, , , 
2322.000000,117998.000000,75549924.000000, , , ,-0.975586,1.300781,0.000000
2323.000000,117999.000000,75549924.000000,-0.008700,-0.043500,-1.046900, , , 
2324.000000,118099.000000,75549924.000000, , , ,-1.625977,0.325195,-0.325195
2325.000000,118100.000000,75549924.000000,0.014500,-0.034800,-1.023700, , , 
2326.000000,118199.000000,75549924.000000,0.008700,-0.002900,-0.974400, , , 
2327.000000,118200.000000,75549924.000000, , , ,0.000000,-0.325195,-0.325195
2328.000000,118300.000000,75549924.000000,0.011600,-0.014500,-0.930900, , , 
2329.000000,118301.000000,75549924.000000, , , ,0.325195,-0.325195,0.000000
2330.000000,118392.000000,75549924.000000, , , ,1.300781,-1.625977,-0.325195
2331.000000,118399.000000,75549924.000000,0.014500,0.000000,-0.930900, , , 
2332.000000,118493.000000,75549924.000000, , , ,2.601563,-0.650391,0.325195
2333.000000,118500.000000,75549924.000000,-0.020300,0.008700,-0.954100, , , 
2334.000000,118594.000000,75549924.000000, , , ,1.300781,0.325195,-0.325195
2335.000000,118599.000000,75549924.000000,-0.026100,-0.081200,-1.026600, , , 
2336.000000,118695.000000,75549924.000000, , , ,-0.650391,2.276367,0.000000
2337.000000,118700.000000,75549924.000000,-0.008700,-0.072500,-1.064300, , , 
2338.000000,118796.000000,75549924.000000, , , ,-1.951172,0.325195,0.650391
2339.000000,118799.000000,75549924.000000,0.011600,-0.060900,-1.020800, , , 
2340.000000,118897.000000,75549924.000000, , , ,-1.300781,-1.625977,0.325195
2341.000000,118900.000000,75549924.000000,0.014500,-0.005800,-0.962800, , , 
2342.000000,118998.000000,75549924.000000, , , ,-0.975586,-1.300781,0.325195
2343.000000,118999.000000,75549924.000000,-0.014500,0.000000,-0.948300, , , 
2344.000000,119099.000000,75549924.000000, , , ,0.000000,0.000000,0.000000
2345.000000,119100.000000,75549924.000000,0.000000,-0.014500,-0.977300, , , 
2346.000000,119199.000000,75549924.000000,0.000000,-0.011600,-0.986000, , , 
2347.000000,119200.000000,75549924.000000, , , ,0.975586,0.000000,-0.650391
2348.000000,119300.000000,75549924.000000,0.000000,-0.040600,-1.000500, , , 
2349.000000,119301.000000,75549924.000000, , , ,1.300781,0.000000,-0.325195
2350.000000,119392.000000,75549924.000000, , , ,0.000000,0.000000,0.000000
2351.000000,119399.000000,75549924.000000,0.008700,-0.049300,-0.991800, , , 
2352.000000,119493.000000,75549924.000000, , , ,0.000000,0.325195,0.000000
2353.000000,119500.000000,75549924.000000,-0.005800,-0.060900,-1.003400, , , 
2354.000000,119594.000000,75549924.000000, , , ,-1.625977,0.325195,0.000000
2355.000000,119599.000000,75549924.000000,0.000000,-0.081200,-1.009200, , , 
2356.000000,119695.000000,75549924.000000, , , ,-1.951172,0.000000,0.000000
2357.000000,119700.000000,75549924.000000,0.000000,-0.026100,-0.994700, , , 
2358.000000,119796.000000,75549924.000000, , , ,-2.276367,0.000000,0.000000
2359.000000,119799.000000,75549924.000000,0.008700,-0.037700,-0.977300, , , 
2360.000000,119897.000000,75549924.000000, , , ,-0.650391,0.000000,-0.325195
2361.000000,119900.000000,75549924.000000,-0.008700,-0.040600,-0.971500, , , 
2362.000000,119998.000000,75549924.000000, , , ,-0.650391,0.000000,-0.325195
2363.000000,119999.000000,75549924.000000,-0.008700,-0.029000,-0.997600, , , 
2364.000000,120099.000000,75549924.000000, , , ,-0.650391,0.000000,-0.325195
2365.000000,120100.000000,75549924.000000,0.020300,-0.026100,-0.971500, , , 
2366.000000,120199.000000,75549924.000000,0.008700,-0.034800,-0.948300, , , 
2367.000000,120200.000000,75549924.000000, , , ,0.000000,-1.625977,-0.325195
2368.000000,120300.000000,75549924.000000,-0.020300,-0.014500,-0.971500, , , 
2369.000000,120301.000000,75549924.000000, , , ,0.000000,0.000000,0.000000
2370.000000,120392.000000,75549924.000000, , , ,0.000000,1.300781,0.000000
2371.000000,120399.000000,75549924.000000,-0.005800,-0.052200,-1.029500, , , 
2372.000000,120493.000000,75549924.000000, , , ,0.650391,1.300781,0.000000
2373.000000,120500.000000,75549924.000000,0.017400,-0.046400,-1.038200, , , 
2374.000000,120594.000000,75549924.000000, , , ,0.325195,0.000000,0.000000
2375.000000,120599.000000,75549924.000000,0.043500,-0.011600,-0.954100, , , 
2376.000000,120695.000000,75549924.000000, , , ,0.325195,-1.625977,0.000000
2377.000000,120700.000000,75549924.000000,0.017400,-0.034800,-0.945400, , , 
2378.000000,120796.000000,75549924.000000, , , ,0.325195,0.000000,0.000000
2379.000000,120799.000000,75549924.000000,0.000000,0.000000,-0.948300, , , 
2380.000000,120897.000000,75549924.000000, , , ,1.300781,-0.325195,0.000000
2381.000000,120900.000000,75549924.000000,0.026100,-0.034800,-0.977300, , , 
2382.000000,120998.000000,75549924.000000, , , ,1.300781,0.000000,0.000000
2383.000000,120999.000000,75549924.000000,-0.002900,-0.031900,-0.988900, , , 
2384.000000,121099.000000,75549924.000000, , , ,1.300781,0.000000,0.000000
2385.000000,121100.000000,75549924.000000,0.008700,-0.037700,-1.006300, , , 
2386.000000,121199.000000,75549924.000000,0.040600,-0.075400,-0.983100, , , 
2387.000000,121200.000000,75549924.000000, , , ,0.325195,-0.325195,0.000000
2388.000000,121300.000000,75549924.000000,0.000000,-0.026100,-0.957000, , , 
2389.000000,121301.000000,75549924.000000, , , ,1.300781,-0.975586,0.000000
2390.000000,121392.000000,75549924.000000, , , ,0.000000,0.000000,0.000000
2391.000000,121399.000000,75549924.000000,-0.002900,-0.087000,-0.974400, , , 
2392.000000,121493.000000,75549924.000000, , , ,-1.625977,-0.975586,0.325195
2393.000000,121500.000000,75549924.000000,0.037700,-0.060900,-0.965700, , , 
2394.000000,121594.000000,75549924.000000, , , ,-0.975586,-1.625977,0.000000
2395.000000,121599.000000,75549924.000000,0.023200,-0.040600,-0.933800, , , 
2396.000000,121695.000000,75549924.000000, , , ,-1.625977,-0.325195,0.000000
2397.000000,121700.000000,75549924.000000,-0.008700,-0.055100,-0.971500, , , 
2398.000000,121796.000000,75549924.000000, , , ,-0.975586,0.000000,0.000000
2399.000000,121799.000000,75549924.000000,0.008700,-0.046400,-0.974400, , , 
2400.000000,121897.000000,75549924.000000, , , ,-0.975586,-0.650391,0.000000
2401.000000,121900.000000,75549924.000000,0.026100,-0.046400,-0.988900, , , 
2402.000000,121998.000000,75549924.000000, , , ,-1.951172,0.325195,0.000000
2403.000000,121999.000000,75549924.000000,0.000000,-0.069600,-0.994700, , , 
2404.000000,122099.000000,75549924.000000, , , ,-2.276367,0.325195,0.000000
2405.000000,122100.000000,75549924.000000,0.026100,-0.043500,-1.000500, , , 
2406.000000,122199.000000,75549924.000000,0.000000,-0.037700,-1.006300, , , 
2407.000000,122200.000000,75549924.000000, , , ,-1.300781,0.000000,0.000000
2408.000000,122300.000000,75549924.000000,0.008700,-0.008700,-1.015000, , , 
2409.000000,122301.000000,75549924.000000, , , ,0.000000,0.325195,-0.325195
2410.000000,122392.000000,75549924.000000, , , ,0.000000,0.325195,-0.325195
2411.000000,122399.000000,75549924.000000,0.011600,-0.043500,-1.015000, , , 
2412.000000,122493.000000,75549924.000000, , , ,0.650391,0.650391,-0.325195
2413.000000,122500.000000,75549924.000000,0.005800,-0.031900,-1.003400, , , 
2414.000000,122594.000000,75549924.000000, , , ,0.325195,0.000000,0.000000
2415.000000,122599.000000,75549924.000000,0.031900,-0.043500,-0.971500, , , 
2416.000000,122695.000000,75549924.000000, , , ,0.325195,-0.650391,0.000000
2417.000000,122700.000000,75549924.000000,0.008700,-0.060900,-0.983100, , , 
2418.000000,122796.000000,75549924.000000, , , ,-0.325195,0.650391,0.000000
2419.000000,122799.000000,75549924.000000,-0.005800,-0.037700,-1.000500, , , 
2420.000000,122897.000000,75549924.000000, , , ,-0.650391,0.325195,0.000000
2421.000000,122900.000000,75549924.000000,0.020300,-0.034800,-0.997600, , , 
2422.000000,122998.000000,75549924.000000, , , ,-0.325195,-0.325195,0.000000
2423.000000,122999.000000,75549924.000000,0.017400,-0.026100,-0.977300, , , 
2424.000000,123099.000000,75549924.000000, , , ,0.000000,0.000000,0.000000
2425.000000,123100.000000,75549924.000000,0.002900,-0.046400,-0.977300, , , 
2426.000000,123199.000000,75549924.000000, , , ,-0.975586,-0.325195,0.325195
2427.000000,123200.000000,75549924.000000,0.002900,-0.031900,-0.986000, , , 
2428.000000,123299.000000,75549924.000000,0.005800,-0.037700,-0.991800, , , 
2429.000000,123300.000000,75549924.000000, , , ,-0.650391,0.000000,0.000000
2430.000000,123400.000000,75549924.000000,0.014500,-0.029000,-0.986000, , , 
2431.000000,123401.000000,75549924.000000, , , ,-0.650391,0.000000,0.000000
2432.000000,123492.000000,75549924.000000, , , ,-0.650391,0.000000,0.000000
2433.000000,123499.000000,75549924.000000,0.002900,-0.049300,-0.994700, , , 
2434.000000,123593.000000,75549924.000000, , , ,-0.650391,0.000000,0.000000
2435.000000,123600.000000,75549924.000000,0.020300,-0.034800,-0.991800, , , 
2436.000000,123694.000000,75549924.000000, , , ,-0.325195,0.000000,0.000000
2437.000000,123699.000000,75549924.000000,-0.011600,-0.037700,-0.974400, , , 
2438.000000,123795.000000,75549924.000000, , , ,-0.325195,0.000000,0.000000
2439.000000,123800.000000,75549924.000000,0.014500,-0.043500,-0.977300, , , 
2440.000000,123896.000000,75549924.000000, , , ,0.000000,-0.325195,-0.325195
2441.000000,123899.000000,75549924.000000,0.000000,-0.046400,-0.983100, , , 
2442.000000,123997.000000,75549924.000000, , , ,0.000000,0.000000,-0.325195
2443.000000,124000.000000,75549924.000000,0.008700,-0.040600,-0.974400, , , 
2444.000000,124098.000000,75549924.000000, , , ,0.000000,0.000000,0.000000
2445.000000,124099.000000,75549924.000000,0.011600,-0.031900,-1.006300, , , 
2446.000000,124199.000000,75549924.000000, , , ,-0.325195,0.325195,0.000000
2447.000000,124200.000000,75549924.000000,0.000000,-0.058000,-0.983100, , , 
2448.000000,124299.000000,75549924.000000,0.020300,-0.058000,-0.980200, , , 
2449.000000,124300.000000,75549924.000000, , , ,-0.975586,-0.325195,0.000000
2450.000000,124400.000000,75549924.000000,0.005800,-0.031900,-0.959900, , , 
2451.000000,124401.000000,75549924.000000, , , ,-0.325195,-0.325195,-0.325195
2452.000000,124492.000000,75549924.000000, , , ,-0.650391,-0.650391,0.000000
2453.000000,124499.000000,75549924.000000,0.002900,-0.049300,-0.983100, , , 
2454.000000,124593.000000,75549924.000000, , , ,-0.325195,0.325195,0.000000
2455.000000,124600.000000,75549924.000000,-0.023200,-0.043500,-0.997600, , , 
2456.000000,124694.000000,75549924.000000, , , ,-0.325195,0.975586,0.000000
2457.000000,124699.000000,75549924.000000,-0.008700,-0.046400,-1.023700, , , 
2458.000000,124795.000000,75549924.000000, , , ,-0.650391,0.000000,0.000000
2459.000000,124800.000000,75549924.000000,0.000000,-0.040600,-1.000500, , , 
2460.000000,124896.000000,75549924.000000, , , ,0.325195,0.000000,-0.325195
2461.000000,124899.000000,75549924.000000,-0.026100,-0.046400,-1.000500, , , 
2462.000000,124997.000000,75549924.000000, , , ,0.650391,0.650391,-0.325195
2463.000000,125000.000000,75549924.000000,-0.026100,-0.020300,-1.003400, , , 
2464.000000,125098.000000,75549924.000000, , , ,0.975586,0.000000,-0.325195
2465.000000,125099.000000,75549924.000000,-0.002900,-0.060900,-0.983100, , , 
2466.000000,125199.000000,75549924.000000, , , ,0.975586,0.000000,-0.325195
2467.000000,125200.000000,75549924.000000,-0.034800,-0.046400,-0.986000, , , 
2468.000000,125299.000000,75549924.000000,-0.031900,-0.078300,-0.986000, , , 
2469.000000,125300.000000,75549924.000000, , , ,0.000000,0.000000,0.000000
2470.000000,125400.000000,75549924.000000,-0.014500,-0.063800,-0.977300, , , 
2471.000000,125401.000000,75549924.000000, , , ,-0.650391,-0.650391,0.000000
2472.000000,125492.000000,75549924.000000, , , ,-0.325195,-0.325195,0.000000
2473.000000,125499.000000,75549924.000000,-0.031900,-0.066700,-0.968600, , , 
2474.000000,125593.000000,75549924.000000, , , ,-1.300781,0.000000,-0.325195
2475.000000,125600.000000,75549924.000000,-0.031900,-0.052200,-0.977300, , , 
2476.000000,125694.000000,75549924.000000, , , ,-1.300781,0.000000,0.000000
2477.000000,125699.000000,75549924.000000,-0.026100,-0.058000,-0.983100, , , 
2478.000000,125795.000000,75549924.000000, , , ,-1.625977,0.000000,0.000000
2479.000000,125800.000000,75549924.000000,-0.031900,-0.055100,-0.986000, , , 
2480.000000,125896.000000,75549924.000000, , , ,-0.975586,0.000000,0.000000
2481.000000,125899.000000,75549924.000000,-0.023200,-0.040600,-0.994700, , , 
2482.000000,125997.000000,75549924.000000, , , ,-1.625977,0.325195,0.000000
2483.000000,126000.000000,75549924.000000,-0.037700,-0.055100,-0.991800, , , 
2484.000000,126098.000000,75549924.000000, , , ,-1.300781,0.650391,-0.325195
2485.000000,126099.000000,75549924.000000,-0.037700,-0.055100,-0.991800, , , 
2486.000000,126199.000000,75549924.000000, , , ,-1.625977,-0.325195,-0.325195
2487.000000,126200.000000,75549924.000000,-0.046400,-0.060900,-0.988900, , , 
2488.000000,126299.000000,75549924.000000,-0.078300,-0.043500,-1.006300, , , 
2489.000000,126300.000000,75549924.000000, , , ,-1.951172,0.000000,-0.325195
2490.000000,126400.000000,75549924.000000,-0.049300,-0.040600,-1.006300, , , 
2491.000000,126401.000000,75549924.000000, , , ,-1.300781,0.975586,-0.325195
2492.000000,126492.000000,75549924.000000, , , ,-1.625977,-0.325195,-0.325195
2493.000000,126499.000000,75549924.000000,-0.052200,-0.020300,-1.009200, , , 
2494.000000,126593.000000,75549924.000000, , , ,-1.951172,0.325195,0.000000
2495.000000,126600.000000,75549924.000000,-0.084100,-0.026100,-1.009200, , , 
2496.000000,126694.000000,75549924.000000, , , ,0.000000,0.650391,-0.325195
2497.000000,126699.000000,75549924.000000,-0.060900,-0.052200,-0.991800, , , 
2498.000000,126795.000000,75549924.000000, , , ,-1.300781,0.000000,0.000000
2499.000000,126800.000000,75549924.000000,-0.058000,0.005800,-0.980200, , , 
2500.000000,126896.000000,75549924.000000, , , ,-1.300781,-0.325195,0.000000
2501.000000,126899.000000,75549924.000000,-0.072500,-0.002900,-0.983100, , , 
2502.000000,126997.000000,75549924.000000, , , ,-0.650391,0.325195,0.650391
2503.000000,127000.000000,75549924.000000,-0.089900,0.029000,-0.971500, , , 
2504.000000,127098.000000,75549924.000000, , , ,-0.650391,-0.325195,0.650391
2505.000000,127099.000000,75549924.000000,-0.092800,0.043500,-0.974400, , , 
2506.000000,127199.000000,75549924.000000, , , ,0.000000,-0.650391,1.300781
2507.000000,127200.000000,75549924.000000,-0.130500,0.014500,-0.974400, , , 
2508.000000,127299.000000,75549924.000000,-0.147900,0.031900,-1.029500, , , 
2509.000000,127300.000000,75549924.000000, , , ,-0.325195,0.650391,0.650391
2510.000000,127400.000000,75549924.000000,-0.127600,0.005800,-1.038200, , , 
2511.000000,127401.000000,75549924.000000, , , ,0.000000,1.300781,0.325195
2512.000000,127492.000000,75549924.000000, , , ,0.650391,0.650391,0.650391
2513.000000,127499.000000,75549924.000000,-0.104400,0.017400,-0.983100, , , 
2514.000000,127593.000000,75549924.000000, , , ,0.650391,-0.650391,0.975586
2515.000000,127600.000000,75549924.000000,-0.130500,0.023200,-0.977300, , , 
2516.000000,127694.000000,75549924.000000, , , ,0.650391,0.325195,0.650391
2517.000000,127699.000000,75549924.000000,-0.159500,-0.020300,-1.006300, , , 
2518.000000,127795.000000,75549924.000000, , , ,-0.650391,1.300781,0.975586
2519.000000,127800.000000,75549924.000000,-0.142100,-0.029000,-1.038200, , , 
2520.000000,127896.000000,75549924.000000, , , ,-2.926758,2.276367,0.650391
2521.000000,127899.000000,75549924.000000,-0.142100,-0.055100,-1.075900, , , 
2522.000000,127997.000000,75549924.000000, , , ,-1.951172,1.951172,0.650391
2523.000000,128000.000000,75549924.000000,-0.130500,0.034800,-1.012100, , , 
2524.000000,128098.000000,75549924.000000, , , ,-0.325195,0.325195,0.975586
2525.000000,128099.000000,75549924.000000,-0.118900,0.023200,-1.023700, , , 
2526.000000,128199.000000,75549924.000000, , , ,0.325195,0.325195,0.000000
2527.000000,128200.000000,75549924.000000,-0.127600,0.026100,-0.962800, , , 
2528.000000,128299.000000,75549924.000000,-0.087000,-0.008700,-0.939600, , , 
2529.000000,128300.000000,75549924.000000, , , ,1.625977,-0.975586,0.000000
2530.000000,128400.000000,75549924.000000,-0.116000,0.055100,-0.855500, , , 
2531.000000,128401.000000,75549924.000000, , , ,3.577148,-3.251953,0.000000
2532.000000,128492.000000,75549924.000000, , , ,4.877930,-2.276367,0.000000
2533.000000,128499.000000,75549924.000000,-0.159500,-0.052200,-0.957000, , , 
2534.000000,128593.000000,75549924.000000, , , ,2.926758,0.325195,-0.650391
2535.000000,128600.000000,75549924.000000,-0.197200,-0.060900,-1.012100, , , 
2536.000000,128694.000000,75549924.000000, , , ,0.325195,3.902344,0.000000
2537.000000,128699.000000,75549924.000000,-0.191400,-0.133400,-1.139700, , , 
2538.000000,128795.000000,75549924.000000, , , ,-6.178711,5.528320,0.650391
2539.000000,128800.000000,75549924.000000,-0.136300,-0.136300,-1.125200, , , 
2540.000000,128896.000000,75549924.000000, , , ,-5.528320,1.951172,0.975586
2541.000000,128899.000000,75549924.000000,-0.075400,-0.037700,-1.012100, , , 
2542.000000,128997.000000,75549924.000000, , , ,-2.601563,-2.926758,0.000000
2543.000000,129000.000000,75549924.000000,-0.098600,0.046400,-0.896100, , , 
2544.000000,129098.000000,75549924.000000, , , ,0.650391,-2.601563,-0.975586
2545.000000,129099.000000,75549924.000000,-0.171100,0.052200,-0.893200, , , 
2546.000000,129199.000000,75549924.000000, , , ,1.951172,0.000000,-0.650391
2547.000000,129200.000000,75549924.000000,-0.185600,-0.020300,-0.954100, , , 
2548.000000,129299.000000,75549924.000000,-0.168200,-0.060900,-1.023700, , , 
2549.000000,129300.000000,75549924.000000, , , ,1.300781,0.975586,-0.650391
2550.000000,129400.000000,75549924.000000,-0.153700,-0.072500,-1.015000, , , 
2551.000000,129401.000000,75549924.000000, , , ,0.325195,0.975586,-0.325195
2552.000000,129492.000000,75549924.000000, , , ,0.000000,0.000000,-0.325195
2553.000000,129499.000000,75549924.000000,-0.153700,-0.029000,-0.988900, , , 
2554.000000,129593.000000,75549924.000000, , , ,0.000000,0.000000,-0.650391
2555.000000,129600.000000,75549924.000000,-0.153700,-0.055100,-0.965700, , , 
2556.000000,129694.000000,75549924.000000, , , ,0.000000,0.000000,-0.325195
2557.000000,129699.000000,75549924.000000,-0.159500,-0.040600,-0.980200, , , 
2558.000000,129795.000000,75549924.000000, , , ,0.000000,0.000000,-0.325195
2559.000000,129800.000000,75549924.000000,-0.162400,-0.034800,-0.983100, , , 
2560.000000,129896.000000,75549924.000000, , , ,0.325195,0.650391,-0.325195
2561.000000,129899.000000,75549924.000000,-0.165300,-0.052200,-1.015000, , , 
2562.000000,129997.000000,75549924.000000, , , ,-0.325195,0.650391,-0.650391
2563.000000,130000.000000,75549924.000000,-0.136300,-0.089900,-0.959900, , , 
2564.000000,130098.000000,75549924.000000, , , ,-0.325195,-1.300781,-0.975586
2565.000000,130099.000000,75549924.000000,-0.121800,-0.049300,-0.957000, , , 
2566.000000,130199.000000,75549924.000000, , , ,-0.650391,-1.625977,-1.300781
2567.000000,130200.000000,75549924.000000,-0.171100,-0.060900,-0.971500, , , 
2568.000000,130299.000000,75549924.000000,-0.162400,-0.046400,-0.948300, , , 
2569.000000,130300.000000,75549924.000000, , , ,-1.300781,0.000000,-0.650391
2570.000000,130400.000000,75549924.000000,-0.159500,-0.072500,-1.009200, , , 
2571.000000,130401.000000,75549924.000000, , , ,-0.325195,0.325195,-0.650391
2572.000000,130492.000000,75549924.000000, , , ,-1.625977,0.650391,-0.650391
2573.000000,130499.000000,75549924.000000,-0.171100,-0.023200,-0.988900, , , 
2574.000000,130593.000000,75549924.000000, , , ,0.000000,0.325195,-1.300781
2575.000000,130600.000000,75549924.000000,-0.127600,-0.052200,-0.974400, , , 
2576.000000,130694.000000,75549924.000000, , , ,0.325195,-0.975586,-0.650391
2577.000000,130699.000000,75549924.000000,-0.124700,-0.040600,-0.954100, , , 
2578.000000,130795.000000,75549924.000000, , , ,0.325195,-1.300781,-0.650391
2579.000000,130800.000000,75549924.000000,-0.165300,-0.037700,-0.977300, , , 
2580.000000,130896.000000,75549924.000000, , , ,0.650391,0.325195,-0.975586
2581.000000,130899.000000,75549924.000000,-0.179800,-0.063800,-0.974400, , , 
2582.000000,130997.000000,75549924.000000, , , ,0.650391,0.650391,-0.650391
2583.000000,131000.000000,75549924.000000,-0.156600,-0.049300,-1.000500, , , 
2584.000000,131098.000000,75549924.000000, , , ,0.000000,0.325195,-0.975586
2585.000000,131099.000000,75549924.000000,-0.139200,-0.069600,-0.968600, , , 
2586.000000,131199.000000,75549924.000000, , , ,0.975586,-1.300781,-0.650391
2587.000000,131200.000000,75549924.000000,-0.147900,-0.055100,-0.962800, , , 
2588.000000,131299.000000,75549924.000000,-0.171100,-0.075400,-0.986000, , , 
2589.000000,131300.000000,75549924.000000, , , ,-1.300781,-0.975586,-0.325195
2590.000000,131400.000000,75549924.000000,-0.174000,-0.049300,-0.957000, , , 
2591.000000,131401.000000,75549924.000000, , , ,0.000000,0.000000,-0.650391
2592.000000,131492.000000,75549924.000000, , , ,-1.300781,0.325195,-0.650391
2593.000000,131499.000000,75549924.000000,-0.159500,-0.075400,-1.000500, , , 
2594.000000,131593.000000,75549924.000000, , , ,0.000000,0.000000,-0.650391
2595.000000,131600.000000,75549924.000000,-0.168200,-0.026100,-0.974400, , , 
2596.000000,131694.000000,75549924.000000, , , ,-0.325195,0.650391,-0.975586
2597.000000,131699.000000,75549924.000000,-0.185600,-0.066700,-1.006300, , , 
2598.000000,131795.000000,75549924.000000, , , ,-0.975586,0.325195,0.000000
2599.000000,131800.000000,75549924.000000,-0.142100,-0.087000,-0.936700, , , 
2600.000000,131896.000000,75549924.000000, , , ,0.000000,-0.975586,-0.650391
2601.000000,131899.000000,75549924.000000,-0.150800,-0.017400,-0.980200, , , 
2602.000000,131997.000000,75549924.000000, , , ,-0.325195,-0.975586,-0.650391
2603.000000,132000.000000,75549924.000000,-0.176900,-0.066700,-1.012100, , , 
2604.000000,132098.000000,75549924.000000, , , ,-0.650391,0.975586,-0.650391
2605.000000,132099.000000,75549924.000000,-0.182700,-0.072500,-0.971500, , , 
2606.000000,132199.000000,75549924.000000, , , ,-0.650391,1.951172,-0.325195
2607.000000,132200.000000,75549924.000000,-0.127600,-0.049300,-0.971500, , , 
2608.000000,132299.000000,75549924.000000,-0.098600,-0.031900,-0.959900, , , 
2609.000000,132300.000000,75549924.000000, , , ,-1.951172,-0.325195,-0.325195
2610.000000,132400.000000,75549924.000000,-0.130500,-0.040600,-0.977300, , , 
2611.000000,132401.000000,75549924.000000, , , ,0.000000,-1.625977,0.000000
2612.000000,132492.000000,75549924.000000, , , ,-0.975586,-0.975586,0.000000
2613.000000,132499.000000,75549924.000000,-0.145000,-0.037700,-1.006300, , , 
2614.000000,132593.000000,75549924.000000, , , ,-0.650391,0.975586,0.000000
2615.000000,132600.000000,75549924.000000,-0.136300,-0.037700,-0.974400, , , 
2616.000000,132694.000000,75549924.000000, , , ,0.000000,1.951172,-0.650391
2617.000000,132699.000000,75549924.000000,-0.121800,-0.005800,-1.000500, , , 
2618.000000,132795.000000,75549924.000000, , , ,0.650391,0.975586,-0.325195
2619.000000,132800.000000,75549924.000000,-0.092800,-0.049300,-0.974400, , , 
2620.000000,132896.000000,75549924.000000, , , ,-0.325195,0.000000,0.000000
2621.000000,132899.000000,75549924.000000,-0.113100,-0.066700,-0.974400, , , 
2622.000000,132997.000000,75549924.000000, , , ,0.650391,0.000000,0.000000
2623.000000,133000.000000,75549924.000000,-0.107300,-0.011600,-0.988900, , , 
2624.000000,133098.000000,75549924.000000, , , ,0.325195,-0.650391,-0.325195
2625.000000,133099.000000,75549924.000000,-0.118900,-0.049300,-0.965700, , , 
2626.000000,133199.000000,75549924.000000, , , ,-0.975586,0.000000,0.000000
2627.000000,133200.000000,75549924.000000,-0.127600,-0.055100,-0.988900, , , 
2628.000000,133299.000000,75549924.000000,-0.127600,-0.031900,-0.997600, , , 
2629.000000,133300.000000,75549924.000000, , , ,-0.325195,0.325195,0.650391
2630.000000,133400.000000,75549924.000000,-0.121800,0.031900,-0.965700, , , 
2631.000000,133401.000000,75549924.000000, , , ,-1.625977,0.000000,1.300781
2632.000000,133492.000000,75549924.000000, , , ,-0.975586,0.650391,2.926758
2633.000000,133499.000000,75549924.000000,-0.127600,0.058000,-0.997600, , , 
2634.000000,133593.000000,75549924.000000, , , ,-1.625977,0.975586,4.552734
2635.000000,133600.000000,75549924.000000,-0.147900,0.029000,-1.029500, , , 
2636.000000,133694.000000,75549924.000000, , , ,-2.601563,1.625977,5.853516
2637.000000,133699.000000,75549924.000000,-0.136300,0.066700,-0.988900, , , 
2638.000000,133795.000000,75549924.000000, , , ,-1.625977,1.300781,6.829102
2639.000000,133800.000000,75549924.000000,-0.110200,0.113100,-0.916400, , , 
2640.000000,133896.000000,75549924.000000, , , ,0.000000,-0.650391,7.804688
2641.000000,133899.000000,75549924.000000,-0.133400,0.142100,-0.957000, , , 
2642.000000,133997.000000,75549924.000000, , , ,0.000000,-2.276367,9.105469
2643.000000,134000.000000,75549924.000000,-0.168200,0.124700,-1.015000, , , 
2644.000000,134098.000000,75549924.000000, , , ,0.975586,-1.625977,10.406250
2645.000000,134099.000000,75549924.000000,-0.220400,0.101500,-1.026600, , , 
2646.000000,134199.000000,75549924.000000, , , ,0.000000,0.650391,10.731445
2647.000000,134200.000000,75549924.000000,-0.237800,0.072500,-0.983100, , , 
2648.000000,134299.000000,75549924.000000,-0.211700,0.087000,-0.957000, , , 
2649.000000,134300.000000,75549924.000000, , , ,0.000000,2.601563,10.081055
2650.000000,134400.000000,75549924.000000,-0.197200,0.075400,-0.965700, , , 
2651.000000,134401.000000,75549924.000000, , , ,0.325195,1.951172,9.430664
2652.000000,134492.000000,75549924.000000, , , ,0.975586,0.325195,9.430664
2653.000000,134499.000000,75549924.000000,-0.200100,0.075400,-0.971500, , , 
2654.000000,134593.000000,75549924.000000, , , ,1.951172,-0.325195,8.780273
2655.000000,134600.000000,75549924.000000,-0.223300,0.063800,-0.991800, , , 
2656.000000,134694.000000,75549924.000000, , , ,0.975586,-0.325195,7.804688
2657.000000,134699.000000,75549924.000000,-0.269700,-0.029000,-1.032400, , , 
2658.000000,134795.000000,75549924.000000, , , ,-0.325195,0.975586,7.804688
2659.000000,134800.000000,75549924.000000,-0.249400,-0.026100,-0.980200, , , 
2660.000000,134896.000000,75549924.000000, , , ,-0.650391,0.325195,7.804688
2661.000000,134899.000000,75549924.000000,-0.211700,0.020300,-0.928000, , , 
2662.000000,134997.000000,75549924.000000, , , ,0.000000,0.000000,7.154297
2663.000000,135000.000000,75549924.000000,-0.243600,0.000000,-0.968600, , , 
2664.000000,135098.000000,75549924.000000, , , ,-1.625977,1.625977,6.503906
2665.000000,135099.000000,75549924.000000,-0.252300,-0.029000,-1.026600, , , 
2666.000000,135199.000000,75549924.000000, , , ,0.000000,2.601563,6.178711
2667.000000,135200.000000,75549924.000000,-0.162400,0.023200,-0.983100, , , 
2668.000000,135299.000000,75549924.000000,-0.026100,0.017400,-0.994700, , , 
2669.000000,135300.000000,75549924.000000, , , ,0.000000,2.926758,5.528320
2670.000000,135400.000000,75549924.000000,0.031900,-0.043500,-0.997600, , , 
2671.000000,135401.000000,75549924.000000, , , ,-0.325195,1.951172,6.503906
2672.000000,135492.000000,75549924.000000, , , ,-2.276367,0.325195,6.829102
2673.000000,135499.000000,75549924.000000,0.040600,-0.026100,-0.962800, , , 
2674.000000,135593.000000,75549924.000000, , , ,-1.625977,0.650391,5.853516
2675.000000,135600.000000,75549924.000000,0.005800,0.046400,-0.962800, , , 
2676.000000,135694.000000,75549924.000000, , , ,-0.975586,1.625977,5.853516
2677.000000,135699.000000,75549924.000000,0.005800,-0.002900,-1.023700, , , 
2678.000000,135795.000000,75549924.000000, , , ,-1.625977,0.650391,6.829102
2679.000000,135800.000000,75549924.000000,0.058000,-0.008700,-0.974400, , , 
2680.000000,135896.000000,75549924.000000, , , ,-2.276367,-1.300781,5.853516
2681.000000,135899.000000,75549924.000000,0.037700,-0.005800,-1.000500, , , 
2682.000000,135997.000000,75549924.000000, , , ,-0.975586,-0.325195,4.877930
2683.000000,136000.000000,75549924.000000,0.017400,0.049300,-0.986000, , , 
2684.000000,136098.000000,75549924.000000, , , ,-0.325195,0.325195,5.853516
2685.000000,136099.000000,75549924.000000,0.031900,0.008700,-1.003400, , , 
2686.000000,136199.000000,75549924.000000, , , ,-0.650391,0.325195,6.178711
2687.000000,136200.000000,75549924.000000,0.066700,0.017400,-0.971500, , , 
2688.000000,136299.000000,75549924.000000,0.060900,0.002900,-0.977300, , , 
2689.000000,136300.000000,75549924.000000, , , ,-0.325195,0.650391,5.528320
2690.000000,136400.000000,75549924.000000,0.072500,0.011600,-1.000500, , , 
2691.000000,136401.000000,75549924.000000, , , ,-1.951172,0.650391,5.853516
2692.000000,136492.000000,75549924.000000, , , ,-0.650391,0.000000,6.178711
2693.000000,136499.000000,75549924.000000,0.087000,0.011600,-0.988900, , , 
2694.000000,136593.000000,75549924.000000, , , ,-0.650391,0.650391,6.503906
2695.000000,136600.000000,75549924.000000,0.078300,0.052200,-0.977300, , , 
2696.000000,136694.000000,75549924.000000, , , ,-1.300781,0.325195,7.154297
2697.000000,136699.000000,75549924.000000,0.087000,0.020300,-1.006300, , , 
2698.000000,136795.000000,75549924.000000, , , ,-1.300781,0.000000,6.829102
2699.000000,136800.000000,75549924.000000,0.078300,0.058000,-1.006300, , , 
2700.000000,136896.000000,75549924.000000, , , ,-0.325195,0.325195,6.503906
2701.000000,136899.000000,75549924.000000,0.078300,0.046400,-0.991800, , , 
2702.000000,136997.000000,75549924.000000, , , ,-0.325195,0.000000,7.154297
2703.000000,137000.000000,75549924.000000,0.089900,0.058000,-0.971500, , , 
2704.000000,137098.000000,75549924.000000, , , ,0.650391,0.000000,8.129883
2705.000000,137099.000000,75549924.000000,0.089900,0.060900,-0.986000, , , 
2706.000000,137199.000000,75549924.000000, , , ,-0.650391,0.325195,8.455078
2707.000000,137200.000000,75549924.000000,0.095700,0.046400,-1.003400, , , 
2708.000000,137299.000000,75549924.000000,0.101500,0.040600,-1.003400, , , 
2709.000000,137300.000000,75549924.000000, , , ,-1.625977,0.650391,10.081055
2710.000000,137400.000000,75549924.000000,0.101500,0.110200,-0.994700, , , 
2711.000000,137401.000000,75549924.000000, , , ,-0.975586,0.975586,9.755859
2712.000000,137492.000000,75549924.000000, , , ,-1.300781,0.650391,10.731445
2713.000000,137499.000000,75549924.000000,0.121800,0.121800,-0.980200, , , 
2714.000000,137593.000000,75549924.000000, , , ,-0.650391,0.000000,11.707031
2715.000000,137600.000000,75549924.000000,0.124700,0.058000,-0.980200, , , 
2716.000000,137694.000000,75549924.000000, , , ,-0.650391,0.000000,12.682617
2717.000000,137699.000000,75549924.000000,0.104400,0.121800,-0.991800, , , 
2718.000000,137795.000000,75549924.000000, , , ,-1.300781,0.000000,13.333008
2719.000000,137800.000000,75549924.000000,0.118900,0.124700,-0.974400, , , 
2720.000000,137896.000000,75549924.000000, , , ,-0.325195,0.000000,13.983398
2721.000000,137899.000000,75549924.000000,0.116000,0.127600,-1.006300, , , 
2722.000000,137997.000000,75549924.000000, , , ,-1.300781,-0.325195,15.284179
2723.000000,138000.000000,75549924.000000,0.145000,0.095700,-1.006300, , , 
2724.000000,138098.000000,75549924.000000, , , ,-1.951172,-0.325195,15.609375
2725.000000,138099.000000,75549924.000000,0.124700,0.130500,-0.980200, , , 
2726.000000,138199.000000,75549924.000000, , , ,-1.951172,0.000000,16.259766
2727.000000,138200.000000,75549924.000000,0.130500,0.145000,-0.983100, , , 
2728.000000,138299.000000,75549924.000000,0.121800,0.208800,-0.980200, , , 
2729.000000,138300.000000,75549924.000000, , , ,-0.650391,0.000000,16.910156
2730.000000,138400.000000,75549924.000000,0.118900,0.162400,-1.035300, , , 
2731.000000,138401.000000,75549924.000000, , , ,-1.300781,0.000000,17.885742
2732.000000,138492.000000,75549924.000000, , , ,-1.625977,1.300781,18.210938
2733.000000,138499.000000,75549924.000000,0.107300,0.139200,-1.026600, , , 
2734.000000,138593.000000,75549924.000000, , , ,-0.325195,0.650391,18.210938
2735.000000,138600.000000,75549924.000000,0.165300,0.232000,-0.910600, , , 
2736.000000,138694.000000,75549924.000000, , , ,0.000000,-0.325195,18.210938
2737.000000,138699.000000,75549924.000000,0.130500,0.150800,-0.977300, , , 
2738.000000,138795.000000,75549924.000000, , , ,0.975586,-0.975586,18.861328
2739.000000,138800.000000,75549924.000000,0.145000,0.197200,-0.959900, , , 
2740.000000,138896.000000,75549924.000000, , , ,0.975586,-1.951172,18.861328
2741.000000,138899.000000,75549924.000000,0.176900,0.200100,-0.986000, , , 
2742.000000,138997.000000,75549924.000000, , , ,0.975586,-0.975586,18.536133
2743.000000,139000.000000,75549924.000000,0.162400,0.176900,-1.041100, , , 
2744.000000,139098.000000,75549924.000000, , , ,1.625977,-1.300781,18.861328
2745.000000,139099.000000,75549924.000000,0.171100,0.174000,-1.049800, , , 
2746.000000,139199.000000,75549924.000000, , , ,0.000000,0.975586,17.235352
2747.000000,139200.000000,75549924.000000,0.150800,0.179800,-0.980200, , , 
2748.000000,139299.000000,75549924.000000,0.182700,0.237800,-0.971500, , , 
2749.000000,139300.000000,75549924.000000, , , ,0.000000,1.951172,18.861328
2750.000000,139400.000000,75549924.000000,0.197200,0.185600,-0.986000, , , 
2751.000000,139401.000000,75549924.000000, , , ,2.276367,2.601563,19.186523
2752.000000,139492.000000,75549924.000000, , , ,0.975586,3.251953,18.861328
2753.000000,139499.000000,75549924.000000,0.185600,0.211700,-1.035300, , , 
2754.000000,139593.000000,75549924.000000, , , ,0.000000,4.227539,18.210938
2755.000000,139600.000000,75549924.000000,0.249400,0.124700,-1.046900, , , 
2756.000000,139694.000000,75549924.000000, , , ,-0.325195,1.300781,18.210938
2757.000000,139699.000000,75549924.000000,0.243600,0.174000,-1.017900, , , 
2758.000000,139795.000000,75549924.000000, , , ,0.325195,0.000000,15.934570
2759.000000,139800.000000,75549924.000000,0.191400,0.188500,-0.965700, , , 
2760.000000,139896.000000,75549924.000000, , , ,-1.300781,-0.975586,17.235352
2761.000000,139899.000000,75549924.000000,0.211700,0.162400,-0.997600, , , 
2762.000000,139997.000000,75549924.000000, , , ,-1.625977,-0.650391,16.910156
2763.000000,140000.000000,75549924.000000,0.232000,0.182700,-0.983100, , , 
2764.000000,140098.000000,75549924.000000, , , ,0.000000,-1.625977,14.308594
2765.000000,140099.000000,75549924.000000,0.226200,0.176900,-0.965700, , , 
2766.000000,140199.000000,75549924.000000, , , ,0.325195,-0.650391,13.983398
2767.000000,140200.000000,75549924.000000,0.229100,0.142100,-0.991800, , , 
2768.000000,140299.000000,75549924.000000,0.237800,0.113100,-0.988900, , , 
2769.000000,140300.000000,75549924.000000, , , ,0.650391,-0.650391,12.357422
2770.000000,140400.000000,75549924.000000,0.223300,0.087000,-0.983100, , , 
2771.000000,140401.000000,75549924.000000, , , ,-0.325195,-0.325195,10.731445
2772.000000,140492.000000,75549924.000000, , , ,0.000000,0.000000,9.105469
2773.000000,140499.000000,75549924.000000,0.217500,0.092800,-0.988900, , , 
2774.000000,140593.000000,75549924.000000, , , ,0.325195,0.000000,7.479492
2775.000000,140600.000000,75549924.000000,0.232000,0.069600,-0.988900, , , 
2776.000000,140694.000000,75549924.000000, , , ,0.000000,0.000000,6.503906
2777.000000,140699.000000,75549924.000000,0.237800,0.040600,-0.983100, , , 
2778.000000,140795.000000,75549924.000000, , , ,0.000000,-0.325195,4.877930
2779.000000,140800.000000,75549924.000000,0.240700,0.031900,-0.994700, , , 
2780.000000,140896.000000,75549924.000000, , , ,-0.325195,-0.975586,3.902344
2781.000000,140899.000000,75549924.000000,0.223300,0.031900,-0.988900, , , 
2782.000000,140997.000000,75549924.000000, , , ,-0.325195,0.000000,3.577148
2783.000000,141000.000000,75549924.000000,0.223300,0.020300,-0.988900, , , 
2784.000000,141098.000000,75549924.000000, , , ,-0.325195,0.000000,2.926758
2785.000000,141099.000000,75549924.000000,0.217500,0.023200,-0.986000, , , 
2786.000000,141199.000000,75549924.000000, , , ,-0.325195,0.000000,2.276367
2787.000000,141200.000000,75549924.000000,0.214600,0.011600,-1.006300, , , 
2788.000000,141299.000000,75549924.000000,0.211700,0.017400,-1.003400, , , 
2789.000000,141300.000000,75549924.000000, , , ,-0.325195,0.000000,2.276367
2790.000000,141400.000000,75549924.000000,0.217500,0.002900,-0.980200, , , 
2791.000000,141401.000000,75549924.000000, , , ,0.000000,0.325195,1.625977
2792.000000,141492.000000,75549924.000000, , , ,0.000000,0.000000,0.325195
2793.000000,141499.000000,75549924.000000,0.217500,-0.043500,-0.991800, , , 
2794.000000,141593.000000,75549924.000000, , , ,0.000000,-0.325195,-0.650391
2795.000000,141600.000000,75549924.000000,0.211700,-0.037700,-1.000500, , , 
2796.000000,141694.000000,75549924.000000, , , ,-0.325195,0.000000,-0.975586
2797.000000,141699.000000,75549924.000000,0.200100,-0.060900,-1.000500, , , 
2798.000000,141795.000000,75549924.000000, , , ,-0.325195,0.650391,-0.975586
2799.000000,141800.000000,75549924.000000,0.205900,-0.040600,-0.983100, , , 
2800.000000,141896.000000,75549924.000000, , , ,-0.650391,-0.325195,-1.300781
2801.000000,141899.000000,75549924.000000,0.205900,-0.040600,-1.000500, , , 
2802.000000,141997.000000,75549924.000000, , , ,0.000000,0.000000,-0.975586
2803.000000,142000.000000,75549924.000000,0.200100,-0.026100,-0.994700, , , 
2804.000000,142098.000000,75549924.000000, , , ,-0.650391,0.000000,-1.300781
2805.000000,142099.000000,75549924.000000,0.200100,-0.031900,-0.988900, , , 
2806.000000,142199.000000,75549924.000000, , , ,-0.325195,0.000000,-0.975586
2807.000000,142200.000000,75549924.000000,0.203000,-0.031900,-0.994700, , , 
2808.000000,142299.000000,75549924.000000,0.188500,-0.037700,-1.012100, , , 
2809.000000,142300.000000,75549924.000000, , , ,-0.325195,0.000000,-1.300781
2810.000000,142400.000000,75549924.000000,0.194300,-0.046400,-1.006300, , , 
2811.000000,142401.000000,75549924.000000, , , ,-0.325195,0.975586,-0.975586
2812.000000,142492.000000,75549924.000000, , , ,-0.975586,0.325195,-0.975586
2813.000000,142499.000000,75549924.000000,0.197200,-0.023200,-0.997600, , , 
2814.000000,142593.000000,75549924.000000, , , ,-0.650391,0.000000,-0.975586
2815.000000,142600.000000,75549924.000000,0.208800,-0.031900,-1.009200, , , 
2816.000000,142694.000000,75549924.000000, , , ,-0.975586,0.000000,-0.325195
2817.000000,142699.000000,75549924.000000,0.191400,-0.017400,-0.991800, , , 
2818.000000,142795.000000,75549924.000000, , , ,-0.650391,0.000000,-0.325195
2819.000000,142800.000000,75549924.000000,0.194300,-0.011600,-1.000500, , , 
2820.000000,142896.000000,75549924.000000, , , ,-0.325195,0.325195,0.000000
2821.000000,142899.000000,75549924.000000,0.197200,-0.008700,-1.000500, , , 
2822.000000,142997.000000,75549924.000000, , , ,-0.975586,0.000000,0.000000
2823.000000,143000.000000,75549924.000000,0.191400,0.000000,-0.994700, , , 
2824.000000,143098.000000,75549924.000000, , , ,-0.325195,0.000000,-0.325195
2825.000000,143099.000000,75549924.000000,0.197200,-0.020300,-1.000500, , , 
2826.000000,143199.000000,75549924.000000, , , ,-0.975586,0.000000,0.000000
2827.000000,143200.000000,75549924.000000,0.211700,0.000000,-0.986000, , , 
2828.000000,143300.000000,75549924.000000, , , ,-0.325195,-0.325195,0.000000
2829.000000,143301.000000,75549924.000000,0.191400,-0.002900,-0.988900, , , 
2830.000000,143399.000000,75549924.000000,0.188500,-0.002900,-1.000500, , , 
2831.000000,143400.000000,75549924.000000, , , ,-0.325195,0.000000,0.650391
2832.000000,143500.000000,75549924.000000,0.194300,0.023200,-0.986000, , , 
2833.000000,143501.000000,75549924.000000, , , ,0.000000,0.650391,0.000000
2834.000000,143592.000000,75549924.000000, , , ,-0.325195,0.000000,0.000000
2835.000000,143599.000000,75549924.000000,0.191400,-0.005800,-1.000500, , , 
2836.000000,143693.000000,75549924.000000, , , ,0.325195,0.000000,0.000000
2837.000000,143700.000000,75549924.000000,0.176900,-0.005800,-1.029500, , , 
2838.000000,143794.000000,75549924.000000, , , ,0.000000,0.975586,0.325195
2839.000000,143799.000000,75549924.000000,0.174000,0.008700,-0.991800, , , 
2840.000000,143895.000000,75549924.000000, , , ,0.325195,0.975586,0.000000
2841.000000,143900.000000,75549924.000000,0.185600,-0.020300,-1.041100, , , 
2842.000000,143996.000000,75549924.000000, , , ,0.000000,0.325195,0.000000
2843.000000,143999.000000,75549924.000000,0.191400,0.000000,-0.994700, , , 
2844.000000,144097.000000,75549924.000000, , , ,0.325195,0.000000,0.325195
2845.000000,144100.000000,75549924.000000,0.205900,-0.020300,-0.980200, , , 
2846.000000,144198.000000,75549924.000000, , , ,-1.625977,0.000000,0.000000
2847.000000,144199.000000,75549924.000000,0.188500,-0.029000,-0.994700, , , 
2848.000000,144299.000000,75549924.000000, , , ,0.000000,0.000000,0.325195
2849.000000,144300.000000,75549924.000000,0.188500,0.011600,-0.962800, , , 
2850.000000,144399.000000,75549924.000000,0.185600,0.023200,-0.988900, , , 
2851.000000,144400.000000,75549924.000000, , , ,0.000000,-0.325195,0.000000
2852.000000,144500.000000,75549924.000000,0.182700,0.011600,-0.980200, , , 
2853.000000,144501.000000,75549924.000000, , , ,0.325195,0.000000,0.325195
2854.000000,144592.000000,75549924.000000, , , ,0.975586,0.000000,0.000000
2855.000000,144599.000000,75549924.000000,0.185600,-0.008700,-1.015000, , , 
2856.000000,144693.000000,75549924.000000, , , ,0.325195,0.650391,0.000000
2857.000000,144700.000000,75549924.000000,0.156600,-0.017400,-1.023700, , , 
2858.000000,144794.000000,75549924.000000, , , ,0.325195,1.625977,0.000000
2859.000000,144799.000000,75549924.000000,0.174000,-0.020300,-1.023700, , , 
2860.000000,144895.000000,75549924.000000, , , ,-0.650391,0.650391,0.000000
2861.000000,144900.000000,75549924.000000,0.191400,-0.014500,-1.032400, , , 
2862.000000,144996.000000,75549924.000000, , , ,-0.325195,0.650391,0.000000
2863.000000,144999.000000,75549924.000000,0.171100,-0.020300,-1.009200, , , 
2864.000000,145097.000000,75549924.000000, , , ,-0.650391,0.975586,0.325195
2865.000000,145100.000000,75549924.000000,0.168200,-0.023200,-1.015000, , , 
2866.000000,145198.000000,75549924.000000, , , ,-0.975586,0.650391,0.325195
2867.000000,145199.000000,75549924.000000,0.179800,-0.005800,-1.006300, , , 
2868.000000,145299.000000,75549924.000000, , , ,-0.975586,0.000000,0.325195
2869.000000,145300.000000,75549924.000000,0.188500,-0.023200,-1.000500, , , 
2870.000000,145399.000000,75549924.000000,0.174000,0.000000,-0.983100, , , 
2871.000000,145400.000000,75549924.000000, , , ,-0.975586,0.000000,0.325195
2872.000000,145500.000000,75549924.000000,0.165300,-0.005800,-0.974400, , , 
2873.000000,145501.000000,75549924.000000, , , ,-0.325195,-0.325195,0.000000
2874.000000,145592.000000,75549924.000000, , , ,-0.650391,0.000000,0.000000
2875.000000,145599.000000,75549924.000000,0.176900,0.000000,-0.988900, , , 
2876.000000,145693.000000,75549924.000000, , , ,-0.650391,0.000000,0.000000
2877.000000,145700.000000,75549924.000000,0.174000,-0.002900,-0.971500, , , 
2878.000000,145794.000000,75549924.000000, , , ,-0.975586,-0.325195,0.325195
2879.000000,145799.000000,75549924.000000,0.171100,-0.008700,-0.980200, , , 
2880.000000,145895.000000,75549924.000000, , , ,-0.650391,0.000000,0.000000
2881.000000,145900.000000,75549924.000000,0.159500,-0.008700,-0.986000, , , 
2882.000000,145996.000000,75549924.000000, , , ,-0.325195,0.000000,0.325195
2883.000000,145999.000000,75549924.000000,0.165300,0.005800,-0.977300, , , 
2884.000000,146097.000000,75549924.000000, , , ,0.000000,-0.325195,0.000000
2885.000000,146100.000000,75549924.000000,0.150800,0.005800,-0.983100, , , 
2886.000000,146198.000000,75549924.000000, , , ,-0.650391,-0.325195,0.000000
2887.000000,146199.000000,75549924.000000,0.118900,-0.023200,-0.974400, , , 
2888.000000,146299.000000,75549924.000000, , , ,0.000000,0.000000,0.000000
2889.000000,146300.000000,75549924.000000,0.159500,-0.014500,-1.006300, , , 
2890.000000,146399.000000,75549924.000000,0.162400,-0.011600,-1.012100, , , 
2891.000000,146400.000000,75549924.000000, , , ,-0.325195,0.650391,0.000000
2892.000000,146500.000000,75549924.000000,0.176900,0.000000,-0.988900, , , 
2893.000000,146501.000000,75549924.000000, , , ,0.000000,0.325195,0.000000
2894.000000,146592.000000,75549924.000000, , , ,0.000000,-0.325195,0.000000
2895.000000,146599.000000,75549924.000000,0.188500,-0.005800,-0.983100, , , 
2896.000000,146693.000000,75549924.000000, , , ,0.000000,0.000000,0.325195
2897.000000,146700.000000,75549924.000000,0.136300,0.002900,-0.997600, , , 
2898.000000,146794.000000,75549924.000000, , , ,-0.325195,0.650391,0.000000
2899.000000,146799.000000,75549924.000000,0.136300,-0.046400,-1.015000, , , 
2900.000000,146895.000000,75549924.000000, , , ,-0.325195,-0.975586,0.000000
2901.000000,146900.000000,75549924.000000,0.150800,-0.020300,-0.997600, , , 
2902.000000,146996.000000,75549924.000000, , , ,-0.650391,0.000000,0.325195
2903.000000,146999.000000,75549924.000000,0.113100,-0.008700,-1.003400, , , 
2904.000000,147097.000000,75549924.000000, , , ,-0.650391,1.625977,0.000000
2905.000000,147100.000000,75549924.000000,0.118900,-0.008700,-1.029500, , , 
2906.000000,147198.000000,75549924.000000, , , ,-0.975586,0.650391,0.000000
2907.000000,147199.000000,75549924.000000,0.145000,-0.023200,-1.012100, , , 
2908.000000,147299.000000,75549924.000000, , , ,-1.300781,-0.325195,0.000000
2909.000000,147300.000000,75549924.000000,0.145000,-0.031900,-0.968600, , , 
2910.000000,147399.000000,75549924.000000,0.130500,-0.029000,-0.965700, , , 
2911.000000,147400.000000,75549924.000000, , , ,-1.300781,-1.300781,0.000000
2912.000000,147500.000000,75549924.000000,0.101500,-0.014500,-0.977300, , , 
2913.000000,147501.000000,75549924.000000, , , ,-0.650391,0.000000,0.000000
2914.000000,147592.000000,75549924.000000, , , ,0.000000,0.000000,0.000000
2915.000000,147599.000000,75549924.000000,0.133400,-0.008700,-0.988900, , , 
2916.000000,147693.000000,75549924.000000, , , ,-0.650391,-0.650391,0.000000
2917.000000,147700.000000,75549924.000000,0.130500,-0.002900,-0.977300, , , 
2918.000000,147794.000000,75549924.000000, , , ,0.000000,0.000000,0.000000
2919.000000,147799.000000,75549924.000000,0.124700,-0.002900,-0.991800, , , 
2920.000000,147895.000000,75549924.000000, , , ,0.000000,0.000000,0.000000
2921.000000,147900.000000,75549924.000000,0.130500,-0.017400,-0.991800, , , 
2922.000000,147996.000000,75549924.000000, , , ,-0.650391,0.000000,0.000000
2923.000000,147999.000000,75549924.000000,0.130500,-0.020300,-0.994700, , , 
2924.000000,148097.000000,75549924.000000, , , ,-0.325195,0.000000,0.000000
2925.000000,148100.000000,75549924.000000,0.124700,-0.040600,-0.991800, , , 
2926.000000,148198.000000,75549924.000000, , , ,-0.650391,0.000000,0.000000
2927.000000,148199.000000,75549924.000000,0.127600,-0.020300,-0.994700, , , 
2928.000000,148299.000000,75549924.000000, , , ,-0.650391,0.325195,0.000000
2929.000000,148300.000000,75549924.000000,0.116000,-0.023200,-1.000500, , , 
2930.000000,148399.000000,75549924.000000,0.127600,-0.008700,-1.009200, , , 
2931.000000,148400.000000,75549924.000000, , , ,-0.975586,0.650391,0.000000
2932.000000,148500.000000,75549924.000000,0.130500,-0.023200,-1.009200, , , 
2933.000000,148501.000000,75549924.000000, , , ,-0.325195,0.000000,0.000000
2934.000000,148592.000000,75549924.000000, , , ,0.000000,0.650391,0.000000
2935.000000,148599.000000,75549924.000000,0.124700,-0.026100,-0.997600, , , 
2936.000000,148693.000000,75549924.000000, , , ,-0.650391,0.000000,-0.650391
2937.000000,148700.000000,75549924.000000,0.153700,-0.034800,-0.971500, , , 
2938.000000,148794.000000,75549924.000000, , , ,-0.975586,-0.975586,-0.325195
2939.000000,148799.000000,75549924.000000,0.124700,-0.037700,-0.977300, , , 
2940.000000,148895.000000,75549924.000000, , , ,0.000000,0.000000,-0.325195
2941.000000,148900.000000,75549924.000000,0.107300,-0.031900,-0.988900, , , 
2942.000000,148996.000000,75549924.000000, , , ,0.000000,0.325195,-0.650391
2943.000000,148999.000000,75549924.000000,0.130500,-0.017400,-1.009200, , , 
2944.000000,149097.000000,75549924.000000, , , ,0.650391,0.325195,-0.325195
2945.000000,149100.000000,75549924.000000,0.136300,-0.020300,-0.986000, , , 
2946.000000,149198.000000,75549924.000000, , , ,0.650391,-1.300781,0.000000
2947.000000,149199.000000,75549924.000000,0.139200,-0.031900,-0.968600, , , 
2948.000000,149299.000000,75549924.000000, , , ,0.325195,0.000000,-0.650391
2949.000000,149300.000000,75549924.000000,0.116000,-0.034800,-0.988900, , , 
2950.000000,149399.000000,75549924.000000,0.124700,-0.040600,-1.006300, , , 
2951.000000,149400.000000,75549924.000000, , , ,-0.325195,0.650391,0.000000
2952.000000,149500.000000,75549924.000000,0.133400,-0.034800,-1.003400, , , 
2953.000000,149501.000000,75549924.000000, , , ,-0.325195,0.325195,0.000000
2954.000000,149601.000000,75549924.000000,0.133400,-0.029000,-0.994700, , , 
2955.000000,149602.000000,75549924.000000, , , ,0.000000,0.000000,0.000000
2956.000000,149692.000000,75549924.000000, , , ,-0.325195,-0.325195,0.000000
2957.000000,149699.000000,75549924.000000,0.127600,-0.023200,-0.986000, , , 
2958.000000,149793.000000,75549924.000000, , , ,-1.300781,0.000000,0.650391
2959.000000,149800.000000,75549924.000000,0.124700,-0.029000,-0.997600, , , 
2960.000000,149894.000000,75549924.000000, , , ,-0.325195,0.000000,0.325195
2961.000000,149899.000000,75549924.000000,0.116000,0.008700,-0.962800, , , 
2962.000000,149995.000000,75549924.000000, , , ,-0.650391,-0.975586,0.325195
2963.000000,150000.000000,75549924.000000,0.118900,-0.011600,-0.986000, , , 
2964.000000,150096.000000,75549924.000000, , , ,-0.650391,0.000000,0.325195
2965.000000,150099.000000,75549924.000000,0.089900,0.000000,-0.997600, , , 
2966.000000,150197.000000,75549924.000000, , , ,-0.325195,0.000000,0.000000
2967.000000,150200.000000,75549924.000000,0.110200,-0.008700,-1.026600, , , 
2968.000000,150298.000000,75549924.000000, , , ,-0.325195,0.000000,0.325195
2969.000000,150299.000000,75549924.000000,0.127600,0.000000,-0.994700, , , 
2970.000000,150399.000000,75549924.000000, , , ,-0.325195,0.000000,0.325195
2971.000000,150400.000000,75549924.000000,0.127600,-0.014500,-0.957000, , , 
2972.000000,150499.000000,75549924.000000,0.104400,-0.023200,-0.980200, , , 
2973.000000,150500.000000,75549924.000000, , , ,-0.650391,-0.650391,0.325195
2974.000000,150600.000000,75549924.000000,0.087000,-0.014500,-1.006300, , , 
2975.000000,150601.000000,75549924.000000, , , ,-0.975586,0.650391,0.325195
2976.000000,150692.000000,75549924.000000, , , ,-1.300781,0.650391,0.000000
2977.000000,150699.000000,75549924.000000,0.124700,-0.014500,-1.026600, , , 
2978.000000,150793.000000,75549924.000000, , , ,-0.650391,0.000000,0.325195
2979.000000,150800.000000,75549924.000000,0.133400,-0.002900,-0.974400, , , 
2980.000000,150894.000000,75549924.000000, , , ,-0.975586,-1.625977,0.325195
2981.000000,150899.000000,75549924.000000,0.127600,-0.002900,-0.933800, , , 
2982.000000,150995.000000,75549924.000000, , , ,-0.650391,-1.300781,0.000000
2983.000000,151000.000000,75549924.000000,0.098600,0.014500,-0.948300, , , 
2984.000000,151096.000000,75549924.000000, , , ,-0.325195,0.000000,0.325195
2985.000000,151099.000000,75549924.000000,0.092800,0.005800,-0.994700, , , 
2986.000000,151197.000000,75549924.000000, , , ,0.325195,0.650391,0.000000
2987.000000,151200.000000,75549924.000000,0.121800,0.000000,-1.000500, , , 
2988.000000,151298.000000,75549924.000000, , , ,0.000000,-0.325195,0.325195
2989.000000,151299.000000,75549924.000000,0.116000,0.008700,-0.994700, , , 
2990.000000,151399.000000,75549924.000000, , , ,-0.325195,0.000000,0.325195
2991.000000,151400.000000,75549924.000000,0.101500,-0.008700,-0.983100, , , 
2992.000000,151499.000000,75549924.000000,0.104400,0.002900,-1.000500, , , 
2993.000000,151500.000000,75549924.000000, , , ,0.000000,0.000000,0.325195
2994.000000,151600.000000,75549924.000000,0.095700,0.005800,-1.009200, , , 
2995.000000,151601.000000,75549924.000000, , , ,-0.650391,0.325195,0.650391
2996.000000,151692.000000,75549924.000000, , , ,0.000000,0.325195,0.000000
2997.000000,151699.000000,75549924.000000,0.110200,0.002900,-1.009200, , , 
2998.000000,151793.000000,75549924.000000, , , ,-0.650391,0.000000,0.975586
2999.000000,151800.000000,75549924.000000,0.095700,0.005800,-1.000500, , , 
3000.000000,151894.000000,75549924.000000, , , ,-0.650391,0.000000,0.650391
3001.000000,151899.000000,75549924.000000,0.084100,0.026100,-0.997600, , , 
3002.000000,151995.000000,75549924.000000, , , ,-0.975586,0.000000,0.975586
3003.000000,152000.000000,75549924.000000,0.092800,0.011600,-1.006300, , , 
3004.000000,152096.000000,75549924.000000, , , ,0.000000,0.000000,0.650391
3005.000000,152099.000000,75549924.000000,0.087000,0.000000,-0.986000, , , 
3006.000000,152197.000000,75549924.000000, , , ,-0.975586,0.000000,1.625977
3007.000000,152200.000000,75549924.000000,0.092800,0.008700,-0.971500, , , 
3008.000000,152298.000000,75549924.000000, , , ,-1.300781,-0.325195,0.650391
3009.000000,152299.000000,75549924.000000,0.081200,0.014500,-0.977300, , , 
3010.000000,152399.000000,75549924.000000, , , ,0.000000,-0.650391,0.975586
3011.000000,152400.000000,75549924.000000,0.066700,0.031900,-0.968600, , , 
3012.000000,152499.000000,75549924.000000,0.066700,0.029000,-0.974400, , , 
3013.000000,152500.000000,75549924.000000, , , ,-0.975586,-0.650391,0.975586
3014.000000,152600.000000,75549924.000000,0.069600,0.005800,-0.974400, , , 
3015.000000,152601.000000,75549924.000000, , , ,-0.325195,-0.325195,0.650391
3016.000000,152692.000000,75549924.000000, , , ,-0.650391,-0.325195,0.650391
3017.000000,152699.000000,75549924.000000,0.043500,0.026100,-0.986000, , , 
3018.000000,152793.000000,75549924.000000, , , ,-0.650391,0.325195,0.975586
3019.000000,152800.000000,75549924.000000,0.026100,0.014500,-1.015000, , , 
3020.000000,152894.000000,75549924.000000, , , ,-0.325195,0.325195,0.650391
3021.000000,152899.000000,75549924.000000,0.049300,0.046400,-1.029500, , , 
3022.000000,152995.000000,75549924.000000, , , ,2.601563,0.000000,0.650391
3023.000000,153000.000000,75549924.000000,0.113100,0.049300,-0.942500, , , 
3024.000000,153096.000000,75549924.000000, , , ,0.325195,0.000000,0.975586
3025.000000,153099.000000,75549924.000000,0.026100,0.017400,-1.049800, , , 
3026.000000,153197.000000,75549924.000000, , , ,0.000000,1.951172,0.975586
3027.000000,153200.000000,75549924.000000,0.058000,-0.037700,-1.055600, , , 
3028.000000,153298.000000,75549924.000000, , , ,-1.300781,0.325195,1.625977
3029.000000,153299.000000,75549924.000000,0.084100,-0.008700,-0.997600, , , 
3030.000000,153399.000000,75549924.000000, , , ,-1.951172,-1.625977,0.975586
3031.000000,153400.000000,75549924.000000,0.069600,0.031900,-0.962800, , , 
3032.000000,153499.000000,75549924.000000,0.055100,0.037700,-0.948300, , , 
3033.000000,153500.000000,75549924.000000, , , ,-0.975586,-0.975586,0.650391
3034.000000,153600.000000,75549924.000000,0.055100,0.034800,-0.971500, , , 
3035.000000,153601.000000,75549924.000000, , , ,0.000000,-0.325195,0.650391
3036.000000,153692.000000,75549924.000000, , , ,-0.325195,-0.325195,0.325195
3037.000000,153699.000000,75549924.000000,0.060900,0.008700,-0.983100, , , 
3038.000000,153793.000000,75549924.000000, , , ,-0.650391,0.000000,0.650391
3039.000000,153800.000000,75549924.000000,0.069600,0.008700,-0.965700, , , 
3040.000000,153894.000000,75549924.000000, , , ,-0.325195,0.000000,0.000000
3041.000000,153899.000000,75549924.000000,0.069600,0.014500,-0.974400, , , 
3042.000000,153995.000000,75549924.000000, , , ,-0.650391,0.325195,0.000000
3043.000000,154000.000000,75549924.000000,0.055100,0.005800,-0.977300, , , 
3044.000000,154096.000000,75549924.000000, , , ,0.000000,0.325195,0.975586
3045.000000,154099.000000,75549924.000000,0.046400,0.026100,-0.991800, , , 
3046.000000,154197.000000,75549924.000000, , , ,-0.325195,0.000000,0.000000
3047.000000,154200.000000,75549924.000000,0.060900,0.000000,-1.000500, , , 
3048.000000,154298.000000,75549924.000000, , , ,0.000000,-0.325195,0.325195
3049.000000,154299.000000,75549924.000000,0.058000,0.008700,-0.988900, , , 
3050.000000,154399.000000,75549924.000000, , , ,0.000000,0.000000,0.975586
3051.000000,154400.000000,75549924.000000,0.055100,-0.002900,-1.000500, , , 
3052.000000,154499.000000,75549924.000000,0.058000,0.008700,-0.965700, , , 
3053.000000,154500.000000,75549924.000000, , , ,-0.650391,-0.650391,0.000000
3054.000000,154600.000000,75549924.000000,0.063800,0.011600,-0.974400, , , 
3055.000000,154601.000000,75549924.000000, , , ,-0.325195,-0.975586,0.650391
3056.000000,154692.000000,75549924.000000, , , ,-0.325195,-0.650391,0.650391
3057.000000,154699.000000,75549924.000000,0.055100,0.000000,-0.971500, , , 
3058.000000,154793.000000,75549924.000000, , , ,-0.325195,0.325195,0.650391
3059.000000,154800.000000,75549924.000000,0.049300,0.020300,-1.000500, , , 
3060.000000,154894.000000,75549924.000000, , , ,-0.325195,0.000000,0.325195
3061.000000,154899.000000,75549924.000000,0.052200,-0.020300,-1.009200, , , 
3062.000000,154995.000000,75549924.000000, , , ,0.000000,0.975586,0.000000
3063.000000,155000.000000,75549924.000000,0.046400,0.014500,-1.012100, , , 
3064.000000,155096.000000,75549924.000000, , , ,0.000000,0.650391,0.325195
3065.000000,155099.000000,75549924.000000,0.063800,0.005800,-1.003400, , , 
3066.000000,155197.000000,75549924.000000, , , ,0.325195,0.000000,0.650391
3067.000000,155200.000000,75549924.000000,0.075400,0.011600,-0.957000, , , 
3068.000000,155298.000000,75549924.000000, , , ,0.000000,-0.650391,0.650391
3069.000000,155299.000000,75549924.000000,0.055100,0.011600,-0.980200, , , 
3070.000000,155399.000000,75549924.000000, , , ,0.000000,0.650391,0.325195
3071.000000,155400.000000,75549924.000000,0.034800,-0.002900,-1.006300, , , 
3072.000000,155499.000000,75549924.000000,0.043500,0.002900,-1.029500, , , 
3073.000000,155500.000000,75549924.000000, , , ,-0.325195,1.300781,0.650391
3074.000000,155600.000000,75549924.000000,0.072500,0.002900,-1.003400, , , 
3075.000000,155601.000000,75549924.000000, , , ,0.000000,0.650391,0.325195
3076.000000,155692.000000,75549924.000000, , , ,0.000000,0.000000,0.325195
3077.000000,155699.000000,75549924.000000,0.066700,0.008700,-0.980200, , , 
3078.000000,155793.000000,75549924.000000, , , ,-0.325195,-0.325195,0.325195
3079.000000,155800.000000,75549924.000000,0.055100,-0.029000,-0.983100, , , 
3080.000000,155894.000000,75549924.000000, , , ,0.000000,0.650391,0.325195
3081.000000,155899.000000,75549924.000000,0.052200,0.008700,-0.994700, , , 
3082.000000,155995.000000,75549924.000000, , , ,0.000000,0.000000,0.325195
3083.000000,156000.000000,75549924.000000,0.063800,0.000000,-0.994700, , , 
3084.000000,156096.000000,75549924.000000, , , ,0.000000,0.000000,0.975586
3085.000000,156099.000000,75549924.000000,0.052200,0.000000,-0.988900, , , 
3086.000000,156197.000000,75549924.000000, , , ,-0.650391,0.000000,0.650391
3087.000000,156200.000000,75549924.000000,0.072500,-0.002900,-0.974400, , , 
3088.000000,156298.000000,75549924.000000, , , ,-0.325195,-0.325195,0.650391
3089.000000,156299.000000,75549924.000000,0.043500,0.005800,-0.974400, , , 
3090.000000,156399.000000,75549924.000000, , , ,-0.325195,0.325195,0.650391
3091.000000,156400.000000,75549924.000000,0.017400,-0.011600,-0.997600, , , 
3092.000000,156499.000000,75549924.000000,0.037700,0.002900,-1.026600, , , 
3093.000000,156500.000000,75549924.000000, , , ,-0.650391,0.650391,0.650391
3094.000000,156600.000000,75549924.000000,0.037700,0.014500,-1.003400, , , 
3095.000000,156601.000000,75549924.000000, , , ,-0.650391,0.000000,0.650391
3096.000000,156692.000000,75549924.000000, , , ,-0.975586,0.000000,0.650391
3097.000000,156699.000000,75549924.000000,0.046400,0.008700,-0.971500, , , 
3098.000000,156793.000000,75549924.000000, , , ,-0.650391,-0.325195,0.975586
3099.000000,156800.000000,75549924.000000,0.043500,0.000000,-0.962800, , , 
3100.000000,156894.000000,75549924.000000, , , ,-0.975586,-0.325195,0.650391
3101.000000,156899.000000,75549924.000000,0.031900,0.026100,-0.962800, , , 
3102.000000,156995.000000,75549924.000000, , , ,-0.975586,-0.325195,0.975586
3103.000000,157000.000000,75549924.000000,0.023200,0.023200,-0.988900, , , 
3104.000000,157096.000000,75549924.000000, , , ,-0.650391,0.325195,0.975586
3105.000000,157099.000000,75549924.000000,0.002900,0.026100,-0.988900, , , 
3106.000000,157197.000000,75549924.000000, , , ,-0.650391,-0.325195,0.650391
3107.000000,157200.000000,75549924.000000,0.008700,0.014500,-0.991800, , , 
3108.000000,157298.000000,75549924.000000, , , ,0.000000,-0.650391,0.975586
3109.000000,157299.000000,75549924.000000,0.000000,0.034800,-0.962800, , , 
3110.000000,157399.000000,75549924.000000, , , ,-0.325195,-0.975586,0.975586
3111.000000,157400.000000,75549924.000000,-0.008700,0.031900,-0.974400, , , 
3112.000000,157499.000000,75549924.000000,-0.014500,0.014500,-0.986000, , , 
3113.000000,157500.000000,75549924.000000, , , ,-0.650391,-0.325195,0.975586
3114.000000,157600.000000,75549924.000000,-0.008700,0.000000,-1.017900, , , 
3115.000000,157601.000000,75549924.000000, , , ,-0.975586,0.650391,0.975586
3116.000000,157692.000000,75549924.000000, , , ,-1.300781,0.325195,0.975586
3117.000000,157699.000000,75549924.000000,-0.014500,0.031900,-1.003400, , , 
3118.000000,157793.000000,75549924.000000, , , ,-1.625977,0.000000,0.650391
3119.000000,157800.000000,75549924.000000,-0.002900,0.017400,-0.968600, , , 
3120.000000,157894.000000,75549924.000000, , , ,0.650391,-2.276367,0.650391
3121.000000,157899.000000,75549924.000000,0.017400,0.084100,-0.893200, , , 
3122.000000,157995.000000,75549924.000000, , , ,0.650391,-0.975586,0.975586
3123.000000,158000.000000,75549924.000000,-0.081200,0.000000,-0.997600, , , 
3124.000000,158096.000000,75549924.000000, , , ,0.975586,2.926758,0.650391
3125.000000,158099.000000,75549924.000000,-0.052200,0.011600,-1.067200, , , 
3126.000000,158197.000000,75549924.000000, , , ,-0.975586,1.951172,0.975586
3127.000000,158200.000000,75549924.000000,0.002900,-0.029000,-1.058500, , , 
3128.000000,158298.000000,75549924.000000, , , ,-0.975586,-0.650391,0.975586
3129.000000,158299.000000,75549924.000000,-0.005800,0.020300,-0.980200, , , 
3130.000000,158399.000000,75549924.000000, , , ,-0.975586,-0.650391,0.650391
3131.000000,158400.000000,75549924.000000,-0.017400,0.017400,-0.959900, , , 
3132.000000,158499.000000,75549924.000000,-0.029000,0.029000,-0.971500, , , 
3133.000000,158500.000000,75549924.000000, , , ,-0.975586,0.000000,1.300781
3134.000000,158600.000000,75549924.000000,-0.017400,0.017400,-0.962800, , , 
3135.000000,158601.000000,75549924.000000, , , ,0.000000,0.000000,1.300781
3136.000000,158692.000000,75549924.000000, , , ,0.000000,0.000000,0.650391
3137.000000,158699.000000,75549924.000000,-0.017400,0.034800,-0.980200, , , 
3138.000000,158793.000000,75549924.000000, , , ,0.000000,-0.325195,0.650391
3139.000000,158800.000000,75549924.000000,-0.005800,0.029000,-0.951200, , , 
3140.000000,158894.000000,75549924.000000, , , ,0.000000,-0.650391,0.650391
3141.000000,158899.000000,75549924.000000,-0.031900,0.023200,-0.968600, , , 
3142.000000,158995.000000,75549924.000000, , , ,-0.325195,0.000000,0.975586
3143.000000,159000.000000,75549924.000000,-0.023200,0.002900,-0.986000, , , 
3144.000000,159096.000000,75549924.000000, , , ,0.000000,0.650391,0.975586
3145.000000,159099.000000,75549924.000000,-0.031900,0.020300,-0.986000, , , 
3146.000000,159197.000000,75549924.000000, , , ,0.325195,0.000000,1.300781
3147.000000,159200.000000,75549924.000000,0.000000,0.037700,-0.988900, , , 
3148.000000,159298.000000,75549924.000000, , , ,0.000000,0.000000,1.625977
3149.000000,159299.000000,75549924.000000,-0.031900,0.049300,-0.994700, , , 
3150.000000,159399.000000,75549924.000000, , , ,0.000000,0.650391,1.625977
3151.000000,159400.000000,75549924.000000,-0.011600,-0.005800,-1.032400, , , 
3152.000000,159499.000000,75549924.000000,-0.005800,0.063800,-0.962800, , , 
3153.000000,159500.000000,75549924.000000, , , ,0.000000,0.000000,1.625977
3154.000000,159600.000000,75549924.000000,-0.020300,0.040600,-0.986000, , , 
3155.000000,159601.000000,75549924.000000, , , ,0.000000,-0.325195,1.300781
3156.000000,159692.000000,75549924.000000, , , ,0.000000,0.000000,1.300781
3157.000000,159699.000000,75549924.000000,-0.023200,0.002900,-0.962800, , , 
3158.000000,159793.000000,75549924.000000, , , ,0.975586,-0.325195,1.300781
3159.000000,159800.000000,75549924.000000,-0.011600,0.034800,-0.980200, , , 
3160.000000,159894.000000,75549924.000000, , , ,-0.650391,0.000000,1.625977
3161.000000,159899.000000,75549924.000000,-0.023200,0.014500,-0.988900, , , 
3162.000000,159995.000000,75549924.000000, , , ,-0.325195,0.650391,1.300781
3163.000000,160000.000000,75549924.000000,-0.034800,0.008700,-1.006300, , , 
3164.000000,160096.000000,75549924.000000, , , ,-0.650391,1.300781,1.625977
3165.000000,160099.000000,75549924.000000,-0.017400,0.008700,-1.003400, , , 
3166.000000,160197.000000,75549924.000000, , , ,-0.975586,0.325195,0.650391
3167.000000,160200.000000,75549924.000000,-0.011600,-0.002900,-1.012100, , , 
3168.000000,160298.000000,75549924.000000, , , ,-0.975586,0.000000,0.650391
3169.000000,160299.000000,75549924.000000,0.005800,0.008700,-0.959900, , , 
3170.000000,160399.000000,75549924.000000, , , ,0.000000,-1.951172,0.650391
3171.000000,160400.000000,75549924.000000,-0.002900,0.000000,-0.928000, , , 
3172.000000,160499.000000,75549924.000000,-0.008700,0.040600,-0.907700, , , 
3173.000000,160500.000000,75549924.000000, , , ,0.975586,-2.276367,0.975586
3174.000000,160600.000000,75549924.000000,-0.026100,-0.040600,-0.930900, , , 
3175.000000,160601.000000,75549924.000000, , , ,-0.650391,-1.951172,0.325195
3176.000000,160692.000000,75549924.000000, , , ,-0.650391,-0.650391,0.325195
3177.000000,160699.000000,75549924.000000,-0.046400,0.000000,-1.000500, , , 
3178.000000,160793.000000,75549924.000000, , , ,-2.276367,1.625977,0.325195
3179.000000,160800.000000,75549924.000000,-0.034800,-0.031900,-1.029500, , , 
3180.000000,160894.000000,75549924.000000, , , ,-0.650391,1.300781,0.975586
3181.000000,160899.000000,75549924.000000,-0.002900,0.017400,-1.035300, , , 
3182.000000,160995.000000,75549924.000000, , , ,-0.975586,-0.650391,0.325195
3183.000000,161000.000000,75549924.000000,0.023200,0.034800,-0.930900, , , 
3184.000000,161096.000000,75549924.000000, , , ,2.926758,-2.601563,0.000000
3185.000000,161099.000000,75549924.000000,-0.014500,0.055100,-0.939600, , , 
3186.000000,161197.000000,75549924.000000, , , ,1.951172,-0.325195,0.000000
3187.000000,161200.000000,75549924.000000,-0.046400,-0.049300,-0.986000, , , 
3188.000000,161298.000000,75549924.000000, , , ,1.951172,1.300781,0.000000
3189.000000,161299.000000,75549924.000000,-0.023200,-0.046400,-1.003400, , , 
3190.000000,161399.000000,75549924.000000, , , ,-0.325195,0.325195,-0.325195
3191.000000,161400.000000,75549924.000000,-0.002900,-0.066700,-1.017900, , , 
3192.000000,161499.000000,75549924.000000,-0.014500,-0.026100,-1.000500, , , 
3193.000000,161500.000000,75549924.000000, , , ,0.325195,0.325195,0.000000
3194.000000,161600.000000,75549924.000000,0.000000,-0.060900,-0.962800, , , 
3195.000000,161601.000000,75549924.000000, , , ,-0.650391,0.000000,-0.325195
3196.000000,161692.000000,75549924.000000, , , ,-0.650391,-0.975586,-0.325195
3197.000000,161699.000000,75549924.000000,0.000000,-0.029000,-0.942500, , , 
3198.000000,161793.000000,75549924.000000, , , ,-0.650391,-1.300781,-0.325195
3199.000000,161800.000000,75549924.000000,-0.031900,-0.078300,-0.971500, , , 
3200.000000,161894.000000,75549924.000000, , , ,-0.650391,0.000000,-0.975586
3201.000000,161899.000000,75549924.000000,-0.023200,-0.052200,-0.971500, , , 
3202.000000,161995.000000,75549924.000000, , , ,-0.325195,0.000000,-1.300781
3203.000000,162000.000000,75549924.000000,-0.014500,-0.072500,-0.994700, , , 
3204.000000,162096.000000,75549924.000000, , , ,-0.650391,-0.650391,-0.975586
3205.000000,162099.000000,75549924.000000,-0.017400,-0.069600,-0.954100, , , 
3206.000000,162197.000000,75549924.000000, , , ,0.000000,-0.650391,-1.300781
3207.000000,162200.000000,75549924.000000,-0.046400,-0.063800,-0.962800, , , 
3208.000000,162298.000000,75549924.000000, , , ,-0.975586,-0.325195,-1.625977
3209.000000,162299.000000,75549924.000000,-0.052200,-0.104400,-0.974400, , , 
3210.000000,162399.000000,75549924.000000, , , ,-1.300781,-0.650391,-0.975586
3211.000000,162400.000000,75549924.000000,-0.060900,-0.087000,-0.968600, , , 
3212.000000,162499.000000,75549924.000000,-0.078300,-0.072500,-0.983100, , , 
3213.000000,162500.000000,75549924.000000, , , ,-0.975586,-0.650391,-1.625977
3214.000000,162600.000000,75549924.000000,-0.107300,-0.078300,-0.977300, , , 
3215.000000,162601.000000,75549924.000000, , , ,-1.951172,0.000000,-1.300781
3216.000000,162692.000000,75549924.000000, , , ,-0.650391,-0.650391,-1.625977
3217.000000,162699.000000,75549924.000000,-0.098600,-0.052200,-0.983100, , , 
3218.000000,162793.000000,75549924.000000, , , ,-0.325195,-0.650391,-1.951172
3219.000000,162800.000000,75549924.000000,-0.116000,-0.055100,-0.997600, , , 
3220.000000,162894.000000,75549924.000000, , , ,0.000000,0.325195,-1.625977
3221.000000,162899.000000,75549924.000000,-0.116000,-0.055100,-0.974400, , , 
3222.000000,162995.000000,75549924.000000, , , ,0.000000,-0.650391,-1.951172
3223.000000,163000.000000,75549924.000000,-0.110200,-0.072500,-0.997600, , , 
3224.000000,163096.000000,75549924.000000, , , ,-0.325195,-0.650391,-0.975586
3225.000000,163099.000000,75549924.000000,-0.127600,-0.063800,-0.959900, , , 
3226.000000,163197.000000,75549924.000000, , , ,0.000000,0.000000,-1.300781
3227.000000,163200.000000,75549924.000000,-0.142100,-0.052200,-0.971500, , , 
3228.000000,163298.000000,75549924.000000, , , ,-0.650391,0.000000,-1.300781
3229.000000,163299.000000,75549924.000000,-0.142100,-0.060900,-0.971500, , , 
3230.000000,163399.000000,75549924.000000, , , ,0.325195,-0.325195,-1.300781
3231.000000,163400.000000,75549924.000000,-0.139200,-0.052200,-0.983100, , , 
3232.000000,163499.000000,75549924.000000,-0.124700,-0.040600,-0.951200, , , 
3233.000000,163500.000000,75549924.000000, , , ,0.000000,-0.650391,-0.975586
3234.000000,163600.000000,75549924.000000,-0.081200,-0.060900,-0.968600, , , 
3235.000000,163601.000000,75549924.000000, , , ,0.975586,-0.325195,-1.300781
3236.000000,163692.000000,75549924.000000, , , ,-0.325195,0.000000,-0.975586
3237.000000,163699.000000,75549924.000000,-0.046400,-0.069600,-0.977300, , , 
3238.000000,163793.000000,75549924.000000, , , ,0.325195,0.650391,-0.975586
3239.000000,163800.000000,75549924.000000,-0.052200,-0.040600,-0.980200, , , 
3240.000000,163894.000000,75549924.000000, , , ,-0.325195,0.000000,-0.650391
3241.000000,163899.000000,75549924.000000,-0.046400,-0.063800,-0.997600, , , 
3242.000000,163995.000000,75549924.000000, , , ,-0.325195,0.650391,-0.975586
3243.000000,164000.000000,75549924.000000,-0.037700,-0.058000,-0.997600, , , 
3244.000000,164096.000000,75549924.000000, , , ,-0.325195,0.325195,-0.975586
3245.000000,164099.000000,75549924.000000,-0.040600,-0.043500,-0.971500, , , 
3246.000000,164197.000000,75549924.000000, , , ,-0.650391,0.000000,-0.650391
3247.000000,164200.000000,75549924.000000,-0.026100,-0.058000,-0.983100, , , 
3248.000000,164298.000000,75549924.000000, , , ,-0.650391,0.000000,-0.650391
3249.000000,164299.000000,75549924.000000,-0.031900,-0.060900,-0.988900, , , 
3250.000000,164399.000000,75549924.000000, , , ,-0.325195,0.000000,-0.325195
3251.000000,164400.000000,75549924.000000,-0.034800,-0.040600,-0.965700, , , 
3252.000000,164499.000000,75549924.000000,-0.020300,-0.055100,-0.980200, , , 
3253.000000,164500.000000,75549924.000000, , , ,-1.300781,-0.325195,-0.650391
3254.000000,164600.000000,75549924.000000,-0.043500,-0.037700,-0.977300, , , 
3255.000000,164601.000000,75549924.000000, , , ,0.000000,0.000000,-0.650391
3256.000000,164692.000000,75549924.000000, , , ,-0.975586,0.000000,-0.650391
3257.000000,164699.000000,75549924.000000,-0.029000,-0.052200,-0.974400, , , 
3258.000000,164793.000000,75549924.000000, , , ,-0.650391,0.000000,-0.650391
3259.000000,164800.000000,75549924.000000,-0.029000,-0.043500,-1.006300, , , 
3260.000000,164894.000000,75549924.000000, , , ,-0.325195,0.000000,-0.325195
3261.000000,164899.000000,75549924.000000,-0.040600,-0.037700,-0.977300, , , 
3262.000000,164995.000000,75549924.000000, , , ,-0.975586,-0.325195,-0.325195
3263.000000,165000.000000,75549924.000000,-0.069600,-0.011600,-0.957000, , , 
3264.000000,165096.000000,75549924.000000, , , ,-0.325195,-0.975586,0.000000
3265.000000,165099.000000,75549924.000000,-0.072500,-0.040600,-0.983100, , , 
3266.000000,165197.000000,75549924.000000, , , ,-1.300781,-0.325195,0.325195
3267.000000,165200.000000,75549924.000000,-0.095700,-0.023200,-0.991800, , , 
3268.000000,165298.000000,75549924.000000, , , ,-1.300781,0.000000,0.975586
3269.000000,165299.000000,75549924.000000,-0.087000,0.005800,-0.977300, , , 
3270.000000,165399.000000,75549924.000000, , , ,-1.951172,0.000000,1.625977
3271.000000,165400.000000,75549924.000000,-0.092800,0.034800,-0.965700, , , 
3272.000000,165499.000000,75549924.000000,-0.095700,0.066700,-0.988900, , , 
3273.000000,165500.000000,75549924.000000, , , ,-1.300781,-0.650391,3.251953
3274.000000,165600.000000,75549924.000000,-0.124700,0.107300,-1.000500, , , 
3275.000000,165601.000000,75549924.000000, , , ,-0.325195,0.000000,3.577148
3276.000000,165692.000000,75549924.000000, , , ,0.000000,1.300781,4.877930
3277.000000,165699.000000,75549924.000000,-0.124700,0.133400,-1.023700, , , 
3278.000000,165793.000000,75549924.000000, , , ,1.625977,2.276367,4.552734
3279.000000,165800.000000,75549924.000000,-0.124700,0.116000,-1.015000, , , 
3280.000000,165894.000000,75549924.000000, , , ,1.625977,1.625977,5.853516
3281.000000,165899.000000,75549924.000000,-0.089900,0.118900,-0.980200, , , 
3282.000000,165995.000000,75549924.000000, , , ,0.000000,0.000000,6.829102
3283.000000,166000.000000,75549924.000000,-0.084100,0.081200,-0.988900, , , 
3284.000000,166096.000000,75549924.000000, , , ,-0.650391,0.000000,8.129883
3285.000000,166099.000000,75549924.000000,-0.127600,0.162400,-0.980200, , , 
3286.000000,166197.000000,75549924.000000, , , ,-1.300781,0.000000,9.430664
3287.000000,166200.000000,75549924.000000,-0.116000,0.156600,-0.965700, , , 
3288.000000,166298.000000,75549924.000000, , , ,-1.625977,0.325195,10.731445
3289.000000,166299.000000,75549924.000000,-0.116000,0.214600,-0.994700, , , 
3290.000000,166399.000000,75549924.000000, , , ,-1.951172,1.300781,12.357422
3291.000000,166400.000000,75549924.000000,-0.058000,0.237800,-1.023700, , , 
3292.000000,166499.000000,75549924.000000,-0.037700,0.255200,-0.991800, , , 
3293.000000,166500.000000,75549924.000000, , , ,-2.276367,2.276367,13.658203
3294.000000,166600.000000,75549924.000000,-0.005800,0.284200,-0.971500, , , 
3295.000000,166601.000000,75549924.000000, , , ,-1.300781,0.975586,14.308594
3296.000000,166692.000000,75549924.000000, , , ,0.325195,-0.325195,14.308594
3297.000000,166699.000000,75549924.000000,-0.014500,0.292900,-0.991800, , , 
3298.000000,166793.000000,75549924.000000, , , ,0.000000,-0.975586,13.983398
3299.000000,166800.000000,75549924.000000,-0.037700,0.223300,-1.006300, , , 
3300.000000,166894.000000,75549924.000000, , , ,1.300781,0.000000,13.658203
3301.000000,166899.000000,75549924.000000,-0.026100,0.261000,-0.919300, , , 
3302.000000,166995.000000,75549924.000000, , , ,1.300781,-0.650391,13.658203
3303.000000,167000.000000,75549924.000000,-0.023200,0.255200,-0.954100, , , 
3304.000000,167096.000000,75549924.000000, , , ,1.300781,-1.300781,13.983398
3305.000000,167099.000000,75549924.000000,-0.037700,0.229100,-1.020800, , , 
3306.000000,167197.000000,75549924.000000, , , ,0.975586,0.000000,14.958983
3307.000000,167200.000000,75549924.000000,-0.063800,0.243600,-1.000500, , , 
3308.000000,167298.000000,75549924.000000, , , ,2.926758,2.601563,14.308594
3309.000000,167299.000000,75549924.000000,-0.043500,0.272600,-1.015000, , , 
3310.000000,167399.000000,75549924.000000, , , ,1.951172,2.601563,13.658203
3311.000000,167400.000000,75549924.000000,0.029000,0.185600,-1.009200, , , 
3312.000000,167499.000000,75549924.000000,0.060900,0.208800,-0.971500, , , 
3313.000000,167500.000000,75549924.000000, , , ,-0.650391,0.975586,15.284179
3314.000000,167600.000000,75549924.000000,0.063800,0.243600,-1.003400, , , 
3315.000000,167601.000000,75549924.000000, , , ,-1.300781,0.000000,15.609375
3316.000000,167692.000000,75549924.000000, , , ,-2.926758,-1.300781,15.609375
3317.000000,167699.000000,75549924.000000,0.063800,0.220400,-0.959900, , , 
3318.000000,167793.000000,75549924.000000, , , ,-3.251953,-0.650391,14.958983
3319.000000,167800.000000,75549924.000000,0.037700,0.275500,-0.968600, , , 
3320.000000,167894.000000,75549924.000000, , , ,-5.203125,0.000000,17.885742
3321.000000,167899.000000,75549924.000000,0.011600,0.298700,-1.038200, , , 
3322.000000,167995.000000,75549924.000000, , , ,-2.276367,2.926758,18.861328
3323.000000,168000.000000,75549924.000000,0.008700,0.414700,-1.020800, , , 
3324.000000,168096.000000,75549924.000000, , , ,-0.650391,2.926758,18.210938
3325.000000,168099.000000,75549924.000000,0.055100,0.359600,-0.983100, , , 
3326.000000,168197.000000,75549924.000000, , , ,0.325195,0.975586,18.536133
3327.000000,168200.000000,75549924.000000,0.055100,0.348000,-1.029500, , , 
3328.000000,168298.000000,75549924.000000, , , ,-0.975586,0.000000,18.536133
3329.000000,168299.000000,75549924.000000,0.052200,0.313200,-1.006300, , , 
3330.000000,168399.000000,75549924.000000, , , ,0.000000,0.000000,18.861328
3331.000000,168400.000000,75549924.000000,0.043500,0.345100,-0.951200, , , 
3332.000000,168499.000000,75549924.000000,0.069600,0.333500,-0.965700, , , 
3333.000000,168500.000000,75549924.000000, , , ,0.000000,0.000000,18.536133
3334.000000,168600.000000,75549924.000000,0.084100,0.333500,-0.954100, , , 
3335.000000,168601.000000,75549924.000000, , , ,0.975586,-1.625977,17.560547
3336.000000,168692.000000,75549924.000000, , , ,0.650391,-1.625977,17.235352
3337.000000,168699.000000,75549924.000000,0.055100,0.290000,-0.988900, , , 
3338.000000,168793.000000,75549924.000000, , , ,0.650391,0.000000,16.910156
3339.000000,168800.000000,75549924.000000,0.046400,0.298700,-1.003400, , , 
3340.000000,168894.000000,75549924.000000, , , ,-0.325195,1.625977,16.910156
3341.000000,168899.000000,75549924.000000,0.084100,0.266800,-0.980200, , , 
3342.000000,168995.000000,75549924.000000, , , ,0.650391,1.951172,16.259766
3343.000000,169000.000000,75549924.000000,0.104400,0.295800,-1.012100, , , 
3344.000000,169096.000000,75549924.000000, , , ,-0.650391,0.000000,14.958983
3345.000000,169099.000000,75549924.000000,0.127600,0.217500,-1.000500, , , 
3346.000000,169197.000000,75549924.000000, , , ,-0.975586,-0.650391,14.633790
3347.000000,169200.000000,75549924.000000,0.110200,0.252300,-0.962800, , , 
3348.000000,169298.000000,75549924.000000, , , ,-0.975586,0.000000,13.983398
3349.000000,169299.000000,75549924.000000,0.118900,0.252300,-0.997600, , , 
3350.000000,169399.000000,75549924.000000, , , ,-0.325195,0.000000,13.333008
3351.000000,169400.000000,75549924.000000,0.104400,0.237800,-0.974400, , , 
3352.000000,169499.000000,75549924.000000,0.110200,0.200100,-0.994700, , , 
3353.000000,169500.000000,75549924.000000, , , ,-0.975586,0.975586,12.032227
3354.000000,169600.000000,75549924.000000,0.130500,0.191400,-0.983100, , , 
3355.000000,169601.000000,75549924.000000, , , ,-0.325195,0.325195,10.731445
3356.000000,169692.000000,75549924.000000, , , ,-0.650391,0.000000,10.081055
3357.000000,169699.000000,75549924.000000,0.136300,0.179800,-1.012100, , , 
3358.000000,169793.000000,75549924.000000, , , ,0.000000,0.325195,9.430664
3359.000000,169800.000000,75549924.000000,0.142100,0.162400,-0.991800, , , 
3360.000000,169894.000000,75549924.000000, , , ,-0.975586,0.650391,8.129883
3361.000000,169899.000000,75549924.000000,0.171100,0.156600,-1.003400, , , 
3362.000000,169995.000000,75549924.000000, , , ,-0.325195,0.975586,7.154297
3363.000000,170000.000000,75549924.000000,0.159500,0.130500,-0.980200, , , 
3364.000000,170096.000000,75549924.000000, , , ,-0.325195,-0.325195,6.178711
3365.000000,170099.000000,75549924.000000,0.156600,0.130500,-0.991800, , , 
3366.000000,170197.000000,75549924.000000, , , ,-0.650391,-0.650391,5.853516
3367.000000,170200.000000,75549924.000000,0.162400,0.107300,-0.986000, , , 
3368.000000,170298.000000,75549924.000000, , , ,-0.325195,0.000000,4.877930
3369.000000,170299.000000,75549924.000000,0.159500,0.101500,-0.994700, , , 
3370.000000,170399.000000,75549924.000000, , , ,-0.975586,0.325195,4.227539
3371.000000,170400.000000,75549924.000000,0.153700,0.089900,-1.003400, , , 
3372.000000,170499.000000,75549924.000000,0.159500,0.072500,-0.994700, , , 
3373.000000,170500.000000,75549924.000000, , , ,0.000000,0.325195,3.902344
3374.000000,170600.000000,75549924.000000,0.174000,0.066700,-1.000500, , , 
3375.000000,170601.000000,75549924.000000, , , ,0.000000,0.000000,3.251953
3376.000000,170692.000000,75549924.000000, , , ,-0.325195,0.000000,2.601563
3377.000000,170699.000000,75549924.000000,0.165300,0.072500,-0.997600, , , 
3378.000000,170793.000000,75549924.000000, , , ,0.000000,0.000000,2.276367
3379.000000,170800.000000,75549924.000000,0.156600,0.043500,-0.983100, , , 
3380.000000,170894.000000,75549924.000000, , , ,-0.975586,0.000000,1.951172
3381.000000,170899.000000,75549924.000000,0.153700,0.063800,-1.003400, , , 
3382.000000,170995.000000,75549924.000000, , , ,-0.650391,0.000000,1.951172
3383.000000,171000.000000,75549924.000000,0.159500,0.037700,-0.991800, , , 
3384.000000,171096.000000,75549924.000000, , , ,-0.650391,-0.325195,1.625977
3385.000000,171099.000000,75549924.000000,0.162400,0.046400,-0.991800, , , 
3386.000000,171197.000000,75549924.000000, , , ,-1.300781,-0.325195,1.625977
3387.000000,171200.000000,75549924.000000,0.150800,0.055100,-0.991800, , , 
3388.000000,171298.000000,75549924.000000, , , ,-0.975586,0.325195,1.625977
3389.000000,171299.000000,75549924.000000,0.153700,0.055100,-0.997600, , , 
3390.000000,171399.000000,75549924.000000, , , ,-0.325195,0.325195,1.300781
3391.000000,171400.000000,75549924.000000,0.156600,0.026100,-1.006300, , , 
3392.000000,171499.000000,75549924.000000,0.150800,0.020300,-1.009200, , , 
3393.000000,171500.000000,75549924.000000, , , ,0.000000,0.325195,0.325195
3394.000000,171600.000000,75549924.000000,0.153700,-0.023200,-1.003400, , , 
3395.000000,171601.000000,75549924.000000, , , ,0.000000,0.000000,-0.325195
3396.000000,171702.000000,75549924.000000,0.156600,-0.023200,-1.006300, , , 
3397.000000,171703.000000,75549924.000000, , , ,0.000000,0.325195,-0.975586
3398.000000,171793.000000,75549924.000000, , , ,-0.975586,0.325195,-0.650391
3399.000000,171800.000000,75549924.000000,0.150800,-0.034800,-1.006300, , , 
3400.000000,171893.000000,75549924.000000, , , ,-0.975586,0.000000,-0.650391
3401.000000,171900.000000,75549924.000000,0.147900,-0.008700,-1.003400, , , 
3402.000000,171994.000000,75549924.000000, , , ,-0.650391,0.000000,-0.650391
3403.000000,171999.000000,75549924.000000,0.159500,-0.002900,-0.994700, , , 
3404.000000,172095.000000,75549924.000000, , , ,-0.650391,0.000000,-0.650391
3405.000000,172100.000000,75549924.000000,0.150800,0.005800,-0.994700, , , 
3406.000000,172196.000000,75549924.000000, , , ,-0.650391,0.000000,-0.650391
3407.000000,172199.000000,75549924.000000,0.145000,-0.008700,-0.991800, , , 
3408.000000,172297.000000,75549924.000000, , , ,-0.325195,0.000000,-0.325195
3409.000000,172300.000000,75549924.000000,0.145000,-0.005800,-0.983100, , , 
3410.000000,172398.000000,75549924.000000, , , ,-0.325195,-0.975586,-0.325195
3411.000000,172399.000000,75549924.000000,0.147900,0.023200,-0.974400, , , 
3412.000000,172499.000000,75549924.000000, , , ,-0.975586,-1.625977,-0.650391
3413.000000,172500.000000,75549924.000000,0.139200,-0.008700,-0.971500, , , 
3414.000000,172599.000000,75549924.000000,0.121800,0.008700,-0.968600, , , 
3415.000000,172600.000000,75549924.000000, , , ,-0.650391,-0.650391,-0.650391
3416.000000,172700.000000,75549924.000000,0.107300,0.005800,-0.988900, , , 
3417.000000,172701.000000,75549924.000000, , , ,-0.975586,-0.650391,-0.650391
3418.000000,172792.000000,75549924.000000, , , ,-0.975586,0.000000,-0.650391
3419.000000,172799.000000,75549924.000000,0.113100,0.005800,-0.986000, , , 
3420.000000,172893.000000,75549924.000000, , , ,-1.300781,-0.650391,-0.325195
3421.000000,172900.000000,75549924.000000,0.098600,-0.002900,-0.988900, , , 
3422.000000,172994.000000,75549924.000000, , , ,-0.975586,0.000000,-0.650391
3423.000000,172999.000000,75549924.000000,0.072500,0.005800,-0.988900, , , 
3424.000000,173095.000000,75549924.000000, , , ,0.000000,-0.975586,-0.975586
3425.000000,173100.000000,75549924.000000,0.060900,0.002900,-0.997600, , , 
3426.000000,173196.000000,75549924.000000, , , ,-0.650391,0.000000,-0.325195
3427.000000,173199.000000,75549924.000000,0.069600,0.000000,-1.006300, , , 
3428.000000,173297.000000,75549924.000000, , , ,-0.650391,0.650391,-0.650391
3429.000000,173300.000000,75549924.000000,0.069600,0.000000,-0.997600, , , 
3430.000000,173398.000000,75549924.000000, , , ,-0.650391,0.000000,-0.650391
3431.000000,173399.000000,75549924.000000,0.063800,-0.002900,-0.991800, , , 
3432.000000,173499.000000,75549924.000000, , , ,-0.975586,-0.325195,-0.975586
3433.000000,173500.000000,75549924.000000,0.058000,0.020300,-0.994700, , , 
3434.000000,173599.000000,75549924.000000,0.040600,-0.014500,-0.988900, , , 
3435.000000,173600.000000,75549924.000000, , , ,-0.975586,0.325195,-0.650391
3436.000000,173699.000000,75549924.000000,0.026100,0.000000,-0.988900, , , 
3437.000000,173700.000000,75549924.000000, , , ,-0.975586,0.325195,-0.975586
3438.000000,173800.000000,75549924.000000,0.031900,-0.005800,-0.971500, , , 
3439.000000,173801.000000,75549924.000000, , , ,-0.650391,-0.325195,-0.650391
3440.000000,173892.000000,75549924.000000, , , ,-0.975586,-0.325195,-0.650391
3441.000000,173899.000000,75549924.000000,0.008700,0.017400,-0.991800, , , 
3442.000000,173993.000000,75549924.000000, , , ,-0.650391,0.000000,-1.300781
3443.000000,174000.000000,75549924.000000,-0.005800,0.000000,-0.974400, , , 
3444.000000,174094.000000,75549924.000000, , , ,-0.325195,-0.325195,-1.300781
3445.000000,174099.000000,75549924.000000,0.000000,0.002900,-0.997600, , , 
3446.000000,174195.000000,75549924.000000, , , ,0.000000,0.000000,-1.625977
3447.000000,174200.000000,75549924.000000,-0.002900,0.000000,-0.988900, , , 
3448.000000,174296.000000,75549924.000000, , , ,0.000000,0.000000,-1.300781
3449.000000,174299.000000,75549924.000000,-0.005800,0.000000,-0.986000, , , 
3450.000000,174397.000000,75549924.000000, , , ,-0.325195,0.000000,-0.650391
3451.000000,174400.000000,75549924.000000,0.002900,-0.017400,-0.968600, , , 
3452.000000,174498.000000,75549924.000000, , , ,0.000000,-0.650391,-1.300781
3453.000000,174499.000000,75549924.000000,-0.008700,-0.011600,-0.988900, , , 
3454.000000,174599.000000,75549924.000000, , , ,-0.325195,0.000000,-1.300781
3455.000000,174600.000000,75549924.000000,-0.008700,0.002900,-0.974400, , , 
3456.000000,174699.000000,75549924.000000,0.000000,-0.002900,-0.986000, , , 
3457.000000,174700.000000,75549924.000000, , , ,0.000000,-0.325195,-1.951172
3458.000000,174800.000000,75549924.000000,-0.017400,-0.005800,-0.988900, , , 
3459.000000,174801.000000,75549924.000000, , , ,-0.650391,-0.325195,-1.300781
3460.000000,174892.000000,75549924.000000, , , ,0.325195,0.000000,-1.300781
3461.000000,174899.000000,75549924.000000,-0.011600,-0.011600,-0.983100, , , 
3462.000000,174993.000000,75549924.000000, , , ,-0.325195,0.000000,-1.300781
3463.000000,175000.000000,75549924.000000,-0.005800,0.000000,-0.994700, , , 
3464.000000,175094.000000,75549924.000000, , , ,-0.325195,0.000000,-1.300781
3465.000000,175099.000000,75549924.000000,-0.008700,-0.008700,-0.974400, , , 
3466.000000,175195.000000,75549924.000000, , , ,-0.325195,0.000000,-1.300781
3467.000000,175200.000000,75549924.000000,-0.011600,-0.011600,-0.994700, , , 
3468.000000,175296.000000,75549924.000000, , , ,-0.325195,0.000000,-0.975586
3469.000000,175299.000000,75549924.000000,-0.014500,0.008700,-0.983100, , , 
3470.000000,175397.000000,75549924.000000, , , ,-0.325195,0.000000,-0.975586
3471.000000,175400.000000,75549924.000000,-0.014500,0.008700,-0.994700, , , 
3472.000000,175498.000000,75549924.000000, , , ,-0.650391,0.000000,-0.975586
3473.000000,175499.000000,75549924.000000,-0.017400,0.002900,-1.000500, , , 
3474.000000,175599.000000,75549924.000000, , , ,0.000000,0.975586,-0.650391
3475.000000,175600.000000,75549924.000000,-0.014500,0.023200,-1.015000, , , 
3476.000000,175699.000000,75549924.000000,-0.014500,0.014500,-1.015000, , , 
3477.000000,175700.000000,75549924.000000, , , ,0.000000,0.975586,-0.975586
3478.000000,175800.000000,75549924.000000,-0.011600,0.000000,-1.006300, , , 
3479.000000,175801.000000,75549924.000000, , , ,-0.325195,0.650391,-0.650391
3480.000000,175892.000000,75549924.000000, , , ,-0.325195,0.325195,-0.325195
3481.000000,175899.000000,75549924.000000,-0.008700,0.000000,-1.006300, , , 
3482.000000,175993.000000,75549924.000000, , , ,0.000000,0.325195,-0.650391
3483.000000,176000.000000,75549924.000000,0.002900,0.014500,-0.980200, , , 
3484.000000,176094.000000,75549924.000000, , , ,-0.650391,0.000000,-0.325195
3485.000000,176099.000000,75549924.000000,0.017400,0.014500,-0.983100, , , 
3486.000000,176195.000000,75549924.000000, , , ,0.000000,0.000000,-0.650391
3487.000000,176200.000000,75549924.000000,0.040600,0.017400,-0.971500, , , 
3488.000000,176296.000000,75549924.000000, , , ,0.000000,-0.325195,0.000000
3489.000000,176299.000000,75549924.000000,0.049300,0.023200,-0.980200, , , 
3490.000000,176397.000000,75549924.000000, , , ,-0.325195,0.000000,-0.325195
3491.000000,176400.000000,75549924.000000,0.052200,0.023200,-0.977300, , , 
3492.000000,176498.000000,75549924.000000, , , ,0.000000,-0.325195,-0.325195
3493.000000,176499.000000,75549924.000000,0.069600,0.000000,-0.974400, , , 
3494.000000,176599.000000,75549924.000000, , , ,0.000000,-0.325195,0.000000
3495.000000,176600.000000,75549924.000000,0.063800,0.017400,-0.991800, , , 
3496.000000,176699.000000,75549924.000000,0.052200,0.023200,-0.991800, , , 
3497.000000,176700.000000,75549924.000000, , , ,0.000000,0.325195,-0.325195
3498.000000,176800.000000,75549924.000000,0.072500,-0.029000,-0.988900, , , 
3499.000000,176801.000000,75549924.000000, , , ,0.000000,0.000000,0.000000
3500.000000,176892.000000,75549924.000000, , , ,-0.325195,0.000000,-0.650391
3501.000000,176899.000000,75549924.000000,0.069600,0.014500,-0.997600, , , 
3502.000000,176993.000000,75549924.000000, , , ,-0.325195,0.000000,-0.325195
3503.000000,177000.000000,75549924.000000,0.084100,0.026100,-0.959900, , , 
3504.000000,177094.000000,75549924.000000, , , ,-0.975586,-0.650391,0.000000
3505.000000,177099.000000,75549924.000000,0.072500,0.000000,-0.980200, , , 
3506.000000,177195.000000,75549924.000000, , , ,-0.325195,-0.325195,-0.325195
3507.000000,177200.000000,75549924.000000,0.063800,0.034800,-0.977300, , , 
3508.000000,177296.000000,75549924.000000, , , ,0.325195,-0.325195,0.000000
3509.000000,177299.000000,75549924.000000,0.066700,0.031900,-0.986000, , , 
3510.000000,177397.000000,75549924.000000, , , ,0.000000,0.000000,-0.325195
3511.000000,177400.000000,75549924.000000,0.075400,0.000000,-0.983100, , , 
3512.000000,177498.000000,75549924.000000, , , ,0.975586,0.325195,-0.325195
3513.000000,177501.000000,75549924.000000,0.081200,0.017400,-1.020800, , , 
3514.000000,177598.000000,75549924.000000, , , ,0.000000,0.000000,0.000000
3515.000000,177599.000000,75549924.000000,0.098600,0.000000,-0.977300, , , 
3516.000000,177699.000000,75549924.000000, , , ,0.000000,-0.325195,-0.325195
3517.000000,177700.000000,75549924.000000,0.104400,0.017400,-0.994700, , , 
3518.000000,177799.000000,75549924.000000,0.092800,0.005800,-0.974400, , , 
3519.000000,177800.000000,75549924.000000, , , ,-0.650391,-0.325195,-0.325195
3520.000000,177900.000000,75549924.000000,0.089900,0.002900,-0.997600, , , 
3521.000000,177901.000000,75549924.000000, , , ,0.000000,0.325195,0.000000
3522.000000,177992.000000,75549924.000000, , , ,-0.325195,0.325195,-0.325195
3523.000000,177999.000000,75549924.000000,0.089900,0.014500,-0.977300, , , 
3524.000000,178093.000000,75549924.000000, , , ,-0.325195,0.000000,0.000000
3525.000000,178100.000000,75549924.000000,0.092800,0.023200,-0.986000, , , 
3526.000000,178194.000000,75549924.000000, , , ,0.000000,0.000000,0.000000
3527.000000,178199.000000,75549924.000000,0.098600,0.005800,-0.988900, , , 
3528.000000,178295.000000,75549924.000000, , , ,0.000000,0.000000,0.000000
3529.000000,178300.000000,75549924.000000,0.092800,0.034800,-0.986000, , , 
3530.000000,178396.000000,75549924.000000, , , ,0.000000,0.000000,0.000000
3531.000000,178399.000000,75549924.000000,0.095700,0.052200,-0.974400, , , 
3532.000000,178497.000000,75549924.000000, , , ,0.000000,-0.650391,-0.325195
3533.000000,178500.000000,75549924.000000,0.101500,0.000000,-0.968600, , , 
3534.000000,178598.000000,75549924.000000, , , ,0.325195,-0.650391,0.000000
3535.000000,178599.000000,75549924.000000,0.095700,0.023200,-0.977300, , , 
3536.000000,178699.000000,75549924.000000, , , ,0.000000,-0.325195,0.000000
3537.000000,178700.000000,75549924.000000,0.081200,0.000000,-0.986000, , , 
3538.000000,178799.000000,75549924.000000,0.078300,0.008700,-0.991800, , , 
3539.000000,178800.000000,75549924.000000, , , ,-0.325195,0.000000,-0.325195
3540.000000,178900.000000,75549924.000000,0.087000,0.014500,-1.017900, , , 
3541.000000,178901.000000,75549924.000000, , , ,0.000000,0.325195,-0.650391
3542.000000,178992.000000,75549924.000000, , , ,-0.325195,0.000000,-0.975586
3543.000000,178999.000000,75549924.000000,0.104400,-0.008700,-0.991800, , , 
3544.000000,179093.000000,75549924.000000, , , ,0.000000,-0.650391,-0.650391
3545.000000,179100.000000,75549924.000000,0.098600,0.000000,-0.991800, , , 
3546.000000,179194.000000,75549924.000000, , , ,0.000000,-0.325195,-0.325195
3547.000000,179199.000000,75549924.000000,0.089900,-0.002900,-0.977300, , , 
3548.000000,179295.000000,75549924.000000, , , ,-0.650391,-0.650391,-0.650391
3549.000000,179300.000000,75549924.000000,0.101500,-0.020300,-0.971500, , , 
3550.000000,179396.000000,75549924.000000, , , ,-0.650391,-0.325195,-0.650391
3551.000000,179399.000000,75549924.000000,0.087000,-0.005800,-0.983100, , , 
3552.000000,179497.000000,75549924.000000, , , ,0.000000,-0.325195,0.000000
3553.000000,179500.000000,75549924.000000,0.084100,-0.005800,-0.968600, , , 
3554.000000,179598.000000,75549924.000000, , , ,0.000000,-0.650391,-0.975586
3555.000000,179599.000000,75549924.000000,0.098600,-0.002900,-0.962800, , , 
3556.000000,179699.000000,75549924.000000, , , ,0.000000,-1.300781,-0.975586
3557.000000,179700.000000,75549924.000000,0.101500,-0.008700,-0.942500, , , 
3558.000000,179799.000000,75549924.000000,0.089900,-0.008700,-0.951200, , , 
3559.000000,179800.000000,75549924.000000, , , ,0.000000,-1.625977,-0.975586
3560.000000,179900.000000,75549924.000000,0.087000,-0.023200,-0.951200, , , 
3561.000000,179901.000000,75549924.000000, , , ,0.975586,-1.300781,-0.975586
3562.000000,179992.000000,75549924.000000, , , ,0.650391,-0.650391,-1.300781
3563.000000,179999.000000,75549924.000000,0.069600,-0.023200,-0.994700, , , 
3564.000000,180093.000000,75549924.000000, , , ,0.650391,0.000000,-1.300781
3565.000000,180100.000000,75549924.000000,0.098600,-0.037700,-0.968600, , , 
3566.000000,180194.000000,75549924.000000, , , ,0.325195,-0.650391,-1.300781
3567.000000,180199.000000,75549924.000000,0.089900,-0.034800,-0.994700, , , 
3568.000000,180295.000000,75549924.000000, , , ,0.325195,-0.325195,-1.625977
3569.000000,180300.000000,75549924.000000,0.075400,-0.049300,-0.971500, , , 
3570.000000,180396.000000,75549924.000000, , , ,0.000000,-0.325195,-1.300781
3571.000000,180399.000000,75549924.000000,0.092800,-0.034800,-0.997600, , , 
3572.000000,180497.000000,75549924.000000, , , ,0.000000,0.000000,-1.300781
3573.000000,180500.000000,75549924.000000,0.081200,-0.040600,-0.988900, , , 
3574.000000,180598.000000,75549924.000000, , , ,0.000000,0.000000,-0.975586
3575.000000,180599.000000,75549924.000000,0.087000,-0.031900,-0.986000, , , 
3576.000000,180699.000000,75549924.000000, , , ,0.000000,0.000000,-0.975586
3577.000000,180700.000000,75549924.000000,0.095700,-0.031900,-0.997600, , , 
3578.000000,180799.000000,75549924.000000,0.081200,-0.049300,-0.997600, , , 
3579.000000,180800.000000,75549924.000000, , , ,-0.325195,0.000000,-1.300781
3580.000000,180900.000000,75549924.000000,0.092800,-0.046400,-0.994700, , , 
3581.000000,180901.000000,75549924.000000, , , ,0.000000,-0.325195,-1.300781
3582.000000,180992.000000,75549924.000000, , , ,0.325195,0.000000,-1.300781
3583.000000,180999.000000,75549924.000000,0.084100,-0.037700,-0.988900, , , 
3584.000000,181093.000000,75549924.000000, , , ,0.000000,0.000000,-1.300781
3585.000000,181100.000000,75549924.000000,0.069600,-0.040600,-0.997600, , , 
3586.000000,181194.000000,75549924.000000, , , ,0.325195,0.000000,-0.975586
3587.000000,181199.000000,75549924.000000,0.084100,-0.043500,-1.003400, , , 
3588.000000,181295.000000,75549924.000000, , , ,0.325195,0.000000,-0.975586
3589.000000,181300.000000,75549924.000000,0.089900,-0.058000,-0.991800, , , 
3590.000000,181396.000000,75549924.000000, , , ,0.325195,0.000000,-0.975586
3591.000000,181399.000000,75549924.000000,0.084100,-0.052200,-1.000500, , , 
3592.000000,181497.000000,75549924.000000, , , ,0.000000,0.650391,-0.975586
3593.000000,181500.000000,75549924.000000,0.066700,-0.046400,-1.015000, , , 
3594.000000,181598.000000,75549924.000000, , , ,0.000000,1.300781,-0.650391
3595.000000,181599.000000,75549924.000000,0.078300,-0.043500,-1.006300, , , 
3596.000000,181699.000000,75549924.000000, , , ,-0.325195,0.975586,-0.325195
3597.000000,181700.000000,75549924.000000,0.087000,-0.037700,-1.015000, , , 
3598.000000,181799.000000,75549924.000000,0.084100,-0.029000,-1.009200, , , 
3599.000000,181800.000000,75549924.000000, , , ,0.000000,0.325195,-0.325195
3600.000000,181900.000000,75549924.000000,0.058000,-0.034800,-1.017900, , , 
3601.000000,181901.000000,75549924.000000, , , ,-0.650391,0.325195,-0.325195
3602.000000,181992.000000,75549924.000000, , , ,-0.975586,0.000000,-0.650391
3603.000000,181999.000000,75549924.000000,0.078300,-0.031900,-1.003400, , , 
3604.000000,182093.000000,75549924.000000, , , ,-0.650391,-0.325195,-0.325195
3605.000000,182100.000000,75549924.000000,0.098600,-0.014500,-1.000500, , , 
3606.000000,182194.000000,75549924.000000, , , ,0.325195,-0.325195,-0.325195
3607.000000,182199.000000,75549924.000000,0.078300,-0.020300,-0.951200, , , 
3608.000000,182295.000000,75549924.000000, , , ,0.000000,0.000000,-0.325195
3609.000000,182300.000000,75549924.000000,0.081200,-0.020300,-0.974400, , , 
3610.000000,182396.000000,75549924.000000, , , ,0.975586,0.325195,-0.325195
3611.000000,182399.000000,75549924.000000,0.078300,-0.020300,-0.991800, , , 
3612.000000,182497.000000,75549924.000000, , , ,-0.325195,0.000000,0.325195
3613.000000,182500.000000,75549924.000000,0.118900,-0.060900,-0.948300, , , 
3614.000000,182598.000000,75549924.000000, , , ,-2.276367,-2.601563,-0.325195
3615.000000,182599.000000,75549924.000000,0.072500,0.008700,-0.968600, , , 
3616.000000,182699.000000,75549924.000000, , , ,-0.975586,0.325195,0.000000
3617.000000,182700.000000,75549924.000000,0.029000,-0.060900,-0.997600, , , 
3618.000000,182799.000000,75549924.000000,0.092800,-0.020300,-1.046900, , , 
3619.000000,182800.000000,75549924.000000, , , ,-0.975586,1.625977,0.000000
3620.000000,182900.000000,75549924.000000,0.084100,0.002900,-0.986000, , , 
3621.000000,182901.000000,75549924.000000, , , ,0.975586,0.650391,-0.650391
3622.000000,182992.000000,75549924.000000, , , ,0.325195,0.000000,-0.650391
3623.000000,182999.000000,75549924.000000,0.084100,-0.078300,-1.020800, , , 
3624.000000,183093.000000,75549924.000000, , , ,0.650391,0.000000,-0.650391
3625.000000,183100.000000,75549924.000000,0.081200,-0.031900,-0.959900, , , 
3626.000000,183194.000000,75549924.000000, , , ,-0.975586,-1.951172,-0.650391
3627.000000,183199.000000,75549924.000000,0.098600,-0.040600,-0.954100, , , 
3628.000000,183295.000000,75549924.000000, , , ,-0.650391,-0.975586,-0.325195
3629.000000,183300.000000,75549924.000000,0.066700,-0.046400,-0.974400, , , 
3630.000000,183396.000000,75549924.000000, , , ,-0.975586,0.325195,-0.325195
3631.000000,183399.000000,75549924.000000,0.043500,-0.037700,-0.994700, , , 
3632.000000,183497.000000,75549924.000000, , , ,-0.325195,0.325195,-0.650391
3633.000000,183500.000000,75549924.000000,0.072500,-0.023200,-1.012100, , , 
3634.000000,183598.000000,75549924.000000, , , ,0.000000,-0.650391,-0.325195
3635.000000,183599.000000,75549924.000000,0.095700,-0.058000,-0.991800, , , 
3636.000000,183699.000000,75549924.000000, , , ,0.000000,-0.650391,-0.650391
3637.000000,183700.000000,75549924.000000,0.084100,-0.023200,-0.991800, , , 
3638.000000,183799.000000,75549924.000000,0.075400,-0.020300,-0.948300, , , 
3639.000000,183800.000000,75549924.000000, , , ,0.975586,-0.650391,-0.325195
3640.000000,183900.000000,75549924.000000,0.058000,-0.055100,-0.988900, , , 
3641.000000,183901.000000,75549924.000000, , , ,0.325195,-0.650391,-0.650391
3642.000000,183992.000000,75549924.000000, , , ,0.000000,0.000000,0.000000
3643.000000,183999.000000,75549924.000000,0.066700,-0.087000,-0.986000, , , 
3644.000000,184093.000000,75549924.000000, , , ,-1.300781,-0.325195,-0.650391
3645.000000,184100.000000,75549924.000000,0.063800,-0.023200,-1.032400, , , 
3646.000000,184194.000000,75549924.000000, , , ,-2.926758,1.951172,0.650391
3647.000000,184199.000000,75549924.000000,0.055100,-0.081200,-1.058500, , , 
3648.000000,184295.000000,75549924.000000, , , ,-1.625977,1.300781,-0.650391
3649.000000,184300.000000,75549924.000000,0.095700,0.000000,-1.015000, , , 
3650.000000,184396.000000,75549924.000000, , , ,-0.650391,-1.951172,0.000000
3651.000000,184399.000000,75549924.000000,0.118900,0.049300,-0.965700, , , 
3652.000000,184497.000000,75549924.000000, , , ,0.975586,-0.975586,-0.325195
3653.000000,184500.000000,75549924.000000,0.043500,0.002900,-0.951200, , , 
3654.000000,184598.000000,75549924.000000, , , ,0.975586,0.975586,-0.325195
3655.000000,184599.000000,75549924.000000,0.063800,-0.020300,-0.997600, , , 
3656.000000,184699.000000,75549924.000000, , , ,0.325195,0.325195,0.000000
3657.000000,184700.000000,75549924.000000,0.101500,-0.049300,-0.971500, , , 
3658.000000,184799.000000,75549924.000000,0.089900,-0.008700,-1.000500, , , 
3659.000000,184800.000000,75549924.000000, , , ,0.000000,-0.650391,0.000000
3660.000000,184900.000000,75549924.000000,0.055100,-0.046400,-0.974400, , , 
3661.000000,184901.000000,75549924.000000, , , ,-0.650391,0.000000,0.000000
3662.000000,184992.000000,75549924.000000, , , ,-0.975586,-0.650391,0.000000
3663.000000,184999.000000,75549924.000000,0.052200,0.005800,-0.974400, , , 
3664.000000,185093.000000,75549924.000000, , , ,0.000000,0.650391,0.325195
3665.000000,185100.000000,75549924.000000,0.046400,0.034800,-1.017900, , , 
3666.000000,185194.000000,75549924.000000, , , ,0.000000,0.000000,0.000000
3667.000000,185199.000000,75549924.000000,0.069600,-0.058000,-1.012100, , , 
3668.000000,185295.000000,75549924.000000, , , ,-0.325195,-0.650391,0.000000
3669.000000,185300.000000,75549924.000000,0.069600,-0.029000,-0.959900, , , 
3670.000000,185396.000000,75549924.000000, , , ,-1.300781,-0.975586,0.000000
3671.000000,185399.000000,75549924.000000,0.060900,-0.023200,-0.971500, , , 
3672.000000,185497.000000,75549924.000000, , , ,0.000000,0.000000,0.000000
3673.000000,185500.000000,75549924.000000,0.034800,-0.008700,-0.962800, , , 
3674.000000,185598.000000,75549924.000000, , , ,-0.325195,-0.325195,0.000000
3675.000000,185599.000000,75549924.000000,0.066700,-0.002900,-0.968600, , , 
3676.000000,185699.000000,75549924.000000, , , ,-0.325195,-0.325195,-0.325195
3677.000000,185700.000000,75549924.000000,0.069600,-0.020300,-1.009200, , , 
3678.000000,185799.000000,75549924.000000,0.020300,-0.026100,-0.994700, , , 
3679.000000,185800.000000,75549924.000000, , , ,-2.926758,0.975586,0.325195
3680.000000,185900.000000,75549924.000000,0.092800,-0.029000,-1.000500, , , 
3681.000000,185901.000000,75549924.000000, , , ,-0.975586,0.000000,0.325195
3682.000000,185992.000000,75549924.000000, , , ,-0.650391,-1.300781,0.325195
3683.000000,185999.000000,75549924.000000,0.060900,0.017400,-0.962800, , , 
3684.000000,186093.000000,75549924.000000, , , ,-0.325195,-0.325195,-0.325195
3685.000000,186100.000000,75549924.000000,0.014500,-0.005800,-0.991800, , , 
3686.000000,186194.000000,75549924.000000, , , ,-0.650391,1.625977,0.000000
3687.000000,186201.000000,75549924.000000,0.017400,-0.026100,-1.038200, , , 
3688.000000,186294.000000,75549924.000000, , , ,-0.325195,1.300781,0.000000
3689.000000,186299.000000,75549924.000000,0.037700,-0.005800,-1.046900, , , 
3690.000000,186395.000000,75549924.000000, , , ,-0.325195,-0.325195,0.000000
3691.000000,186400.000000,75549924.000000,0.037700,0.002900,-0.974400, , , 
3692.000000,186496.000000,75549924.000000, , , ,-0.325195,-0.975586,-0.325195
3693.000000,186499.000000,75549924.000000,0.017400,-0.008700,-0.951200, , , 
3694.000000,186597.000000,75549924.000000, , , ,-0.325195,-0.975586,0.000000
3695.000000,186600.000000,75549924.000000,0.014500,-0.011600,-0.939600, , , 
3696.000000,186698.000000,75549924.000000, , , ,-0.650391,-1.300781,0.325195
3697.000000,186699.000000,75549924.000000,0.011600,-0.005800,-0.942500, , , 
3698.000000,186799.000000,75549924.000000, , , ,-1.300781,-0.975586,0.650391
3699.000000,186800.000000,75549924.000000,-0.008700,0.000000,-0.968600, , , 
3700.000000,186899.000000,75549924.000000,0.000000,-0.005800,-0.986000, , , 
3701.000000,186900.000000,75549924.000000, , , ,-1.625977,0.000000,0.650391
3702.000000,187000.000000,75549924.000000,-0.008700,0.037700,-1.023700, , , 
3703.000000,187001.000000,75549924.000000, , , ,-0.975586,0.650391,0.325195
3704.000000,187092.000000,75549924.000000, , , ,0.000000,0.650391,0.325195
3705.000000,187099.000000,75549924.000000,0.002900,0.017400,-1.049800, , , 
3706.000000,187193.000000,75549924.000000, , , ,0.000000,0.650391,0.000000
3707.000000,187200.000000,75549924.000000,0.005800,0.000000,-1.035300, , , 
3708.000000,187294.000000,75549924.000000, , , ,0.000000,0.325195,0.650391
3709.000000,187299.000000,75549924.000000,0.002900,0.005800,-0.991800, , , 
3710.000000,187395.000000,75549924.000000, , , ,-0.650391,0.000000,0.325195
3711.000000,187400.000000,75549924.000000,0.008700,0.000000,-0.971500, , , 
3712.000000,187496.000000,75549924.000000, , , ,0.325195,-0.325195,0.325195
3713.000000,187499.000000,75549924.000000,-0.002900,0.011600,-0.968600, , , 
3714.000000,187597.000000,75549924.000000, , , ,0.000000,-0.325195,0.000000
3715.000000,187600.000000,75549924.000000,-0.017400,0.014500,-0.980200, , , 
3716.000000,187698.000000,75549924.000000, , , ,0.000000,0.000000,0.000000
3717.000000,187699.000000,75549924.000000,-0.005800,-0.020300,-0.980200, , , 
3718.000000,187799.000000,75549924.000000, , , ,0.000000,-0.325195,0.325195
3719.000000,187800.000000,75549924.000000,-0.008700,-0.002900,-0.986000, , , 
3720.000000,187899.000000,75549924.000000,-0.014500,-0.005800,-0.974400, , , 
3721.000000,187900.000000,75549924.000000, , , ,-0.650391,0.000000,0.975586
3722.000000,188000.000000,75549924.000000,-0.017400,-0.023200,-0.980200, , , 
3723.000000,188001.000000,75549924.000000, , , ,-0.975586,-0.325195,0.000000
3724.000000,188092.000000,75549924.000000, , , ,-0.325195,0.000000,-0.325195
3725.000000,188099.000000,75549924.000000,-0.034800,-0.029000,-0.988900, , , 
3726.000000,188193.000000,75549924.000000, , , ,-0.325195,0.000000,-0.650391
3727.000000,188200.000000,75549924.000000,-0.026100,-0.031900,-0.991800, , , 
3728.000000,188294.000000,75549924.000000, , , ,-0.650391,0.325195,-0.650391
3729.000000,188299.000000,75549924.000000,-0.017400,-0.031900,-1.000500, , , 
3730.000000,188395.000000,75549924.000000, , , ,-0.325195,0.325195,-0.650391
3731.000000,188400.000000,75549924.000000,-0.017400,-0.040600,-0.994700, , , 
3732.000000,188496.000000,75549924.000000, , , ,-0.650391,0.000000,-0.975586
3733.000000,188499.000000,75549924.000000,-0.023200,-0.034800,-0.974400, , , 
3734.000000,188597.000000,75549924.000000, , , ,-0.975586,0.000000,-0.650391
3735.000000,188600.000000,75549924.000000,-0.023200,-0.052200,-0.994700, , , 
3736.000000,188698.000000,75549924.000000, , , ,-0.325195,0.000000,-0.975586
3737.000000,188699.000000,75549924.000000,-0.023200,-0.037700,-1.000500, , , 
3738.000000,188799.000000,75549924.000000, , , ,-0.975586,0.325195,-0.650391
3739.000000,188800.000000,75549924.000000,-0.020300,-0.046400,-0.994700, , , 
3740.000000,188899.000000,75549924.000000,-0.023200,-0.049300,-0.994700, , , 
3741.000000,188900.000000,75549924.000000, , , ,-0.325195,-0.325195,-1.300781
3742.000000,189000.000000,75549924.000000,-0.014500,-0.052200,-0.977300, , , 
3743.000000,189001.000000,75549924.000000, , , ,-0.325195,0.000000,-1.300781
3744.000000,189092.000000,75549924.000000, , , ,0.325195,-0.325195,-1.625977
3745.000000,189099.000000,75549924.000000,-0.020300,-0.063800,-0.980200, , , 
3746.000000,189193.000000,75549924.000000, , , ,0.325195,-0.325195,-2.276367
3747.000000,189200.000000,75549924.000000,-0.011600,-0.081200,-0.957000, , , 
3748.000000,189294.000000,75549924.000000, , , ,0.650391,-0.650391,-2.276367
3749.000000,189299.000000,75549924.000000,-0.031900,-0.081200,-0.980200, , , 
3750.000000,189395.000000,75549924.000000, , , ,0.650391,0.000000,-2.276367
3751.000000,189400.000000,75549924.000000,-0.023200,-0.101500,-0.988900, , , 
3752.000000,189496.000000,75549924.000000, , , ,0.325195,0.000000,-2.601563
3753.000000,189499.000000,75549924.000000,-0.029000,-0.092800,-0.988900, , , 
3754.000000,189597.000000,75549924.000000, , , ,0.000000,0.325195,-2.276367
3755.000000,189600.000000,75549924.000000,-0.023200,-0.124700,-0.997600, , , 
3756.000000,189698.000000,75549924.000000, , , ,0.000000,0.000000,-2.276367
3757.000000,189699.000000,75549924.000000,-0.023200,-0.092800,-0.997600, , , 
3758.000000,189799.000000,75549924.000000, , , ,-0.650391,0.000000,-1.951172
3759.000000,189800.000000,75549924.000000,-0.017400,-0.104400,-0.994700, , , 
3760.000000,189899.000000,75549924.000000,-0.023200,-0.095700,-0.986000, , , 
3761.000000,189900.000000,75549924.000000, , , ,-0.975586,-0.325195,-2.276367
3762.000000,190000.000000,75549924.000000,-0.002900,-0.101500,-0.971500, , , 
3763.000000,190001.000000,75549924.000000, , , ,0.000000,-0.325195,-2.276367
3764.000000,190092.000000,75549924.000000, , , ,-0.325195,-0.325195,-2.276367
3765.000000,190099.000000,75549924.000000,-0.031900,-0.092800,-0.974400, , , 
3766.000000,190193.000000,75549924.000000, , , ,0.000000,0.325195,-2.276367
3767.000000,190200.000000,75549924.000000,-0.020300,-0.095700,-0.986000, , , 
3768.000000,190294.000000,75549924.000000, , , ,0.000000,0.000000,-2.276367
3769.000000,190299.000000,75549924.000000,-0.017400,-0.104400,-0.991800, , , 
3770.000000,190395.000000,75549924.000000, , , ,0.000000,0.000000,-2.276367
3771.000000,190400.000000,75549924.000000,-0.002900,-0.087000,-0.994700, , , 
3772.000000,190496.000000,75549924.000000, , , ,-0.325195,0.000000,-2.276367
3773.000000,190499.000000,75549924.000000,-0.020300,-0.089900,-0.977300, , , 
3774.000000,190597.000000,75549924.000000, , , ,-0.325195,-0.325195,-2.276367
3775.000000,190600.000000,75549924.000000,-0.008700,-0.098600,-0.968600, , , 
3776.000000,190698.000000,75549924.000000, , , ,-0.325195,0.000000,-2.276367
3777.000000,190699.000000,75549924.000000,-0.031900,-0.095700,-0.980200, , , 
3778.000000,190799.000000,75549924.000000, , , ,-1.300781,0.000000,-1.951172
3779.000000,190800.000000,75549924.000000,-0.014500,-0.104400,-0.977300, , , 
3780.000000,190899.000000,75549924.000000,-0.017400,-0.084100,-0.986000, , , 
3781.000000,190900.000000,75549924.000000, , , ,-0.975586,-0.325195,-1.951172
3782.000000,191000.000000,75549924.000000,-0.037700,-0.069600,-0.991800, , , 
3783.000000,191001.000000,75549924.000000, , , ,-1.300781,0.000000,-1.625977
3784.000000,191092.000000,75549924.000000, , , ,-1.951172,0.325195,-0.975586
3785.000000,191099.000000,75549924.000000,-0.026100,-0.052200,-0.991800, , , 
3786.000000,191193.000000,75549924.000000, , , ,-1.951172,0.000000,0.000000
3787.000000,191200.000000,75549924.000000,-0.011600,-0.023200,-0.986000, , , 
3788.000000,191294.000000,75549924.000000, , , ,-0.975586,0.000000,0.000000
3789.000000,191299.000000,75549924.000000,-0.063800,0.005800,-0.991800, , , 
3790.000000,191395.000000,75549924.000000, , , ,-0.975586,0.325195,0.000000
3791.000000,191400.000000,75549924.000000,-0.026100,0.002900,-1.006300, , , 
3792.000000,191496.000000,75549924.000000, , , ,-0.650391,0.000000,0.000000
3793.000000,191499.000000,75549924.000000,-0.031900,0.000000,-0.986000, , , 
3794.000000,191597.000000,75549924.000000, , , ,-0.325195,0.000000,0.000000
3795.000000,191600.000000,75549924.000000,-0.037700,-0.017400,-0.974400, , , 
3796.000000,191698.000000,75549924.000000, , , ,0.000000,0.000000,0.325195
3797.000000,191699.000000,75549924.000000,-0.052200,0.005800,-0.988900, , , 
3798.000000,191799.000000,75549924.000000, , , ,-0.650391,0.000000,0.000000
3799.000000,191800.000000,75549924.000000,-0.043500,-0.014500,-0.997600, , , 
3800.000000,191899.000000,75549924.000000,-0.037700,0.011600,-0.988900, , , 
3801.000000,191900.000000,75549924.000000, , , ,0.325195,0.000000,0.000000
3802.000000,192000.000000,75549924.000000,-0.069600,-0.020300,-0.988900, , , 
3803.000000,192001.000000,75549924.000000, , , ,-0.325195,0.000000,0.000000
3804.000000,192092.000000,75549924.000000, , , ,0.000000,0.325195,0.000000
3805.000000,192099.000000,75549924.000000,-0.078300,-0.008700,-1.000500, , , 
3806.000000,192193.000000,75549924.000000, , , ,-0.975586,0.325195,0.325195
3807.000000,192200.000000,75549924.000000,-0.078300,-0.029000,-1.006300, , , 
3808.000000,192294.000000,75549924.000000, , , ,-1.300781,0.000000,0.325195
3809.000000,192299.000000,75549924.000000,-0.075400,-0.026100,-0.991800, , , 
3810.000000,192395.000000,75549924.000000, , , ,-1.300781,0.000000,0.000000
3811.000000,192400.000000,75549924.000000,-0.075400,-0.040600,-0.991800, , , 
3812.000000,192496.000000,75549924.000000, , , ,-1.625977,0.000000,0.000000
3813.000000,192499.000000,75549924.000000,-0.069600,0.011600,-0.971500, , , 
3814.000000,192597.000000,75549924.000000, , , ,-1.625977,-0.975586,0.325195
3815.000000,192600.000000,75549924.000000,-0.069600,0.000000,-0.957000, , , 
3816.000000,192698.000000,75549924.000000, , , ,-0.975586,0.000000,0.650391
3817.000000,192699.000000,75549924.000000,-0.098600,0.008700,-0.983100, , , 
3818.000000,192799.000000,75549924.000000, , , ,-1.625977,0.325195,0.000000
3819.000000,192800.000000,75549924.000000,-0.078300,-0.002900,-0.991800, , , 
3820.000000,192899.000000,75549924.000000,-0.055100,-0.008700,-0.988900, , , 
3821.000000,192900.000000,75549924.000000, , , ,-1.951172,0.000000,0.325195
3822.000000,193000.000000,75549924.000000,-0.069600,0.046400,-0.945400, , , 
3823.000000,193001.000000,75549924.000000, , , ,-1.300781,-0.975586,0.325195
3824.000000,193092.000000,75549924.000000, , , ,-1.625977,-0.975586,0.325195
3825.000000,193099.000000,75549924.000000,-0.087000,0.023200,-0.962800, , , 
3826.000000,193193.000000,75549924.000000, , , ,0.000000,-0.325195,0.650391
3827.000000,193200.000000,75549924.000000,-0.072500,0.055100,-0.957000, , , 
3828.000000,193294.000000,75549924.000000, , , ,-0.325195,-0.975586,0.650391
3829.000000,193299.000000,75549924.000000,-0.075400,0.020300,-0.971500, , , 
3830.000000,193395.000000,75549924.000000, , , ,0.325195,-0.325195,0.325195
3831.000000,193400.000000,75549924.000000,-0.089900,0.020300,-0.971500, , , 
3832.000000,193496.000000,75549924.000000, , , ,0.000000,0.000000,0.325195
3833.000000,193499.000000,75549924.000000,-0.113100,0.017400,-1.000500, , , 
3834.000000,193597.000000,75549924.000000, , , ,0.000000,0.975586,0.325195
3835.000000,193600.000000,75549924.000000,-0.101500,0.017400,-1.009200, , , 
3836.000000,193698.000000,75549924.000000, , , ,-0.325195,0.650391,0.650391
3837.000000,193699.000000,75549924.000000,-0.098600,0.011600,-1.012100, , , 
3838.000000,193799.000000,75549924.000000, , , ,0.000000,0.000000,0.650391
3839.000000,193800.000000,75549924.000000,-0.104400,0.017400,-0.977300, , , 
3840.000000,193899.000000,75549924.000000,-0.095700,0.046400,-0.965700, , , 
3841.000000,193900.000000,75549924.000000, , , ,0.000000,0.000000,0.975586
3842.000000,194000.000000,75549924.000000,-0.113100,0.046400,-0.986000, , , 
3843.000000,194001.000000,75549924.000000, , , ,-0.325195,0.000000,1.300781
3844.000000,194092.000000,75549924.000000, , , ,-0.325195,0.000000,0.975586
3845.000000,194099.000000,75549924.000000,-0.104400,0.026100,-0.974400, , , 
3846.000000,194193.000000,75549924.000000, , , ,0.000000,0.000000,0.975586
3847.000000,194200.000000,75549924.000000,-0.110200,0.011600,-0.974400, , , 
3848.000000,194294.000000,75549924.000000, , , ,0.000000,-0.650391,0.975586
3849.000000,194299.000000,75549924.000000,-0.116000,0.031900,-0.977300, , , 
3850.000000,194395.000000,75549924.000000, , , ,-0.325195,-0.325195,0.650391
3851.000000,194400.000000,75549924.000000,-0.130500,0.034800,-0.974400, , , 
3852.000000,194496.000000,75549924.000000, , , ,0.325195,0.325195,0.975586
3853.000000,194499.000000,75549924.000000,-0.121800,0.031900,-0.986000, , , 
3854.000000,194597.000000,75549924.000000, , , ,0.000000,0.000000,0.650391
3855.000000,194600.000000,75549924.000000,-0.127600,0.029000,-0.977300, , , 
3856.000000,194698.000000,75549924.000000, , , ,0.325195,0.000000,0.975586
3857.000000,194699.000000,75549924.000000,-0.127600,0.026100,-0.983100, , , 
3858.000000,194799.000000,75549924.000000, , , ,0.000000,-0.325195,0.650391
3859.000000,194800.000000,75549924.000000,-0.136300,0.017400,-0.983100, , , 
3860.000000,194899.000000,75549924.000000,-0.145000,0.008700,-0.994700, , , 
3861.000000,194900.000000,75549924.000000, , , ,0.650391,0.325195,0.325195
3862.000000,195000.000000,75549924.000000,-0.130500,-0.002900,-0.991800, , , 
3863.000000,195001.000000,75549924.000000, , , ,0.000000,0.325195,0.325195
3864.000000,195092.000000,75549924.000000, , , ,-0.325195,0.000000,0.650391
3865.000000,195099.000000,75549924.000000,-0.124700,0.005800,-0.971500, , , 
3866.000000,195193.000000,75549924.000000, , , ,0.325195,-0.650391,0.000000
3867.000000,195200.000000,75549924.000000,-0.145000,-0.008700,-0.968600, , , 
3868.000000,195294.000000,75549924.000000, , , ,0.000000,-0.975586,0.325195
3869.000000,195299.000000,75549924.000000,-0.133400,0.005800,-0.965700, , , 
3870.000000,195395.000000,75549924.000000, , , ,-0.325195,-0.325195,0.325195
3871.000000,195400.000000,75549924.000000,-0.147900,-0.002900,-0.983100, , , 
3872.000000,195496.000000,75549924.000000, , , ,-0.325195,0.000000,0.325195
3873.000000,195499.000000,75549924.000000,-0.156600,-0.005800,-0.971500, , , 
3874.000000,195597.000000,75549924.000000, , , ,-0.325195,0.000000,0.325195
3875.000000,195600.000000,75549924.000000,-0.139200,0.008700,-0.988900, , , 
3876.000000,195698.000000,75549924.000000, , , ,-0.325195,0.000000,0.650391
3877.000000,195699.000000,75549924.000000,-0.139200,0.000000,-0.968600, , , 
3878.000000,195799.000000,75549924.000000, , , ,-0.325195,-0.650391,0.975586
3879.000000,195800.000000,75549924.000000,-0.147900,0.014500,-0.971500, , , 
3880.000000,195899.000000,75549924.000000,-0.159500,0.002900,-0.971500, , , 
3881.000000,195900.000000,75549924.000000, , , ,-0.325195,0.000000,0.975586
3882.000000,196000.000000,75549924.000000,-0.165300,0.000000,-0.965700, , , 
3883.000000,196001.000000,75549924.000000, , , ,-0.325195,0.000000,0.650391
3884.000000,196092.000000,75549924.000000, , , ,-0.325195,-0.325195,0.650391
3885.000000,196099.000000,75549924.000000,-0.165300,0.011600,-0.977300, , , 
3886.000000,196193.000000,75549924.000000, , , ,-0.325195,-0.325195,0.650391
3887.000000,196200.000000,75549924.000000,-0.182700,0.000000,-0.971500, , , 
3888.000000,196294.000000,75549924.000000, , , ,0.000000,0.000000,0.650391
3889.000000,196299.000000,75549924.000000,-0.179800,0.008700,-0.980200, , , 
3890.000000,196395.000000,75549924.000000, , , ,-0.325195,0.000000,0.650391
3891.000000,196400.000000,75549924.000000,-0.179800,0.002900,-0.965700, , , 
3892.000000,196496.000000,75549924.000000, , , ,-0.325195,-0.325195,0.325195
3893.000000,196499.000000,75549924.000000,-0.176900,-0.008700,-0.971500, , , 
3894.000000,196597.000000,75549924.000000, , , ,-0.325195,-0.650391,0.650391
3895.000000,196600.000000,75549924.000000,-0.176900,0.014500,-0.971500, , , 
3896.000000,196698.000000,75549924.000000, , , ,0.000000,-0.325195,0.325195
3897.000000,196699.000000,75549924.000000,-0.191400,-0.014500,-0.983100, , , 
3898.000000,196799.000000,75549924.000000, , , ,0.000000,0.000000,0.650391
3899.000000,196800.000000,75549924.000000,-0.182700,0.011600,-0.980200, , , 
3900.000000,196899.000000,75549924.000000,-0.179800,-0.014500,-0.980200, , , 
3901.000000,196900.000000,75549924.000000, , , ,0.325195,0.325195,0.650391
3902.000000,197000.000000,75549924.000000,-0.174000,0.002900,-0.980200, , , 
3903.000000,197001.000000,75549924.000000, , , ,0.000000,-0.325195,0.325195
3904.000000,197092.000000,75549924.000000, , , ,0.000000,-0.650391,0.325195
3905.000000,197099.000000,75549924.000000,-0.179800,-0.011600,-0.968600, , , 
3906.000000,197193.000000,75549924.000000, , , ,-0.325195,-0.325195,0.000000
3907.000000,197200.000000,75549924.000000,-0.176900,0.000000,-0.977300, , , 
3908.000000,197294.000000,75549924.000000, , , ,0.000000,0.000000,0.650391
3909.000000,197299.000000,75549924.000000,-0.176900,-0.017400,-0.971500, , , 
3910.000000,197395.000000,75549924.000000, , , ,0.000000,0.000000,0.975586
3911.000000,197400.000000,75549924.000000,-0.182700,0.000000,-0.983100, , , 
3912.000000,197496.000000,75549924.000000, , , ,0.000000,0.000000,0.650391
3913.000000,197499.000000,75549924.000000,-0.176900,-0.008700,-0.980200, , , 
3914.000000,197597.000000,75549924.000000, , , ,-0.325195,0.000000,0.325195
3915.000000,197600.000000,75549924.000000,-0.171100,-0.008700,-0.974400, , , 
3916.000000,197698.000000,75549924.000000, , , ,0.000000,0.000000,0.325195
3917.000000,197699.000000,75549924.000000,-0.171100,-0.014500,-0.980200, , , 
3918.000000,197799.000000,75549924.000000, , , ,-0.650391,0.000000,0.325195
3919.000000,197800.000000,75549924.000000,-0.174000,-0.014500,-0.977300, , , 
3920.000000,197899.000000,75549924.000000,-0.159500,-0.005800,-0.971500, , , 
3921.000000,197900.000000,75549924.000000, , , ,0.325195,0.000000,0.325195
3922.000000,198000.000000,75549924.000000,-0.171100,-0.026100,-0.980200, , , 
3923.000000,198001.000000,75549924.000000, , , ,0.000000,-0.650391,0.000000
3924.000000,198092.000000,75549924.000000, , , ,-0.325195,-0.325195,0.325195
3925.000000,198099.000000,75549924.000000,-0.165300,-0.014500,-0.988900, , , 
3926.000000,198193.000000,75549924.000000, , , ,-0.325195,0.000000,0.325195
3927.000000,198200.000000,75549924.000000,-0.176900,-0.011600,-0.974400, , , 
3928.000000,198294.000000,75549924.000000, , , ,-0.325195,0.325195,0.325195
3929.000000,198299.000000,75549924.000000,-0.168200,-0.014500,-0.974400, , , 
3930.000000,198395.000000,75549924.000000, , , ,0.000000,0.325195,0.325195
3931.000000,198400.000000,75549924.000000,-0.136300,-0.017400,-0.977300, , , 
3932.000000,198496.000000,75549924.000000, , , ,0.000000,0.000000,0.325195
3933.000000,198499.000000,75549924.000000,-0.145000,-0.014500,-0.977300, , , 
3934.000000,198597.000000,75549924.000000, , , ,-0.975586,0.000000,0.325195
3935.000000,198600.000000,75549924.000000,-0.145000,-0.026100,-0.977300, , , 
3936.000000,198698.000000,75549924.000000, , , ,-0.650391,-0.325195,0.325195
3937.000000,198699.000000,75549924.000000,-0.136300,-0.005800,-0.991800, , , 
3938.000000,198799.000000,75549924.000000, , , ,-0.325195,0.000000,0.325195
3939.000000,198800.000000,75549924.000000,-0.156600,-0.014500,-0.971500, , , 
3940.000000,198899.000000,75549924.000000,-0.145000,-0.005800,-0.980200, , , 
3941.000000,198900.000000,75549924.000000, , , ,-0.325195,0.325195,0.325195
3942.000000,199000.000000,75549924.000000,-0.136300,-0.034800,-0.977300, , , 
3943.000000,199001.000000,75549924.000000, , , ,-0.325195,0.000000,0.325195
3944.000000,199092.000000,75549924.000000, , , ,0.000000,0.000000,0.000000
3945.000000,199099.000000,75549924.000000,-0.147900,-0.023200,-0.983100, , , 
3946.000000,199193.000000,75549924.000000, , , ,-0.975586,0.000000,0.000000
3947.000000,199200.000000,75549924.000000,-0.147900,-0.014500,-0.974400, , , 
3948.000000,199294.000000,75549924.000000, , , ,0.000000,0.000000,0.000000
3949.000000,199299.000000,75549924.000000,-0.136300,-0.023200,-0.974400, , , 
3950.000000,199395.000000,75549924.000000, , , ,0.000000,-0.325195,0.000000
3951.000000,199400.000000,75549924.000000,-0.150800,-0.014500,-0.983100, , , 
3952.000000,199496.000000,75549924.000000, , , ,-0.975586,0.000000,0.000000
3953.000000,199499.000000,75549924.000000,-0.162400,-0.034800,-0.974400, , , 
3954.000000,199597.000000,75549924.000000, , , ,-0.650391,0.000000,0.000000
3955.000000,199600.000000,75549924.000000,-0.145000,-0.031900,-0.991800, , , 
3956.000000,199698.000000,75549924.000000, , , ,0.000000,-0.325195,0.000000
3957.000000,199699.000000,75549924.000000,-0.150800,-0.011600,-0.962800, , , 
3958.000000,199799.000000,75549924.000000, , , ,0.000000,0.000000,0.000000
3959.000000,199800.000000,75549924.000000,-0.156600,-0.020300,-0.980200, , , 
3960.000000,199899.000000,75549924.000000,-0.147900,-0.020300,-0.983100, , , 
3961.000000,199900.000000,75549924.000000, , , ,-0.325195,0.000000,0.000000
3962.000000,200000.000000,75549924.000000,-0.136300,-0.023200,-0.980200, , , 
3963.000000,200001.000000,75549924.000000, , , ,0.000000,0.000000,0.000000
3964.000000,200092.000000,75549924.000000, , , ,0.000000,0.000000,-0.325195
3965.000000,200099.000000,75549924.000000,-0.150800,-0.017400,-0.971500, , , 
3966.000000,200193.000000,75549924.000000, , , ,-0.650391,0.000000,0.000000
3967.000000,200200.000000,75549924.000000,-0.147900,-0.034800,-0.974400, , , 
3968.000000,200294.000000,75549924.000000, , , ,-0.650391,0.000000,0.000000
3969.000000,200299.000000,75549924.000000,-0.147900,-0.011600,-0.980200, , , 
3970.000000,200395.000000,75549924.000000, , , ,-0.650391,-0.325195,-0.325195
3971.000000,200400.000000,75549924.000000,-0.147900,-0.014500,-0.991800, , , 
3972.000000,200496.000000,75549924.000000, , , ,0.000000,0.000000,0.000000
3973.000000,200499.000000,75549924.000000,-0.139200,-0.017400,-0.977300, , , 
3974.000000,200597.000000,75549924.000000, , , ,0.000000,0.000000,0.000000
3975.000000,200600.000000,75549924.000000,-0.139200,-0.037700,-0.980200, , , 
3976.000000,200698.000000,75549924.000000, , , ,-0.650391,0.325195,0.000000
3977.000000,200699.000000,75549924.000000,-0.127600,-0.026100,-0.983100, , , 
3978.000000,200799.000000,75549924.000000, , , ,-0.325195,0.325195,0.000000
3979.000000,200800.000000,75549924.000000,-0.118900,-0.017400,-0.974400, , , 
3980.000000,200899.000000,75549924.000000,-0.116000,-0.017400,-0.986000, , , 
3981.000000,200900.000000,75549924.000000, , , ,-0.325195,0.000000,0.000000
3982.000000,201000.000000,75549924.000000,-0.107300,-0.017400,-0.980200, , , 
3983.000000,201001.000000,75549924.000000, , , ,0.000000,0.000000,0.000000
3984.000000,201092.000000,75549924.000000, , , ,-0.325195,0.000000,0.000000
3985.000000,201099.000000,75549924.000000,-0.107300,-0.026100,-0.986000, , , 
3986.000000,201193.000000,75549924.000000, , , ,-0.325195,0.000000,0.000000
3987.000000,201200.000000,75549924.000000,-0.107300,-0.029000,-0.983100, , , 
3988.000000,201294.000000,75549924.000000, , , ,-0.650391,-0.325195,0.000000
3989.000000,201299.000000,75549924.000000,-0.110200,-0.023200,-0.977300, , , 
3990.000000,201395.000000,75549924.000000, , , ,-0.325195,0.325195,0.000000
3991.000000,201400.000000,75549924.000000,-0.110200,-0.026100,-0.994700, , , 
3992.000000,201496.000000,75549924.000000, , , ,-0.325195,0.000000,0.000000
3993.000000,201499.000000,75549924.000000,-0.104400,-0.020300,-0.983100, , , 
3994.000000,201597.000000,75549924.000000, , , ,0.000000,0.000000,0.000000
3995.000000,201600.000000,75549924.000000,-0.098600,-0.020300,-0.965700, , , 
3996.000000,201698.000000,75549924.000000, , , ,0.000000,0.000000,-0.650391
3997.000000,201699.000000,75549924.000000,-0.101500,-0.023200,-0.988900, , , 
3998.000000,201799.000000,75549924.000000, , , ,-0.325195,0.000000,0.000000
3999.000000,201800.000000,75549924.000000,-0.113100,-0.026100,-0.980200, , , 
4000.000000,201899.000000,75549924.000000,-0.127600,-0.023200,-0.986000, , , 
4001.000000,201900.000000,75549924.000000, , , ,-0.325195,0.000000,0.000000
4002.000000,202000.000000,75549924.000000,-0.130500,-0.020300,-0.971500, , , 
4003.000000,202001.000000,75549924.000000, , , ,-0.325195,0.000000,0.000000
4004.000000,202092.000000,75549924.000000, , , ,-0.325195,0.000000,0.000000
4005.000000,202099.000000,75549924.000000,-0.139200,-0.026100,-0.986000, , , 
4006.000000,202193.000000,75549924.000000, , , ,-0.325195,-0.325195,0.000000
4007.000000,202200.000000,75549924.000000,-0.153700,-0.031900,-0.980200, , , 
4008.000000,202294.000000,75549924.000000, , , ,-0.325195,0.000000,0.000000
4009.000000,202299.000000,75549924.000000,-0.159500,-0.026100,-0.983100, , , 
4010.000000,202395.000000,75549924.000000, , , ,-0.325195,0.000000,0.000000
4011.000000,202400.000000,75549924.000000,-0.153700,-0.020300,-0.974400, , , 
4012.000000,202496.000000,75549924.000000, , , ,0.000000,0.000000,0.000000
4013.000000,202499.000000,75549924.000000,-0.147900,-0.031900,-0.983100, , , 
4014.000000,202597.000000,75549924.000000, , , ,-0.650391,-0.325195,0.000000
4015.000000,202600.000000,75549924.000000,-0.159500,-0.029000,-0.983100, , , 
4016.000000,202698.000000,75549924.000000, , , ,-0.650391,0.000000,0.000000
4017.000000,202699.000000,75549924.000000,-0.153700,-0.023200,-0.977300, , , 
4018.000000,202799.000000,75549924.000000, , , ,-0.325195,0.000000,0.000000
4019.000000,202800.000000,75549924.000000,-0.142100,-0.014500,-0.980200, , , 
4020.000000,202899.000000,75549924.000000,-0.130500,-0.026100,-0.980200, , , 
4021.000000,202900.000000,75549924.000000, , , ,0.000000,0.000000,-0.325195
4022.000000,203000.000000,75549924.000000,-0.116000,-0.029000,-0.977300, , , 
4023.000000,203001.000000,75549924.000000, , , ,-0.325195,0.325195,-0.325195
4024.000000,203092.000000,75549924.000000, , , ,-0.650391,0.000000,-0.325195
4025.000000,203099.000000,75549924.000000,-0.107300,-0.026100,-0.986000, , , 
4026.000000,203193.000000,75549924.000000, , , ,-0.650391,0.000000,0.000000
4027.000000,203200.000000,75549924.000000,-0.116000,-0.020300,-0.980200, , , 
4028.000000,203294.000000,75549924.000000, , , ,-0.325195,0.000000,0.000000
4029.000000,203299.000000,75549924.000000,-0.116000,-0.020300,-0.983100, , , 
4030.000000,203395.000000,75549924.000000, , , ,-0.325195,0.000000,-0.325195
4031.000000,203400.000000,75549924.000000,-0.113100,-0.026100,-0.986000, , , 
4032.000000,203496.000000,75549924.000000, , , ,-0.650391,0.000000,0.000000
4033.000000,203499.000000,75549924.000000,-0.107300,-0.026100,-0.983100, , , 
4034.000000,203597.000000,75549924.000000, , , ,-0.325195,0.000000,0.000000
4035.000000,203600.000000,75549924.000000,-0.101500,-0.023200,-0.983100, , , 
4036.000000,203698.000000,75549924.000000, , , ,0.000000,0.000000,-0.325195
4037.000000,203699.000000,75549924.000000,-0.092800,-0.023200,-0.980200, , , 
4038.000000,203799.000000,75549924.000000, , , ,-0.325195,0.000000,0.000000
4039.000000,203800.000000,75549924.000000,-0.087000,-0.023200,-0.986000, , , 
4040.000000,203899.000000,75549924.000000,-0.089900,-0.026100,-0.983100, , , 
4041.000000,203900.000000,75549924.000000, , , ,-0.325195,0.000000,0.000000
4042.000000,204000.000000,75549924.000000,-0.063800,-0.026100,-0.988900, , , 
4043.000000,204001.000000,75549924.000000, , , ,-0.325195,-0.325195,-0.650391
4044.000000,204092.000000,75549924.000000, , , ,-0.325195,0.975586,-0.325195
4045.000000,204099.000000,75549924.000000,0.023200,-0.023200,-0.988900, , , 
4046.000000,204193.000000,75549924.000000, , , ,-0.650391,0.650391,0.000000
4047.000000,204200.000000,75549924.000000,0.040600,-0.023200,-0.988900, , , 
4048.000000,204294.000000,75549924.000000, , , ,0.000000,0.000000,0.000000
4049.000000,204299.000000,75549924.000000,-0.002900,-0.017400,-0.980200, , , 
4050.000000,204395.000000,75549924.000000, , , ,-0.325195,0.000000,-0.325195
4051.000000,204400.000000,75549924.000000,-0.005800,-0.026100,-0.991800, , , 
4052.000000,204495.000000,75549924.000000, , , ,-0.325195,0.000000,-0.325195
4053.000000,204500.000000,75549924.000000,0.005800,-0.026100,-0.986000, , , 
4054.000000,204596.000000,75549924.000000, , , ,-0.650391,-0.325195,0.000000
4055.000000,204599.000000,75549924.000000,0.008700,-0.020300,-0.988900, , , 
4056.000000,204697.000000,75549924.000000, , , ,-0.325195,0.000000,0.000000
4057.000000,204700.000000,75549924.000000,0.000000,-0.023200,-0.983100, , , 
4058.000000,204798.000000,75549924.000000, , , ,-0.325195,0.000000,-0.325195
4059.000000,204799.000000,75549924.000000,0.000000,-0.026100,-0.991800, , , 
4060.000000,204899.000000,75549924.000000, , , ,-0.325195,0.000000,0.000000
4061.000000,204900.000000,75549924.000000,0.002900,-0.023200,-0.986000, , , 
4062.000000,204999.000000,75549924.000000,0.002900,-0.023200,-0.988900, , , 
4063.000000,205000.000000,75549924.000000, , , ,-0.975586,0.000000,0.000000
4064.000000,205100.000000,75549924.000000,0.000000,-0.023200,-0.986000, , , 
4065.000000,205101.000000,75549924.000000, , , ,-0.650391,0.000000,0.000000
4066.000000,205192.000000,75549924.000000, , , ,-0.325195,0.000000,0.000000
4067.000000,205199.000000,75549924.000000,0.002900,-0.023200,-0.988900, , , 
4068.000000,205293.000000,75549924.000000, , , ,-0.325195,0.000000,0.650391
4069.000000,205300.000000,75549924.000000,0.002900,-0.023200,-0.988900, , , 
4070.000000,205394.000000,75549924.000000, , , ,-0.325195,0.000000,-0.325195
4071.000000,205399.000000,75549924.000000,0.000000,-0.023200,-0.986000, , , 
4072.000000,205495.000000,75549924.000000, , , ,-0.325195,0.000000,0.325195
4073.000000,205500.000000,75549924.000000,0.002900,-0.023200,-0.988900, , , 
4074.000000,205596.000000,75549924.000000, , , ,-0.650391,0.000000,0.000000
4075.000000,205600.000000,75549924.000000,0.000000,-0.026100,-0.986000, , , 
4076.000000,205696.000000,75549924.000000, , , ,-0.325195,0.000000,0.000000
4077.000000,205699.000000,75549924.000000,0.002900,-0.023200,-0.988900, , , 
4078.000000,205797.000000,75549924.000000, , , ,-0.650391,0.000000,-0.325195
4079.000000,205800.000000,75549924.000000,0.000000,-0.023200,-0.986000, , , 
4080.000000,205898.000000,75549924.000000, , , ,-0.325195,0.000000,0.000000
4081.000000,205899.000000,75549924.000000,0.002900,-0.026100,-0.991800, , , 
4082.000000,205999.000000,75549924.000000, , , ,-0.650391,0.000000,-0.325195
4083.000000,206000.000000,75549924.000000,0.002900,-0.020300,-0.986000, , , 
4084.000000,206099.000000,75549924.000000,0.002900,-0.023200,-0.988900, , , 
4085.000000,206100.000000,75549924.000000, , , ,0.000000,0.000000,0.000000
4086.000000,206200.000000,75549924.000000,0.000000,-0.023200,-0.986000, , , 
4087.000000,206201.000000,75549924.000000, , , ,-0.650391,0.000000,0.000000
4088.000000,206292.000000,75549924.000000, , , ,0.000000,0.000000,0.000000
4089.000000,206299.000000,75549924.000000,0.002900,-0.023200,-0.988900, , , 
4090.000000,206393.000000,75549924.000000, , , ,-0.650391,-0.325195,0.000000
4091.000000,206400.000000,75549924.000000,0.000000,-0.023200,-0.986000, , , 
4092.000000,206494.000000,75549924.000000, , , ,-0.650391,0.000000,0.000000
4093.000000,206499.000000,75549924.000000,0.000000,-0.023200,-0.986000, , , 
4094.000000,206595.000000,75549924.000000, , , ,-0.325195,0.000000,-0.325195
4095.000000,206600.000000,75549924.000000,0.002900,-0.023200,-0.994700, , , 
4096.000000,206696.000000,75549924.000000, , , ,-0.650391,0.000000,0.000000
4097.000000,206699.000000,75549924.000000,0.000000,-0.023200,-0.983100, , , 
4098.000000,206797.000000,75549924.000000, , , ,0.000000,0.000000,0.000000
4099.000000,206800.000000,75549924.000000,0.002900,-0.023200,-0.988900, , , 
4100.000000,206898.000000,75549924.000000, , , ,0.000000,0.000000,0.000000
4101.000000,206899.000000,75549924.000000,0.000000,-0.023200,-0.983100, , , 
4102.000000,206999.000000,75549924.000000, , , ,-0.325195,0.000000,0.000000
4103.000000,207000.000000,75549924.000000,0.002900,-0.023200,-0.991800, , , 
4104.000000,207099.000000,75549924.000000,0.000000,-0.023200,-0.980200, , , 
4105.000000,207100.000000,75549924.000000, , , ,-0.325195,0.000000,0.000000
4106.000000,207200.000000,75549924.000000,0.002900,-0.023200,-0.988900, , , 
4107.000000,207201.000000,75549924.000000, , , ,-0.650391,0.000000,-0.325195
4108.000000,207292.000000,75549924.000000, , , ,0.000000,0.000000,-0.325195
4109.000000,207299.000000,75549924.000000,0.000000,-0.023200,-0.986000, , , 
4110.000000,207393.000000,75549924.000000, , , ,-0.325195,0.000000,0.000000
4111.000000,207400.000000,75549924.000000,0.002900,-0.023200,-0.988900, , , 
4112.000000,207494.000000,75549924.000000, , , ,0.000000,0.000000,0.000000
4113.000000,207499.000000,75549924.000000,0.000000,-0.023200,-0.986000, , , 
4114.000000,207595.000000,75549924.000000, , , ,-0.325195,0.000000,0.000000
4115.000000,207600.000000,75549924.000000,0.000000,-0.023200,-0.986000, , , 
4116.000000,207696.000000,75549924.000000, , , ,-0.325195,0.000000,0.000000
4117.000000,207699.000000,75549924.000000,0.002900,-0.023200,-0.986000, , , 
4118.000000,207797.000000,75549924.000000, , , ,-0.325195,0.000000,0.000000
4119.000000,207800.000000,75549924.000000,0.000000,-0.023200,-0.986000, , , 
4120.000000,207898.000000,75549924.000000, , , ,-0.325195,0.000000,0.000000
4121.000000,207899.000000,75549924.000000,0.002900,-0.023200,-0.988900, , , 
4122.000000,207999.000000,75549924.000000, , , ,0.000000,0.000000,0.000000
4123.000000,208000.000000,75549924.000000,0.000000,-0.023200,-0.983100, , , 
4124.000000,208099.000000,75549924.000000,0.000000,-0.023200,-0.988900, , , 
4125.000000,208100.000000,75549924.000000, , , ,-0.325195,0.000000,0.000000
4126.000000,208200.000000,75549924.000000,0.002900,-0.023200,-0.986000, , , 
4127.000000,208201.000000,75549924.000000, , , ,-0.325195,0.000000,0.000000
4128.000000,208292.000000,75549924.000000, , , ,0.000000,-0.325195,-0.325195
4129.000000,208299.000000,75549924.000000,0.000000,-0.023200,-0.986000, , , 
4130.000000,208393.000000,75549924.000000, , , ,-0.650391,0.000000,0.000000
4131.000000,208400.000000,75549924.000000,0.002900,-0.023200,-0.988900, , , 
4132.000000,208494.000000,75549924.000000, , , ,-0.325195,0.000000,0.000000
4133.000000,208499.000000,75549924.000000,0.002900,-0.023200,-0.986000, , , 
4134.000000,208595.000000,75549924.000000, , , ,-0.325195,0.000000,0.000000
4135.000000,208600.000000,75549924.000000,0.002900,-0.023200,-0.988900, , , 
4136.000000,208696.000000,75549924.000000, , , ,-0.325195,0.000000,-0.325195
4137.000000,208699.000000,75549924.000000,0.002900,-0.023200,-0.986000, , , 
4138.000000,208797.000000,75549924.000000, , , ,-0.325195,0.000000,-0.325195
4139.000000,208800.000000,75549924.000000,0.002900,-0.023200,-0.991800, , , 
4140.000000,208898.000000,75549924.000000, , , ,-0.325195,-0.650391,0.000000
4141.000000,208899.000000,75549924.000000,0.000000,-0.023200,-0.983100, , , 
4142.000000,208999.000000,75549924.000000, , , ,-0.325195,0.000000,0.000000
4143.000000,209000.000000,75549924.000000,0.002900,-0.023200,-0.991800, , , 
4144.000000,209099.000000,75549924.000000,0.000000,-0.023200,-0.986000, , , 
4145.000000,209100.000000,75549924.000000, , , ,0.000000,0.000000,0.000000
4146.000000,209200.000000,75549924.000000,0.000000,-0.023200,-0.988900, , , 
4147.000000,209201.000000,75549924.000000, , , ,-0.325195,0.000000,0.000000
4148.000000,209292.000000,75549924.000000, , , ,-0.650391,0.000000,-0.325195
4149.000000,209299.000000,75549924.000000,0.002900,-0.023200,-0.986000, , , 
4150.000000,209393.000000,75549924.000000, , , ,-0.650391,0.000000,0.000000
4151.000000,209400.000000,75549924.000000,0.000000,-0.023200,-0.986000, , , 
4152.000000,209494.000000,75549924.000000, , , ,-0.325195,0.000000,-0.325195
4153.000000,209499.000000,75549924.000000,0.002900,-0.023200,-0.988900, , , 
4154.000000,209595.000000,75549924.000000, , , ,-0.325195,0.000000,0.000000
4155.000000,209600.000000,75549924.000000,0.000000,-0.023200,-0.986000, , , 
4156.000000,209696.000000,75549924.000000, , , ,-0.325195,0.000000,0.000000
4157.000000,209699.000000,75549924.000000,0.002900,-0.023200,-0.991800, , , 
4158.000000,209797.000000,75549924.000000, , , ,0.000000,0.000000,0.000000
4159.000000,209800.000000,75549924.000000,0.000000,-0.026100,-0.983100, , , 
4160.000000,209898.000000,75549924.000000, , , ,-0.325195,0.000000,0.000000
4161.000000,209899.000000,75549924.000000,0.002900,-0.023200,-0.991800, , , 
4162.000000,209999.000000,75549924.000000, , , ,-0.325195,0.000000,0.000000
4163.000000,210000.000000,75549924.000000,0.000000,-0.020300,-0.983100, , , 
4164.000000,210099.000000,75549924.000000,0.002900,-0.023200,-0.988900, , , 
4165.000000,210100.000000,75549924.000000, , , ,0.000000,0.000000,0.000000
4166.000000,210200.000000,75549924.000000,0.000000,-0.026100,-0.986000, , , 
4167.000000,210201.000000,75549924.000000, , , ,-0.325195,0.000000,0.000000
4168.000000,210292.000000,75549924.000000, , , ,-0.325195,0.000000,0.000000
4169.000000,210299.000000,75549924.000000,0.002900,-0.023200,-0.986000, , , 
4170.000000,210393.000000,75549924.000000, , , ,-0.650391,0.000000,0.000000
4171.000000,210400.000000,75549924.000000,0.002900,-0.023200,-0.988900, , , 
4172.000000,210494.000000,75549924.000000, , , ,-0.325195,0.325195,0.000000
4173.000000,210499.000000,75549924.000000,0.000000,-0.023200,-0.986000, , , 
4174.000000,210595.000000,75549924.000000, , , ,-0.325195,0.000000,0.000000
4175.000000,210600.000000,75549924.000000,0.002900,-0.026100,-0.988900, , , 
4176.000000,210696.000000,75549924.000000, , , ,-0.325195,0.000000,0.000000
4177.000000,210699.000000,75549924.000000,0.000000,-0.023200,-0.983100, , , 
4178.000000,210797.000000,75549924.000000, , , ,0.000000,0.000000,0.000000
4179.000000,210800.000000,75549924.000000,0.002900,-0.023200,-0.988900, , , 
4180.000000,210898.000000,75549924.000000, , , ,-0.325195,0.000000,0.000000
4181.000000,210899.000000,75549924.000000,0.000000,-0.023200,-0.986000, , , 
4182.000000,210999.000000,75549924.000000, , , ,0.000000,0.000000,0.000000
4183.000000,211000.000000,75549924.000000,0.002900,-0.023200,-0.986000, , , 
4184.000000,211099.000000,75549924.000000,0.002900,-0.023200,-0.988900, , , 
4185.000000,211100.000000,75549924.000000, , , ,-0.325195,0.000000,0.000000
4186.000000,211200.000000,75549924.000000,0.000000,-0.023200,-0.986000, , , 
4187.000000,211201.000000,75549924.000000, , , ,0.000000,0.000000,0.000000
4188.000000,211292.000000,75549924.000000, , , ,-0.325195,0.000000,0.000000
4189.000000,211299.000000,75549924.000000,0.002900,-0.023200,-0.988900, , , 
4190.000000,211393.000000,75549924.000000, , , ,-0.325195,0.000000,0.000000
4191.000000,211400.000000,75549924.000000,0.000000,-0.023200,-0.983100, , , 
4192.000000,211494.000000,75549924.000000, , , ,0.000000,0.000000,0.000000
4193.000000,211499.000000,75549924.000000,0.002900,-0.023200,-0.991800, , , 
4194.000000,211595.000000,75549924.000000, , , ,-0.325195,0.000000,0.000000
4195.000000,211600.000000,75549924.000000,0.000000,-0.023200,-0.983100, , , 
4196.000000,211696.000000,75549924.000000, , , ,-0.325195,-0.325195,0.000000
4197.000000,211699.000000,75549924.000000,0.002900,-0.023200,-0.988900, , , 
4198.000000,211797.000000,75549924.000000, , , ,-0.325195,0.000000,0.000000
4199.000000,211800.000000,75549924.000000,0.000000,-0.023200,-0.986000, , , 
4200.000000,211898.000000,75549924.000000, , , ,-0.325195,0.000000,0.000000
4201.000000,211899.000000,75549924.000000,0.002900,-0.023200,-0.988900, , , 
4202.000000,211999.000000,75549924.000000, , , ,-0.325195,0.000000,0.000000
4203.000000,212000.000000,75549924.000000,0.002900,-0.023200,-0.988900, , , 
4204.000000,212099.000000,75549924.000000,0.000000,-0.023200,-0.983100, , , 
4205.000000,212100.000000,75549924.000000, , , ,0.000000,0.000000,0.000000
4206.000000,212200.000000,75549924.000000,0.002900,-0.023200,-0.988900, , , 
4207.000000,212201.000000,75549924.000000, , , ,-0.325195,0.000000,0.000000
4208.000000,212292.000000,75549924.000000, , , ,-0.325195,0.000000,0.000000
4209.000000,212299.000000,75549924.000000,0.000000,-0.023200,-0.986000, , , 
4210.000000,212393.000000,75549924.000000, , , ,-0.325195,0.000000,0.000000
4211.000000,212400.000000,75549924.000000,0.002900,-0.023200,-0.988900, , , 
4212.000000,212494.000000,75549924.000000, , , ,-0.325195,0.000000,0.000000
4213.000000,212499.000000,75549924.000000,0.000000,-0.023200,-0.983100, , , 
4214.000000,212595.000000,75549924.000000, , , ,-0.325195,0.000000,0.000000
4215.000000,212600.000000,75549924.000000,0.002900,-0.023200,-0.988900, , , 
4216.000000,212696.000000,75549924.000000, , , ,-0.325195,0.000000,0.000000
4217.000000,212699.000000,75549924.000000,0.000000,-0.023200,-0.983100, , , 
4218.000000,212797.000000,75549924.000000, , , ,-0.650391,0.000000,-0.325195
4219.000000,212800.000000,75549924.000000,0.002900,-0.023200,-0.988900, , , 
4220.000000,212898.000000,75549924.000000, , , ,0.000000,0.000000,-0.325195
4221.000000,212899.000000,75549924.000000,0.000000,-0.023200,-0.986000, , , 
4222.000000,212999.000000,75549924.000000, , , ,-0.325195,0.325195,-0.325195
4223.000000,213000.000000,75549924.000000,0.000000,-0.023200,-0.986000, , , 
4224.000000,213099.000000,75549924.000000,0.002900,-0.023200,-0.988900, , , 
4225.000000,213100.000000,75549924.000000, , , ,-0.325195,0.000000,0.000000
4226.000000,213200.000000,75549924.000000,0.000000,-0.023200,-0.986000, , , 
4227.000000,213201.000000,75549924.000000, , , ,-0.650391,-0.325195,0.000000
4228.000000,213292.000000,75549924.000000, , , ,0.000000,0.000000,-0.325195
4229.000000,213299.000000,75549924.000000,0.002900,-0.023200,-0.988900, , , 
4230.000000,213393.000000,75549924.000000, , , ,-0.325195,0.000000,-0.325195
4231.000000,213400.000000,75549924.000000,0.000000,-0.023200,-0.983100, , , 
4232.000000,213494.000000,75549924.000000, , , ,-0.325195,0.000000,0.000000
4233.000000,213499.000000,75549924.000000,0.002900,-0.023200,-0.991800, , , 
4234.000000,213595.000000,75549924.000000, , , ,-0.325195,0.000000,0.000000
4235.000000,213600.000000,75549924.000000,0.000000,-0.023200,-0.983100, , , 
4236.000000,213696.000000,75549924.000000, , , ,-0.325195,0.000000,0.000000
4237.000000,213699.000000,75549924.000000,0.002900,-0.023200,-0.991800, , , 
4238.000000,213797.000000,75549924.000000, , , ,-0.650391,0.000000,0.000000
4239.000000,213800.000000,75549924.000000,0.000000,-0.023200,-0.983100, , , 
4240.000000,213898.000000,75549924.000000, , , ,-0.325195,0.000000,0.000000
4241.000000,213899.000000,75549924.000000,0.002900,-0.023200,-0.988900, , , 
4242.000000,213999.000000,75549924.000000, , , ,-0.325195,0.000000,0.000000
4243.000000,214000.000000,75549924.000000,0.000000,-0.023200,-0.988900, , , 
4244.000000,214099.000000,75549924.000000,0.000000,-0.023200,-0.986000, , , 
4245.000000,214100.000000,75549924.000000, , , ,-0.325195,0.000000,0.000000
4246.000000,214200.000000,75549924.000000,0.002900,-0.023200,-0.991800, , , 
4247.000000,214201.000000,75549924.000000, , , ,-0.325195,0.000000,0.000000
4248.000000,214292.000000,75549924.000000, , , ,-0.325195,0.000000,0.000000
4249.000000,214299.000000,75549924.000000,0.000000,-0.023200,-0.983100, , , 
4250.000000,214393.000000,75549924.000000, , , ,-0.325195,0.000000,0.000000
4251.000000,214400.000000,75549924.000000,0.002900,-0.023200,-0.988900, , , 
4252.000000,214494.000000,75549924.000000, , , ,-0.325195,0.000000,0.000000
4253.000000,214499.000000,75549924.000000,0.000000,-0.023200,-0.986000, , , 
4254.000000,214595.000000,75549924.000000, , , ,-0.650391,0.325195,0.000000
4255.000000,214600.000000,75549924.000000,0.002900,-0.026100,-0.988900, , , 
4256.000000,214696.000000,75549924.000000, , , ,-0.325195,0.000000,0.000000
4257.000000,214699.000000,75549924.000000,0.002900,-0.023200,-0.986000, , , 
4258.000000,214797.000000,75549924.000000, , , ,-0.650391,-0.650391,0.000000
4259.000000,214800.000000,75549924.000000,0.000000,-0.023200,-0.983100, , , 
4260.000000,214898.000000,75549924.000000, , , ,-0.650391,0.000000,0.000000
4261.000000,214899.000000,75549924.000000,0.002900,-0.026100,-0.988900, , , 
4262.000000,214999.000000,75549924.000000, , , ,-0.325195,0.000000,0.000000
4263.000000,215000.000000,75549924.000000,0.000000,-0.023200,-0.983100, , , 
4264.000000,215099.000000,75549924.000000,0.002900,-0.023200,-0.991800, , , 
4265.000000,215100.000000,75549924.000000, , , ,-0.650391,0.000000,0.000000
4266.000000,215200.000000,75549924.000000,0.000000,-0.023200,-0.983100, , , 
4267.000000,215201.000000,75549924.000000, , , ,-0.325195,0.000000,0.000000
4268.000000,215292.000000,75549924.000000, , , ,0.000000,0.000000,0.000000
4269.000000,215299.000000,75549924.000000,0.002900,-0.026100,-0.988900, , , 
4270.000000,215393.000000,75549924.000000, , , ,0.000000,0.000000,0.000000
4271.000000,215400.000000,75549924.000000,0.002900,-0.023200,-0.986000, , , 
4272.000000,215494.000000,75549924.000000, , , ,-0.325195,0.000000,0.000000
4273.000000,215499.000000,75549924.000000,0.002900,-0.023200,-0.986000, , , 
4274.000000,215595.000000,75549924.000000, , , ,-0.650391,0.000000,0.000000
4275.000000,215600.000000,75549924.000000,0.002900,-0.023200,-0.988900, , , 
4276.000000,215696.000000,75549924.000000, , , ,-0.325195,0.000000,-0.325195
4277.000000,215699.000000,75549924.000000,0.000000,-0.023200,-0.983100, , , 
4278.000000,215797.000000,75549924.000000, , , ,0.000000,0.000000,0.000000
4279.000000,215800.000000,75549924.000000,0.002900,-0.023200,-0.991800, , , 
4280.000000,215898.000000,75549924.000000, , , ,-0.325195,0.000000,-0.325195
4281.000000,215899.000000,75549924.000000,0.000000,-0.023200,-0.986000, , , 
4282.000000,215999.000000,75549924.000000, , , ,-0.325195,0.000000,0.000000
4283.000000,216000.000000,75549924.000000,0.002900,-0.023200,-0.988900, , , 
4284.000000,216099.000000,75549924.000000,0.000000,-0.023200,-0.986000, , , 
4285.000000,216100.000000,75549924.000000, , , ,-0.650391,0.000000,0.000000
4286.000000,216200.000000,75549924.000000,0.000000,-0.023200,-0.986000, , , 
4287.000000,216201.000000,75549924.000000, , , ,-0.325195,0.000000,0.000000
4288.000000,216292.000000,75549924.000000, , , ,-0.325195,-0.325195,-0.325195
4289.000000,216299.000000,75549924.000000,0.002900,-0.023200,-0.988900, , , 
4290.000000,216393.000000,75549924.000000, , , ,-0.325195,0.000000,0.000000
4291.000000,216400.000000,75549924.000000,0.000000,-0.023200,-0.983100, , , 
4292.000000,216494.000000,75549924.000000, , , ,-0.650391,0.000000,0.000000
4293.000000,216499.000000,75549924.000000,0.002900,-0.023200,-0.991800, , , 
4294.000000,216595.000000,75549924.000000, , , ,-0.650391,0.000000,-0.325195
4295.000000,216600.000000,75549924.000000,0.000000,-0.023200,-0.983100, , , 
4296.000000,216696.000000,75549924.000000, , , ,0.000000,0.000000,0.000000
4297.000000,216699.000000,75549924.000000,0.002900,-0.023200,-0.988900, , , 
4298.000000,216797.000000,75549924.000000, , , ,-0.325195,0.000000,0.000000
4299.000000,216800.000000,75549924.000000,0.000000,-0.023200,-0.986000, , , 
4300.000000,216898.000000,75549924.000000, , , ,-0.325195,0.000000,0.000000
4301.000000,216899.000000,75549924.000000,0.002900,-0.023200,-0.991800, , , 
4302.000000,216999.000000,75549924.000000, , , ,-0.325195,0.000000,0.000000
4303.000000,217000.000000,75549924.000000,0.000000,-0.023200,-0.983100, , , 
4304.000000,217099.000000,75549924.000000,0.002900,-0.023200,-0.988900, , , 
4305.000000,217100.000000,75549924.000000, , , ,-0.650391,0.000000,0.000000
4306.000000,217200.000000,75549924.000000,0.000000,-0.023200,-0.986000, , , 
4307.000000,217201.000000,75549924.000000, , , ,-0.325195,0.000000,0.000000
4308.000000,217292.000000,75549924.000000, , , ,-0.325195,0.000000,0.325195
4309.000000,217299.000000,75549924.000000,0.000000,-0.023200,-0.988900, , , 
4310.000000,217393.000000,75549924.000000, , , ,-0.650391,0.000000,0.000000
4311.000000,217400.000000,75549924.000000,0.002900,-0.023200,-0.988900, , , 
4312.000000,217494.000000,75549924.000000, , , ,-0.325195,0.000000,0.000000
4313.000000,217499.000000,75549924.000000,0.000000,-0.023200,-0.986000, , , 
4314.000000,217595.000000,75549924.000000, , , ,-0.650391,-0.325195,0.000000
4315.000000,217600.000000,75549924.000000,0.002900,-0.023200,-0.991800, , , 
4316.000000,217696.000000,75549924.000000, , , ,-0.325195,0.000000,-0.325195
4317.000000,217699.000000,75549924.000000,0.000000,-0.020300,-0.983100, , , 
4318.000000,217797.000000,75549924.000000, , , ,-0.325195,0.000000,0.000000
4319.000000,217800.000000,75549924.000000,0.002900,-0.023200,-0.988900, , , 
4320.000000,217898.000000,75549924.000000, , , ,-0.650391,0.000000,0.000000
4321.000000,217899.000000,75549924.000000,0.000000,-0.023200,-0.986000, , , 
4322.000000,217999.000000,75549924.000000, , , ,-0.325195,0.325195,0.325195
4323.000000,218000.000000,75549924.000000,0.000000,-0.023200,-0.986000, , , 
4324.000000,218099.000000,75549924.000000,0.000000,-0.026100,-0.988900, , , 
4325.000000,218100.000000,75549924.000000, , , ,-0.650391,0.000000,0.000000
4326.000000,218200.000000,75549924.000000,0.000000,-0.023200,-0.986000, , , 
4327.000000,218201.000000,75549924.000000, , , ,0.000000,0.000000,-0.325195
4328.000000,218292.000000,75549924.000000, , , ,-0.325195,0.000000,0.325195
4329.000000,218299.000000,75549924.000000,0.002900,-0.023200,-0.991800, , , 
4330.000000,218393.000000,75549924.000000, , , ,-0.325195,0.000000,0.000000
4331.000000,218400.000000,75549924.000000,0.000000,-0.020300,-0.983100, , , 
4332.000000,218494.000000,75549924.000000, , , ,-0.325195,0.000000,-0.325195
4333.000000,218499.000000,75549924.000000,0.002900,-0.023200,-0.988900, , , 
4334.000000,218595.000000,75549924.000000, , , ,0.000000,0.000000,-0.325195
4335.000000,218600.000000,75549924.000000,0.000000,-0.023200,-0.986000, , , 
4336.000000,218696.000000,75549924.000000, , , ,-0.325195,0.000000,-0.325195
4337.000000,218699.000000,75549924.000000,0.002900,-0.023200,-0.988900, , , 
4338.000000,218797.000000,75549924.000000, , , ,-0.325195,0.000000,0.000000
4339.000000,218800.000000,75549924.000000,0.000000,-0.023200,-0.986000, , , 
4340.000000,218898.000000,75549924.000000, , , ,-0.650391,0.000000,0.000000
4341.000000,218899.000000,75549924.000000,0.000000,-0.023200,-0.988900, , , 
4342.000000,218999.000000,75549924.000000, , , ,-0.650391,0.000000,0.000000
4343.000000,219000.000000,75549924.000000,0.002900,-0.023200,-0.988900, , , 
4344.000000,219099.000000,75549924.000000,0.000000,-0.023200,-0.983100, , , 
4345.000000,219100.000000,75549924.000000, , , ,-0.650391,0.000000,0.000000
4346.000000,219200.000000,75549924.000000,0.000000,-0.026100,-0.991800, , , 
4347.000000,219201.000000,75549924.000000, , , ,-0.325195,0.000000,-0.325195
4348.000000,219292.000000,75549924.000000, , , ,-0.325195,0.000000,0.000000
4349.000000,219299.000000,75549924.000000,0.000000,-0.020300,-0.983100, , , 
4350.000000,219393.000000,75549924.000000, , , ,-0.325195,0.000000,0.000000
4351.000000,219400.000000,75549924.000000,0.002900,-0.020300,-0.988900, , , 
4352.000000,219494.000000,75549924.000000, , , ,-0.325195,0.000000,0.000000
4353.000000,219499.000000,75549924.000000,0.000000,-0.026100,-0.986000, , , 
4354.000000,219595.000000,75549924.000000, , , ,-0.325195,0.000000,-0.325195
4355.000000,219600.000000,75549924.000000,0.000000,-0.026100,-0.986000, , , 
4356.000000,219696.000000,75549924.000000, , , ,-0.325195,0.000000,0.000000
4357.000000,219699.000000,75549924.000000,0.002900,-0.023200,-0.988900, , , 
4358.000000,219797.000000,75549924.000000, , , ,-0.650391,0.000000,0.000000
4359.000000,219800.000000,75549924.000000,0.000000,-0.020300,-0.983100, , , 
4360.000000,219898.000000,75549924.000000, , , ,-0.325195,0.000000,0.000000
4361.000000,219899.000000,75549924.000000,0.002900,-0.023200,-0.988900, , , 
4362.000000,219999.000000,75549924.000000, , , ,0.000000,0.000000,0.000000
4363.000000,220000.000000,75549924.000000,0.000000,-0.023200,-0.986000, , , 
4364.000000,220099.000000,75549924.000000,0.002900,-0.020300,-0.988900, , , 
4365.000000,220100.000000,75549924.000000, , , ,-0.325195,0.000000,0.000000
4366.000000,220200.000000,75549924.000000,0.000000,-0.023200,-0.986000, , , 
4367.000000,220201.000000,75549924.000000, , , ,-0.325195,0.000000,0.000000
4368.000000,220292.000000,75549924.000000, , , ,-0.325195,0.000000,0.000000
4369.000000,220299.000000,75549924.000000,0.000000,-0.026100,-0.988900, , , 
4370.000000,220393.000000,75549924.000000, , , ,-0.325195,0.000000,0.000000
4371.000000,220400.000000,75549924.000000,0.000000,-0.023200,-0.988900, , , 
4372.000000,220494.000000,75549924.000000, , , ,0.000000,0.000000,0.000000
4373.000000,220499.000000,75549924.000000,0.000000,-0.023200,-0.986000, , , 
4374.000000,220595.000000,75549924.000000, , , ,-0.325195,0.000000,0.000000
4375.000000,220600.000000,75549924.000000,0.002900,-0.020300,-0.988900, , , 
4376.000000,220696.000000,75549924.000000, , , ,-0.325195,0.000000,-0.325195
4377.000000,220699.000000,75549924.000000,0.000000,-0.023200,-0.983100, , , 
4378.000000,220797.000000,75549924.000000, , , ,-0.650391,0.000000,0.000000
4379.000000,220800.000000,75549924.000000,0.002900,-0.020300,-0.988900, , , 
4380.000000,220898.000000,75549924.000000, , , ,-0.650391,0.000000,0.000000
4381.000000,220899.000000,75549924.000000,0.000000,-0.023200,-0.986000, , , 
4382.000000,220999.000000,75549924.000000, , , ,-0.325195,0.000000,0.000000
4383.000000,221000.000000,75549924.000000,0.000000,-0.023200,-0.988900, , , 
4384.000000,221099.000000,75549924.000000,0.000000,-0.020300,-0.983100, , , 
4385.000000,221100.000000,75549924.000000, , , ,-0.650391,-0.325195,0.000000
4386.000000,221200.000000,75549924.000000,0.005800,-0.023200,-0.988900, , , 
4387.000000,221201.000000,75549924.000000, , , ,-0.325195,-0.325195,-0.325195
4388.000000,221292.000000,75549924.000000, , , ,-0.650391,0.000000,0.000000
4389.000000,221299.000000,75549924.000000,0.000000,-0.026100,-0.986000, , , 
4390.000000,221393.000000,75549924.000000, , , ,-0.325195,0.000000,0.000000
4391.000000,221400.000000,75549924.000000,0.000000,-0.023200,-0.988900, , , 
4392.000000,221494.000000,75549924.000000, , , ,-0.325195,0.000000,0.000000
4393.000000,221499.000000,75549924.000000,0.000000,-0.020300,-0.986000, , , 
4394.000000,221595.000000,75549924.000000, , , ,-0.325195,0.000000,0.000000
4395.000000,221600.000000,75549924.000000,0.002900,-0.023200,-0.988900, , , 
4396.000000,221696.000000,75549924.000000, , , ,-0.325195,0.000000,0.000000
4397.000000,221699.000000,75549924.000000,0.000000,-0.026100,-0.986000, , , 
4398.000000,221797.000000,75549924.000000, , , ,-0.650391,0.000000,0.000000
4399.000000,221800.000000,75549924.000000,0.000000,-0.023200,-0.988900, , , 
4400.000000,221898.000000,75549924.000000, , , ,-0.325195,0.000000,-0.325195
4401.000000,221899.000000,75549924.000000,0.002900,-0.023200,-0.986000, , , 
4402.000000,221999.000000,75549924.000000, , , ,-0.325195,0.000000,0.000000
4403.000000,222000.000000,75549924.000000,0.000000,-0.023200,-0.983100, , , 
4404.000000,222099.000000,75549924.000000,0.000000,-0.026100,-0.988900, , , 
4405.000000,222100.000000,75549924.000000, , , ,-0.650391,0.000000,0.000000
4406.000000,222200.000000,75549924.000000,0.000000,-0.023200,-0.983100, , , 
4407.000000,222201.000000,75549924.000000, , , ,-0.325195,0.000000,0.000000
4408.000000,222292.000000,75549924.000000, , , ,0.000000,0.000000,0.650391
4409.000000,222299.000000,75549924.000000,0.002900,-0.023200,-0.991800, , , 
4410.000000,222393.000000,75549924.000000, , , ,-0.325195,0.000000,0.000000
4411.000000,222400.000000,75549924.000000,0.000000,-0.023200,-0.983100, , , 
4412.000000,222494.000000,75549924.000000, , , ,-0.325195,0.000000,0.000000
4413.000000,222499.000000,75549924.000000,0.002900,-0.026100,-0.988900, , , 
4414.000000,222595.000000,75549924.000000, , , ,0.000000,0.000000,-0.325195
4415.000000,222600.000000,75549924.000000,0.002900,-0.023200,-0.988900, , , 
4416.000000,222696.000000,75549924.000000, , , ,-0.650391,0.000000,-0.325195
4417.000000,222699.000000,75549924.000000,0.000000,-0.023200,-0.986000, , , 
4418.000000,222797.000000,75549924.000000, , , ,-0.325195,0.000000,0.000000
4419.000000,222800.000000,75549924.000000,0.002900,-0.023200,-0.988900, , , 
4420.000000,222898.000000,75549924.000000, , , ,-0.325195,0.000000,0.000000
4421.000000,222899.000000,75549924.000000,0.002900,-0.023200,-0.986000, , , 
4422.000000,222999.000000,75549924.000000, , , ,-0.650391,0.000000,0.000000
4423.000000,223000.000000,75549924.000000,0.002900,-0.023200,-0.988900, , , 
4424.000000,223099.000000,75549924.000000,0.000000,-0.023200,-0.983100, , , 
4425.000000,223100.000000,75549924.000000, , , ,-0.325195,0.000000,0.000000
4426.000000,223200.000000,75549924.000000,0.002900,-0.023200,-0.991800, , , 
4427.000000,223201.000000,75549924.000000, , , ,-0.325195,0.000000,0.000000
4428.000000,223292.000000,75549924.000000, , , ,-0.325195,0.000000,-0.325195
4429.000000,223299.000000,75549924.000000,0.002900,-0.020300,-0.983100, , , 
4430.000000,223393.000000,75549924.000000, , , ,-0.325195,0.000000,-0.325195
4431.000000,223400.000000,75549924.000000,0.002900,-0.023200,-0.991800, , , 
4432.000000,223494.000000,75549924.000000, , , ,-0.325195,0.000000,0.000000
4433.000000,223499.000000,75549924.000000,0.000000,-0.023200,-0.986000, , , 
4434.000000,223595.000000,75549924.000000, , , ,-0.325195,0.000000,0.000000
4435.000000,223600.000000,75549924.000000,0.002900,-0.023200,-0.988900, , , 
4436.000000,223696.000000,75549924.000000, , , ,-0.325195,0.000000,-0.325195
4437.000000,223699.000000,75549924.000000,0.000000,-0.020300,-0.986000, , , 
4438.000000,223797.000000,75549924.000000, , , ,-0.325195,0.000000,0.000000
4439.000000,223800.000000,75549924.000000,0.002900,-0.023200,-0.988900, , , 
4440.000000,223898.000000,75549924.000000, , , ,-0.325195,0.000000,0.000000
4441.000000,223899.000000,75549924.000000,0.000000,-0.023200,-0.986000, , , 
4442.000000,223999.000000,75549924.000000, , , ,-0.325195,0.000000,-0.325195
4443.000000,224000.000000,75549924.000000,0.002900,-0.023200,-0.988900, , , 
4444.000000,224099.000000,75549924.000000,0.000000,-0.020300,-0.983100, , , 
4445.000000,224100.000000,75549924.000000, , , ,-0.325195,0.000000,0.000000
4446.000000,224200.000000,75549924.000000,0.002900,-0.023200,-0.988900, , , 
4447.000000,224201.000000,75549924.000000, , , ,-0.325195,0.000000,0.000000
4448.000000,224292.000000,75549924.000000, , , ,-0.325195,0.000000,0.000000
4449.000000,224299.000000,75549924.000000,0.000000,-0.023200,-0.986000, , , 
4450.000000,224393.000000,75549924.000000, , , ,-0.325195,0.000000,-0.325195
4451.000000,224400.000000,75549924.000000,0.000000,-0.023200,-0.986000, , , 
4452.000000,224494.000000,75549924.000000, , , ,-0.325195,0.000000,0.000000
4453.000000,224499.000000,75549924.000000,0.002900,-0.023200,-0.988900, , , 
4454.000000,224595.000000,75549924.000000, , , ,-0.650391,-0.325195,0.000000
4455.000000,224600.000000,75549924.000000,0.000000,-0.023200,-0.980200, , , 
4456.000000,224696.000000,75549924.000000, , , ,0.000000,0.000000,0.000000
4457.000000,224699.000000,75549924.000000,0.002900,-0.023200,-0.988900, , , 
4458.000000,224797.000000,75549924.000000, , , ,-0.325195,0.000000,0.000000
4459.000000,224800.000000,75549924.000000,0.000000,-0.023200,-0.983100, , , 
4460.000000,224898.000000,75549924.000000, , , ,-0.325195,0.000000,0.000000
4461.000000,224899.000000,75549924.000000,0.002900,-0.023200,-0.991800, , , 
4462.000000,224999.000000,75549924.000000, , , ,-0.325195,0.000000,0.000000
4463.000000,225000.000000,75549924.000000,0.000000,-0.023200,-0.986000, , , 
4464.000000,225099.000000,75549924.000000,0.000000,-0.023200,-0.988900, , , 
4465.000000,225100.000000,75549924.000000, , , ,-0.325195,0.000000,0.000000
4466.000000,225200.000000,75549924.000000,0.000000,-0.023200,-0.988900, , , 
4467.000000,225201.000000,75549924.000000, , , ,-0.325195,0.000000,0.000000
4468.000000,225292.000000,75549924.000000, , , ,-0.325195,0.000000,0.000000
4469.000000,225299.000000,75549924.000000,0.000000,-0.023200,-0.986000, , , 
4470.000000,225393.000000,75549924.000000, , , ,-0.325195,0.000000,-0.325195
4471.000000,225400.000000,75549924.000000,0.000000,-0.023200,-0.988900, , , 
4472.000000,225494.000000,75549924.000000, , , ,-0.650391,0.000000,0.000000
4473.000000,225499.000000,75549924.000000,0.000000,-0.023200,-0.986000, , , 
4474.000000,225595.000000,75549924.000000, , , ,-0.650391,0.000000,0.000000
4475.000000,225600.000000,75549924.000000,0.002900,-0.023200,-0.991800, , , 
4476.000000,225696.000000,75549924.000000, , , ,-0.650391,0.000000,0.000000
4477.000000,225699.000000,75549924.000000,0.002900,-0.023200,-0.988900, , , 
4478.000000,225797.000000,75549924.000000, , , ,-0.325195,-0.325195,0.000000
4479.000000,225800.000000,75549924.000000,0.000000,-0.026100,-0.986000, , , 
4480.000000,225898.000000,75549924.000000, , , ,-0.325195,0.000000,-0.325195
4481.000000,225899.000000,75549924.000000,0.000000,-0.026100,-0.986000, , , 
4482.000000,225999.000000,75549924.000000, , , ,-0.325195,0.000000,0.000000
4483.000000,226000.000000,75549924.000000,0.002900,-0.023200,-0.991800, , , 
4484.000000,226099.000000,75549924.000000,0.000000,-0.023200,-0.983100, , , 
4485.000000,226100.000000,75549924.000000, , , ,-0.325195,0.000000,0.325195
4486.000000,226200.000000,75549924.000000,0.002900,-0.023200,-0.991800, , , 
4487.000000,226201.000000,75549924.000000, , , ,-0.325195,0.000000,0.000000
4488.000000,226292.000000,75549924.000000, , , ,0.000000,0.000000,0.000000
4489.000000,226299.000000,75549924.000000,0.000000,-0.023200,-0.983100, , , 
4490.000000,226393.000000,75549924.000000, , , ,-0.325195,0.000000,0.000000
4491.000000,226400.000000,75549924.000000,0.002900,-0.023200,-0.991800, , , 
4492.000000,226494.000000,75549924.000000, , , ,-0.325195,-0.325195,0.000000
4493.000000,226499.000000,75549924.000000,0.000000,-0.023200,-0.983100, , , 
4494.000000,226595.000000,75549924.000000, , , ,-0.325195,0.000000,0.325195
4495.000000,226600.000000,75549924.000000,0.002900,-0.023200,-0.988900, , , 
4496.000000,226696.000000,75549924.000000, , , ,-0.325195,0.000000,0.000000
4497.000000,226699.000000,75549924.000000,0.000000,-0.023200,-0.983100, , , 
4498.000000,226797.000000,75549924.000000, , , ,-0.325195,-0.325195,0.000000
4499.000000,226800.000000,75549924.000000,0.002900,-0.023200,-0.988900, , , 
4500.000000,226898.000000,75549924.000000, , , ,-0.650391,0.000000,0.000000
4501.000000,226899.000000,75549924.000000,0.002900,-0.023200,-0.986000, , , 
4502.000000,226999.000000,75549924.000000, , , ,-0.325195,-0.325195,0.000000
4503.000000,227000.000000,75549924.000000,0.000000,-0.023200,-0.986000, , , 
4504.000000,227099.000000,75549924.000000,0.002900,-0.023200,-0.986000, , , 
4505.000000,227100.000000,75549924.000000, , , ,-0.325195,0.000000,0.000000
4506.000000,227200.000000,75549924.000000,0.000000,-0.023200,-0.986000, , , 
4507.000000,227201.000000,75549924.000000, , , ,-0.325195,0.000000,0.000000
4508.000000,227292.000000,75549924.000000, , , ,-0.325195,0.000000,0.000000
4509.000000,227299.000000,75549924.000000,0.000000,-0.023200,-0.988900, , , 
4510.000000,227393.000000,75549924.000000, , , ,-0.325195,0.000000,0.000000
4511.000000,227400.000000,75549924.000000,0.000000,-0.023200,-0.986000, , , 
4512.000000,227493.000000,75549924.000000, , , ,-0.325195,-0.325195,0.000000
4513.000000,227500.000000,75549924.000000,0.002900,-0.023200,-0.988900, , , 
4514.000000,227594.000000,75549924.000000, , , ,-0.650391,-0.325195,-0.325195
4515.000000,227599.000000,75549924.000000,0.000000,-0.023200,-0.983100, , , 
4516.000000,227695.000000,75549924.000000, , , ,0.000000,0.000000,0.000000
4517.000000,227700.000000,75549924.000000,0.002900,-0.023200,-0.991800, , , 
4518.000000,227796.000000,75549924.000000, , , ,-0.325195,0.000000,0.000000
4519.000000,227799.000000,75549924.000000,0.000000,-0.023200,-0.986000, , , 
4520.000000,227897.000000,75549924.000000, , , ,-0.325195,0.000000,0.000000
4521.000000,227900.000000,75549924.000000,0.000000,-0.023200,-0.986000, , , 
4522.000000,227998.000000,75549924.000000, , , ,-0.325195,0.000000,0.000000
4523.000000,227999.000000,75549924.000000,0.000000,-0.023200,-0.983100, , , 
4524.000000,228098.000000,75549924.000000, , , ,-0.325195,0.000000,0.000000
4525.000000,228099.000000,75549924.000000,0.000000,-0.026100,-0.988900, , , 
4526.000000,228199.000000,75549924.000000, , , ,-0.325195,0.000000,0.000000
4527.000000,228200.000000,75549924.000000,0.000000,-0.023200,-0.988900, , , 
4528.000000,228299.000000,75549924.000000,0.000000,-0.023200,-0.986000, , , 
4529.000000,228300.000000,75549924.000000, , , ,-0.325195,0.000000,0.000000
4530.000000,228400.000000,75549924.000000,0.002900,-0.023200,-0.991800, , , 
4531.000000,228401.000000,75549924.000000, , , ,-0.325195,0.000000,0.000000
4532.000000,228492.000000,75549924.000000, , , ,0.000000,0.000000,0.000000
4533.000000,228499.000000,75549924.000000,0.000000,-0.023200,-0.983100, , , 
4534.000000,228593.000000,75549924.000000, , , ,-0.325195,0.000000,-0.325195
4535.000000,228600.000000,75549924.000000,0.002900,-0.023200,-0.988900, , , 
4536.000000,228694.000000,75549924.000000, , , ,-0.325195,0.000000,0.000000
4537.000000,228699.000000,75549924.000000,0.000000,-0.023200,-0.983100, , , 
4538.000000,228795.000000,75549924.000000, , , ,-0.325195,-0.325195,0.000000
4539.000000,228800.000000,75549924.000000,0.002900,-0.023200,-0.991800, , , 
4540.000000,228896.000000,75549924.000000, , , ,0.000000,-0.325195,-0.325195
4541.000000,228899.000000,75549924.000000,0.000000,-0.023200,-0.980200, , , 
4542.000000,228997.000000,75549924.000000, , , ,0.000000,0.000000,0.000000
4543.000000,229000.000000,75549924.000000,0.002900,-0.023200,-0.988900, , , 
4544.000000,229098.000000,75549924.000000, , , ,-0.325195,0.000000,0.000000
4545.000000,229099.000000,75549924.000000,0.000000,-0.023200,-0.986000, , , 
4546.000000,229199.000000,75549924.000000, , , ,-0.650391,0.000000,0.000000
4547.000000,229200.000000,75549924.000000,0.002900,-0.023200,-0.988900, , , 
4548.000000,229299.000000,75549924.000000,0.000000,-0.023200,-0.986000, , , 
4549.000000,229300.000000,75549924.000000, , , ,-0.325195,0.000000,-0.325195
4550.000000,229400.000000,75549924.000000,0.002900,-0.023200,-0.988900, , , 
4551.000000,229401.000000,75549924.000000, , , ,-0.325195,0.000000,0.000000
4552.000000,229492.000000,75549924.000000, , , ,0.000000,-0.325195,-0.325195
4553.000000,229499.000000,75549924.000000,0.000000,-0.023200,-0.986000, , , 
4554.000000,229593.000000,75549924.000000, , , ,0.000000,0.000000,0.000000
4555.000000,229600.000000,75549924.000000,0.000000,-0.023200,-0.988900, , , 
4556.000000,229694.000000,75549924.000000, , , ,-0.325195,0.000000,0.000000
4557.000000,229699.000000,75549924.000000,0.002900,-0.023200,-0.983100, , , 
4558.000000,229795.000000,75549924.000000, , , ,-0.325195,0.000000,0.000000
4559.000000,229800.000000,75549924.000000,0.005800,-0.023200,-0.986000, , , 
4560.000000,229896.000000,75549924.000000, , , ,0.000000,-0.325195,0.000000
4561.000000,229899.000000,75549924.000000,0.037700,-0.023200,-0.991800, , , 
4562.000000,229997.000000,75549924.000000, , , ,-0.325195,0.325195,0.000000
4563.000000,230000.000000,75549924.000000,0.058000,-0.023200,-0.986000, , , 
4564.000000,230098.000000,75549924.000000, , , ,-0.650391,0.000000,0.000000
4565.000000,230099.000000,75549924.000000,0.060900,-0.023200,-0.991800, , , 
4566.000000,230199.000000,75549924.000000, , , ,-0.650391,-0.975586,0.000000
4567.000000,230200.000000,75549924.000000,0.058000,-0.020300,-0.986000, , , 
4568.000000,230299.000000,75549924.000000,0.055100,-0.023200,-0.991800, , , 
4569.000000,230300.000000,75549924.000000, , , ,0.000000,0.000000,-0.325195
4570.000000,230400.000000,75549924.000000,0.058000,-0.023200,-0.991800, , , 
4571.000000,230401.000000,75549924.000000, , , ,-0.325195,0.000000,0.000000
4572.000000,230492.000000,75549924.000000, , , ,-0.650391,0.000000,0.000000
4573.000000,230499.000000,75549924.000000,0.055100,-0.020300,-0.986000, , , 
4574.000000,230593.000000,75549924.000000, , , ,0.000000,0.000000,0.000000
4575.000000,230600.000000,75549924.000000,0.058000,-0.023200,-0.994700, , , 
4576.000000,230694.000000,75549924.000000, , , ,-0.325195,0.000000,0.000000
4577.000000,230699.000000,75549924.000000,0.037700,-0.026100,-0.986000, , , 
4578.000000,230795.000000,75549924.000000, , , ,0.000000,0.000000,0.000000
4579.000000,230800.000000,75549924.000000,0.052200,-0.026100,-0.988900, , , 
4580.000000,230896.000000,75549924.000000, , , ,-0.650391,0.000000,0.000000
4581.000000,230899.000000,75549924.000000,0.058000,-0.023200,-0.991800, , , 
4582.000000,230997.000000,75549924.000000, , , ,-0.325195,0.000000,0.000000
4583.000000,231000.000000,75549924.000000,0.069600,-0.023200,-0.991800, , , 
4584.000000,231098.000000,75549924.000000, , , ,-0.325195,0.000000,0.000000
4585.000000,231099.000000,75549924.000000,0.072500,-0.023200,-0.986000, , , 
4586.000000,231199.000000,75549924.000000, , , ,-0.325195,0.000000,0.000000
4587.000000,231200.000000,75549924.000000,0.107300,-0.020300,-0.997600, , , 
4588.000000,231299.000000,75549924.000000,0.159500,-0.020300,-0.994700, , , 
4589.000000,231300.000000,75549924.000000, , , ,0.000000,0.650391,-0.325195
4590.000000,231400.000000,75549924.000000,0.185600,-0.023200,-0.988900, , , 
4591.000000,231401.000000,75549924.000000, , , ,-0.325195,0.325195,0.000000
4592.000000,231492.000000,75549924.000000, , , ,-0.325195,0.325195,0.000000
4593.000000,231499.000000,75549924.000000,0.191400,-0.020300,-0.994700, , , 
4594.000000,231593.000000,75549924.000000, , , ,-0.325195,0.000000,0.000000
4595.000000,231600.000000,75549924.000000,0.185600,-0.020300,-0.994700, , , 
4596.000000,231694.000000,75549924.000000, , , ,-0.325195,0.000000,0.000000
4597.000000,231699.000000,75549924.000000,0.188500,-0.020300,-0.997600, , , 
4598.000000,231795.000000,75549924.000000, , , ,-0.325195,0.000000,0.000000
4599.000000,231800.000000,75549924.000000,0.176900,-0.026100,-0.988900, , , 
4600.000000,231896.000000,75549924.000000, , , ,-0.650391,0.000000,0.000000
4601.000000,231899.000000,75549924.000000,0.171100,-0.026100,-0.988900, , , 
4602.000000,231997.000000,75549924.000000, , , ,-0.975586,0.325195,0.000000
4603.000000,232000.000000,75549924.000000,0.185600,-0.023200,-0.991800, , , 
4604.000000,232098.000000,75549924.000000, , , ,-0.650391,0.325195,0.000000
4605.000000,232099.000000,75549924.000000,0.226200,-0.017400,-0.988900, , , 
4606.000000,232199.000000,75549924.000000, , , ,-0.325195,0.000000,0.000000
4607.000000,232200.000000,75549924.000000,0.234900,-0.020300,-1.009200, , , 
4608.000000,232299.000000,75549924.000000,0.243600,-0.011600,-0.991800, , , 
4609.000000,232300.000000,75549924.000000, , , ,0.000000,0.000000,0.000000
4610.000000,232400.000000,75549924.000000,0.229100,-0.020300,-0.986000, , , 
4611.000000,232401.000000,75549924.000000, , , ,0.000000,0.325195,0.000000
4612.000000,232492.000000,75549924.000000, , , ,-0.325195,0.325195,-0.325195
4613.000000,232499.000000,75549924.000000,0.229100,-0.034800,-1.003400, , , 
4614.000000,232593.000000,75549924.000000, , , ,-0.650391,0.000000,0.000000
4615.000000,232600.000000,75549924.000000,0.220400,-0.040600,-0.983100, , , 
4616.000000,232694.000000,75549924.000000, , , ,-0.975586,0.000000,0.000000
4617.000000,232699.000000,75549924.000000,0.214600,-0.020300,-0.983100, , , 
4618.000000,232795.000000,75549924.000000, , , ,-0.325195,-0.325195,0.000000
4619.000000,232800.000000,75549924.000000,0.203000,-0.011600,-0.997600, , , 
4620.000000,232896.000000,75549924.000000, , , ,-0.650391,-0.975586,-0.325195
4621.000000,232899.000000,75549924.000000,0.203000,-0.034800,-1.003400, , , 
4622.000000,232997.000000,75549924.000000, , , ,-0.325195,0.000000,-0.975586
4623.000000,233000.000000,75549924.000000,0.185600,-0.055100,-0.983100, , , 
4624.000000,233098.000000,75549924.000000, , , ,-0.325195,0.000000,-1.300781
4625.000000,233100.000000,75549924.000000,0.182700,-0.037700,-1.000500, , , 
4626.000000,233198.000000,75549924.000000, , , ,-0.650391,-0.325195,-1.951172
4627.000000,233199.000000,75549924.000000,0.176900,-0.052200,-0.988900, , , 
4628.000000,233299.000000,75549924.000000, , , ,0.000000,-0.650391,-2.276367
4629.000000,233300.000000,75549924.000000,0.162400,-0.066700,-0.991800, , , 
4630.000000,233399.000000,75549924.000000,0.153700,-0.049300,-0.991800, , , 
4631.000000,233400.000000,75549924.000000, , , ,-0.650391,-0.325195,-2.601563
4632.000000,233500.000000,75549924.000000,0.156600,-0.063800,-0.997600, , , 
4633.000000,233501.000000,75549924.000000, , , ,-0.975586,0.000000,-2.926758
4634.000000,233592.000000,75549924.000000, , , ,-0.325195,0.325195,-2.926758
4635.000000,233599.000000,75549924.000000,0.156600,-0.046400,-0.986000, , , 
4636.000000,233693.000000,75549924.000000, , , ,-0.325195,0.000000,-3.577148
4637.000000,233700.000000,75549924.000000,0.150800,-0.049300,-0.997600, , , 
4638.000000,233794.000000,75549924.000000, , , ,0.000000,0.000000,-4.227539
4639.000000,233799.000000,75549924.000000,0.139200,-0.069600,-0.980200, , , 
4640.000000,233895.000000,75549924.000000, , , ,-0.325195,-0.325195,-3.902344
4641.000000,233900.000000,75549924.000000,0.139200,-0.089900,-1.003400, , , 
4642.000000,233996.000000,75549924.000000, , , ,-0.325195,0.650391,-4.552734
4643.000000,233999.000000,75549924.000000,0.130500,-0.087000,-1.009200, , , 
4644.000000,234097.000000,75549924.000000, , , ,0.000000,0.000000,-5.853516
4645.000000,234100.000000,75549924.000000,0.139200,-0.084100,-0.986000, , , 
4646.000000,234198.000000,75549924.000000, , , ,0.000000,-0.325195,-6.503906
4647.000000,234199.000000,75549924.000000,0.133400,-0.127600,-0.971500, , , 
4648.000000,234299.000000,75549924.000000, , , ,-0.325195,0.000000,-7.154297
4649.000000,234300.000000,75549924.000000,0.107300,-0.130500,-0.997600, , , 
4650.000000,234399.000000,75549924.000000,0.118900,-0.133400,-1.003400, , , 
4651.000000,234400.000000,75549924.000000, , , ,0.000000,0.000000,-7.804688
4652.000000,234500.000000,75549924.000000,0.087000,-0.156600,-0.986000, , , 
4653.000000,234501.000000,75549924.000000, , , ,-0.325195,-0.975586,-8.455078
4654.000000,234592.000000,75549924.000000, , , ,0.000000,-0.650391,-9.755859
4655.000000,234599.000000,75549924.000000,0.043500,-0.165300,-0.962800, , , 
4656.000000,234693.000000,75549924.000000, , , ,0.000000,-0.325195,-10.731445
4657.000000,234700.000000,75549924.000000,0.058000,-0.176900,-1.006300, , , 
4658.000000,234794.000000,75549924.000000, , , ,-0.325195,-0.325195,-9.430664
4659.000000,234799.000000,75549924.000000,0.087000,-0.197200,-0.986000, , , 
4660.000000,234895.000000,75549924.000000, , , ,-0.975586,0.325195,-11.707031
4661.000000,234900.000000,75549924.000000,0.139200,-0.191400,-0.974400, , , 
4662.000000,234996.000000,75549924.000000, , , ,-0.975586,0.000000,-12.032227
4663.000000,234999.000000,75549924.000000,0.188500,-0.182700,-0.988900, , , 
4664.000000,235097.000000,75549924.000000, , , ,-0.975586,0.000000,-12.682617
4665.000000,235100.000000,75549924.000000,0.168200,-0.185600,-0.983100, , , 
4666.000000,235198.000000,75549924.000000, , , ,0.325195,-0.975586,-13.007813
4667.000000,235199.000000,75549924.000000,0.081200,-0.200100,-0.988900, , , 
4668.000000,235299.000000,75549924.000000, , , ,0.000000,-0.650391,-14.308594
4669.000000,235300.000000,75549924.000000,0.060900,-0.261000,-0.991800, , , 
4670.000000,235399.000000,75549924.000000,0.058000,-0.284200,-0.962800, , , 
4671.000000,235400.000000,75549924.000000, , , ,0.325195,-0.650391,-15.609375
4672.000000,235500.000000,75549924.000000,0.026100,-0.281300,-0.988900, , , 
4673.000000,235501.000000,75549924.000000, , , ,0.000000,-0.650391,-16.910156
4674.000000,235592.000000,75549924.000000, , , ,-0.325195,-0.650391,-17.885742
4675.000000,235599.000000,75549924.000000,0.031900,-0.298700,-0.994700, , , 
4676.000000,235693.000000,75549924.000000, , , ,0.000000,-0.650391,-18.210938
4677.000000,235700.000000,75549924.000000,0.029000,-0.278400,-0.965700, , , 
4678.000000,235794.000000,75549924.000000, , , ,-1.300781,-0.325195,-18.536133
4679.000000,235799.000000,75549924.000000,0.023200,-0.336400,-0.983100, , , 
4680.000000,235895.000000,75549924.000000, , , ,-1.300781,-0.325195,-18.861328
4681.000000,235900.000000,75549924.000000,0.029000,-0.290000,-0.997600, , , 
4682.000000,235996.000000,75549924.000000, , , ,-0.650391,-0.325195,-18.861328
4683.000000,235999.000000,75549924.000000,0.023200,-0.313200,-0.977300, , , 
4684.000000,236097.000000,75549924.000000, , , ,-0.650391,-0.325195,-19.186523
4685.000000,236100.000000,75549924.000000,0.040600,-0.284200,-0.980200, , , 
4686.000000,236198.000000,75549924.000000, , , ,-0.975586,-0.650391,-18.861328
4687.000000,236199.000000,75549924.000000,0.031900,-0.307400,-0.994700, , , 
4688.000000,236299.000000,75549924.000000, , , ,-0.975586,-0.325195,-19.186523
4689.000000,236300.000000,75549924.000000,0.023200,-0.316100,-0.968600, , , 
4690.000000,236399.000000,75549924.000000,0.034800,-0.321900,-0.974400, , , 
4691.000000,236400.000000,75549924.000000, , , ,-1.300781,-0.650391,-19.511719
4692.000000,236500.000000,75549924.000000,0.034800,-0.304500,-0.974400, , , 
4693.000000,236501.000000,75549924.000000, , , ,-0.325195,-0.650391,-19.836914
4694.000000,236592.000000,75549924.000000, , , ,-1.951172,-0.650391,-17.560547
4695.000000,236599.000000,75549924.000000,0.037700,-0.330600,-0.994700, , , 
4696.000000,236693.000000,75549924.000000, , , ,-0.650391,-0.650391,-19.836914
4697.000000,236700.000000,75549924.000000,0.049300,-0.295800,-0.962800, , , 
4698.000000,236794.000000,75549924.000000, , , ,-0.975586,-0.975586,-19.836914
4699.000000,236799.000000,75549924.000000,0.043500,-0.336400,-0.945400, , , 
4700.000000,236895.000000,75549924.000000, , , ,-4.227539,-2.276367,-17.235352
4701.000000,236900.000000,75549924.000000,0.058000,-0.353800,-0.965700, , , 
4702.000000,236996.000000,75549924.000000, , , ,-2.601563,-2.601563,-19.836914
4703.000000,236999.000000,75549924.000000,0.046400,-0.310300,-0.957000, , , 
4704.000000,237097.000000,75549924.000000, , , ,-1.300781,-3.251953,-20.487305
4705.000000,237100.000000,75549924.000000,0.081200,-0.284200,-0.928000, , , 
4706.000000,237198.000000,75549924.000000, , , ,-0.650391,-3.577148,-20.487305
4707.000000,237199.000000,75549924.000000,0.063800,-0.333500,-0.948300, , , 
4708.000000,237299.000000,75549924.000000, , , ,-1.300781,-2.601563,-20.162109
4709.000000,237300.000000,75549924.000000,0.066700,-0.362500,-0.997600, , , 
4710.000000,237399.000000,75549924.000000,0.043500,-0.348000,-0.957000, , , 
4711.000000,237400.000000,75549924.000000, , , ,-2.601563,-1.625977,-20.487305
4712.000000,237500.000000,75549924.000000,0.087000,-0.290000,-0.928000, , , 
4713.000000,237501.000000,75549924.000000, , , ,0.000000,-0.325195,-21.462891
4714.000000,237601.000000,75549924.000000,0.110200,-0.336400,-0.977300,1.300781,-1.300781,-21.462891
4715.000000,237692.000000,75549924.000000, , , ,-0.325195,-2.601563,-21.137695
4716.000000,237699.000000,75549924.000000,0.081200,-0.420500,-0.988900, , , 
4717.000000,237793.000000,75549924.000000, , , ,0.000000,-2.276367,-21.462891
4718.000000,237800.000000,75549924.000000,0.081200,-0.394400,-0.971500, , , 
4719.000000,237894.000000,75549924.000000, , , ,-0.975586,-1.300781,-21.788086
4720.000000,237899.000000,75549924.000000,0.081200,-0.374100,-0.962800, , , 
4721.000000,237995.000000,75549924.000000, , , ,-0.325195,-1.300781,-20.812500
4722.000000,238000.000000,75549924.000000,0.110200,-0.374100,-0.974400, , , 
4723.000000,238096.000000,75549924.000000, , , ,-1.625977,0.000000,-19.836914
4724.000000,238099.000000,75549924.000000,0.116000,-0.348000,-0.983100, , , 
4725.000000,238197.000000,75549924.000000, , , ,-1.951172,-0.650391,-17.885742
4726.000000,238200.000000,75549924.000000,0.107300,-0.307400,-0.991800, , , 
4727.000000,238298.000000,75549924.000000, , , ,-1.951172,0.000000,-15.934570
4728.000000,238299.000000,75549924.000000,0.156600,-0.249400,-0.983100, , , 
4729.000000,238399.000000,75549924.000000, , , ,-2.276367,0.325195,-13.333008
4730.000000,238400.000000,75549924.000000,0.162400,-0.197200,-0.980200, , , 
4731.000000,238499.000000,75549924.000000,0.174000,-0.194300,-1.017900, , , 
4732.000000,238500.000000,75549924.000000, , , ,-2.276367,0.000000,-11.056641
4733.000000,238600.000000,75549924.000000,0.174000,-0.159500,-0.974400, , , 
4734.000000,238601.000000,75549924.000000, , , ,-1.300781,-0.650391,-9.755859
4735.000000,238692.000000,75549924.000000, , , ,-1.300781,-0.650391,-9.105469
4736.000000,238699.000000,75549924.000000,0.185600,-0.185600,-0.980200, , , 
4737.000000,238793.000000,75549924.000000, , , ,-0.650391,-0.975586,-8.780273
4738.000000,238800.000000,75549924.000000,0.176900,-0.191400,-0.988900, , , 
4739.000000,238894.000000,75549924.000000, , , ,-0.975586,-0.975586,-9.105469
4740.000000,238899.000000,75549924.000000,0.179800,-0.211700,-0.968600, , , 
4741.000000,238995.000000,75549924.000000, , , ,-0.975586,-0.975586,-8.780273
4742.000000,239000.000000,75549924.000000,0.185600,-0.208800,-0.957000, , , 
4743.000000,239096.000000,75549924.000000, , , ,-1.951172,-1.951172,-8.129883
4744.000000,239099.000000,75549924.000000,0.191400,-0.197200,-0.965700, , , 
4745.000000,239197.000000,75549924.000000, , , ,-2.601563,-1.625977,-6.503906
4746.000000,239200.000000,75549924.000000,0.162400,-0.133400,-0.994700, , , 
4747.000000,239298.000000,75549924.000000, , , ,-3.251953,0.000000,-4.552734
4748.000000,239299.000000,75549924.000000,0.159500,-0.069600,-0.988900, , , 
4749.000000,239399.000000,75549924.000000, , , ,-1.300781,0.000000,-2.601563
4750.000000,239400.000000,75549924.000000,0.171100,-0.063800,-0.980200, , , 
4751.000000,239499.000000,75549924.000000,0.194300,-0.029000,-0.994700, , , 
4752.000000,239500.000000,75549924.000000, , , ,-1.625977,-1.625977,-1.951172
4753.000000,239600.000000,75549924.000000,0.171100,-0.055100,-0.965700, , , 
4754.000000,239601.000000,75549924.000000, , , ,-1.951172,-0.975586,-1.300781
4755.000000,239692.000000,75549924.000000, , , ,-0.975586,-0.325195,-0.650391
4756.000000,239699.000000,75549924.000000,0.153700,-0.017400,-1.009200, , , 
4757.000000,239793.000000,75549924.000000, , , ,-1.300781,0.000000,-0.975586
4758.000000,239800.000000,75549924.000000,0.159500,-0.055100,-0.977300, , , 
4759.000000,239894.000000,75549924.000000, , , ,-1.625977,-0.325195,-0.975586
4760.000000,239899.000000,75549924.000000,0.182700,-0.023200,-0.991800, , , 
4761.000000,239995.000000,75549924.000000, , , ,-1.625977,-0.975586,-0.975586
4762.000000,240000.000000,75549924.000000,0.171100,-0.043500,-0.988900, , , 
4763.000000,240096.000000,75549924.000000, , , ,-0.650391,-0.325195,-1.300781
4764.000000,240099.000000,75549924.000000,0.171100,-0.017400,-0.948300, , , 
4765.000000,240197.000000,75549924.000000, , , ,-0.325195,-0.650391,-1.300781
4766.000000,240200.000000,75549924.000000,0.159500,-0.037700,-0.997600, , , 
4767.000000,240298.000000,75549924.000000, , , ,-0.650391,0.000000,-1.300781
4768.000000,240299.000000,75549924.000000,0.121800,-0.037700,-1.012100, , , 
4769.000000,240399.000000,75549924.000000, , , ,0.650391,2.276367,-1.300781
4770.000000,240400.000000,75549924.000000,0.127600,-0.066700,-1.038200, , , 
4771.000000,240499.000000,75549924.000000,0.110200,-0.043500,-1.044000, , , 
4772.000000,240500.000000,75549924.000000, , , ,-0.975586,1.951172,-1.625977
4773.000000,240600.000000,75549924.000000,0.101500,-0.078300,-1.064300, , , 
4774.000000,240601.000000,75549924.000000, , , ,-0.650391,1.951172,-1.300781
4775.000000,240692.000000,75549924.000000, , , ,-1.300781,0.650391,-1.951172
4776.000000,240699.000000,75549924.000000,0.092800,-0.040600,-1.006300, , , 
4777.000000,240793.000000,75549924.000000, , , ,-1.625977,0.325195,-1.300781
4778.000000,240800.000000,75549924.000000,0.104400,-0.046400,-1.003400, , , 
4779.000000,240894.000000,75549924.000000, , , ,-1.300781,-0.325195,-1.300781
4780.000000,240899.000000,75549924.000000,0.075400,-0.046400,-0.980200, , , 
4781.000000,240995.000000,75549924.000000, , , ,0.000000,-0.650391,-1.300781
4782.000000,241000.000000,75549924.000000,0.060900,-0.023200,-0.971500, , , 
4783.000000,241096.000000,75549924.000000, , , ,-1.625977,0.000000,-1.300781
4784.000000,241099.000000,75549924.000000,0.107300,-0.049300,-0.994700, , , 
4785.000000,241197.000000,75549924.000000, , , ,-0.325195,0.000000,-1.300781
4786.000000,241200.000000,75549924.000000,0.116000,-0.029000,-0.991800, , , 
4787.000000,241298.000000,75549924.000000, , , ,-1.300781,0.000000,-1.300781
4788.000000,241299.000000,75549924.000000,0.116000,-0.040600,-0.997600, , , 
4789.000000,241399.000000,75549924.000000, , , ,-0.325195,0.325195,-1.300781
4790.000000,241400.000000,75549924.000000,0.104400,-0.020300,-0.991800, , , 
4791.000000,241499.000000,75549924.000000,0.087000,-0.046400,-0.997600, , , 
4792.000000,241500.000000,75549924.000000, , , ,-0.325195,0.000000,-1.300781
4793.000000,241600.000000,75549924.000000,0.078300,-0.031900,-0.983100, , , 
4794.000000,241601.000000,75549924.000000, , , ,0.000000,0.000000,-1.300781
4795.000000,241692.000000,75549924.000000, , , ,-0.325195,-0.325195,-1.300781
4796.000000,241699.000000,75549924.000000,0.084100,-0.046400,-0.994700, , , 
4797.000000,241793.000000,75549924.000000, , , ,-0.325195,-0.325195,-1.300781
4798.000000,241800.000000,75549924.000000,0.089900,-0.055100,-0.977300, , , 
4799.000000,241894.000000,75549924.000000, , , ,0.000000,0.000000,-0.975586
4800.000000,241899.000000,75549924.000000,0.092800,-0.046400,-0.988900, , , 
4801.000000,241995.000000,75549924.000000, , , ,-0.325195,0.000000,-0.975586
4802.000000,242000.000000,75549924.000000,0.081200,-0.031900,-0.971500, , , 
4803.000000,242096.000000,75549924.000000, , , ,-0.975586,0.000000,-1.300781
4804.000000,242099.000000,75549924.000000,0.078300,-0.081200,-0.997600, , , 
4805.000000,242197.000000,75549924.000000, , , ,-0.650391,0.000000,-1.300781
4806.000000,242200.000000,75549924.000000,0.078300,-0.052200,-0.980200, , , 
4807.000000,242298.000000,75549924.000000, , , ,-0.650391,0.000000,-1.625977
4808.000000,242299.000000,75549924.000000,0.075400,-0.060900,-0.994700, , , 
4809.000000,242399.000000,75549924.000000, , , ,-0.975586,-0.650391,-1.625977
4810.000000,242400.000000,75549924.000000,0.063800,-0.049300,-0.983100, , , 
4811.000000,242499.000000,75549924.000000,0.058000,-0.052200,-0.983100, , , 
4812.000000,242500.000000,75549924.000000, , , ,-1.625977,-0.325195,-1.300781
4813.000000,242600.000000,75549924.000000,0.026100,-0.055100,-0.977300, , , 
4814.000000,242601.000000,75549924.000000, , , ,-0.975586,-0.650391,-1.625977
4815.000000,242692.000000,75549924.000000, , , ,-1.300781,-0.650391,-1.625977
4816.000000,242699.000000,75549924.000000,-0.014500,-0.052200,-0.991800, , , 
4817.000000,242793.000000,75549924.000000, , , ,-1.951172,-0.325195,-1.625977
4818.000000,242800.000000,75549924.000000,-0.008700,-0.060900,-0.965700, , , 
4819.000000,242894.000000,75549924.000000, , , ,-1.300781,-0.975586,-1.951172
4820.000000,242899.000000,75549924.000000,0.002900,-0.055100,-0.974400, , , 
4821.000000,242995.000000,75549924.000000, , , ,-1.951172,-1.951172,-1.625977
4822.000000,243000.000000,75549924.000000,-0.014500,-0.069600,-0.930900, , , 
4823.000000,243096.000000,75549924.000000, , , ,-2.926758,-1.951172,-0.975586
4824.000000,243099.000000,75549924.000000,-0.037700,-0.008700,-0.965700, , , 
4825.000000,243197.000000,75549924.000000, , , ,-1.951172,-1.300781,-1.951172
4826.000000,243200.000000,75549924.000000,-0.060900,-0.029000,-0.986000, , , 
4827.000000,243298.000000,75549924.000000, , , ,0.000000,-0.975586,-1.951172
4828.000000,243299.000000,75549924.000000,-0.081200,0.000000,-0.980200, , , 
4829.000000,243399.000000,75549924.000000, , , ,-1.625977,0.975586,-2.601563
4830.000000,243400.000000,75549924.000000,-0.075400,-0.014500,-1.052700, , , 
4831.000000,243499.000000,75549924.000000,-0.037700,-0.063800,-1.023700, , , 
4832.000000,243500.000000,75549924.000000, , , ,0.000000,2.276367,-1.951172
4833.000000,243600.000000,75549924.000000,-0.029000,-0.087000,-0.983100, , , 
4834.000000,243601.000000,75549924.000000, , , ,-2.926758,0.000000,-4.552734
4835.000000,243692.000000,75549924.000000, , , ,-1.300781,0.000000,-2.926758
4836.000000,243699.000000,75549924.000000,0.002900,-0.040600,-0.962800, , , 
4837.000000,243793.000000,75549924.000000, , , ,-1.951172,-3.251953,-1.951172
4838.000000,243800.000000,75549924.000000,-0.008700,-0.069600,-0.913500, , , 
4839.000000,243894.000000,75549924.000000, , , ,-1.951172,-2.276367,-2.601563
4840.000000,243899.000000,75549924.000000,-0.034800,-0.029000,-0.948300, , , 
4841.000000,243995.000000,75549924.000000, , , ,-1.300781,0.000000,-2.601563
4842.000000,244000.000000,75549924.000000,-0.043500,-0.066700,-0.971500, , , 
4843.000000,244096.000000,75549924.000000, , , ,-0.325195,0.975586,-1.951172
4844.000000,244099.000000,75549924.000000,-0.017400,-0.026100,-1.009200, , , 
4845.000000,244197.000000,75549924.000000, , , ,0.000000,0.325195,-2.926758
4846.000000,244200.000000,75549924.000000,-0.011600,-0.040600,-0.997600, , , 
4847.000000,244298.000000,75549924.000000, , , ,0.325195,0.000000,-2.926758
4848.000000,244299.000000,75549924.000000,-0.014500,-0.058000,-0.994700, , , 
4849.000000,244399.000000,75549924.000000, , , ,-0.650391,0.000000,-2.926758
4850.000000,244400.000000,75549924.000000,-0.029000,-0.046400,-0.988900, , , 
4851.000000,244499.000000,75549924.000000,-0.023200,-0.069600,-0.971500, , , 
4852.000000,244500.000000,75549924.000000, , , ,-0.650391,0.000000,-2.276367
4853.000000,244600.000000,75549924.000000,-0.031900,-0.069600,-0.974400, , , 
4854.000000,244601.000000,75549924.000000, , , ,-1.300781,-0.650391,-2.926758
4855.000000,244692.000000,75549924.000000, , , ,-0.650391,-0.650391,-2.601563
4856.000000,244699.000000,75549924.000000,-0.043500,-0.040600,-0.977300, , , 
4857.000000,244793.000000,75549924.000000, , , ,-0.975586,0.000000,-2.601563
4858.000000,244800.000000,75549924.000000,-0.040600,-0.052200,-0.977300, , , 
4859.000000,244894.000000,75549924.000000, , , ,0.000000,0.000000,-2.601563
4860.000000,244899.000000,75549924.000000,-0.055100,-0.020300,-1.003400, , , 
4861.000000,244995.000000,75549924.000000, , , ,-1.625977,-0.650391,-2.601563
4862.000000,245000.000000,75549924.000000,-0.034800,-0.078300,-0.959900, , , 
4863.000000,245096.000000,75549924.000000, , , ,0.975586,0.000000,-3.251953
4864.000000,245099.000000,75549924.000000,-0.040600,-0.020300,-1.020800, , , 
4865.000000,245197.000000,75549924.000000, , , ,-0.975586,0.000000,-2.276367
4866.000000,245200.000000,75549924.000000,-0.060900,-0.084100,-0.951200, , , 
4867.000000,245298.000000,75549924.000000, , , ,-0.650391,0.000000,-3.577148
4868.000000,245299.000000,75549924.000000,-0.052200,-0.049300,-0.983100, , , 
4869.000000,245399.000000,75549924.000000, , , ,-0.325195,0.000000,-2.601563
4870.000000,245400.000000,75549924.000000,-0.081200,-0.029000,-1.015000, , , 
4871.000000,245499.000000,75549924.000000, , , ,-0.650391,0.650391,-2.926758
4872.000000,245500.000000,75549924.000000,-0.078300,-0.049300,-0.991800, , , 
4873.000000,245599.000000,75549924.000000,-0.060900,-0.037700,-1.003400, , , 
4874.000000,245600.000000,75549924.000000, , , ,0.000000,0.325195,-2.276367
4875.000000,245700.000000,75549924.000000,-0.058000,-0.008700,-0.983100, , , 
4876.000000,245701.000000,75549924.000000, , , ,0.000000,0.000000,-2.276367
4877.000000,245792.000000,75549924.000000, , , ,-0.325195,-0.325195,-2.276367
4878.000000,245799.000000,75549924.000000,-0.075400,-0.060900,-0.991800, , , 
4879.000000,245893.000000,75549924.000000, , , ,0.975586,0.000000,-2.601563
4880.000000,245900.000000,75549924.000000,-0.046400,-0.002900,-0.962800, , , 
4881.000000,245994.000000,75549924.000000, , , ,0.650391,-1.300781,-2.926758
4882.000000,245999.000000,75549924.000000,-0.049300,-0.066700,-0.959900, , , 
4883.000000,246095.000000,75549924.000000, , , ,-0.650391,-0.650391,-2.276367
4884.000000,246100.000000,75549924.000000,-0.060900,-0.040600,-0.977300, , , 
4885.000000,246196.000000,75549924.000000, , , ,0.000000,-0.325195,-1.951172
4886.000000,246199.000000,75549924.000000,-0.101500,-0.040600,-0.988900, , , 
4887.000000,246297.000000,75549924.000000, , , ,-2.926758,0.325195,-0.975586
4888.000000,246300.000000,75549924.000000,-0.052200,-0.069600,-0.959900, , , 
4889.000000,246398.000000,75549924.000000, , , ,-0.975586,0.000000,-1.951172
4890.000000,246399.000000,75549924.000000,-0.049300,0.000000,-0.983100, , , 
4891.000000,246499.000000,75549924.000000, , , ,-0.975586,-0.650391,-1.951172
4892.000000,246500.000000,75549924.000000,-0.087000,-0.046400,-0.980200, , , 
4893.000000,246599.000000,75549924.000000,-0.081200,-0.005800,-0.980200, , , 
4894.000000,246600.000000,75549924.000000, , , ,-0.650391,0.000000,-2.276367
4895.000000,246700.000000,75549924.000000,-0.069600,-0.040600,-0.994700, , , 
4896.000000,246701.000000,75549924.000000, , , ,0.000000,0.650391,-2.276367
4897.000000,246792.000000,75549924.000000, , , ,0.650391,0.000000,-2.276367
4898.000000,246799.000000,75549924.000000,-0.075400,-0.014500,-0.988900, , , 
4899.000000,246893.000000,75549924.000000, , , ,0.325195,-0.325195,-1.951172
4900.000000,246900.000000,75549924.000000,-0.081200,-0.058000,-1.000500, , , 
4901.000000,246994.000000,75549924.000000, , , ,-0.975586,0.325195,-2.276367
4902.000000,246999.000000,75549924.000000,-0.092800,-0.052200,-0.988900, , , 
4903.000000,247095.000000,75549924.000000, , , ,-0.975586,1.300781,-0.975586
4904.000000,247100.000000,75549924.000000,-0.066700,-0.031900,-0.977300, , , 
4905.000000,247196.000000,75549924.000000, , , ,-1.625977,-0.650391,-1.951172
4906.000000,247199.000000,75549924.000000,-0.069600,-0.058000,-0.997600, , , 
4907.000000,247297.000000,75549924.000000, , , ,-1.625977,-0.650391,-1.951172
4908.000000,247300.000000,75549924.000000,-0.095700,-0.037700,-0.991800, , , 
4909.000000,247398.000000,75549924.000000, , , ,-2.276367,0.000000,-1.951172
4910.000000,247399.000000,75549924.000000,-0.092800,-0.008700,-0.977300, , , 
4911.000000,247499.000000,75549924.000000, , , ,-0.975586,0.325195,-2.276367
4912.000000,247500.000000,75549924.000000,-0.072500,-0.034800,-0.983100, , , 
4913.000000,247599.000000,75549924.000000,-0.078300,-0.040600,-0.977300, , , 
4914.000000,247600.000000,75549924.000000, , , ,-0.975586,0.000000,-2.276367
4915.000000,247700.000000,75549924.000000,-0.087000,-0.031900,-0.983100, , , 
4916.000000,247701.000000,75549924.000000, , , ,-0.975586,-0.650391,-2.276367
4917.000000,247792.000000,75549924.000000, , , ,-0.975586,0.000000,-2.276367
4918.000000,247799.000000,75549924.000000,-0.098600,-0.023200,-1.012100, , , 
4919.000000,247893.000000,75549924.000000, , , ,-0.975586,0.000000,-2.276367
4920.000000,247900.000000,75549924.000000,-0.089900,-0.017400,-0.957000, , , 
4921.000000,247994.000000,75549924.000000, , , ,-1.951172,-0.325195,-1.951172
4922.000000,247999.000000,75549924.000000,-0.081200,-0.017400,-0.974400, , , 
4923.000000,248095.000000,75549924.000000, , , ,-0.650391,-0.975586,-2.276367
4924.000000,248100.000000,75549924.000000,-0.092800,-0.008700,-0.991800, , , 
4925.000000,248196.000000,75549924.000000, , , ,-1.625977,0.325195,-2.276367
4926.000000,248199.000000,75549924.000000,-0.121800,-0.031900,-0.983100, , , 
4927.000000,248297.000000,75549924.000000, , , ,-0.975586,0.975586,-1.300781
4928.000000,248300.000000,75549924.000000,-0.095700,-0.005800,-0.988900, , , 
4929.000000,248398.000000,75549924.000000, , , ,-1.625977,0.650391,-2.276367
4930.000000,248399.000000,75549924.000000,-0.089900,-0.017400,-0.986000, , , 
4931.000000,248499.000000,75549924.000000, , , ,-0.975586,-0.325195,-1.951172
4932.000000,248500.000000,75549924.000000,-0.095700,-0.023200,-0.991800, , , 
4933.000000,248599.000000,75549924.000000,-0.101500,0.002900,-0.951200, , , 
4934.000000,248600.000000,75549924.000000, , , ,-1.300781,-0.325195,-1.951172
4935.000000,248700.000000,75549924.000000,-0.089900,-0.023200,-0.986000, , , 
4936.000000,248701.000000,75549924.000000, , , ,-0.975586,-0.650391,-2.276367
4937.000000,248792.000000,75549924.000000, , , ,-1.625977,-0.325195,-1.625977
4938.000000,248799.000000,75549924.000000,-0.101500,0.005800,-0.959900, , , 
4939.000000,248893.000000,75549924.000000, , , ,-0.650391,0.000000,-1.951172
4940.000000,248900.000000,75549924.000000,-0.113100,-0.008700,-0.980200, , , 
4941.000000,248994.000000,75549924.000000, , , ,-0.325195,0.000000,-2.276367
4942.000000,248999.000000,75549924.000000,-0.107300,0.014500,-0.991800, , , 
4943.000000,249095.000000,75549924.000000, , , ,-1.300781,0.000000,-1.951172
4944.000000,249100.000000,75549924.000000,-0.118900,-0.046400,-0.991800, , , 
4945.000000,249196.000000,75549924.000000, , , ,-1.300781,0.650391,-1.625977
4946.000000,249199.000000,75549924.000000,-0.101500,0.005800,-0.991800, , , 
4947.000000,249297.000000,75549924.000000, , , ,0.000000,0.000000,-1.625977
4948.000000,249300.000000,75549924.000000,-0.087000,0.034800,-0.965700, , , 
4949.000000,249398.000000,75549924.000000, , , ,-0.650391,-0.650391,-0.975586
4950.000000,249399.000000,75549924.000000,-0.121800,0.005800,-1.003400, , , 
4951.000000,249499.000000,75549924.000000, , , ,-1.625977,-0.325195,-0.325195
4952.000000,249500.000000,75549924.000000,-0.139200,0.011600,-0.959900, , , 
4953.000000,249599.000000,75549924.000000,-0.156600,0.058000,-0.986000, , , 
4954.000000,249600.000000,75549924.000000, , , ,-0.650391,0.325195,-0.975586
4955.000000,249700.000000,75549924.000000,-0.168200,0.023200,-1.020800, , , 
4956.000000,249701.000000,75549924.000000, , , ,0.000000,0.325195,-0.975586
4957.000000,249792.000000,75549924.000000, , , ,-0.975586,0.975586,-0.650391
4958.000000,249799.000000,75549924.000000,-0.153700,-0.005800,-0.951200, , , 
4959.000000,249893.000000,75549924.000000, , , ,-0.325195,0.000000,-0.650391
4960.000000,249900.000000,75549924.000000,-0.150800,0.046400,-0.983100, , , 
4961.000000,249994.000000,75549924.000000, , , ,0.000000,-0.975586,-1.300781
4962.000000,249999.000000,75549924.000000,-0.168200,0.026100,-1.015000, , , 
4963.000000,250095.000000,75549924.000000, , , ,-0.325195,0.325195,-1.300781
4964.000000,250100.000000,75549924.000000,-0.188500,0.000000,-0.959900, , , 
4965.000000,250196.000000,75549924.000000, , , ,-0.650391,0.975586,-0.975586
4966.000000,250199.000000,75549924.000000,-0.159500,0.017400,-0.980200, , , 
4967.000000,250297.000000,75549924.000000, , , ,-0.975586,0.000000,-1.300781
4968.000000,250300.000000,75549924.000000,-0.153700,0.020300,-0.980200, , , 
4969.000000,250398.000000,75549924.000000, , , ,0.000000,-0.325195,-1.300781
4970.000000,250399.000000,75549924.000000,-0.165300,0.052200,-0.977300, , , 
4971.000000,250499.000000,75549924.000000, , , ,0.000000,-0.325195,-1.300781
4972.000000,250500.000000,75549924.000000,-0.182700,0.023200,-0.983100, , , 
4973.000000,250599.000000,75549924.000000,-0.174000,0.000000,-0.983100, , , 
4974.000000,250600.000000,75549924.000000, , , ,-0.650391,0.000000,-0.975586
4975.000000,250700.000000,75549924.000000,-0.176900,0.040600,-1.000500, , , 
4976.000000,250701.000000,75549924.000000, , , ,0.000000,0.650391,-1.300781
4977.000000,250792.000000,75549924.000000, , , ,0.000000,0.975586,-1.625977
4978.000000,250799.000000,75549924.000000,-0.171100,0.002900,-0.974400, , , 
4979.000000,250893.000000,75549924.000000, , , ,-0.650391,0.650391,-0.975586
4980.000000,250900.000000,75549924.000000,-0.168200,-0.002900,-1.000500, , , 
4981.000000,250994.000000,75549924.000000, , , ,0.000000,0.000000,-0.650391
4982.000000,250999.000000,75549924.000000,-0.147900,0.052200,-0.962800, , , 
4983.000000,251095.000000,75549924.000000, , , ,-1.300781,-0.975586,-0.975586
4984.000000,251100.000000,75549924.000000,-0.162400,0.020300,-0.980200, , , 
4985.000000,251196.000000,75549924.000000, , , ,-0.325195,-0.650391,-0.650391
4986.000000,251201.000000,75549924.000000,-0.182700,0.008700,-1.006300, , , 
4987.000000,251296.000000,75549924.000000, , , ,-1.300781,0.000000,-0.325195
4988.000000,251299.000000,75549924.000000,-0.185600,0.014500,-0.977300, , , 
4989.000000,251397.000000,75549924.000000, , , ,0.650391,0.325195,-0.975586
4990.000000,251400.000000,75549924.000000,-0.176900,0.069600,-0.951200, , , 
4991.000000,251498.000000,75549924.000000, , , ,-0.975586,0.000000,-0.975586
4992.000000,251499.000000,75549924.000000,-0.194300,0.011600,-0.977300, , , 
4993.000000,251599.000000,75549924.000000, , , ,-0.650391,-0.325195,-0.325195
4994.000000,251600.000000,75549924.000000,-0.194300,0.002900,-0.988900, , , 
4995.000000,251699.000000,75549924.000000,-0.182700,0.046400,-0.959900, , , 
4996.000000,251700.000000,75549924.000000, , , ,-1.625977,-0.975586,-0.325195
4997.000000,251800.000000,75549924.000000,-0.197200,0.029000,-0.962800, , , 
4998.000000,251801.000000,75549924.000000, , , ,0.325195,-1.300781,-0.650391
4999.000000,251892.000000,75549924.000000, , , ,-0.650391,-0.975586,-0.325195
5000.000000,251899.000000,75549924.000000,-0.205900,0.029000,-0.968600, , , 
5001.000000,251993.000000,75549924.000000, , , ,0.000000,-0.975586,-0.325195
5002.000000,252000.000000,75549924.000000,-0.194300,0.023200,-0.994700, , , 
5003.000000,252094.000000,75549924.000000, , , ,-0.650391,-0.975586,-0.325195
5004.000000,252099.000000,75549924.000000,-0.217500,0.029000,-0.957000, , , 
5005.000000,252195.000000,75549924.000000, , , ,0.325195,0.650391,0.000000
5006.000000,252200.000000,75549924.000000,-0.211700,0.049300,-0.980200, , , 
5007.000000,252296.000000,75549924.000000, , , ,-0.325195,0.325195,-0.650391
5008.000000,252299.000000,75549924.000000,-0.200100,0.052200,-0.974400, , , 
5009.000000,252397.000000,75549924.000000, , , ,0.650391,0.000000,-0.325195
5010.000000,252400.000000,75549924.000000,-0.205900,0.046400,-0.980200, , , 
5011.000000,252498.000000,75549924.000000, , , ,0.975586,0.325195,-0.325195
5012.000000,252499.000000,75549924.000000,-0.203000,0.029000,-0.980200, , , 
5013.000000,252599.000000,75549924.000000, , , ,0.000000,0.325195,0.000000
5014.000000,252600.000000,75549924.000000,-0.214600,0.002900,-0.980200, , , 
5015.000000,252699.000000,75549924.000000,-0.205900,0.026100,-0.983100, , , 
5016.000000,252700.000000,75549924.000000, , , ,-0.325195,0.325195,-0.325195
5017.000000,252800.000000,75549924.000000,-0.217500,0.034800,-0.988900, , , 
5018.000000,252801.000000,75549924.000000, , , ,-0.325195,0.325195,0.000000
5019.000000,252892.000000,75549924.000000, , , ,0.000000,0.325195,-0.325195
5020.000000,252899.000000,75549924.000000,-0.211700,0.023200,-0.971500, , , 
5021.000000,252993.000000,75549924.000000, , , ,0.325195,0.325195,0.000000
5022.000000,253000.000000,75549924.000000,-0.205900,0.029000,-0.968600, , , 
5023.000000,253094.000000,75549924.000000, , , ,0.000000,0.000000,-0.325195
5024.000000,253099.000000,75549924.000000,-0.205900,0.026100,-0.980200, , , 
5025.000000,253195.000000,75549924.000000, , , ,0.000000,0.325195,0.000000
5026.000000,253200.000000,75549924.000000,-0.214600,0.011600,-0.986000, , , 
5027.000000,253296.000000,75549924.000000, , , ,0.000000,0.325195,-0.325195
5028.000000,253299.000000,75549924.000000,-0.211700,0.014500,-0.991800, , , 
5029.000000,253397.000000,75549924.000000, , , ,0.000000,0.000000,-0.325195
5030.000000,253400.000000,75549924.000000,-0.205900,0.026100,-0.962800, , , 
5031.000000,253498.000000,75549924.000000, , , ,0.000000,0.000000,-0.650391
5032.000000,253499.000000,75549924.000000,-0.203000,0.011600,-0.968600, , , 
5033.000000,253599.000000,75549924.000000, , , ,0.000000,0.000000,-0.325195
5034.000000,253600.000000,75549924.000000,-0.203000,-0.002900,-0.991800, , , 
5035.000000,253699.000000,75549924.000000,-0.214600,0.014500,-0.977300, , , 
5036.000000,253700.000000,75549924.000000, , , ,-0.325195,0.000000,-0.325195
5037.000000,253800.000000,75549924.000000,-0.200100,0.014500,-0.959900, , , 
5038.000000,253801.000000,75549924.000000, , , ,-0.325195,0.000000,0.000000
5039.000000,253892.000000,75549924.000000, , , ,-0.325195,0.000000,0.000000
5040.000000,253899.000000,75549924.000000,-0.197200,0.020300,-0.980200, , , 
5041.000000,253993.000000,75549924.000000, , , ,0.000000,0.000000,-0.650391
5042.000000,254000.000000,75549924.000000,-0.194300,0.026100,-0.988900, , , 
5043.000000,254094.000000,75549924.000000, , , ,0.000000,0.000000,0.000000
5044.000000,254099.000000,75549924.000000,-0.197200,0.002900,-0.968600, , , 
5045.000000,254195.000000,75549924.000000, , , ,0.000000,0.000000,0.000000
5046.000000,254200.000000,75549924.000000,-0.182700,0.023200,-0.977300, , , 
5047.000000,254296.000000,75549924.000000, , , ,0.000000,0.000000,-0.325195
5048.000000,254299.000000,75549924.000000,-0.162400,0.011600,-0.986000, , , 
5049.000000,254397.000000,75549924.000000, , , ,-0.650391,0.000000,-0.325195
5050.000000,254400.000000,75549924.000000,-0.136300,0.017400,-0.977300, , , 
5051.000000,254498.000000,75549924.000000, , , ,0.000000,0.000000,-0.325195
5052.000000,254499.000000,75549924.000000,-0.116000,0.020300,-0.977300, , , 
5053.000000,254599.000000,75549924.000000, , , ,0.000000,0.325195,0.000000
5054.000000,254600.000000,75549924.000000,-0.040600,0.014500,-0.991800, , , 
5055.000000,254699.000000,75549924.000000,0.029000,0.014500,-0.986000, , , 
5056.000000,254700.000000,75549924.000000, , , ,-0.325195,1.300781,-0.325195
5057.000000,254800.000000,75549924.000000,0.034800,0.017400,-0.986000, , , 
5058.000000,254801.000000,75549924.000000, , , ,0.000000,0.650391,0.000000
5059.000000,254892.000000,75549924.000000, , , ,-0.325195,-0.325195,0.000000
5060.000000,254899.000000,75549924.000000,0.037700,0.011600,-0.991800, , , 
5061.000000,254993.000000,75549924.000000, , , ,-0.325195,0.000000,-0.325195
5062.000000,255000.000000,75549924.000000,0.031900,0.014500,-0.983100, , , 
5063.000000,255094.000000,75549924.000000, , , ,0.000000,0.000000,0.000000
5064.000000,255099.000000,75549924.000000,0.031900,0.014500,-0.986000, , , 
5065.000000,255195.000000,75549924.000000, , , ,-0.325195,0.000000,0.000000
5066.000000,255200.000000,75549924.000000,0.037700,0.029000,-0.986000, , , 
5067.000000,255296.000000,75549924.000000, , , ,-0.325195,0.000000,0.000000
5068.000000,255299.000000,75549924.000000,0.034800,0.014500,-0.986000, , , 
5069.000000,255397.000000,75549924.000000, , , ,-0.325195,0.000000,0.000000
5070.000000,255400.000000,75549924.000000,0.037700,0.011600,-0.991800, , , 
5071.000000,255498.000000,75549924.000000, , , ,-0.650391,0.000000,-0.325195
5072.000000,255499.000000,75549924.000000,0.031900,0.014500,-0.988900, , , 
5073.000000,255599.000000,75549924.000000, , , ,-0.650391,0.000000,0.000000
5074.000000,255600.000000,75549924.000000,0.029000,0.017400,-0.988900, , , 
5075.000000,255699.000000,75549924.000000,0.029000,0.014500,-0.991800, , , 
5076.000000,255700.000000,75549924.000000, , , ,0.000000,-0.325195,0.000000
5077.000000,255800.000000,75549924.000000,0.023200,-0.005800,-0.991800, , , 
5078.000000,255801.000000,75549924.000000, , , ,-0.325195,0.000000,0.000000
5079.000000,255892.000000,75549924.000000, , , ,-0.325195,0.000000,0.000000
5080.000000,255899.000000,75549924.000000,0.023200,-0.002900,-0.983100, , , 
5081.000000,255993.000000,75549924.000000, , , ,-0.325195,0.000000,-0.325195
5082.000000,256000.000000,75549924.000000,0.023200,0.008700,-0.988900, , , 
5083.000000,256094.000000,75549924.000000, , , ,-0.325195,0.000000,0.000000
5084.000000,256099.000000,75549924.000000,0.023200,0.002900,-0.986000, , , 
5085.000000,256195.000000,75549924.000000, , , ,0.000000,0.000000,0.000000
5086.000000,256200.000000,75549924.000000,0.023200,0.011600,-0.991800, , , 
5087.000000,256296.000000,75549924.000000, , , ,0.000000,0.000000,0.000000
5088.000000,256299.000000,75549924.000000,0.011600,0.011600,-0.986000, , , 
5089.000000,256397.000000,75549924.000000, , , ,0.000000,0.000000,0.000000
5090.000000,256400.000000,75549924.000000,0.037700,0.008700,-0.991800, , , 
5091.000000,256498.000000,75549924.000000, , , ,-0.325195,0.000000,0.000000
5092.000000,256499.000000,75549924.000000,0.043500,-0.005800,-0.994700, , , 
5093.000000,256599.000000,75549924.000000, , , ,-0.650391,0.000000,0.325195
5094.000000,256600.000000,75549924.000000,0.055100,0.008700,-0.991800, , , 
5095.000000,256699.000000,75549924.000000,0.087000,0.017400,-0.986000, , , 
5096.000000,256700.000000,75549924.000000, , , ,-0.325195,0.325195,0.000000
5097.000000,256800.000000,75549924.000000,0.113100,0.017400,-1.006300, , , 
5098.000000,256801.000000,75549924.000000, , , ,0.000000,0.650391,-0.325195
5099.000000,256892.000000,75549924.000000, , , ,0.000000,0.650391,0.000000
5100.000000,256899.000000,75549924.000000,0.142100,0.005800,-0.991800, , , 
5101.000000,256993.000000,75549924.000000, , , ,-0.325195,0.975586,0.325195
5102.000000,257000.000000,75549924.000000,0.171100,0.005800,-0.986000, , , 
5103.000000,257094.000000,75549924.000000, , , ,-0.650391,0.650391,0.000000
5104.000000,257099.000000,75549924.000000,0.191400,0.008700,-0.994700, , , 
5105.000000,257195.000000,75549924.000000, , , ,-0.325195,0.325195,-0.325195
5106.000000,257200.000000,75549924.000000,0.203000,0.014500,-1.000500, , , 
5107.000000,257296.000000,75549924.000000, , , ,-0.325195,0.325195,0.000000
5108.000000,257299.000000,75549924.000000,0.208800,0.008700,-0.994700, , , 
5109.000000,257397.000000,75549924.000000, , , ,0.000000,0.650391,0.000000
5110.000000,257400.000000,75549924.000000,0.208800,0.020300,-0.997600, , , 
5111.000000,257498.000000,75549924.000000, , , ,-0.325195,0.325195,-0.325195
5112.000000,257499.000000,75549924.000000,0.223300,0.005800,-0.997600, , , 
5113.000000,257599.000000,75549924.000000, , , ,0.000000,0.325195,-0.325195
5114.000000,257600.000000,75549924.000000,0.237800,0.002900,-0.991800, , , 
5115.000000,257699.000000,75549924.000000,0.243600,0.000000,-0.988900, , , 
5116.000000,257700.000000,75549924.000000, , , ,-0.650391,0.650391,-0.650391
5117.000000,257800.000000,75549924.000000,0.263900,0.020300,-1.003400, , , 
5118.000000,257801.000000,75549924.000000, , , ,-0.325195,0.000000,-0.325195
5119.000000,257892.000000,75549924.000000, , , ,-0.325195,0.000000,-0.325195
5120.000000,257899.000000,75549924.000000,0.261000,0.008700,-0.991800, , , 
5121.000000,257993.000000,75549924.000000, , , ,0.000000,0.000000,-0.325195
5122.000000,258000.000000,75549924.000000,0.237800,0.005800,-0.997600, , , 
5123.000000,258094.000000,75549924.000000, , , ,-0.325195,0.000000,-0.325195
5124.000000,258099.000000,75549924.000000,0.237800,0.000000,-0.991800, , , 
5125.000000,258195.000000,75549924.000000, , , ,-0.975586,0.000000,-0.650391
5126.000000,258200.000000,75549924.000000,0.220400,-0.008700,-1.015000, , , 
5127.000000,258296.000000,75549924.000000, , , ,-0.325195,-0.325195,0.000000
5128.000000,258299.000000,75549924.000000,0.223300,0.031900,-0.994700, , , 
5129.000000,258397.000000,75549924.000000, , , ,-0.650391,0.000000,0.000000
5130.000000,258400.000000,75549924.000000,0.237800,0.000000,-0.991800, , , 
5131.000000,258498.000000,75549924.000000, , , ,0.000000,0.650391,-0.325195
5132.000000,258499.000000,75549924.000000,0.240700,0.008700,-0.988900, , , 
5133.000000,258599.000000,75549924.000000, , , ,-0.325195,0.000000,-0.325195
5134.000000,258600.000000,75549924.000000,0.255200,0.031900,-0.991800, , , 
5135.000000,258699.000000,75549924.000000,0.240700,0.000000,-0.991800, , , 
5136.000000,258700.000000,75549924.000000, , , ,0.000000,0.000000,-0.325195
5137.000000,258800.000000,75549924.000000,0.229100,0.014500,-1.000500, , , 
5138.000000,258801.000000,75549924.000000, , , ,-0.975586,0.000000,0.000000
5139.000000,258892.000000,75549924.000000, , , ,-0.650391,-0.325195,0.000000
5140.000000,258899.000000,75549924.000000,0.220400,0.000000,-0.991800, , , 
5141.000000,258993.000000,75549924.000000, , , ,0.000000,-0.325195,-0.325195
5142.000000,259000.000000,75549924.000000,0.214600,0.037700,-1.006300, , , 
5143.000000,259094.000000,75549924.000000, , , ,0.000000,0.000000,0.000000
5144.000000,259099.000000,75549924.000000,0.205900,0.002900,-0.983100, , , 
5145.000000,259195.000000,75549924.000000, , , ,-0.975586,0.650391,0.000000
5146.000000,259200.000000,75549924.000000,0.214600,0.000000,-0.991800, , , 
5147.000000,259296.000000,75549924.000000, , , ,0.000000,0.000000,0.000000
5148.000000,259299.000000,75549924.000000,0.214600,0.005800,-1.006300, , , 
5149.000000,259397.000000,75549924.000000, , , ,-0.325195,0.650391,0.000000
5150.000000,259400.000000,75549924.000000,0.208800,0.017400,-1.009200, , , 
5151.000000,259498.000000,75549924.000000, , , ,-0.650391,0.650391,0.000000
5152.000000,259499.000000,75549924.000000,0.223300,-0.005800,-0.997600, , , 
5153.000000,259599.000000,75549924.000000, , , ,0.000000,0.000000,-0.325195
5154.000000,259600.000000,75549924.000000,0.232000,0.014500,-1.000500, , , 
5155.000000,259699.000000,75549924.000000,0.226200,0.000000,-0.983100, , , 
5156.000000,259700.000000,75549924.000000, , , ,0.000000,0.650391,-0.325195
5157.000000,259800.000000,75549924.000000,0.223300,-0.014500,-1.012100, , , 
5158.000000,259801.000000,75549924.000000, , , ,-0.650391,-0.325195,0.000000
5159.000000,259892.000000,75549924.000000, , , ,0.000000,-0.325195,0.000000
5160.000000,259899.000000,75549924.000000,0.200100,0.008700,-0.977300, , , 
5161.000000,259993.000000,75549924.000000, , , ,-0.650391,0.000000,-0.325195
5162.000000,260000.000000,75549924.000000,0.205900,-0.008700,-1.015000, , , 
5163.000000,260094.000000,75549924.000000, , , ,0.000000,0.000000,-0.325195
5164.000000,260099.000000,75549924.000000,0.194300,0.020300,-0.994700, , , 
5165.000000,260195.000000,75549924.000000, , , ,0.000000,0.325195,0.000000
5166.000000,260200.000000,75549924.000000,0.185600,-0.017400,-0.997600, , , 
5167.000000,260296.000000,75549924.000000, , , ,-0.650391,0.000000,0.000000
5168.000000,260299.000000,75549924.000000,0.194300,0.017400,-0.988900, , , 
5169.000000,260397.000000,75549924.000000, , , ,0.325195,0.000000,0.000000
5170.000000,260400.000000,75549924.000000,0.191400,0.023200,-0.988900, , , 
5171.000000,260498.000000,75549924.000000, , , ,0.000000,0.000000,0.000000
5172.000000,260499.000000,75549924.000000,0.185600,-0.005800,-1.017900, , , 
5173.000000,260599.000000,75549924.000000, , , ,0.000000,-0.325195,0.000000
5174.000000,260600.000000,75549924.000000,0.165300,-0.002900,-0.988900, , , 
5175.000000,260699.000000,75549924.000000,0.176900,0.000000,-0.977300, , , 
5176.000000,260700.000000,75549924.000000, , , ,-0.325195,0.000000,0.000000
5177.000000,260800.000000,75549924.000000,0.176900,0.005800,-0.991800, , , 
5178.000000,260801.000000,75549924.000000, , , ,0.000000,-0.325195,0.000000
5179.000000,260892.000000,75549924.000000, , , ,0.000000,-0.650391,0.000000
5180.000000,260899.000000,75549924.000000,0.171100,-0.017400,-0.986000, , , 
5181.000000,260993.000000,75549924.000000, , , ,0.000000,-0.975586,0.000000
5182.000000,261000.000000,75549924.000000,0.159500,-0.002900,-0.977300, , , 
5183.000000,261094.000000,75549924.000000, , , ,-0.325195,-0.325195,0.000000
5184.000000,261099.000000,75549924.000000,0.153700,-0.017400,-0.997600, , , 
5185.000000,261195.000000,75549924.000000, , , ,-0.650391,-0.325195,0.000000
5186.000000,261200.000000,75549924.000000,0.159500,0.029000,-0.957000, , , 
5187.000000,261296.000000,75549924.000000, , , ,-0.650391,-0.650391,0.000000
5188.000000,261299.000000,75549924.000000,0.159500,-0.005800,-0.986000, , , 
5189.000000,261397.000000,75549924.000000, , , ,0.000000,-0.650391,0.000000
5190.000000,261400.000000,75549924.000000,0.145000,0.000000,-1.006300, , , 
5191.000000,261498.000000,75549924.000000, , , ,-0.650391,0.000000,0.000000
5192.000000,261499.000000,75549924.000000,0.121800,-0.020300,-0.991800, , , 
5193.000000,261599.000000,75549924.000000, , , ,0.000000,0.650391,-0.325195
5194.000000,261600.000000,75549924.000000,0.133400,0.011600,-1.006300, , , 
5195.000000,261699.000000,75549924.000000,0.150800,0.000000,-1.015000, , , 
5196.000000,261700.000000,75549924.000000, , , ,-0.325195,0.975586,0.000000
5197.000000,261800.000000,75549924.000000,0.168200,-0.002900,-0.983100, , , 
5198.000000,261801.000000,75549924.000000, , , ,0.000000,0.000000,0.000000
5199.000000,261892.000000,75549924.000000, , , ,-0.325195,0.000000,0.000000
5200.000000,261899.000000,75549924.000000,0.168200,0.005800,-0.991800, , , 
5201.000000,261993.000000,75549924.000000, , , ,0.975586,-0.975586,0.000000
5202.000000,262000.000000,75549924.000000,0.153700,-0.011600,-0.977300, , , 
5203.000000,262094.000000,75549924.000000, , , ,-0.650391,-0.325195,0.000000
5204.000000,262099.000000,75549924.000000,0.104400,0.000000,-1.006300, , , 
5205.000000,262195.000000,75549924.000000, , , ,0.325195,0.325195,0.000000
5206.000000,262200.000000,75549924.000000,0.089900,-0.002900,-1.003400, , , 
5207.000000,262296.000000,75549924.000000, , , ,0.000000,0.650391,-0.325195
5208.000000,262299.000000,75549924.000000,0.110200,-0.005800,-0.988900, , , 
5209.000000,262397.000000,75549924.000000, , , ,0.325195,-0.325195,0.000000
5210.000000,262400.000000,75549924.000000,0.136300,-0.008700,-1.000500, , , 
5211.000000,262497.000000,75549924.000000, , , ,0.650391,-0.325195,-0.325195
5212.000000,262500.000000,75549924.000000,0.159500,-0.005800,-0.983100, , , 
5213.000000,262598.000000,75549924.000000, , , ,0.000000,0.325195,0.000000
5214.000000,262599.000000,75549924.000000,0.200100,-0.008700,-0.983100, , , 
5215.000000,262699.000000,75549924.000000, , , ,0.000000,0.325195,0.000000
5216.000000,262700.000000,75549924.000000,0.234900,-0.017400,-1.000500, , , 
5217.000000,262799.000000,75549924.000000,0.263900,-0.008700,-1.000500, , , 
5218.000000,262800.000000,75549924.000000, , , ,-0.975586,0.325195,0.000000
5219.000000,262900.000000,75549924.000000,0.188500,0.020300,-0.962800, , , 
5220.000000,262901.000000,75549924.000000, , , ,-0.650391,0.000000,0.000000
5221.000000,262992.000000,75549924.000000, , , ,-1.300781,-1.300781,-0.325195
5222.000000,262999.000000,75549924.000000,0.104400,-0.040600,-1.009200, , , 
5223.000000,263093.000000,75549924.000000, , , ,0.000000,0.000000,0.000000
5224.000000,263100.000000,75549924.000000,0.124700,0.002900,-1.038200, , , 
5225.000000,263194.000000,75549924.000000, , , ,0.000000,0.975586,0.000000
5226.000000,263199.000000,75549924.000000,0.156600,-0.014500,-0.986000, , , 
5227.000000,263295.000000,75549924.000000, , , ,0.650391,0.000000,0.000000
5228.000000,263300.000000,75549924.000000,0.188500,0.000000,-1.009200, , , 
5229.000000,263396.000000,75549924.000000, , , ,1.300781,0.000000,0.000000
5230.000000,263399.000000,75549924.000000,0.162400,0.000000,-0.983100, , , 
5231.000000,263497.000000,75549924.000000, , , ,0.000000,0.000000,-0.650391
5232.000000,263500.000000,75549924.000000,0.165300,-0.046400,-0.980200, , , 
5233.000000,263598.000000,75549924.000000, , , ,0.650391,-0.325195,-0.325195
5234.000000,263599.000000,75549924.000000,0.168200,-0.011600,-0.986000, , , 
5235.000000,263699.000000,75549924.000000, , , ,0.000000,-0.650391,-0.325195
5236.000000,263700.000000,75549924.000000,0.168200,-0.034800,-0.965700, , , 
5237.000000,263799.000000,75549924.000000,0.168200,-0.031900,-0.977300, , , 
5238.000000,263800.000000,75549924.000000, , , ,-0.325195,-0.650391,0.000000
5239.000000,263900.000000,75549924.000000,0.147900,-0.002900,-0.980200, , , 
5240.000000,263901.000000,75549924.000000, , , ,0.000000,-0.325195,0.000000
5241.000000,263992.000000,75549924.000000, , , ,0.000000,-0.325195,0.000000
5242.000000,263999.000000,75549924.000000,0.156600,-0.031900,-0.977300, , , 
5243.000000,264093.000000,75549924.000000, , , ,0.000000,-0.325195,0.000000
5244.000000,264100.000000,75549924.000000,0.168200,-0.011600,-0.974400, , , 
5245.000000,264194.000000,75549924.000000, , , ,-0.650391,0.000000,0.000000
5246.000000,264199.000000,75549924.000000,0.147900,-0.034800,-1.003400, , , 
5247.000000,264295.000000,75549924.000000, , , ,0.975586,-0.325195,0.000000
5248.000000,264300.000000,75549924.000000,0.153700,0.002900,-0.971500, , , 
5249.000000,264396.000000,75549924.000000, , , ,-0.325195,-0.650391,1.300781
5250.000000,264399.000000,75549924.000000,0.142100,-0.034800,-0.991800, , , 
5251.000000,264497.000000,75549924.000000, , , ,0.000000,-0.650391,0.325195
5252.000000,264500.000000,75549924.000000,0.113100,0.002900,-0.977300, , , 
5253.000000,264598.000000,75549924.000000, , , ,0.325195,-0.325195,0.325195
5254.000000,264599.000000,75549924.000000,0.116000,0.002900,-1.017900, , , 
5255.000000,264699.000000,75549924.000000, , , ,-0.325195,1.951172,0.975586
5256.000000,264700.000000,75549924.000000,0.130500,-0.014500,-1.038200, , , 
5257.000000,264799.000000,75549924.000000,0.159500,0.000000,-1.041100, , , 
5258.000000,264800.000000,75549924.000000, , , ,-0.650391,1.300781,1.625977
5259.000000,264900.000000,75549924.000000,0.174000,-0.002900,-0.986000, , , 
5260.000000,264901.000000,75549924.000000, , , ,-0.650391,0.000000,1.300781
5261.000000,264992.000000,75549924.000000, , , ,-1.300781,-0.325195,0.975586
5262.000000,264999.000000,75549924.000000,0.145000,0.037700,-0.988900, , , 
5263.000000,265093.000000,75549924.000000, , , ,-0.325195,-0.975586,1.300781
5264.000000,265100.000000,75549924.000000,0.124700,0.011600,-0.974400, , , 
5265.000000,265194.000000,75549924.000000, , , ,0.000000,0.000000,1.300781
5266.000000,265199.000000,75549924.000000,0.130500,0.037700,-0.977300, , , 
5267.000000,265295.000000,75549924.000000, , , ,0.000000,0.000000,1.625977
5268.000000,265300.000000,75549924.000000,0.133400,0.026100,-0.988900, , , 
5269.000000,265396.000000,75549924.000000, , , ,0.650391,0.000000,1.300781
5270.000000,265399.000000,75549924.000000,0.118900,0.026100,-0.986000, , , 
5271.000000,265497.000000,75549924.000000, , , ,0.000000,0.325195,1.300781
5272.000000,265500.000000,75549924.000000,0.116000,0.029000,-1.009200, , , 
5273.000000,265598.000000,75549924.000000, , , ,0.325195,0.000000,1.625977
5274.000000,265599.000000,75549924.000000,0.133400,0.034800,-0.988900, , , 
5275.000000,265699.000000,75549924.000000, , , ,0.000000,-0.325195,1.951172
5276.000000,265700.000000,75549924.000000,0.116000,0.014500,-1.009200, , , 
5277.000000,265799.000000,75549924.000000,0.118900,0.040600,-0.980200, , , 
5278.000000,265800.000000,75549924.000000, , , ,0.000000,0.325195,1.625977
5279.000000,265900.000000,75549924.000000,0.139200,0.052200,-0.977300, , , 
5280.000000,265901.000000,75549924.000000, , , ,0.650391,-0.325195,1.951172
5281.000000,265992.000000,75549924.000000, , , ,0.000000,-0.650391,2.276367
5282.000000,265999.000000,75549924.000000,0.113100,0.037700,-0.997600, , , 
5283.000000,266093.000000,75549924.000000, , , ,0.650391,0.000000,2.926758
5284.000000,266100.000000,75549924.000000,0.107300,0.072500,-0.980200, , , 
5285.000000,266194.000000,75549924.000000, , , ,0.325195,0.000000,2.926758
5286.000000,266199.000000,75549924.000000,0.121800,0.058000,-0.994700, , , 
5287.000000,266295.000000,75549924.000000, , , ,1.300781,0.000000,2.926758
5288.000000,266300.000000,75549924.000000,0.124700,0.072500,-0.968600, , , 
5289.000000,266396.000000,75549924.000000, , , ,1.300781,-0.975586,3.251953
5290.000000,266400.000000,75549924.000000,0.121800,0.072500,-0.974400, , , 
5291.000000,266496.000000,75549924.000000, , , ,0.650391,0.000000,3.577148
5292.000000,266499.000000,75549924.000000,0.104400,0.063800,-0.974400, , , 
5293.000000,266597.000000,75549924.000000, , , ,0.000000,0.000000,3.577148
5294.000000,266600.000000,75549924.000000,0.104400,0.066700,-1.000500, , , 
5295.000000,266698.000000,75549924.000000, , , ,0.000000,0.975586,3.577148
5296.000000,266699.000000,75549924.000000,0.110200,0.040600,-1.032400, , , 
5297.000000,266799.000000,75549924.000000, , , ,0.000000,0.975586,3.902344
5298.000000,266800.000000,75549924.000000,0.110200,0.075400,-1.035300, , , 
5299.000000,266899.000000,75549924.000000,0.116000,0.078300,-1.012100, , , 
5300.000000,266900.000000,75549924.000000, , , ,-0.325195,0.325195,4.227539
5301.000000,267000.000000,75549924.000000,0.113100,0.098600,-0.997600, , , 
5302.000000,267001.000000,75549924.000000, , , ,-0.325195,0.325195,4.227539
5303.000000,267092.000000,75549924.000000, , , ,0.000000,0.000000,4.227539
5304.000000,267099.000000,75549924.000000,0.116000,0.124700,-0.991800, , , 
5305.000000,267193.000000,75549924.000000, , , ,0.325195,0.000000,4.552734
5306.000000,267200.000000,75549924.000000,0.107300,0.104400,-1.003400, , , 
5307.000000,267294.000000,75549924.000000, , , ,0.000000,0.650391,4.227539
5308.000000,267299.000000,75549924.000000,0.118900,0.095700,-1.003400, , , 
5309.000000,267395.000000,75549924.000000, , , ,-0.325195,0.000000,4.552734
5310.000000,267400.000000,75549924.000000,0.113100,0.107300,-0.980200, , , 
5311.000000,267496.000000,75549924.000000, , , ,-0.975586,0.000000,4.877930
5312.000000,267499.000000,75549924.000000,0.104400,0.107300,-1.000500, , , 
5313.000000,267597.000000,75549924.000000, , , ,-0.325195,0.325195,4.877930
5314.000000,267600.000000,75549924.000000,0.107300,0.139200,-1.012100, , , 
5315.000000,267698.000000,75549924.000000, , , ,-0.650391,0.325195,5.203125
5316.000000,267699.000000,75549924.000000,0.107300,0.116000,-1.023700, , , 
5317.000000,267799.000000,75549924.000000, , , ,-0.325195,0.325195,4.877930
5318.000000,267800.000000,75549924.000000,0.113100,0.127600,-1.003400, , , 
5319.000000,267899.000000,75549924.000000,0.116000,0.133400,-0.991800, , , 
5320.000000,267900.000000,75549924.000000, , , ,0.000000,0.325195,5.203125
5321.000000,268000.000000,75549924.000000,0.101500,0.133400,-0.997600, , , 
5322.000000,268001.000000,75549924.000000, , , ,-0.650391,0.000000,5.203125
5323.000000,268092.000000,75549924.000000, , , ,-0.325195,0.325195,5.528320
5324.000000,268099.000000,75549924.000000,0.104400,0.162400,-1.000500, , , 
5325.000000,268193.000000,75549924.000000, , , ,-1.300781,0.325195,6.503906
5326.000000,268200.000000,75549924.000000,0.110200,0.162400,-1.023700, , , 
5327.000000,268294.000000,75549924.000000, , , ,-0.650391,0.650391,6.503906
5328.000000,268299.000000,75549924.000000,0.101500,0.197200,-1.017900, , , 
5329.000000,268395.000000,75549924.000000, , , ,-0.975586,0.975586,6.829102
5330.000000,268400.000000,75549924.000000,0.113100,0.205900,-1.012100, , , 
5331.000000,268496.000000,75549924.000000, , , ,-0.325195,0.325195,6.829102
5332.000000,268499.000000,75549924.000000,0.110200,0.211700,-0.994700, , , 
5333.000000,268597.000000,75549924.000000, , , ,0.000000,0.000000,6.503906
5334.000000,268600.000000,75549924.000000,0.104400,0.200100,-1.012100, , , 
5335.000000,268698.000000,75549924.000000, , , ,0.000000,0.325195,6.829102
5336.000000,268699.000000,75549924.000000,0.104400,0.191400,-0.997600, , , 
5337.000000,268799.000000,75549924.000000, , , ,0.000000,0.325195,6.503906
5338.000000,268800.000000,75549924.000000,0.107300,0.188500,-1.006300, , , 
5339.000000,268899.000000,75549924.000000,0.101500,0.205900,-0.988900, , , 
5340.000000,268900.000000,75549924.000000, , , ,0.000000,0.000000,6.829102
5341.000000,269000.000000,75549924.000000,0.110200,0.203000,-0.983100, , , 
5342.000000,269001.000000,75549924.000000, , , ,-0.650391,0.000000,6.829102
5343.000000,269092.000000,75549924.000000, , , ,-0.975586,0.000000,6.829102
5344.000000,269099.000000,75549924.000000,0.104400,0.200100,-0.977300, , , 
5345.000000,269193.000000,75549924.000000, , , ,0.000000,0.000000,7.154297
5346.000000,269200.000000,75549924.000000,0.098600,0.214600,-0.991800, , , 
5347.000000,269294.000000,75549924.000000, , , ,0.000000,0.325195,6.503906
5348.000000,269299.000000,75549924.000000,0.095700,0.232000,-1.000500, , , 
5349.000000,269395.000000,75549924.000000, , , ,0.000000,0.650391,6.503906
5350.000000,269400.000000,75549924.000000,0.092800,0.205900,-1.026600, , , 
5351.000000,269496.000000,75549924.000000, , , ,0.000000,1.300781,6.503906
5352.000000,269499.000000,75549924.000000,0.104400,0.188500,-1.029500, , , 
5353.000000,269597.000000,75549924.000000, , , ,0.000000,0.975586,5.853516
5354.000000,269600.000000,75549924.000000,0.101500,0.171100,-1.020800, , , 
5355.000000,269698.000000,75549924.000000, , , ,-0.325195,0.650391,5.853516
5356.000000,269699.000000,75549924.000000,0.101500,0.182700,-1.006300, , , 
5357.000000,269799.000000,75549924.000000, , , ,-0.650391,0.325195,5.528320
5358.000000,269800.000000,75549924.000000,0.101500,0.162400,-1.006300, , , 
5359.000000,269899.000000,75549924.000000,0.084100,0.159500,-1.012100, , , 
5360.000000,269900.000000,75549924.000000, , , ,-0.975586,0.325195,5.853516
5361.000000,270000.000000,75549924.000000,0.098600,0.200100,-1.006300, , , 
5362.000000,270001.000000,75549924.000000, , , ,-0.650391,0.650391,5.528320
5363.000000,270092.000000,75549924.000000, , , ,-1.951172,0.000000,5.528320
5364.000000,270099.000000,75549924.000000,0.063800,0.168200,-0.986000, , , 
5365.000000,270193.000000,75549924.000000, , , ,-0.975586,-0.650391,5.528320
5366.000000,270200.000000,75549924.000000,0.055100,0.142100,-0.965700, , , 
5367.000000,270294.000000,75549924.000000, , , ,-0.975586,-0.325195,4.877930
5368.000000,270299.000000,75549924.000000,0.046400,0.176900,-0.997600, , , 
5369.000000,270395.000000,75549924.000000, , , ,-0.650391,1.300781,5.203125
5370.000000,270400.000000,75549924.000000,0.075400,0.171100,-1.038200, , , 
5371.000000,270496.000000,75549924.000000, , , ,-0.325195,1.300781,5.203125
5372.000000,270499.000000,75549924.000000,0.113100,0.179800,-1.035300, , , 
5373.000000,270597.000000,75549924.000000, , , ,-0.325195,0.650391,5.203125
5374.000000,270600.000000,75549924.000000,0.087000,0.171100,-1.015000, , , 
5375.000000,270698.000000,75549924.000000, , , ,-0.975586,0.650391,4.877930
5376.000000,270699.000000,75549924.000000,0.066700,0.156600,-1.012100, , , 
5377.000000,270799.000000,75549924.000000, , , ,-1.300781,0.325195,5.528320
5378.000000,270800.000000,75549924.000000,0.107300,0.162400,-0.986000, , , 
5379.000000,270899.000000,75549924.000000,0.060900,0.168200,-0.968600, , , 
5380.000000,270900.000000,75549924.000000, , , ,-2.276367,-0.650391,5.203125
5381.000000,271000.000000,75549924.000000,0.081200,0.179800,-0.959900, , , 
5382.000000,271001.000000,75549924.000000, , , ,-1.951172,0.000000,5.528320
5383.000000,271092.000000,75549924.000000, , , ,-1.951172,-0.650391,5.203125
5384.000000,271099.000000,75549924.000000,0.078300,0.205900,-0.965700, , , 
5385.000000,271193.000000,75549924.000000, , , ,-0.975586,0.000000,5.528320
5386.000000,271200.000000,75549924.000000,0.072500,0.229100,-0.977300, , , 
5387.000000,271294.000000,75549924.000000, , , ,0.000000,0.000000,5.528320
5388.000000,271299.000000,75549924.000000,0.072500,0.217500,-1.000500, , , 
5389.000000,271395.000000,75549924.000000, , , ,0.975586,0.325195,5.528320
5390.000000,271400.000000,75549924.000000,0.078300,0.237800,-0.988900, , , 
5391.000000,271495.000000,75549924.000000, , , ,1.951172,0.000000,5.203125
5392.000000,271500.000000,75549924.000000,0.072500,0.208800,-0.988900, , , 
5393.000000,271596.000000,75549924.000000, , , ,1.625977,0.325195,5.203125
5394.000000,271599.000000,75549924.000000,0.066700,0.179800,-1.020800, , , 
5395.000000,271697.000000,75549924.000000, , , ,1.300781,1.625977,5.853516
5396.000000,271700.000000,75549924.000000,0.052200,0.188500,-1.041100, , , 
5397.000000,271798.000000,75549924.000000, , , ,0.975586,-0.325195,5.853516
5398.000000,271799.000000,75549924.000000,0.127600,0.188500,-0.994700, , , 
5399.000000,271899.000000,75549924.000000, , , ,0.000000,-2.601563,5.528320
5400.000000,271900.000000,75549924.000000,0.087000,0.176900,-0.928000, , , 
5401.000000,271999.000000,75549924.000000,0.034800,0.168200,-0.974400, , , 
5402.000000,272000.000000,75549924.000000, , , ,0.000000,0.000000,5.528320
5403.000000,272100.000000,75549924.000000,0.058000,0.168200,-1.081700, , , 
5404.000000,272101.000000,75549924.000000, , , ,-0.650391,3.251953,5.528320
5405.000000,272192.000000,75549924.000000, , , ,-1.300781,2.276367,5.853516
5406.000000,272199.000000,75549924.000000,0.104400,0.185600,-1.055600, , , 
5407.000000,272293.000000,75549924.000000, , , ,0.000000,0.000000,4.877930
5408.000000,272300.000000,75549924.000000,0.113100,0.203000,-0.991800, , , 
5409.000000,272394.000000,75549924.000000, , , ,0.000000,-1.625977,4.552734
5410.000000,272399.000000,75549924.000000,0.104400,0.162400,-0.928000, , , 
5411.000000,272495.000000,75549924.000000, , , ,0.325195,-0.650391,4.227539
5412.000000,272500.000000,75549924.000000,0.069600,0.124700,-0.945400, , , 
5413.000000,272596.000000,75549924.000000, , , ,0.650391,0.000000,3.251953
5414.000000,272599.000000,75549924.000000,0.078300,0.110200,-1.012100, , , 
5415.000000,272697.000000,75549924.000000, , , ,0.975586,0.650391,2.276367
5416.000000,272700.000000,75549924.000000,0.092800,0.072500,-1.000500, , , 
5417.000000,272798.000000,75549924.000000, , , ,1.625977,-0.650391,1.951172
5418.000000,272799.000000,75549924.000000,0.104400,0.063800,-0.983100, , , 
5419.000000,272899.000000,75549924.000000, , , ,1.300781,-0.325195,1.951172
5420.000000,272900.000000,75549924.000000,0.075400,0.063800,-0.991800, , , 
5421.000000,272999.000000,75549924.000000,0.116000,0.031900,-0.983100, , , 
5422.000000,273000.000000,75549924.000000, , , ,0.000000,-0.325195,2.601563
5423.000000,273100.000000,75549924.000000,0.084100,0.031900,-0.965700, , , 
5424.000000,273101.000000,75549924.000000, , , ,0.000000,0.000000,2.276367
5425.000000,273192.000000,75549924.000000, , , ,-0.650391,-0.650391,2.276367
5426.000000,273199.000000,75549924.000000,0.101500,0.043500,-0.968600, , , 
5427.000000,273293.000000,75549924.000000, , , ,-0.325195,0.000000,2.601563
5428.000000,273300.000000,75549924.000000,0.087000,0.084100,-0.971500, , , 
5429.000000,273394.000000,75549924.000000, , , ,-0.650391,-0.325195,2.276367
5430.000000,273399.000000,75549924.000000,0.101500,0.049300,-0.997600, , , 
5431.000000,273495.000000,75549924.000000, , , ,-0.650391,0.000000,2.276367
5432.000000,273500.000000,75549924.000000,0.084100,0.063800,-0.991800, , , 
5433.000000,273596.000000,75549924.000000, , , ,-0.975586,0.325195,2.601563
5434.000000,273599.000000,75549924.000000,0.092800,0.049300,-1.017900, , , 
5435.000000,273697.000000,75549924.000000, , , ,0.000000,0.325195,2.276367
5436.000000,273700.000000,75549924.000000,0.084100,0.078300,-1.029500, , , 
5437.000000,273798.000000,75549924.000000, , , ,-0.650391,0.325195,2.276367
5438.000000,273799.000000,75549924.000000,0.092800,0.069600,-1.017900, , , 
5439.000000,273899.000000,75549924.000000, , , ,-1.625977,0.000000,2.926758
5440.000000,273900.000000,75549924.000000,0.089900,0.046400,-0.980200, , , 
5441.000000,273999.000000,75549924.000000,0.058000,0.046400,-0.994700, , , 
5442.000000,274000.000000,75549924.000000, , , ,-2.276367,-0.325195,2.601563
5443.000000,274100.000000,75549924.000000,0.063800,0.087000,-1.006300, , , 
5444.000000,274101.000000,75549924.000000, , , ,0.000000,0.650391,1.951172
5445.000000,274192.000000,75549924.000000, , , ,0.000000,-0.325195,1.625977
5446.000000,274199.000000,75549924.000000,0.072500,0.049300,-0.974400, , , 
5447.000000,274293.000000,75549924.000000, , , ,0.325195,-0.650391,0.975586
5448.000000,274300.000000,75549924.000000,0.058000,0.043500,-0.954100, , , 
5449.000000,274394.000000,75549924.000000, , , ,0.000000,0.000000,1.300781
5450.000000,274399.000000,75549924.000000,0.046400,0.020300,-0.991800, , , 
5451.000000,274495.000000,75549924.000000, , , ,0.000000,0.325195,1.300781
5452.000000,274500.000000,75549924.000000,0.060900,0.011600,-1.017900, , , 
5453.000000,274596.000000,75549924.000000, , , ,-0.975586,0.650391,1.300781
5454.000000,274599.000000,75549924.000000,0.060900,0.000000,-1.020800, , , 
5455.000000,274697.000000,75549924.000000, , , ,-1.625977,0.325195,1.300781
5456.000000,274700.000000,75549924.000000,0.078300,0.011600,-1.017900, , , 
5457.000000,274798.000000,75549924.000000, , , ,-0.650391,-0.325195,0.975586
5458.000000,274801.000000,75549924.000000,0.087000,0.029000,-0.951200, , , 
5459.000000,274898.000000,75549924.000000, , , ,-0.325195,-0.650391,0.650391
5460.000000,274899.000000,75549924.000000,0.069600,-0.014500,-0.971500, , , 
5461.000000,274999.000000,75549924.000000, , , ,-0.325195,0.000000,0.325195
5462.000000,275000.000000,75549924.000000,0.069600,-0.005800,-0.980200, , , 
5463.000000,275099.000000,75549924.000000,0.072500,-0.040600,-1.029500, , , 
5464.000000,275100.000000,75549924.000000, , , ,-1.300781,0.000000,0.325195
5465.000000,275200.000000,75549924.000000,0.078300,-0.023200,-0.988900, , , 
5466.000000,275201.000000,75549924.000000, , , ,-0.975586,0.000000,0.000000
5467.000000,275292.000000,75549924.000000, , , ,-1.300781,0.000000,0.325195
5468.000000,275299.000000,75549924.000000,0.075400,-0.020300,-0.997600, , , 
5469.000000,275393.000000,75549924.000000, , , ,-0.975586,0.000000,0.000000
5470.000000,275400.000000,75549924.000000,0.089900,-0.031900,-0.965700, , , 
5471.000000,275494.000000,75549924.000000, , , ,-0.975586,-0.325195,0.325195
5472.000000,275499.000000,75549924.000000,0.081200,-0.020300,-0.974400, , , 
5473.000000,275595.000000,75549924.000000, , , ,-1.300781,0.000000,0.000000
5474.000000,275600.000000,75549924.000000,0.087000,-0.020300,-0.994700, , , 
5475.000000,275696.000000,75549924.000000, , , ,-0.650391,0.000000,0.000000
5476.000000,275699.000000,75549924.000000,0.101500,0.008700,-0.977300, , , 
5477.000000,275797.000000,75549924.000000, , , ,-0.975586,-0.975586,0.000000
5478.000000,275800.000000,75549924.000000,0.101500,-0.017400,-0.971500, , , 
5479.000000,275898.000000,75549924.000000, , , ,0.000000,0.000000,0.000000
5480.000000,275899.000000,75549924.000000,0.081200,0.000000,-0.977300, , , 
5481.000000,275999.000000,75549924.000000, , , ,0.000000,-0.325195,0.000000
5482.000000,276000.000000,75549924.000000,0.101500,-0.020300,-0.991800, , , 
5483.000000,276099.000000,75549924.000000,0.101500,-0.017400,-0.965700, , , 
5484.000000,276100.000000,75549924.000000, , , ,0.000000,-0.325195,0.000000
5485.000000,276200.000000,75549924.000000,0.084100,-0.037700,-0.962800, , , 
5486.000000,276201.000000,75549924.000000, , , ,-0.325195,-0.975586,-0.325195
5487.000000,276292.000000,75549924.000000, , , ,-0.650391,-0.650391,0.000000
5488.000000,276299.000000,75549924.000000,0.089900,-0.029000,-0.988900, , , 
5489.000000,276393.000000,75549924.000000, , , ,-0.650391,0.000000,0.325195
5490.000000,276400.000000,75549924.000000,0.075400,-0.020300,-0.997600, , , 
5491.000000,276494.000000,75549924.000000, , , ,-0.975586,0.325195,0.000000
5492.000000,276499.000000,75549924.000000,0.089900,-0.023200,-1.041100, , , 
5493.000000,276595.000000,75549924.000000, , , ,-0.650391,0.000000,0.000000
5494.000000,276600.000000,75549924.000000,0.092800,-0.005800,-1.041100, , , 
5495.000000,276696.000000,75549924.000000, , , ,0.000000,0.975586,-0.325195
5496.000000,276699.000000,75549924.000000,0.084100,-0.031900,-1.038200, , , 
5497.000000,276797.000000,75549924.000000, , , ,-0.325195,0.325195,0.000000
5498.000000,276800.000000,75549924.000000,0.113100,-0.008700,-1.009200, , , 
5499.000000,276898.000000,75549924.000000, , , ,0.000000,-0.325195,0.000000
5500.000000,276899.000000,75549924.000000,0.098600,-0.026100,-0.983100, , , 
5501.000000,276999.000000,75549924.000000, , , ,0.000000,-0.325195,0.000000
5502.000000,277000.000000,75549924.000000,0.113100,-0.026100,-0.957000, , , 
5503.000000,277099.000000,75549924.000000,0.092800,-0.029000,-0.945400, , , 
5504.000000,277100.000000,75549924.000000, , , ,-0.325195,-0.975586,0.000000
5505.000000,277200.000000,75549924.000000,0.084100,-0.017400,-0.977300, , , 
5506.000000,277201.000000,75549924.000000, , , ,-0.650391,0.000000,-0.325195
5507.000000,277292.000000,75549924.000000, , , ,-0.650391,-0.325195,0.000000
5508.000000,277299.000000,75549924.000000,0.104400,-0.014500,-0.988900, , , 
5509.000000,277393.000000,75549924.000000, , , ,-0.325195,-0.325195,-0.650391
5510.000000,277400.000000,75549924.000000,0.092800,-0.034800,-0.965700, , , 
5511.000000,277494.000000,75549924.000000, , , ,-0.325195,-0.650391,0.000000
5512.000000,277499.000000,75549924.000000,0.098600,-0.023200,-0.980200, , , 
5513.000000,277595.000000,75549924.000000, , , ,-0.325195,-0.325195,-0.325195
5514.000000,277600.000000,75549924.000000,0.092800,-0.005800,-0.974400, , , 
5515.000000,277696.000000,75549924.000000, , , ,0.650391,-0.325195,0.000000
5516.000000,277699.000000,75549924.000000,0.107300,-0.002900,-0.988900, , , 
5517.000000,277797.000000,75549924.000000, , , ,0.000000,0.000000,0.000000
5518.000000,277800.000000,75549924.000000,0.089900,-0.026100,-0.971500, , , 
5519.000000,277898.000000,75549924.000000, , , ,0.000000,0.000000,-0.325195
5520.000000,277899.000000,75549924.000000,0.095700,-0.031900,-1.003400, , , 
5521.000000,277999.000000,75549924.000000, , , ,-0.325195,0.000000,0.325195
5522.000000,278000.000000,75549924.000000,0.084100,-0.020300,-1.009200, , , 
5523.000000,278099.000000,75549924.000000,0.087000,-0.014500,-1.023700, , , 
5524.000000,278100.000000,75549924.000000, , , ,-0.975586,0.325195,0.000000
5525.000000,278200.000000,75549924.000000,0.104400,-0.008700,-1.006300, , , 
5526.000000,278201.000000,75549924.000000, , , ,-0.650391,0.000000,0.000000
5527.000000,278292.000000,75549924.000000, , , ,-0.325195,0.000000,0.650391
5528.000000,278299.000000,75549924.000000,0.084100,0.008700,-0.977300, , , 
5529.000000,278393.000000,75549924.000000, , , ,0.000000,0.000000,0.000000
5530.000000,278400.000000,75549924.000000,0.101500,-0.020300,-0.997600, , , 
5531.000000,278494.000000,75549924.000000, , , ,-0.325195,0.000000,0.000000
5532.000000,278499.000000,75549924.000000,0.089900,-0.031900,-0.965700, , , 
5533.000000,278595.000000,75549924.000000, , , ,-0.650391,-0.325195,0.000000
5534.000000,278600.000000,75549924.000000,0.087000,-0.034800,-0.983100, , , 
5535.000000,278696.000000,75549924.000000, , , ,-0.325195,0.000000,0.000000
5536.000000,278699.000000,75549924.000000,0.098600,-0.049300,-1.000500, , , 
5537.000000,278797.000000,75549924.000000, , , ,-0.325195,0.325195,0.000000
5538.000000,278800.000000,75549924.000000,0.081200,-0.026100,-1.012100, , , 
5539.000000,278898.000000,75549924.000000, , , ,-0.325195,0.325195,-0.325195
5540.000000,278899.000000,75549924.000000,0.084100,-0.043500,-1.032400, , , 
5541.000000,278999.000000,75549924.000000, , , ,-0.325195,0.325195,-0.325195
5542.000000,279000.000000,75549924.000000,0.075400,-0.040600,-1.026600, , , 
5543.000000,279099.000000,75549924.000000,0.081200,-0.040600,-0.997600, , , 
5544.000000,279100.000000,75549924.000000, , , ,-0.325195,0.000000,0.000000
5545.000000,279200.000000,75549924.000000,0.087000,-0.046400,-0.974400, , , 
5546.000000,279201.000000,75549924.000000, , , ,-0.650391,-0.325195,0.000000
5547.000000,279292.000000,75549924.000000, , , ,-0.975586,0.000000,0.000000
5548.000000,279299.000000,75549924.000000,0.072500,-0.023200,-0.962800, , , 
5549.000000,279393.000000,75549924.000000, , , ,-0.650391,-0.325195,-0.325195
5550.000000,279400.000000,75549924.000000,0.078300,-0.031900,-0.980200, , , 
5551.000000,279494.000000,75549924.000000, , , ,-0.650391,-0.650391,0.000000
5552.000000,279499.000000,75549924.000000,0.066700,-0.031900,-0.954100, , , 
5553.000000,279595.000000,75549924.000000, , , ,-0.325195,-0.325195,-0.325195
5554.000000,279600.000000,75549924.000000,0.049300,-0.040600,-0.974400, , , 
5555.000000,279696.000000,75549924.000000, , , ,-0.325195,0.000000,0.000000
5556.000000,279699.000000,75549924.000000,0.060900,-0.043500,-0.994700, , , 
5557.000000,279797.000000,75549924.000000, , , ,0.000000,0.000000,0.000000
5558.000000,279800.000000,75549924.000000,0.066700,-0.034800,-0.986000, , , 
5559.000000,279898.000000,75549924.000000, , , ,0.000000,0.000000,-0.325195
5560.000000,279899.000000,75549924.000000,0.055100,-0.029000,-0.988900, , , 
5561.000000,279999.000000,75549924.000000, , , ,0.000000,0.000000,0.000000
5562.000000,280000.000000,75549924.000000,0.069600,-0.046400,-0.994700, , , 
5563.000000,280099.000000,75549924.000000,0.069600,-0.029000,-0.957000, , , 
5564.000000,280100.000000,75549924.000000, , , ,-0.325195,-0.325195,-0.325195
5565.000000,280200.000000,75549924.000000,0.060900,-0.043500,-0.991800, , , 
5566.000000,280201.000000,75549924.000000, , , ,-0.975586,0.000000,0.000000
5567.000000,280292.000000,75549924.000000, , , ,-0.650391,0.000000,-0.325195
5568.000000,280299.000000,75549924.000000,0.075400,-0.046400,-1.009200, , , 
5569.000000,280393.000000,75549924.000000, , , ,-0.325195,-0.325195,-0.325195
5570.000000,280400.000000,75549924.000000,0.063800,-0.026100,-0.991800, , , 
5571.000000,280494.000000,75549924.000000, , , ,0.000000,0.000000,-0.325195
5572.000000,280499.000000,75549924.000000,0.060900,-0.037700,-1.009200, , , 
5573.000000,280595.000000,75549924.000000, , , ,0.000000,0.000000,-0.325195
5574.000000,280600.000000,75549924.000000,0.072500,-0.052200,-0.986000, , , 
5575.000000,280696.000000,75549924.000000, , , ,-0.650391,-0.325195,-0.650391
5576.000000,280699.000000,75549924.000000,0.046400,-0.052200,-0.974400, , , 
5577.000000,280797.000000,75549924.000000, , , ,-0.650391,0.000000,-0.975586
5578.000000,280800.000000,75549924.000000,0.031900,-0.075400,-1.009200, , , 
5579.000000,280898.000000,75549924.000000, , , ,-0.325195,-0.325195,-1.300781
5580.000000,280899.000000,75549924.000000,0.052200,-0.066700,-0.983100, , , 
5581.000000,280999.000000,75549924.000000, , , ,0.000000,-0.325195,-0.975586
5582.000000,281000.000000,75549924.000000,0.031900,-0.072500,-0.980200, , , 
5583.000000,281099.000000,75549924.000000,0.029000,-0.087000,-0.980200, , , 
5584.000000,281100.000000,75549924.000000, , , ,0.000000,0.000000,-0.325195
5585.000000,281200.000000,75549924.000000,0.052200,-0.087000,-1.000500, , , 
5586.000000,281201.000000,75549924.000000, , , ,0.000000,0.325195,-1.300781
5587.000000,281292.000000,75549924.000000, , , ,0.000000,0.000000,-1.625977
5588.000000,281299.000000,75549924.000000,0.060900,-0.118900,-1.017900, , , 
5589.000000,281393.000000,75549924.000000, , , ,-0.325195,0.000000,-1.300781
5590.000000,281400.000000,75549924.000000,0.052200,-0.092800,-0.991800, , , 
5591.000000,281494.000000,75549924.000000, , , ,-0.325195,0.650391,-1.300781
5592.000000,281499.000000,75549924.000000,0.043500,-0.084100,-1.009200, , , 
5593.000000,281595.000000,75549924.000000, , , ,-0.650391,0.650391,-0.325195
5594.000000,281600.000000,75549924.000000,0.060900,-0.104400,-1.023700, , , 
5595.000000,281696.000000,75549924.000000, , , ,0.000000,0.000000,-1.300781
5596.000000,281699.000000,75549924.000000,0.066700,-0.095700,-1.006300, , , 
5597.000000,281797.000000,75549924.000000, , , ,-0.975586,0.325195,-0.975586
5598.000000,281800.000000,75549924.000000,0.049300,-0.081200,-0.988900, , , 
5599.000000,281898.000000,75549924.000000, , , ,-0.650391,0.325195,-1.300781
5600.000000,281899.000000,75549924.000000,0.063800,-0.081200,-0.983100, , , 
5601.000000,281999.000000,75549924.000000, , , ,-0.650391,0.000000,-0.975586
5602.000000,282000.000000,75549924.000000,0.066700,-0.072500,-0.986000, , , 
5603.000000,282099.000000,75549924.000000,0.058000,-0.092800,-0.988900, , , 
5604.000000,282100.000000,75549924.000000, , , ,-0.975586,-0.650391,-0.650391
5605.000000,282200.000000,75549924.000000,0.060900,-0.081200,-1.000500, , , 
5606.000000,282201.000000,75549924.000000, , , ,-1.625977,0.000000,-0.325195
5607.000000,282292.000000,75549924.000000, , , ,-1.300781,0.650391,-0.650391
5608.000000,282299.000000,75549924.000000,0.066700,-0.063800,-1.003400, , , 
5609.000000,282393.000000,75549924.000000, , , ,-1.625977,0.325195,-0.650391
5610.000000,282400.000000,75549924.000000,0.055100,-0.049300,-1.006300, , , 
5611.000000,282494.000000,75549924.000000, , , ,-1.951172,0.000000,-0.650391
5612.000000,282499.000000,75549924.000000,0.060900,-0.046400,-0.983100, , , 
5613.000000,282595.000000,75549924.000000, , , ,-1.300781,0.000000,-0.325195
5614.000000,282600.000000,75549924.000000,0.049300,-0.069600,-0.994700, , , 
5615.000000,282696.000000,75549924.000000, , , ,-2.276367,-0.650391,0.325195
5616.000000,282699.000000,75549924.000000,0.066700,-0.026100,-0.983100, , , 
5617.000000,282797.000000,75549924.000000, , , ,-1.625977,0.000000,0.000000
5618.000000,282800.000000,75549924.000000,0.058000,0.017400,-0.980200, , , 
5619.000000,282898.000000,75549924.000000, , , ,-1.951172,0.000000,0.650391
5620.000000,282899.000000,75549924.000000,0.063800,0.049300,-0.974400, , , 
5621.000000,282999.000000,75549924.000000, , , ,-1.951172,0.000000,0.975586
5622.000000,283000.000000,75549924.000000,0.063800,0.046400,-0.986000, , , 
5623.000000,283099.000000,75549924.000000,0.049300,0.037700,-1.038200, , , 
5624.000000,283100.000000,75549924.000000, , , ,-1.625977,0.650391,0.650391
5625.000000,283200.000000,75549924.000000,0.055100,0.046400,-1.026600, , , 
5626.000000,283201.000000,75549924.000000, , , ,-1.300781,0.325195,0.650391
5627.000000,283292.000000,75549924.000000, , , ,-0.650391,-0.650391,0.325195
5628.000000,283299.000000,75549924.000000,0.078300,0.046400,-1.009200, , , 
5629.000000,283393.000000,75549924.000000, , , ,-1.300781,-0.975586,0.000000
5630.000000,283400.000000,75549924.000000,0.063800,0.029000,-0.965700, , , 
5631.000000,283494.000000,75549924.000000, , , ,-1.625977,0.325195,0.650391
5632.000000,283499.000000,75549924.000000,0.043500,0.046400,-0.986000, , , 
5633.000000,283595.000000,75549924.000000, , , ,-1.300781,0.325195,0.650391
5634.000000,283600.000000,75549924.000000,0.063800,0.031900,-1.006300, , , 
5635.000000,283696.000000,75549924.000000, , , ,-1.951172,0.000000,0.650391
5636.000000,283699.000000,75549924.000000,0.075400,0.037700,-0.986000, , , 
5637.000000,283797.000000,75549924.000000, , , ,-0.975586,-0.325195,0.650391
5638.000000,283800.000000,75549924.000000,0.060900,0.049300,-0.994700, , , 
5639.000000,283898.000000,75549924.000000, , , ,-0.325195,0.000000,0.325195
5640.000000,283899.000000,75549924.000000,0.063800,0.052200,-1.006300, , , 
5641.000000,283999.000000,75549924.000000, , , ,-0.975586,0.325195,0.650391
5642.000000,284000.000000,75549924.000000,0.055100,0.055100,-1.020800, , , 
5643.000000,284099.000000,75549924.000000,0.049300,0.031900,-1.000500, , , 
5644.000000,284100.000000,75549924.000000, , , ,-0.325195,-0.325195,0.000000
5645.000000,284200.000000,75549924.000000,0.066700,0.029000,-0.983100, , , 
5646.000000,284201.000000,75549924.000000, , , ,-0.650391,0.000000,0.000000
5647.000000,284301.000000,75549924.000000,0.089900,0.029000,-0.977300, , , 
5648.000000,284302.000000,75549924.000000, , , ,-0.975586,-0.650391,0.000000
5649.000000,284392.000000,75549924.000000, , , ,-0.650391,-0.325195,0.000000
5650.000000,284399.000000,75549924.000000,0.063800,0.017400,-0.977300, , , 
5651.000000,284493.000000,75549924.000000, , , ,-0.325195,0.000000,0.000000
5652.000000,284500.000000,75549924.000000,0.046400,0.031900,-1.012100, , , 
5653.000000,284594.000000,75549924.000000, , , ,0.000000,0.650391,0.000000
5654.000000,284599.000000,75549924.000000,0.052200,0.017400,-1.044000, , , 
5655.000000,284695.000000,75549924.000000, , , ,-0.325195,0.975586,0.000000
5656.000000,284700.000000,75549924.000000,0.060900,0.008700,-1.055600, , , 
5657.000000,284796.000000,75549924.000000, , , ,-0.975586,0.000000,0.000000
5658.000000,284799.000000,75549924.000000,0.078300,0.008700,-0.986000, , , 
5659.000000,284897.000000,75549924.000000, , , ,-0.650391,-0.650391,-0.325195
5660.000000,284900.000000,75549924.000000,0.069600,0.005800,-0.925100, , , 
5661.000000,284998.000000,75549924.000000, , , ,-0.650391,-0.325195,-0.325195
5662.000000,284999.000000,75549924.000000,0.060900,0.002900,-0.965700, , , 
5663.000000,285099.000000,75549924.000000, , , ,-0.325195,0.000000,-0.325195
5664.000000,285100.000000,75549924.000000,0.063800,0.002900,-1.000500, , , 
5665.000000,285199.000000,75549924.000000,0.049300,0.000000,-1.032400, , , 
5666.000000,285200.000000,75549924.000000, , , ,-0.975586,0.650391,-0.325195
5667.000000,285300.000000,75549924.000000,0.075400,-0.002900,-1.017900, , , 
5668.000000,285301.000000,75549924.000000, , , ,-0.975586,0.000000,-0.650391
5669.000000,285392.000000,75549924.000000, , , ,-0.650391,-0.975586,-0.325195
5670.000000,285399.000000,75549924.000000,0.063800,0.011600,-0.968600, , , 
5671.000000,285493.000000,75549924.000000, , , ,-0.650391,-1.300781,-0.325195
5672.000000,285500.000000,75549924.000000,0.075400,0.000000,-0.939600, , , 
5673.000000,285594.000000,75549924.000000, , , ,-0.650391,0.000000,-0.650391
5674.000000,285599.000000,75549924.000000,0.031900,0.000000,-0.951200, , , 
5675.000000,285695.000000,75549924.000000, , , ,-0.650391,0.000000,-0.650391
5676.000000,285700.000000,75549924.000000,0.052200,-0.008700,-1.000500, , , 
5677.000000,285796.000000,75549924.000000, , , ,-0.325195,-0.325195,0.000000
5678.000000,285799.000000,75549924.000000,0.049300,-0.002900,-1.000500, , , 
5679.000000,285897.000000,75549924.000000, , , ,-0.325195,0.325195,-0.975586
5680.000000,285900.000000,75549924.000000,0.046400,-0.002900,-1.017900, , , 
5681.000000,285998.000000,75549924.000000, , , ,-0.325195,0.000000,-0.325195
5682.000000,285999.000000,75549924.000000,0.075400,-0.008700,-0.997600, , , 
5683.000000,286099.000000,75549924.000000, , , ,-0.650391,0.000000,-0.650391
5684.000000,286100.000000,75549924.000000,0.069600,0.000000,-0.980200, , , 
5685.000000,286199.000000,75549924.000000,0.072500,-0.005800,-0.974400, , , 
5686.000000,286200.000000,75549924.000000, , , ,0.000000,0.000000,0.000000
5687.000000,286300.000000,75549924.000000,0.058000,-0.002900,-0.991800, , , 
5688.000000,286301.000000,75549924.000000, , , ,-0.650391,-0.325195,-0.650391
5689.000000,286392.000000,75549924.000000, , , ,-0.650391,0.325195,-1.300781
5690.000000,286399.000000,75549924.000000,0.078300,-0.026100,-1.000500, , , 
5691.000000,286493.000000,75549924.000000, , , ,0.000000,-0.325195,-0.975586
5692.000000,286500.000000,75549924.000000,0.075400,-0.026100,-0.983100, , , 
5693.000000,286594.000000,75549924.000000, , , ,0.000000,-0.325195,-0.975586
5694.000000,286599.000000,75549924.000000,0.060900,-0.026100,-0.933800, , , 
5695.000000,286695.000000,75549924.000000, , , ,0.000000,-0.325195,-1.300781
5696.000000,286700.000000,75549924.000000,0.037700,-0.034800,-0.971500, , , 
5697.000000,286796.000000,75549924.000000, , , ,-0.325195,0.000000,0.000000
5698.000000,286799.000000,75549924.000000,0.052200,-0.031900,-1.009200, , , 
5699.000000,286897.000000,75549924.000000, , , ,-0.325195,0.000000,-1.300781
5700.000000,286900.000000,75549924.000000,0.037700,-0.026100,-0.997600, , , 
5701.000000,286998.000000,75549924.000000, , , ,-0.650391,0.000000,-0.325195
5702.000000,286999.000000,75549924.000000,0.026100,-0.014500,-1.006300, , , 
5703.000000,287099.000000,75549924.000000, , , ,-0.325195,0.000000,-0.650391
5704.000000,287100.000000,75549924.000000,0.049300,0.000000,-1.015000, , , 
5705.000000,287199.000000,75549924.000000,0.034800,-0.005800,-0.988900, , , 
5706.000000,287200.000000,75549924.000000, , , ,0.000000,0.000000,-0.650391
5707.000000,287300.000000,75549924.000000,0.043500,-0.011600,-0.974400, , , 
5708.000000,287301.000000,75549924.000000, , , ,-0.325195,0.000000,-0.325195
5709.000000,287392.000000,75549924.000000, , , ,-0.325195,0.000000,-0.975586
5710.000000,287399.000000,75549924.000000,0.046400,-0.034800,-0.986000, , , 
5711.000000,287493.000000,75549924.000000, , , ,-0.650391,0.000000,-0.650391
5712.000000,287500.000000,75549924.000000,0.037700,-0.017400,-0.962800, , , 
5713.000000,287594.000000,75549924.000000, , , ,0.000000,-0.325195,-0.975586
5714.000000,287599.000000,75549924.000000,0.040600,-0.005800,-0.986000, , , 
5715.000000,287695.000000,75549924.000000, , , ,0.000000,0.000000,-0.975586
5716.000000,287700.000000,75549924.000000,0.037700,-0.031900,-0.991800, , , 
5717.000000,287796.000000,75549924.000000, , , ,0.000000,0.325195,-0.975586
5718.000000,287799.000000,75549924.000000,0.031900,-0.040600,-1.020800, , , 
5719.000000,287897.000000,75549924.000000, , , ,0.000000,0.325195,-0.650391
5720.000000,287900.000000,75549924.000000,0.040600,-0.060900,-1.023700, , , 
5721.000000,287998.000000,75549924.000000, , , ,-0.650391,0.325195,-0.650391
5722.000000,287999.000000,75549924.000000,0.046400,-0.060900,-0.994700, , , 
5723.000000,288099.000000,75549924.000000, , , ,-0.650391,-0.650391,-1.625977
5724.000000,288100.000000,75549924.000000,0.043500,-0.060900,-0.974400, , , 
5725.000000,288199.000000,75549924.000000,0.055100,-0.046400,-0.959900, , , 
5726.000000,288200.000000,75549924.000000, , , ,-0.325195,-0.325195,-1.625977
5727.000000,288300.000000,75549924.000000,0.029000,-0.043500,-0.977300, , , 
5728.000000,288301.000000,75549924.000000, , , ,-0.325195,0.000000,-1.300781
5729.000000,288392.000000,75549924.000000, , , ,0.000000,0.325195,-1.625977
5730.000000,288399.000000,75549924.000000,0.046400,-0.034800,-1.009200, , , 
5731.000000,288493.000000,75549924.000000, , , ,0.000000,0.000000,-1.625977
5732.000000,288500.000000,75549924.000000,0.031900,-0.072500,-1.015000, , , 
5733.000000,288594.000000,75549924.000000, , , ,-0.325195,0.000000,-1.300781
5734.000000,288599.000000,75549924.000000,0.055100,-0.066700,-1.012100, , , 
5735.000000,288695.000000,75549924.000000, , , ,-1.300781,-0.325195,-1.300781
5736.000000,288700.000000,75549924.000000,0.060900,-0.058000,-0.971500, , , 
5737.000000,288796.000000,75549924.000000, , , ,-1.300781,-0.975586,-0.650391
5738.000000,288799.000000,75549924.000000,0.049300,-0.029000,-0.922200, , , 
5739.000000,288897.000000,75549924.000000, , , ,-0.325195,0.000000,-0.325195
5740.000000,288900.000000,75549924.000000,0.020300,-0.023200,-0.965700, , , 
5741.000000,288998.000000,75549924.000000, , , ,-0.325195,0.325195,-0.975586
5742.000000,289000.000000,75549924.000000,0.046400,-0.034800,-1.003400, , , 
5743.000000,289098.000000,75549924.000000, , , ,0.000000,0.000000,-0.650391
5744.000000,289099.000000,75549924.000000,0.055100,-0.026100,-1.017900, , , 
5745.000000,289199.000000,75549924.000000, , , ,-0.325195,0.000000,-0.650391
5746.000000,289200.000000,75549924.000000,0.040600,-0.023200,-0.986000, , , 
5747.000000,289299.000000,75549924.000000,0.043500,-0.043500,-0.997600, , , 
5748.000000,289300.000000,75549924.000000, , , ,0.000000,-0.650391,-1.300781
5749.000000,289400.000000,75549924.000000,0.031900,-0.023200,-0.980200, , , 
5750.000000,289401.000000,75549924.000000, , , ,-0.650391,0.000000,-0.325195
5751.000000,289492.000000,75549924.000000, , , ,-0.650391,0.000000,-0.325195
5752.000000,289499.000000,75549924.000000,0.043500,-0.011600,-1.009200, , , 
5753.000000,289593.000000,75549924.000000, , , ,-0.975586,0.325195,-0.975586
5754.000000,289600.000000,75549924.000000,0.046400,-0.017400,-1.012100, , , 
5755.000000,289694.000000,75549924.000000, , , ,-0.650391,0.000000,-0.975586
5756.000000,289699.000000,75549924.000000,0.046400,-0.005800,-1.003400, , , 
5757.000000,289795.000000,75549924.000000, , , ,-0.650391,0.000000,-0.975586
5758.000000,289800.000000,75549924.000000,0.029000,-0.040600,-0.988900, , , 
5759.000000,289896.000000,75549924.000000, , , ,-0.650391,-0.325195,-0.325195
5760.000000,289899.000000,75549924.000000,0.017400,-0.014500,-0.983100, , , 
5761.000000,289997.000000,75549924.000000, , , ,0.000000,-0.325195,-0.975586
5762.000000,290000.000000,75549924.000000,-0.005800,-0.034800,-0.983100, , , 
5763.000000,290098.000000,75549924.000000, , , ,0.000000,-0.325195,-0.975586
5764.000000,290099.000000,75549924.000000,-0.029000,-0.023200,-0.977300, , , 
5765.000000,290199.000000,75549924.000000, , , ,0.000000,0.000000,-0.975586
5766.000000,290200.000000,75549924.000000,-0.029000,-0.055100,-0.994700, , , 
5767.000000,290299.000000,75549924.000000,-0.031900,-0.040600,-1.012100, , , 
5768.000000,290300.000000,75549924.000000, , , ,-0.650391,0.325195,-0.650391
5769.000000,290400.000000,75549924.000000,-0.011600,-0.031900,-0.951200, , , 
5770.000000,290401.000000,75549924.000000, , , ,-0.975586,-0.650391,-0.650391
5771.000000,290492.000000,75549924.000000, , , ,0.000000,-0.650391,-0.975586
5772.000000,290499.000000,75549924.000000,-0.049300,-0.002900,-0.922200, , , 
5773.000000,290593.000000,75549924.000000, , , ,0.000000,-0.325195,-0.975586
5774.000000,290600.000000,75549924.000000,-0.060900,-0.034800,-0.971500, , , 
5775.000000,290694.000000,75549924.000000, , , ,-0.325195,0.000000,-0.975586
5776.000000,290699.000000,75549924.000000,-0.037700,-0.043500,-0.986000, , , 
5777.000000,290795.000000,75549924.000000, , , ,-0.650391,-0.325195,0.000000
5778.000000,290800.000000,75549924.000000,-0.060900,-0.026100,-1.000500, , , 
5779.000000,290896.000000,75549924.000000, , , ,-0.650391,0.000000,-0.650391
5780.000000,290899.000000,75549924.000000,-0.049300,-0.020300,-1.000500, , , 
5781.000000,290997.000000,75549924.000000, , , ,0.000000,0.325195,-0.650391
5782.000000,291000.000000,75549924.000000,-0.052200,-0.008700,-1.012100, , , 
5783.000000,291098.000000,75549924.000000, , , ,0.000000,0.000000,-0.650391
5784.000000,291099.000000,75549924.000000,-0.055100,-0.029000,-0.988900, , , 
5785.000000,291199.000000,75549924.000000, , , ,-0.325195,0.000000,-0.650391
5786.000000,291200.000000,75549924.000000,-0.049300,-0.011600,-0.997600, , , 
5787.000000,291299.000000,75549924.000000,-0.040600,-0.020300,-0.974400, , , 
5788.000000,291300.000000,75549924.000000, , , ,-0.975586,0.000000,-0.650391
5789.000000,291400.000000,75549924.000000,-0.063800,-0.002900,-0.959900, , , 
5790.000000,291401.000000,75549924.000000, , , ,-0.325195,-0.975586,-0.650391
5791.000000,291492.000000,75549924.000000, , , ,0.000000,0.000000,-1.300781
5792.000000,291499.000000,75549924.000000,-0.058000,-0.020300,-0.994700, , , 
5793.000000,291593.000000,75549924.000000, , , ,-0.650391,0.000000,-0.325195
5794.000000,291600.000000,75549924.000000,-0.046400,-0.043500,-0.994700, , , 
5795.000000,291694.000000,75549924.000000, , , ,-0.325195,-0.325195,-0.325195
5796.000000,291699.000000,75549924.000000,-0.037700,-0.023200,-0.988900, , , 
5797.000000,291795.000000,75549924.000000, , , ,-0.325195,0.000000,-0.975586
5798.000000,291800.000000,75549924.000000,-0.034800,-0.026100,-0.968600, , , 
5799.000000,291896.000000,75549924.000000, , , ,-0.325195,0.000000,-0.650391
5800.000000,291899.000000,75549924.000000,-0.026100,-0.014500,-0.994700, , , 
5801.000000,291997.000000,75549924.000000, , , ,-0.650391,-0.325195,-0.975586
5802.000000,292000.000000,75549924.000000,-0.011600,-0.023200,-0.988900, , , 
5803.000000,292098.000000,75549924.000000, , , ,-0.650391,0.000000,-0.650391
5804.000000,292099.000000,75549924.000000,-0.020300,-0.037700,-0.974400, , , 
5805.000000,292199.000000,75549924.000000, , , ,0.000000,-0.325195,-0.650391
5806.000000,292200.000000,75549924.000000,-0.014500,-0.029000,-0.980200, , , 
5807.000000,292299.000000,75549924.000000,0.000000,-0.040600,-0.991800, , , 
5808.000000,292300.000000,75549924.000000, , , ,0.000000,0.000000,-0.975586
5809.000000,292400.000000,75549924.000000,0.014500,-0.037700,-1.006300, , , 
5810.000000,292401.000000,75549924.000000, , , ,-0.650391,0.650391,-0.975586
5811.000000,292492.000000,75549924.000000, , , ,0.000000,0.000000,-0.650391
5812.000000,292499.000000,75549924.000000,0.011600,-0.040600,-1.000500, , , 
5813.000000,292593.000000,75549924.000000, , , ,-0.650391,-0.975586,-0.975586
5814.000000,292600.000000,75549924.000000,0.020300,-0.029000,-0.971500, , , 
5815.000000,292694.000000,75549924.000000, , , ,0.000000,0.000000,-0.975586
5816.000000,292699.000000,75549924.000000,0.002900,-0.034800,-0.986000, , , 
5817.000000,292795.000000,75549924.000000, , , ,-0.650391,-0.325195,-1.300781
5818.000000,292800.000000,75549924.000000,0.023200,-0.049300,-0.959900, , , 
5819.000000,292896.000000,75549924.000000, , , ,-0.325195,0.000000,-0.650391
5820.000000,292899.000000,75549924.000000,0.002900,-0.034800,-0.986000, , , 
5821.000000,292997.000000,75549924.000000, , , ,0.000000,0.325195,-1.300781
5822.000000,293000.000000,75549924.000000,0.017400,-0.040600,-1.012100, , , 
5823.000000,293098.000000,75549924.000000, , , ,-0.325195,0.000000,-0.975586
5824.000000,293099.000000,75549924.000000,0.055100,-0.031900,-1.009200, , , 
5825.000000,293199.000000,75549924.000000, , , ,-0.325195,0.000000,-0.975586
5826.000000,293200.000000,75549924.000000,0.049300,-0.031900,-0.994700, , , 
5827.000000,293299.000000,75549924.000000,0.058000,-0.040600,-0.977300, , , 
5828.000000,293300.000000,75549924.000000, , , ,-0.650391,0.000000,-1.625977
5829.000000,293400.000000,75549924.000000,0.034800,-0.034800,-0.974400, , , 
5830.000000,293401.000000,75549924.000000, , , ,-0.325195,0.000000,-1.625977
5831.000000,293492.000000,75549924.000000, , , ,0.000000,-0.650391,-0.650391
5832.000000,293499.000000,75549924.000000,0.043500,-0.031900,-0.968600, , , 
5833.000000,293593.000000,75549924.000000, , , ,0.000000,0.000000,-0.650391
5834.000000,293600.000000,75549924.000000,0.029000,-0.026100,-1.000500, , , 
5835.000000,293694.000000,75549924.000000, , , ,-0.650391,0.325195,-0.650391
5836.000000,293699.000000,75549924.000000,0.029000,-0.023200,-1.020800, , , 
5837.000000,293795.000000,75549924.000000, , , ,-0.975586,-0.325195,-0.325195
5838.000000,293800.000000,75549924.000000,0.017400,-0.023200,-1.003400, , , 
5839.000000,293896.000000,75549924.000000, , , ,0.000000,-0.325195,-0.975586
5840.000000,293899.000000,75549924.000000,0.002900,-0.023200,-0.983100, , , 
5841.000000,293997.000000,75549924.000000, , , ,-0.325195,0.325195,-0.975586
5842.000000,294000.000000,75549924.000000,-0.017400,-0.029000,-0.986000, , , 
5843.000000,294098.000000,75549924.000000, , , ,-0.650391,0.000000,-0.650391
5844.000000,294099.000000,75549924.000000,0.002900,-0.023200,-0.971500, , , 
5845.000000,294199.000000,75549924.000000, , , ,-0.650391,-0.325195,-0.650391
5846.000000,294200.000000,75549924.000000,-0.005800,-0.020300,-0.965700, , , 
5847.000000,294299.000000,75549924.000000,0.000000,-0.031900,-0.983100, , , 
5848.000000,294300.000000,75549924.000000, , , ,-0.325195,0.000000,-0.975586
5849.000000,294400.000000,75549924.000000,0.029000,-0.026100,-1.006300, , , 
5850.000000,294401.000000,75549924.000000, , , ,-0.650391,0.325195,-0.650391
5851.000000,294492.000000,75549924.000000, , , ,-0.325195,0.325195,-0.975586
5852.000000,294499.000000,75549924.000000,0.031900,-0.020300,-1.006300, , , 
5853.000000,294593.000000,75549924.000000, , , ,-0.650391,0.325195,-0.650391
5854.000000,294600.000000,75549924.000000,0.046400,-0.026100,-1.003400, , , 
5855.000000,294694.000000,75549924.000000, , , ,0.000000,0.325195,-0.975586
5856.000000,294699.000000,75549924.000000,0.046400,-0.037700,-1.000500, , , 
5857.000000,294795.000000,75549924.000000, , , ,0.000000,-0.650391,-0.325195
5858.000000,294800.000000,75549924.000000,0.055100,-0.040600,-0.974400, , , 
5859.000000,294896.000000,75549924.000000, , , ,0.000000,-0.325195,-1.300781
5860.000000,294899.000000,75549924.000000,0.040600,-0.026100,-0.974400, , , 
5861.000000,294997.000000,75549924.000000, , , ,-0.650391,-0.325195,-0.975586
5862.000000,295000.000000,75549924.000000,0.060900,-0.023200,-0.991800, , , 
5863.000000,295098.000000,75549924.000000, , , ,-0.325195,-0.325195,-0.325195
5864.000000,295099.000000,75549924.000000,0.055100,-0.049300,-0.974400, , , 
5865.000000,295199.000000,75549924.000000, , , ,-0.650391,0.650391,-0.975586
5866.000000,295200.000000,75549924.000000,0.043500,-0.034800,-0.994700, , , 
5867.000000,295299.000000,75549924.000000,0.058000,-0.040600,-0.980200, , , 
5868.000000,295300.000000,75549924.000000, , , ,-0.650391,0.325195,-0.975586
5869.000000,295400.000000,75549924.000000,0.049300,-0.026100,-0.977300, , , 
5870.000000,295401.000000,75549924.000000, , , ,-0.325195,0.325195,-0.975586
5871.000000,295492.000000,75549924.000000, , , ,-0.325195,-0.650391,-1.300781
5872.000000,295499.000000,75549924.000000,0.069600,-0.037700,-0.988900, , , 
5873.000000,295593.000000,75549924.000000, , , ,-0.975586,-0.325195,-0.975586
5874.000000,295600.000000,75549924.000000,0.060900,-0.052200,-0.977300, , , 
5875.000000,295694.000000,75549924.000000, , , ,-0.650391,-0.325195,-0.650391
5876.000000,295699.000000,75549924.000000,0.052200,-0.040600,-0.962800, , , 
5877.000000,295795.000000,75549924.000000, , , ,0.000000,-0.325195,-0.975586
5878.000000,295800.000000,75549924.000000,0.055100,-0.017400,-0.974400, , , 
5879.000000,295896.000000,75549924.000000, , , ,0.000000,0.000000,-0.650391
5880.000000,295899.000000,75549924.000000,0.052200,-0.002900,-0.986000, , , 
5881.000000,295997.000000,75549924.000000, , , ,0.000000,-0.325195,-0.650391
5882.000000,296000.000000,75549924.000000,0.060900,0.005800,-0.986000, , , 
5883.000000,296098.000000,75549924.000000, , , ,0.000000,-0.325195,-0.325195
5884.000000,296099.000000,75549924.000000,0.055100,-0.008700,-0.968600, , , 
5885.000000,296199.000000,75549924.000000, , , ,0.000000,0.000000,-0.325195
5886.000000,296200.000000,75549924.000000,0.049300,0.000000,-0.977300, , , 
5887.000000,296299.000000,75549924.000000,0.063800,0.005800,-0.980200, , , 
5888.000000,296300.000000,75549924.000000, , , ,0.000000,-0.975586,-0.325195
5889.000000,296400.000000,75549924.000000,0.055100,0.000000,-0.983100, , , 
5890.000000,296401.000000,75549924.000000, , , ,0.325195,-0.325195,-0.325195
5891.000000,296492.000000,75549924.000000, , , ,0.000000,0.000000,-0.325195
5892.000000,296499.000000,75549924.000000,0.052200,-0.005800,-1.015000, , , 
5893.000000,296593.000000,75549924.000000, , , ,0.000000,0.650391,0.000000
5894.000000,296600.000000,75549924.000000,0.023200,-0.011600,-1.020800, , , 
5895.000000,296694.000000,75549924.000000, , , ,0.325195,0.325195,0.000000
5896.000000,296699.000000,75549924.000000,0.052200,0.000000,-1.026600, , , 
5897.000000,296795.000000,75549924.000000, , , ,0.325195,0.000000,0.000000
5898.000000,296800.000000,75549924.000000,0.072500,-0.014500,-0.968600, , , 
5899.000000,296896.000000,75549924.000000, , , ,0.000000,0.000000,0.000000
5900.000000,296899.000000,75549924.000000,0.020300,-0.023200,-0.962800, , , 
5901.000000,296997.000000,75549924.000000, , , ,-0.325195,0.325195,0.000000
5902.000000,297000.000000,75549924.000000,0.031900,-0.020300,-1.017900, , , 
5903.000000,297098.000000,75549924.000000, , , ,-0.650391,0.650391,-0.325195
5904.000000,297099.000000,75549924.000000,0.049300,-0.020300,-1.017900, , , 
5905.000000,297199.000000,75549924.000000, , , ,-0.650391,0.325195,0.000000
5906.000000,297200.000000,75549924.000000,0.043500,-0.002900,-1.017900, , , 
5907.000000,297299.000000,75549924.000000,0.069600,-0.005800,-0.971500, , , 
5908.000000,297300.000000,75549924.000000, , , ,-0.975586,0.000000,0.000000
5909.000000,297400.000000,75549924.000000,0.046400,0.008700,-0.962800, , , 
5910.000000,297401.000000,75549924.000000, , , ,0.000000,-0.325195,-0.325195
5911.000000,297492.000000,75549924.000000, , , ,0.000000,0.000000,0.000000
5912.000000,297499.000000,75549924.000000,0.058000,-0.002900,-0.968600, , , 
5913.000000,297593.000000,75549924.000000, , , ,0.000000,-0.325195,0.000000
5914.000000,297600.000000,75549924.000000,0.052200,0.005800,-0.986000, , , 
5915.000000,297694.000000,75549924.000000, , , ,0.325195,0.000000,0.000000
5916.000000,297699.000000,75549924.000000,0.046400,-0.005800,-0.983100, , , 
5917.000000,297795.000000,75549924.000000, , , ,0.325195,-0.325195,0.000000
5918.000000,297800.000000,75549924.000000,0.060900,0.000000,-0.965700, , , 
5919.000000,297896.000000,75549924.000000, , , ,-0.325195,-0.325195,0.000000
5920.000000,297899.000000,75549924.000000,0.049300,-0.017400,-0.977300, , , 
5921.000000,297997.000000,75549924.000000, , , ,-0.325195,0.325195,0.000000
5922.000000,298000.000000,75549924.000000,0.058000,-0.023200,-0.986000, , , 
5923.000000,298098.000000,75549924.000000, , , ,0.000000,0.000000,0.000000
5924.000000,298099.000000,75549924.000000,0.037700,-0.005800,-1.009200, , , 
5925.000000,298199.000000,75549924.000000, , , ,0.975586,0.000000,-0.325195
5926.000000,298200.000000,75549924.000000,0.049300,-0.008700,-1.003400, , , 
5927.000000,298299.000000,75549924.000000,0.026100,-0.026100,-0.997600, , , 
5928.000000,298300.000000,75549924.000000, , , ,0.650391,0.000000,-0.325195
5929.000000,298400.000000,75549924.000000,0.040600,-0.040600,-1.015000, , , 
5930.000000,298401.000000,75549924.000000, , , ,0.650391,0.650391,-0.325195
5931.000000,298492.000000,75549924.000000, , , ,0.000000,-0.325195,-0.325195
5932.000000,298499.000000,75549924.000000,0.075400,-0.037700,-0.957000, , , 
5933.000000,298593.000000,75549924.000000, , , ,-0.325195,-1.300781,-0.325195
5934.000000,298600.000000,75549924.000000,0.058000,-0.034800,-0.928000, , , 
5935.000000,298694.000000,75549924.000000, , , ,-0.325195,-0.650391,-0.325195
5936.000000,298699.000000,75549924.000000,0.040600,-0.046400,-0.945400, , , 
5937.000000,298795.000000,75549924.000000, , , ,-0.650391,0.000000,0.000000
5938.000000,298800.000000,75549924.000000,0.020300,-0.029000,-0.994700, , , 
5939.000000,298896.000000,75549924.000000, , , ,0.000000,0.325195,-0.650391
5940.000000,298899.000000,75549924.000000,0.020300,-0.029000,-1.017900, , , 
5941.000000,298997.000000,75549924.000000, , , ,0.325195,0.325195,-0.650391
5942.000000,299000.000000,75549924.000000,0.014500,-0.029000,-1.020800, , , 
5943.000000,299098.000000,75549924.000000, , , ,0.325195,0.000000,-0.650391
5944.000000,299099.000000,75549924.000000,0.029000,-0.046400,-1.017900, , , 
5945.000000,299199.000000,75549924.000000, , , ,0.000000,0.000000,0.325195
5946.000000,299200.000000,75549924.000000,0.014500,-0.052200,-1.009200, , , 
5947.000000,299299.000000,75549924.000000,0.011600,-0.046400,-1.020800, , , 
5948.000000,299300.000000,75549924.000000, , , ,-0.650391,0.325195,0.000000
5949.000000,299400.000000,75549924.000000,0.046400,-0.011600,-0.965700, , , 
5950.000000,299401.000000,75549924.000000, , , ,-0.650391,-0.650391,0.000000
5951.000000,299492.000000,75549924.000000, , , ,-0.650391,-0.325195,0.000000
5952.000000,299499.000000,75549924.000000,0.000000,-0.014500,-0.980200, , , 
5953.000000,299592.000000,75549924.000000, , , ,-0.975586,0.000000,0.000000
5954.000000,299599.000000,75549924.000000,0.023200,-0.026100,-0.980200, , , 
5955.000000,299693.000000,75549924.000000, , , ,-0.650391,-0.325195,0.000000
5956.000000,299700.000000,75549924.000000,0.005800,-0.011600,-0.983100, , , 
5957.000000,299794.000000,75549924.000000, , , ,-0.650391,0.650391,-0.325195
5958.000000,299799.000000,75549924.000000,0.000000,0.000000,-1.017900, , , 
5959.000000,299895.000000,75549924.000000, , , ,-0.650391,0.000000,0.000000
5960.000000,299900.000000,75549924.000000,0.040600,-0.011600,-0.997600, , , 
5961.000000,299996.000000,75549924.000000, , , ,0.000000,0.000000,0.000000
5962.000000,299999.000000,75549924.000000,0.008700,-0.014500,-0.977300, , , 
5963.000000,300097.000000,75549924.000000, , , ,0.000000,0.000000,-0.325195
5964.000000,300100.000000,75549924.000000,0.008700,-0.017400,-0.994700, , , 
5965.000000,300198.000000,75549924.000000, , , ,-0.325195,-0.325195,0.000000
5966.000000,300199.000000,75549924.000000,0.017400,-0.029000,-1.009200, , , 
5967.000000,300299.000000,75549924.000000, , , ,-0.325195,-0.650391,-0.325195
5968.000000,300300.000000,75549924.000000,0.014500,-0.023200,-0.968600, , , 
5969.000000,300399.000000,75549924.000000,0.005800,-0.011600,-0.977300, , , 
5970.000000,300400.000000,75549924.000000, , , ,-0.650391,0.000000,0.000000
5971.000000,300500.000000,75549924.000000,0.014500,-0.014500,-0.994700, , , 
5972.000000,300501.000000,75549924.000000, , , ,0.000000,0.000000,0.000000
5973.000000,300592.000000,75549924.000000, , , ,0.000000,-0.325195,0.000000
5974.000000,300599.000000,75549924.000000,-0.002900,-0.026100,-0.980200, , , 
5975.000000,300693.000000,75549924.000000, , , ,-0.650391,-0.325195,-0.325195
5976.000000,300700.000000,75549924.000000,0.017400,-0.023200,-0.994700, , , 
5977.000000,300794.000000,75549924.000000, , , ,-0.650391,-0.325195,-0.325195
5978.000000,300799.000000,75549924.000000,0.008700,-0.026100,-0.971500, , , 
5979.000000,300895.000000,75549924.000000, , , ,0.000000,-0.325195,0.000000
5980.000000,300900.000000,75549924.000000,0.008700,-0.031900,-0.986000, , , 
5981.000000,300996.000000,75549924.000000, , , ,-0.650391,-0.325195,-0.325195
5982.000000,300999.000000,75549924.000000,0.002900,-0.023200,-0.971500, , , 
5983.000000,301097.000000,75549924.000000, , , ,0.000000,-0.650391,-0.325195
5984.000000,301100.000000,75549924.000000,0.005800,-0.020300,-0.977300, , , 
5985.000000,301198.000000,75549924.000000, , , ,-0.325195,-0.325195,-0.325195
5986.000000,301199.000000,75549924.000000,0.017400,-0.034800,-0.991800, , , 
5987.000000,301299.000000,75549924.000000, , , ,0.000000,0.000000,0.000000
5988.000000,301300.000000,75549924.000000,0.011600,-0.020300,-0.968600, , , 
5989.000000,301399.000000,75549924.000000,0.020300,-0.023200,-0.997600, , , 
5990.000000,301400.000000,75549924.000000, , , ,0.000000,0.000000,-0.325195
5991.000000,301500.000000,75549924.000000,0.020300,-0.026100,-0.983100, , , 
5992.000000,301501.000000,75549924.000000, , , ,0.000000,-0.325195,-0.650391
5993.000000,301592.000000,75549924.000000, , , ,0.000000,0.000000,0.325195
5994.000000,301599.000000,75549924.000000,0.029000,-0.011600,-0.948300, , , 
5995.000000,301693.000000,75549924.000000, , , ,-0.650391,-0.325195,0.000000
5996.000000,301700.000000,75549924.000000,0.002900,-0.031900,-0.965700, , , 
5997.000000,301794.000000,75549924.000000, , , ,-0.650391,0.000000,0.000000
5998.000000,301799.000000,75549924.000000,0.049300,-0.026100,-0.986000, , , 
5999.000000,301895.000000,75549924.000000, , , ,-0.650391,0.000000,0.000000
6000.000000,301900.000000,75549924.000000,0.034800,0.000000,-1.000500, , , 
6001.000000,301996.000000,75549924.000000, , , ,-0.325195,-0.325195,0.000000
6002.000000,301999.000000,75549924.000000,0.034800,-0.005800,-0.977300, , , 
6003.000000,302097.000000,75549924.000000, , , ,0.000000,-0.650391,0.000000
6004.000000,302100.000000,75549924.000000,0.031900,-0.005800,-0.968600, , , 
6005.000000,302198.000000,75549924.000000, , , ,-0.325195,-0.325195,0.000000
6006.000000,302199.000000,75549924.000000,0.020300,-0.023200,-0.974400, , , 
6007.000000,302299.000000,75549924.000000, , , ,-0.325195,-0.975586,0.000000
6008.000000,302300.000000,75549924.000000,0.023200,-0.017400,-0.951200, , , 
6009.000000,302399.000000,75549924.000000,0.000000,-0.029000,-0.991800, , , 
6010.000000,302400.000000,75549924.000000, , , ,-0.650391,0.000000,0.000000
6011.000000,302500.000000,75549924.000000,0.020300,-0.023200,-0.997600, , , 
6012.000000,302501.000000,75549924.000000, , , ,-0.325195,-0.325195,0.000000
6013.000000,302592.000000,75549924.000000, , , ,-0.325195,0.000000,0.000000
6014.000000,302599.000000,75549924.000000,0.014500,-0.002900,-0.974400, , , 
6015.000000,302693.000000,75549924.000000, , , ,-0.325195,0.000000,0.000000
6016.000000,302700.000000,75549924.000000,0.000000,-0.026100,-0.977300, , , 
6017.000000,302794.000000,75549924.000000, , , ,-0.650391,0.000000,0.000000
6018.000000,302799.000000,75549924.000000,0.020300,-0.029000,-0.965700, , , 
6019.000000,302895.000000,75549924.000000, , , ,0.000000,-0.325195,0.000000
6020.000000,302900.000000,75549924.000000,0.034800,-0.020300,-0.962800, , , 
6021.000000,302996.000000,75549924.000000, , , ,-0.650391,0.000000,0.000000
6022.000000,302999.000000,75549924.000000,0.005800,-0.020300,-0.948300, , , 
6023.000000,303097.000000,75549924.000000, , , ,-0.325195,-0.325195,0.000000
6024.000000,303100.000000,75549924.000000,0.005800,-0.026100,-0.980200, , , 
6025.000000,303198.000000,75549924.000000, , , ,-0.325195,0.000000,0.000000
6026.000000,303199.000000,75549924.000000,0.011600,-0.037700,-0.988900, , , 
6027.000000,303299.000000,75549924.000000, , , ,-0.325195,-0.650391,-0.325195
6028.000000,303300.000000,75549924.000000,0.011600,-0.023200,-0.959900, , , 
6029.000000,303399.000000,75549924.000000,0.000000,-0.043500,-0.997600, , , 
6030.000000,303400.000000,75549924.000000, , , ,-0.650391,0.000000,0.000000
6031.000000,303500.000000,75549924.000000,0.020300,-0.023200,-0.968600, , , 
6032.000000,303501.000000,75549924.000000, , , ,-0.650391,-0.325195,-0.650391
6033.000000,303592.000000,75549924.000000, , , ,0.000000,-0.650391,0.000000
6034.000000,303599.000000,75549924.000000,0.020300,-0.014500,-0.936700, , , 
6035.000000,303693.000000,75549924.000000, , , ,-0.325195,-0.975586,0.000000
6036.000000,303700.000000,75549924.000000,0.020300,-0.020300,-0.933800, , , 
6037.000000,303794.000000,75549924.000000, , , ,0.325195,-0.325195,0.000000
6038.000000,303799.000000,75549924.000000,0.000000,-0.002900,-0.994700, , , 
6039.000000,303895.000000,75549924.000000, , , ,0.000000,0.000000,0.000000
6040.000000,303900.000000,75549924.000000,0.020300,-0.023200,-1.020800, , , 
6041.000000,303996.000000,75549924.000000, , , ,-0.325195,-0.650391,-0.325195
6042.000000,303999.000000,75549924.000000,0.011600,-0.034800,-0.983100, , , 
6043.000000,304097.000000,75549924.000000, , , ,-0.325195,-0.650391,0.000000
6044.000000,304100.000000,75549924.000000,0.011600,-0.023200,-0.977300, , , 
6045.000000,304198.000000,75549924.000000, , , ,0.000000,0.000000,0.000000
6046.000000,304199.000000,75549924.000000,0.014500,-0.031900,-0.959900, , , 
6047.000000,304299.000000,75549924.000000, , , ,-0.650391,-0.325195,0.000000
6048.000000,304300.000000,75549924.000000,0.017400,-0.023200,-0.965700, , , 
6049.000000,304399.000000,75549924.000000,0.017400,-0.023200,-0.957000, , , 
6050.000000,304400.000000,75549924.000000, , , ,-0.325195,-0.325195,0.000000
6051.000000,304500.000000,75549924.000000,0.000000,-0.002900,-0.983100, , , 
6052.000000,304501.000000,75549924.000000, , , ,-0.650391,0.650391,0.000000
6053.000000,304592.000000,75549924.000000, , , ,-0.325195,0.000000,0.000000
6054.000000,304599.000000,75549924.000000,0.026100,-0.014500,-0.997600, , , 
6055.000000,304693.000000,75549924.000000, , , ,0.000000,0.000000,0.000000
6056.000000,304700.000000,75549924.000000,0.014500,-0.049300,-0.986000, , , 
6057.000000,304794.000000,75549924.000000, , , ,-0.975586,-0.325195,0.000000
6058.000000,304799.000000,75549924.000000,0.008700,-0.037700,-0.991800, , , 
6059.000000,304895.000000,75549924.000000, , , ,-1.625977,0.000000,0.000000
6060.000000,304900.000000,75549924.000000,0.014500,-0.014500,-0.957000, , , 
6061.000000,304996.000000,75549924.000000, , , ,-0.325195,-0.975586,0.000000
6062.000000,304999.000000,75549924.000000,0.043500,-0.002900,-0.933800, , , 
6063.000000,305097.000000,75549924.000000, , , ,-0.325195,-1.625977,0.325195
6064.000000,305100.000000,75549924.000000,0.000000,0.000000,-0.936700, , , 
6065.000000,305198.000000,75549924.000000, , , ,0.000000,0.000000,0.325195
6066.000000,305199.000000,75549924.000000,0.002900,-0.002900,-0.983100, , , 
6067.000000,305299.000000,75549924.000000, , , ,-0.325195,-0.325195,0.325195
6068.000000,305300.000000,75549924.000000,0.014500,-0.014500,-0.988900, , , 
6069.000000,305399.000000,75549924.000000,0.008700,-0.017400,-0.980200, , , 
6070.000000,305400.000000,75549924.000000, , , ,-0.325195,0.000000,0.000000
6071.000000,305500.000000,75549924.000000,0.020300,-0.014500,-0.948300, , , 
6072.000000,305501.000000,75549924.000000, , , ,-0.325195,-0.650391,0.000000
6073.000000,305592.000000,75549924.000000, , , ,-0.325195,0.000000,0.000000
6074.000000,305599.000000,75549924.000000,-0.005800,-0.017400,-0.971500, , , 
6075.000000,305693.000000,75549924.000000, , , ,-0.325195,0.325195,0.000000
6076.000000,305700.000000,75549924.000000,0.029000,-0.026100,-0.965700, , , 
6077.000000,305794.000000,75549924.000000, , , ,0.000000,0.000000,0.000000
6078.000000,305799.000000,75549924.000000,0.000000,-0.026100,-0.971500, , , 
6079.000000,305895.000000,75549924.000000, , , ,-0.325195,0.325195,-0.325195
6080.000000,305900.000000,75549924.000000,0.011600,-0.046400,-1.006300, , , 
6081.000000,305996.000000,75549924.000000, , , ,-0.325195,0.000000,-0.650391
6082.000000,305999.000000,75549924.000000,0.005800,-0.043500,-1.003400, , , 
6083.000000,306097.000000,75549924.000000, , , ,-0.975586,-0.650391,0.000000
6084.000000,306100.000000,75549924.000000,0.017400,-0.034800,-0.977300, , , 
6085.000000,306198.000000,75549924.000000, , , ,-0.325195,-0.975586,-0.325195
6086.000000,306199.000000,75549924.000000,0.014500,-0.037700,-0.930900, , , 
6087.000000,306299.000000,75549924.000000, , , ,-0.325195,0.000000,-0.325195
6088.000000,306300.000000,75549924.000000,0.002900,-0.029000,-0.954100, , , 
6089.000000,306399.000000,75549924.000000,0.002900,-0.026100,-0.965700, , , 
6090.000000,306400.000000,75549924.000000, , , ,-0.650391,-0.650391,0.000000
6091.000000,306500.000000,75549924.000000,0.000000,-0.026100,-0.968600, , , 
6092.000000,306501.000000,75549924.000000, , , ,0.000000,0.000000,-0.325195
6093.000000,306592.000000,75549924.000000, , , ,-0.650391,0.000000,0.000000
6094.000000,306599.000000,75549924.000000,0.008700,-0.026100,-0.991800, , , 
6095.000000,306693.000000,75549924.000000, , , ,-0.650391,0.000000,0.325195
6096.000000,306700.000000,75549924.000000,0.020300,-0.029000,-0.974400, , , 
6097.000000,306794.000000,75549924.000000, , , ,-0.650391,-0.650391,0.000000
6098.000000,306799.000000,75549924.000000,0.011600,-0.011600,-0.962800, , , 
6099.000000,306895.000000,75549924.000000, , , ,-0.325195,-0.650391,-0.325195
6100.000000,306900.000000,75549924.000000,0.000000,-0.014500,-0.959900, , , 
6101.000000,306996.000000,75549924.000000, , , ,-0.975586,-0.325195,0.000000
6102.000000,306999.000000,75549924.000000,0.014500,-0.014500,-0.954100, , , 
6103.000000,307097.000000,75549924.000000, , , ,-1.300781,-0.650391,-0.325195
6104.000000,307100.000000,75549924.000000,-0.002900,-0.014500,-0.957000, , , 
6105.000000,307198.000000,75549924.000000, , , ,-0.325195,0.325195,0.000000
6106.000000,307199.000000,75549924.000000,-0.002900,-0.014500,-0.971500, , , 
6107.000000,307299.000000,75549924.000000, , , ,0.000000,0.000000,0.000000
6108.000000,307300.000000,75549924.000000,-0.008700,-0.002900,-1.015000, , , 
6109.000000,307399.000000,75549924.000000,-0.023200,-0.011600,-1.035300, , , 
6110.000000,307400.000000,75549924.000000, , , ,0.000000,0.325195,0.000000
6111.000000,307500.000000,75549924.000000,0.002900,-0.043500,-1.020800, , , 
6112.000000,307501.000000,75549924.000000, , , ,0.000000,0.000000,0.325195
6113.000000,307592.000000,75549924.000000, , , ,-0.325195,0.000000,0.325195
6114.000000,307599.000000,75549924.000000,-0.014500,-0.014500,-0.988900, , , 
6115.000000,307693.000000,75549924.000000, , , ,-0.650391,-0.325195,0.000000
6116.000000,307700.000000,75549924.000000,0.014500,-0.017400,-0.945400, , , 
6117.000000,307794.000000,75549924.000000, , , ,-0.975586,-0.325195,0.000000
6118.000000,307799.000000,75549924.000000,-0.026100,-0.020300,-0.980200, , , 
6119.000000,307895.000000,75549924.000000, , , ,-0.325195,0.325195,-0.325195
6120.000000,307900.000000,75549924.000000,-0.017400,-0.005800,-1.026600, , , 
6121.000000,307996.000000,75549924.000000, , , ,-0.325195,0.975586,0.000000
6122.000000,307999.000000,75549924.000000,0.000000,-0.002900,-1.038200, , , 
6123.000000,308097.000000,75549924.000000, , , ,0.325195,0.000000,-0.650391
6124.000000,308100.000000,75549924.000000,0.002900,0.023200,-0.971500, , , 
6125.000000,308198.000000,75549924.000000, , , ,0.000000,-0.325195,-0.325195
6126.000000,308199.000000,75549924.000000,0.000000,-0.026100,-0.928000, , , 
6127.000000,308299.000000,75549924.000000, , , ,-0.325195,-1.951172,1.625977
6128.000000,308300.000000,75549924.000000,-0.014500,-0.034800,-0.904800, , , 
6129.000000,308400.000000,75549924.000000,-0.031900,-0.029000,-0.968600,0.000000,0.000000,0.000000
6130.000000,308500.000000,75549924.000000,-0.014500,-0.026100,-1.020800, , , 
6131.000000,308501.000000,75549924.000000, , , ,-0.975586,0.975586,0.000000
6132.000000,308592.000000,75549924.000000, , , ,-1.300781,0.325195,0.000000
6133.000000,308599.000000,75549924.000000,-0.005800,-0.011600,-1.023700, , , 
6134.000000,308693.000000,75549924.000000, , , ,-0.650391,0.000000,-0.325195
6135.000000,308700.000000,75549924.000000,0.000000,-0.014500,-0.994700, , , 
6136.000000,308794.000000,75549924.000000, , , ,-0.325195,0.000000,0.000000
6137.000000,308799.000000,75549924.000000,0.000000,-0.020300,-0.968600, , , 
6138.000000,308895.000000,75549924.000000, , , ,-0.650391,-1.300781,-0.325195
6139.000000,308900.000000,75549924.000000,0.008700,-0.020300,-0.936700, , , 
6140.000000,308996.000000,75549924.000000, , , ,-0.650391,-0.650391,0.000000
6141.000000,308999.000000,75549924.000000,-0.008700,-0.023200,-0.939600, , , 
6142.000000,309097.000000,75549924.000000, , , ,-0.650391,-1.300781,0.000000
6143.000000,309100.000000,75549924.000000,0.002900,-0.026100,-0.942500, , , 
6144.000000,309198.000000,75549924.000000, , , ,-0.325195,-1.300781,-0.325195
6145.000000,309199.000000,75549924.000000,0.002900,-0.034800,-0.910600, , , 
6146.000000,309299.000000,75549924.000000, , , ,-0.325195,0.000000,0.325195
6147.000000,309300.000000,75549924.000000,-0.026100,-0.017400,-0.954100, , , 
6148.000000,309399.000000,75549924.000000,-0.037700,-0.029000,-1.058500, , , 
6149.000000,309400.000000,75549924.000000, , , ,-0.325195,1.625977,-0.325195
6150.000000,309500.000000,75549924.000000,-0.011600,-0.029000,-1.116500, , , 
6151.000000,309501.000000,75549924.000000, , , ,-0.975586,1.625977,-0.325195
6152.000000,309592.000000,75549924.000000, , , ,-0.650391,0.325195,-0.325195
6153.000000,309599.000000,75549924.000000,0.014500,-0.017400,-1.064300, , , 
6154.000000,309693.000000,75549924.000000, , , ,0.325195,-0.325195,-0.325195
6155.000000,309700.000000,75549924.000000,-0.002900,-0.020300,-0.957000, , , 
6156.000000,309794.000000,75549924.000000, , , ,-0.650391,-0.650391,0.000000
6157.000000,309799.000000,75549924.000000,0.005800,-0.023200,-0.933800, , , 
6158.000000,309895.000000,75549924.000000, , , ,-0.325195,-0.650391,0.000000
6159.000000,309900.000000,75549924.000000,-0.014500,-0.020300,-0.925100, , , 
6160.000000,309996.000000,75549924.000000, , , ,-0.325195,0.650391,0.000000
6161.000000,309999.000000,75549924.000000,-0.026100,-0.005800,-1.015000, , , 
6162.000000,310097.000000,75549924.000000, , , ,-0.975586,0.650391,-0.325195
6163.000000,310100.000000,75549924.000000,-0.026100,-0.023200,-1.078800, , , 
6164.000000,310198.000000,75549924.000000, , , ,0.000000,0.650391,-0.325195
6165.000000,310199.000000,75549924.000000,-0.005800,-0.014500,-1.070100, , , 
6166.000000,310299.000000,75549924.000000, , , ,0.000000,-0.325195,-0.325195
6167.000000,310300.000000,75549924.000000,0.005800,-0.029000,-1.015000, , , 
6168.000000,310399.000000,75549924.000000,-0.005800,-0.034800,-0.954100, , , 
6169.000000,310400.000000,75549924.000000, , , ,0.000000,0.650391,0.000000
6170.000000,310500.000000,75549924.000000,0.011600,-0.031900,-0.913500, , , 
6171.000000,310501.000000,75549924.000000, , , ,-0.650391,-0.975586,-0.325195
6172.000000,310592.000000,75549924.000000, , , ,-1.300781,-0.975586,-0.325195
6173.000000,310599.000000,75549924.000000,-0.011600,-0.031900,-0.936700, , , 
6174.000000,310693.000000,75549924.000000, , , ,-0.975586,0.325195,0.000000
6175.000000,310700.000000,75549924.000000,-0.011600,-0.017400,-0.986000, , , 
6176.000000,310794.000000,75549924.000000, , , ,-1.625977,0.650391,0.000000
6177.000000,310799.000000,75549924.000000,-0.005800,-0.002900,-1.026600, , , 
6178.000000,310895.000000,75549924.000000, , , ,-0.650391,0.000000,0.000000
6179.000000,310900.000000,75549924.000000,0.000000,0.014500,-1.003400, , , 
6180.000000,310996.000000,75549924.000000, , , ,-0.650391,-1.300781,0.000000
6181.000000,310999.000000,75549924.000000,-0.020300,0.008700,-0.933800, , , 
6182.000000,311097.000000,75549924.000000, , , ,0.000000,-0.325195,0.000000
6183.000000,311100.000000,75549924.000000,-0.026100,0.000000,-0.971500, , , 
6184.000000,311198.000000,75549924.000000, , , ,0.000000,0.000000,0.650391
6185.000000,311199.000000,75549924.000000,-0.040600,-0.005800,-0.983100, , , 
6186.000000,311299.000000,75549924.000000, , , ,0.000000,0.000000,0.325195
6187.000000,311300.000000,75549924.000000,-0.023200,0.000000,-0.997600, , , 
6188.000000,311399.000000,75549924.000000,-0.031900,0.000000,-0.983100, , , 
6189.000000,311400.000000,75549924.000000, , , ,-0.325195,0.325195,0.325195
6190.000000,311500.000000,75549924.000000,-0.049300,0.002900,-0.974400, , , 
6191.000000,311501.000000,75549924.000000, , , ,-0.650391,0.000000,0.325195
6192.000000,311592.000000,75549924.000000, , , ,-0.325195,0.000000,0.000000
6193.000000,311599.000000,75549924.000000,-0.052200,0.011600,-0.997600, , , 
6194.000000,311693.000000,75549924.000000, , , ,0.000000,0.000000,-0.325195
6195.000000,311700.000000,75549924.000000,-0.058000,0.000000,-0.986000, , , 
6196.000000,311794.000000,75549924.000000, , , ,0.000000,0.000000,0.000000
6197.000000,311799.000000,75549924.000000,-0.043500,-0.014500,-0.994700, , , 
6198.000000,311895.000000,75549924.000000, , , ,0.000000,0.325195,0.000000
6199.000000,311900.000000,75549924.000000,-0.046400,-0.014500,-0.983100, , , 
6200.000000,311996.000000,75549924.000000, , , ,-0.325195,0.000000,0.000000
6201.000000,311999.000000,75549924.000000,-0.014500,-0.011600,-0.977300, , , 
6202.000000,312097.000000,75549924.000000, , , ,0.000000,0.325195,0.000000
6203.000000,312100.000000,75549924.000000,-0.005800,-0.002900,-0.994700, , , 
6204.000000,312198.000000,75549924.000000, , , ,0.000000,0.000000,-0.325195
6205.000000,312199.000000,75549924.000000,0.000000,-0.026100,-0.991800, , , 
6206.000000,312299.000000,75549924.000000, , , ,-0.650391,0.325195,0.000000
6207.000000,312300.000000,75549924.000000,0.008700,-0.005800,-0.983100, , , 
6208.000000,312399.000000,75549924.000000,0.000000,-0.011600,-0.997600, , , 
6209.000000,312400.000000,75549924.000000, , , ,-0.650391,0.000000,0.325195
6210.000000,312500.000000,75549924.000000,0.005800,-0.002900,-0.968600, , , 
6211.000000,312501.000000,75549924.000000, , , ,-0.650391,0.000000,0.000000
6212.000000,312592.000000,75549924.000000, , , ,0.000000,-0.650391,0.000000
6213.000000,312599.000000,75549924.000000,0.005800,-0.002900,-0.983100, , , 
6214.000000,312693.000000,75549924.000000, , , ,0.000000,0.000000,0.325195
6215.000000,312700.000000,75549924.000000,-0.005800,-0.008700,-0.986000, , , 
6216.000000,312794.000000,75549924.000000, , , ,0.000000,0.000000,0.000000
6217.000000,312799.000000,75549924.000000,0.014500,0.000000,-0.974400, , , 
6218.000000,312895.000000,75549924.000000, , , ,0.650391,0.000000,0.000000
6219.000000,312900.000000,75549924.000000,0.005800,-0.017400,-0.959900, , , 
6220.000000,312996.000000,75549924.000000, , , ,0.325195,-0.650391,0.000000
6221.000000,312999.000000,75549924.000000,0.005800,-0.011600,-0.962800, , , 
6222.000000,313097.000000,75549924.000000, , , ,-0.325195,-0.975586,0.000000
6223.000000,313100.000000,75549924.000000,0.008700,-0.026100,-0.968600, , , 
6224.000000,313198.000000,75549924.000000, , , ,-0.325195,0.000000,0.000000
6225.000000,313199.000000,75549924.000000,-0.005800,-0.008700,-0.983100, , , 
6226.000000,313299.000000,75549924.000000, , , ,0.000000,0.325195,0.325195
6227.000000,313300.000000,75549924.000000,-0.008700,-0.014500,-1.017900, , , 
6228.000000,313399.000000,75549924.000000,-0.002900,-0.029000,-1.067200, , , 
6229.000000,313400.000000,75549924.000000, , , ,-0.325195,0.325195,0.000000
6230.000000,313500.000000,75549924.000000,0.017400,-0.031900,-1.023700, , , 
6231.000000,313501.000000,75549924.000000, , , ,-0.975586,0.000000,0.000000
6232.000000,313592.000000,75549924.000000, , , ,-0.650391,-0.325195,0.000000
6233.000000,313599.000000,75549924.000000,0.011600,-0.005800,-0.930900, , , 
6234.000000,313693.000000,75549924.000000, , , ,-0.325195,-0.975586,0.000000
6235.000000,313700.000000,75549924.000000,0.000000,0.011600,-0.936700, , , 
6236.000000,313794.000000,75549924.000000, , , ,-0.325195,0.000000,0.325195
6237.000000,313799.000000,75549924.000000,-0.020300,-0.017400,-0.980200, , , 
6238.000000,313895.000000,75549924.000000, , , ,0.000000,0.325195,0.000000
6239.000000,313900.000000,75549924.000000,0.000000,-0.017400,-1.012100, , , 
6240.000000,313996.000000,75549924.000000, , , ,0.000000,0.000000,0.000000
6241.000000,313999.000000,75549924.000000,0.020300,-0.014500,-1.000500, , , 
6242.000000,314097.000000,75549924.000000, , , ,-0.650391,0.000000,0.000000
6243.000000,314100.000000,75549924.000000,-0.002900,-0.017400,-1.006300, , , 
6244.000000,314198.000000,75549924.000000, , , ,-0.975586,0.000000,0.000000
6245.000000,314199.000000,75549924.000000,0.002900,-0.023200,-1.000500, , , 
6246.000000,314299.000000,75549924.000000, , , ,-0.325195,0.000000,0.000000
6247.000000,314300.000000,75549924.000000,0.002900,-0.002900,-0.977300, , , 
6248.000000,314399.000000,75549924.000000,0.002900,0.005800,-0.988900, , , 
6249.000000,314400.000000,75549924.000000, , , ,-0.325195,0.000000,0.000000
6250.000000,314500.000000,75549924.000000,0.005800,-0.008700,-0.968600, , , 
6251.000000,314501.000000,75549924.000000, , , ,-0.650391,0.000000,0.325195
6252.000000,314592.000000,75549924.000000, , , ,-0.650391,-0.325195,0.650391
6253.000000,314599.000000,75549924.000000,-0.005800,-0.002900,-0.983100, , , 
6254.000000,314693.000000,75549924.000000, , , ,-0.325195,0.000000,0.000000
6255.000000,314700.000000,75549924.000000,0.005800,0.000000,-0.991800, , , 
6256.000000,314794.000000,75549924.000000, , , ,0.000000,-0.325195,0.325195
6257.000000,314799.000000,75549924.000000,0.011600,-0.002900,-0.965700, , , 
6258.000000,314895.000000,75549924.000000, , , ,0.000000,-0.650391,0.325195
6259.000000,314900.000000,75549924.000000,-0.014500,0.005800,-0.991800, , , 
6260.000000,314996.000000,75549924.000000, , , ,0.000000,0.325195,0.000000
6261.000000,314999.000000,75549924.000000,0.002900,-0.005800,-1.026600, , , 
6262.000000,315097.000000,75549924.000000, , , ,0.000000,0.325195,0.000000
6263.000000,315100.000000,75549924.000000,0.000000,-0.014500,-1.009200, , , 
6264.000000,315198.000000,75549924.000000, , , ,-0.325195,0.000000,0.000000
6265.000000,315199.000000,75549924.000000,0.017400,-0.026100,-0.988900, , , 
6266.000000,315299.000000,75549924.000000, , , ,-0.650391,-0.650391,0.000000
6267.000000,315300.000000,75549924.000000,0.002900,-0.029000,-0.945400, , , 
6268.000000,315399.000000,75549924.000000,0.000000,-0.029000,-0.983100, , , 
6269.000000,315400.000000,75549924.000000, , , ,-1.300781,-0.325195,0.000000
6270.000000,315500.000000,75549924.000000,0.005800,-0.023200,-0.983100, , , 
6271.000000,315501.000000,75549924.000000, , , ,-1.625977,-0.325195,0.000000
6272.000000,315592.000000,75549924.000000, , , ,-0.975586,0.000000,0.000000
6273.000000,315599.000000,75549924.000000,0.017400,-0.008700,-0.948300, , , 
6274.000000,315693.000000,75549924.000000, , , ,0.000000,0.000000,0.000000
6275.000000,315700.000000,75549924.000000,-0.002900,-0.011600,-0.959900, , , 
6276.000000,315794.000000,75549924.000000, , , ,0.000000,0.000000,-0.325195
6277.000000,315799.000000,75549924.000000,-0.008700,-0.020300,-1.000500, , , 
6278.000000,315895.000000,75549924.000000, , , ,0.000000,0.000000,-0.325195
6279.000000,315900.000000,75549924.000000,0.011600,-0.034800,-1.009200, , , 
6280.000000,315996.000000,75549924.000000, , , ,-0.325195,-0.650391,0.000000
6281.000000,315999.000000,75549924.000000,0.000000,-0.017400,-0.980200, , , 
6282.000000,316097.000000,75549924.000000, , , ,0.000000,0.325195,0.000000
6283.000000,316100.000000,75549924.000000,0.000000,-0.011600,-0.977300, , , 
6284.000000,316198.000000,75549924.000000, , , ,0.000000,0.000000,0.000000
6285.000000,316199.000000,75549924.000000,0.000000,-0.011600,-0.991800, , , 
6286.000000,316299.000000,75549924.000000, , , ,-0.325195,0.000000,0.000000
6287.000000,316300.000000,75549924.000000,-0.017400,0.002900,-0.991800, , , 
6288.000000,316399.000000,75549924.000000,0.000000,-0.008700,-0.983100, , , 
6289.000000,316400.000000,75549924.000000, , , ,-0.975586,0.000000,0.000000
6290.000000,316500.000000,75549924.000000,-0.037700,0.000000,-0.971500, , , 
6291.000000,316501.000000,75549924.000000, , , ,-0.975586,0.000000,0.650391
6292.000000,316592.000000,75549924.000000, , , ,-0.975586,0.000000,0.000000
6293.000000,316599.000000,75549924.000000,-0.026100,0.000000,-0.988900, , , 
6294.000000,316693.000000,75549924.000000, , , ,-1.300781,-0.650391,0.325195
6295.000000,316700.000000,75549924.000000,-0.049300,-0.005800,-0.988900, , , 
6296.000000,316794.000000,75549924.000000, , , ,-1.300781,0.000000,0.325195
6297.000000,316799.000000,75549924.000000,-0.040600,0.017400,-1.003400, , , 
6298.000000,316895.000000,75549924.000000, , , ,-0.325195,0.000000,0.000000
6299.000000,316900.000000,75549924.000000,-0.040600,0.023200,-0.980200, , , 
6300.000000,316996.000000,75549924.000000, , , ,0.000000,0.000000,0.000000
6301.000000,316999.000000,75549924.000000,-0.055100,0.002900,-0.997600, , , 
6302.000000,317097.000000,75549924.000000, , , ,0.000000,0.000000,0.000000
6303.000000,317100.000000,75549924.000000,-0.020300,0.008700,-0.968600, , , 
6304.000000,317198.000000,75549924.000000, , , ,0.000000,0.325195,0.000000
6305.000000,317199.000000,75549924.000000,-0.023200,0.002900,-0.994700, , , 
6306.000000,317299.000000,75549924.000000, , , ,0.000000,0.325195,0.325195
6307.000000,317300.000000,75549924.000000,0.008700,-0.023200,-0.991800, , , 
6308.000000,317399.000000,75549924.000000,-0.002900,0.002900,-0.971500, , , 
6309.000000,317400.000000,75549924.000000, , , ,-0.325195,0.000000,0.325195
6310.000000,317500.000000,75549924.000000,0.000000,-0.002900,-1.012100, , , 
6311.000000,317501.000000,75549924.000000, , , ,-0.650391,0.325195,0.000000
6312.000000,317592.000000,75549924.000000, , , ,-0.325195,0.325195,0.325195
6313.000000,317599.000000,75549924.000000,0.014500,0.008700,-0.988900, , , 
6314.000000,317693.000000,75549924.000000, , , ,-0.650391,0.000000,0.325195
6315.000000,317700.000000,75549924.000000,-0.017400,0.005800,-0.988900, , , 
6316.000000,317794.000000,75549924.000000, , , ,-0.325195,0.325195,0.325195
6317.000000,317799.000000,75549924.000000,-0.008700,0.000000,-1.026600, , , 
6318.000000,317895.000000,75549924.000000, , , ,-0.975586,0.000000,0.000000
6319.000000,317900.000000,75549924.000000,0.017400,-0.011600,-0.994700, , , 
6320.000000,317996.000000,75549924.000000, , , ,-0.650391,0.000000,0.325195
6321.000000,317999.000000,75549924.000000,0.011600,0.008700,-0.986000, , , 
6322.000000,318097.000000,75549924.000000, , , ,-0.650391,0.325195,0.325195
6323.000000,318100.000000,75549924.000000,0.000000,0.000000,-0.986000, , , 
6324.000000,318198.000000,75549924.000000, , , ,-0.325195,0.000000,0.325195
6325.000000,318199.000000,75549924.000000,0.017400,0.008700,-0.980200, , , 
6326.000000,318299.000000,75549924.000000, , , ,0.000000,0.000000,0.325195
6327.000000,318300.000000,75549924.000000,0.002900,0.017400,-0.983100, , , 
6328.000000,318399.000000,75549924.000000,0.005800,-0.005800,-0.991800, , , 
6329.000000,318400.000000,75549924.000000, , , ,-0.650391,0.000000,0.000000
6330.000000,318500.000000,75549924.000000,0.011600,0.008700,-0.986000, , , 
6331.000000,318501.000000,75549924.000000, , , ,-0.650391,0.000000,0.000000
6332.000000,318592.000000,75549924.000000, , , ,0.000000,0.000000,0.000000
6333.000000,318599.000000,75549924.000000,0.002900,-0.020300,-0.988900, , , 
6334.000000,318693.000000,75549924.000000, , , ,-0.325195,-0.325195,-0.325195
6335.000000,318700.000000,75549924.000000,0.029000,-0.026100,-0.957000, , , 
6336.000000,318794.000000,75549924.000000, , , ,-0.325195,-0.325195,0.000000
6337.000000,318799.000000,75549924.000000,0.000000,-0.020300,-0.977300, , , 
6338.000000,318895.000000,75549924.000000, , , ,-0.650391,0.000000,0.000000
6339.000000,318900.000000,75549924.000000,0.000000,-0.029000,-0.962800, , , 
6340.000000,318996.000000,75549924.000000, , , ,-0.650391,0.000000,0.000000
6341.000000,318999.000000,75549924.000000,-0.008700,-0.017400,-0.986000, , , 
6342.000000,319097.000000,75549924.000000, , , ,-0.650391,0.000000,0.000000
6343.000000,319100.000000,75549924.000000,-0.005800,-0.020300,-1.012100, , , 
6344.000000,319198.000000,75549924.000000, , , ,-0.650391,0.000000,0.000000
6345.000000,319199.000000,75549924.000000,0.017400,-0.008700,-1.009200, , , 
6346.000000,319299.000000,75549924.000000, , , ,0.000000,0.325195,0.000000
6347.000000,319300.000000,75549924.000000,0.000000,-0.017400,-1.000500, , , 
6348.000000,319399.000000,75549924.000000,0.000000,-0.020300,-0.994700, , , 
6349.000000,319400.000000,75549924.000000, , , ,0.000000,0.000000,0.000000
6350.000000,319500.000000,75549924.000000,0.005800,-0.014500,-0.983100, , , 
6351.000000,319501.000000,75549924.000000, , , ,-0.650391,0.000000,-0.325195
6352.000000,319592.000000,75549924.000000, , , ,-0.325195,0.000000,0.000000
6353.000000,319599.000000,75549924.000000,0.000000,-0.017400,-1.006300, , , 
6354.000000,319693.000000,75549924.000000, , , ,0.000000,0.000000,-0.325195
6355.000000,319700.000000,75549924.000000,0.008700,-0.026100,-0.977300, , , 
6356.000000,319794.000000,75549924.000000, , , ,-0.325195,0.000000,0.000000
6357.000000,319799.000000,75549924.000000,0.002900,-0.023200,-0.974400, , , 
6358.000000,319895.000000,75549924.000000, , , ,-0.975586,0.000000,0.000000
6359.000000,319900.000000,75549924.000000,0.002900,-0.020300,-0.983100, , , 
6360.000000,319996.000000,75549924.000000, , , ,-0.650391,-0.325195,-0.325195
6361.000000,319999.000000,75549924.000000,0.005800,-0.005800,-0.983100, , , 
6362.000000,320097.000000,75549924.000000, , , ,-0.975586,0.000000,0.000000
6363.000000,320100.000000,75549924.000000,0.023200,-0.014500,-0.991800, , , 
6364.000000,320198.000000,75549924.000000, , , ,-0.975586,-0.325195,0.000000
6365.000000,320199.000000,75549924.000000,0.005800,-0.008700,-0.977300, , , 
6366.000000,320299.000000,75549924.000000, , , ,-0.975586,-0.325195,0.000000
6367.000000,320300.000000,75549924.000000,0.002900,0.020300,-0.980200, , , 
6368.000000,320399.000000,75549924.000000,0.011600,0.017400,-0.988900, , , 
6369.000000,320400.000000,75549924.000000, , , ,-0.650391,0.000000,0.000000
6370.000000,320500.000000,75549924.000000,0.000000,0.000000,-0.980200, , , 
6371.000000,320501.000000,75549924.000000, , , ,-0.650391,0.000000,-0.325195
6372.000000,320592.000000,75549924.000000, , , ,0.000000,0.325195,-0.325195
6373.000000,320599.000000,75549924.000000,0.000000,-0.011600,-1.000500, , , 
6374.000000,320693.000000,75549924.000000, , , ,-0.325195,0.000000,0.000000
6375.000000,320700.000000,75549924.000000,0.005800,-0.014500,-1.006300, , , 
6376.000000,320794.000000,75549924.000000, , , ,-0.975586,0.000000,0.000000
6377.000000,320799.000000,75549924.000000,0.020300,-0.002900,-0.965700, , , 
6378.000000,320895.000000,75549924.000000, , , ,-0.325195,-1.300781,0.000000
6379.000000,320900.000000,75549924.000000,0.008700,-0.002900,-0.939600, , , 
6380.000000,320996.000000,75549924.000000, , , ,-0.325195,0.000000,0.000000
6381.000000,320999.000000,75549924.000000,-0.002900,-0.002900,-0.962800, , , 
6382.000000,321097.000000,75549924.000000, , , ,-0.325195,0.000000,0.000000
6383.000000,321100.000000,75549924.000000,-0.008700,-0.011600,-1.009200, , , 
6384.000000,321198.000000,75549924.000000, , , ,-0.325195,-0.325195,0.325195
6385.000000,321199.000000,75549924.000000,0.005800,0.002900,-0.988900, , , 
6386.000000,321299.000000,75549924.000000, , , ,-0.325195,0.000000,-0.325195
6387.000000,321300.000000,75549924.000000,0.020300,0.008700,-0.991800, , , 
6388.000000,321399.000000,75549924.000000,0.020300,-0.005800,-0.983100, , , 
6389.000000,321400.000000,75549924.000000, , , ,0.000000,0.000000,0.000000
6390.000000,321500.000000,75549924.000000,0.005800,-0.008700,-0.971500, , , 
6391.000000,321501.000000,75549924.000000, , , ,-0.325195,0.000000,0.000000
6392.000000,321592.000000,75549924.000000, , , ,0.000000,0.000000,0.000000
6393.000000,321599.000000,75549924.000000,0.000000,-0.011600,-0.994700, , , 
6394.000000,321693.000000,75549924.000000, , , ,-0.325195,0.000000,0.000000
6395.000000,321700.000000,75549924.000000,0.005800,-0.008700,-0.994700, , , 
6396.000000,321794.000000,75549924.000000, , , ,-0.650391,0.000000,0.000000
6397.000000,321799.000000,75549924.000000,0.014500,-0.005800,-0.994700, , , 
6398.000000,321895.000000,75549924.000000, , , ,-0.975586,-0.325195,0.000000
6399.000000,321900.000000,75549924.000000,0.002900,0.000000,-0.986000, , , 
6400.000000,321996.000000,75549924.000000, , , ,-1.300781,0.000000,0.000000
6401.000000,321999.000000,75549924.000000,0.008700,0.000000,-0.983100, , , 
6402.000000,322097.000000,75549924.000000, , , ,-0.325195,-0.650391,0.325195
6403.000000,322100.000000,75549924.000000,0.017400,0.008700,-0.962800, , , 
6404.000000,322198.000000,75549924.000000, , , ,1.300781,-0.650391,0.000000
6405.000000,322199.000000,75549924.000000,0.011600,0.026100,-0.930900, , , 
6406.000000,322299.000000,75549924.000000, , , ,1.951172,0.000000,0.000000
6407.000000,322300.000000,75549924.000000,-0.011600,0.020300,-0.954100, , , 
6408.000000,322399.000000,75549924.000000,-0.002900,0.000000,-1.035300, , , 
6409.000000,322400.000000,75549924.000000, , , ,0.975586,0.650391,0.000000
6410.000000,322500.000000,75549924.000000,0.014500,-0.020300,-1.041100, , , 
6411.000000,322501.000000,75549924.000000, , , ,0.000000,0.650391,0.325195
6412.000000,322592.000000,75549924.000000, , , ,-0.325195,0.325195,0.000000
6413.000000,322599.000000,75549924.000000,0.000000,0.002900,-1.020800, , , 
6414.000000,322693.000000,75549924.000000, , , ,-0.975586,0.000000,0.000000
6415.000000,322700.000000,75549924.000000,0.026100,0.000000,-0.954100, , , 
6416.000000,322794.000000,75549924.000000, , , ,-0.650391,-0.325195,0.000000
6417.000000,322799.000000,75549924.000000,-0.008700,-0.008700,-0.948300, , , 
6418.000000,322895.000000,75549924.000000, , , ,0.000000,0.000000,0.325195
6419.000000,322900.000000,75549924.000000,-0.011600,0.002900,-1.009200, , , 
6420.000000,322996.000000,75549924.000000, , , ,0.000000,0.325195,0.000000
6421.000000,322999.000000,75549924.000000,0.002900,-0.002900,-1.023700, , , 
6422.000000,323097.000000,75549924.000000, , , ,-0.325195,0.000000,0.000000
6423.000000,323100.000000,75549924.000000,0.000000,-0.005800,-1.026600, , , 
6424.000000,323198.000000,75549924.000000, , , ,-0.650391,0.000000,0.000000
6425.000000,323199.000000,75549924.000000,0.029000,-0.023200,-0.974400, , , 
6426.000000,323299.000000,75549924.000000, , , ,-0.325195,-0.325195,0.000000
6427.000000,323300.000000,75549924.000000,0.000000,-0.005800,-0.974400, , , 
6428.000000,323399.000000,75549924.000000,0.026100,-0.008700,-1.003400, , , 
6429.000000,323400.000000,75549924.000000, , , ,0.000000,0.000000,-0.325195
6430.000000,323500.000000,75549924.000000,0.023200,-0.017400,-0.988900, , , 
6431.000000,323501.000000,75549924.000000, , , ,-0.325195,0.000000,0.000000
6432.000000,323592.000000,75549924.000000, , , ,-0.325195,0.000000,-0.325195
6433.000000,323599.000000,75549924.000000,0.017400,-0.020300,-1.015000, , , 
6434.000000,323693.000000,75549924.000000, , , ,-0.650391,0.000000,0.000000
6435.000000,323700.000000,75549924.000000,0.037700,-0.011600,-0.977300, , , 
6436.000000,323794.000000,75549924.000000, , , ,-0.325195,0.000000,0.000000
6437.000000,323799.000000,75549924.000000,0.008700,-0.011600,-1.000500, , , 
6438.000000,323895.000000,75549924.000000, , , ,-0.325195,0.000000,0.000000
6439.000000,323900.000000,75549924.000000,0.026100,-0.014500,-1.012100, , , 
6440.000000,323996.000000,75549924.000000, , , ,-0.975586,0.975586,0.000000
6441.000000,323999.000000,75549924.000000,0.017400,-0.031900,-1.026600, , , 
6442.000000,324097.000000,75549924.000000, , , ,-0.975586,0.000000,-0.325195
6443.000000,324100.000000,75549924.000000,0.020300,-0.011600,-1.023700, , , 
6444.000000,324198.000000,75549924.000000, , , ,-0.325195,0.325195,0.650391
6445.000000,324199.000000,75549924.000000,0.029000,0.005800,-0.997600, , , 
6446.000000,324299.000000,75549924.000000, , , ,0.000000,0.325195,0.000000
6447.000000,324300.000000,75549924.000000,0.005800,-0.008700,-1.009200, , , 
6448.000000,324399.000000,75549924.000000,0.014500,-0.017400,-1.035300, , , 
6449.000000,324400.000000,75549924.000000, , , ,0.000000,0.975586,-0.325195
6450.000000,324500.000000,75549924.000000,0.020300,-0.026100,-1.055600, , , 
6451.000000,324501.000000,75549924.000000, , , ,0.000000,0.975586,0.000000
6452.000000,324592.000000,75549924.000000, , , ,-0.325195,0.650391,0.000000
6453.000000,324599.000000,75549924.000000,0.023200,-0.031900,-1.032400, , , 
6454.000000,324693.000000,75549924.000000, , , ,-0.650391,0.325195,0.000000
6455.000000,324700.000000,75549924.000000,0.029000,-0.017400,-0.983100, , , 
6456.000000,324794.000000,75549924.000000, , , ,-0.325195,0.650391,0.000000
6457.000000,324799.000000,75549924.000000,0.008700,-0.017400,-1.006300, , , 
6458.000000,324895.000000,75549924.000000, , , ,0.000000,0.325195,-0.325195
6459.000000,324900.000000,75549924.000000,0.029000,-0.034800,-1.006300, , , 
6460.000000,324996.000000,75549924.000000, , , ,0.000000,0.650391,0.000000
6461.000000,324999.000000,75549924.000000,0.014500,-0.034800,-1.023700, , , 
6462.000000,325097.000000,75549924.000000, , , ,-0.650391,0.325195,-0.325195
6463.000000,325100.000000,75549924.000000,0.008700,-0.046400,-1.026600, , , 
6464.000000,325198.000000,75549924.000000, , , ,-1.300781,0.650391,0.000000
6465.000000,325199.000000,75549924.000000,0.034800,-0.034800,-1.015000, , , 
6466.000000,325299.000000,75549924.000000, , , ,-0.650391,-0.325195,0.000000
6467.000000,325300.000000,75549924.000000,0.029000,-0.017400,-0.983100, , , 
6468.000000,325399.000000,75549924.000000,0.020300,-0.008700,-0.954100, , , 
6469.000000,325400.000000,75549924.000000, , , ,0.000000,0.000000,0.000000
6470.000000,325500.000000,75549924.000000,0.002900,-0.005800,-1.000500, , , 
6471.000000,325501.000000,75549924.000000, , , ,0.000000,0.325195,0.000000
6472.000000,325592.000000,75549924.000000, , , ,0.650391,0.325195,-0.325195
6473.000000,325599.000000,75549924.000000,0.020300,-0.031900,-1.015000, , , 
6474.000000,325693.000000,75549924.000000, , , ,-0.325195,0.650391,0.325195
6475.000000,325700.000000,75549924.000000,0.000000,-0.060900,-1.058500, , , 
6476.000000,325794.000000,75549924.000000, , , ,-0.650391,0.650391,0.000000
6477.000000,325799.000000,75549924.000000,0.020300,-0.040600,-1.058500, , , 
6478.000000,325895.000000,75549924.000000, , , ,-0.325195,0.650391,0.000000
6479.000000,325900.000000,75549924.000000,0.023200,-0.008700,-1.012100, , , 
6480.000000,325996.000000,75549924.000000, , , ,-0.325195,0.325195,-0.325195
6481.000000,325999.000000,75549924.000000,0.011600,-0.011600,-1.006300, , , 
6482.000000,326097.000000,75549924.000000, , , ,-0.650391,0.975586,0.000000
6483.000000,326100.000000,75549924.000000,0.014500,-0.023200,-1.017900, , , 
6484.000000,326198.000000,75549924.000000, , , ,-0.325195,0.325195,0.000000
6485.000000,326199.000000,75549924.000000,0.029000,-0.023200,-1.009200, , , 
6486.000000,326299.000000,75549924.000000, , , ,-0.650391,0.325195,-0.325195
6487.000000,326300.000000,75549924.000000,0.017400,-0.034800,-0.991800, , , 
6488.000000,326399.000000,75549924.000000,0.011600,-0.043500,-1.017900, , , 
6489.000000,326400.000000,75549924.000000, , , ,-0.975586,0.000000,-0.650391
6490.000000,326500.000000,75549924.000000,0.014500,-0.043500,-1.012100, , , 
6491.000000,326501.000000,75549924.000000, , , ,-0.975586,0.325195,0.000000
6492.000000,326592.000000,75549924.000000, , , ,-1.951172,-0.650391,0.000000
6493.000000,326599.000000,75549924.000000,0.034800,-0.023200,-0.977300, , , 
6494.000000,326693.000000,75549924.000000, , , ,-0.325195,-0.975586,0.000000
6495.000000,326700.000000,75549924.000000,0.020300,-0.020300,-0.971500, , , 
6496.000000,326794.000000,75549924.000000, , , ,-1.300781,0.325195,-0.325195
6497.000000,326799.000000,75549924.000000,0.008700,-0.034800,-0.994700, , , 
6498.000000,326895.000000,75549924.000000, , , ,-0.975586,0.325195,-0.325195
6499.000000,326900.000000,75549924.000000,0.014500,-0.020300,-1.029500, , , 
6500.000000,326996.000000,75549924.000000, , , ,-0.650391,0.650391,0.000000
6501.000000,326999.000000,75549924.000000,0.011600,-0.011600,-1.032400, , , 
6502.000000,327097.000000,75549924.000000, , , ,-0.325195,0.975586,-0.325195
6503.000000,327100.000000,75549924.000000,0.014500,-0.017400,-1.041100, , , 
6504.000000,327198.000000,75549924.000000, , , ,0.000000,0.975586,-0.325195
6505.000000,327199.000000,75549924.000000,0.017400,-0.023200,-1.017900, , , 
6506.000000,327299.000000,75549924.000000, , , ,-0.650391,0.000000,-0.325195
6507.000000,327300.000000,75549924.000000,0.026100,-0.029000,-0.971500, , , 
6508.000000,327399.000000,75549924.000000,0.020300,-0.011600,-0.974400, , , 
6509.000000,327400.000000,75549924.000000, , , ,-1.300781,0.325195,-0.325195
6510.000000,327500.000000,75549924.000000,0.046400,-0.002900,-0.916400, , , 
6511.000000,327501.000000,75549924.000000, , , ,-0.325195,-1.300781,-0.325195
6512.000000,327592.000000,75549924.000000, , , ,0.000000,0.000000,0.000000
6513.000000,327599.000000,75549924.000000,0.000000,-0.023200,-0.945400, , , 
6514.000000,327693.000000,75549924.000000, , , ,0.000000,0.325195,0.000000
6515.000000,327700.000000,75549924.000000,0.011600,-0.026100,-0.986000, , , 
6516.000000,327794.000000,75549924.000000, , , ,-0.975586,0.000000,-0.650391
6517.000000,327799.000000,75549924.000000,0.014500,-0.008700,-1.009200, , , 
6518.000000,327895.000000,75549924.000000, , , ,-0.650391,0.325195,-0.650391
6519.000000,327900.000000,75549924.000000,0.000000,-0.023200,-1.020800, , , 
6520.000000,327996.000000,75549924.000000, , , ,0.325195,0.000000,-0.650391
6521.000000,327999.000000,75549924.000000,0.040600,0.000000,-0.968600, , , 
6522.000000,328097.000000,75549924.000000, , , ,0.000000,-0.325195,-0.325195
6523.000000,328100.000000,75549924.000000,0.002900,-0.011600,-0.971500, , , 
6524.000000,328198.000000,75549924.000000, , , ,0.000000,0.650391,0.000000
6525.000000,328199.000000,75549924.000000,0.002900,-0.034800,-1.000500, , , 
6526.000000,328299.000000,75549924.000000, , , ,-0.650391,0.000000,0.000000
6527.000000,328300.000000,75549924.000000,0.040600,-0.008700,-0.988900, , , 
6528.000000,328399.000000,75549924.000000,0.029000,0.000000,-0.968600, , , 
6529.000000,328400.000000,75549924.000000, , , ,-0.325195,0.000000,0.325195
6530.000000,328500.000000,75549924.000000,0.005800,-0.005800,-0.991800, , , 
6531.000000,328501.000000,75549924.000000, , , ,-0.325195,0.650391,0.000000
6532.000000,328592.000000,75549924.000000, , , ,-0.650391,0.000000,0.000000
6533.000000,328599.000000,75549924.000000,0.008700,-0.017400,-1.020800, , , 
6534.000000,328693.000000,75549924.000000, , , ,-0.975586,0.000000,0.650391
6535.000000,328700.000000,75549924.000000,0.029000,0.000000,-0.980200, , , 
6536.000000,328794.000000,75549924.000000, , , ,-0.650391,0.000000,0.000000
6537.000000,328799.000000,75549924.000000,0.005800,0.011600,-0.965700, , , 
6538.000000,328895.000000,75549924.000000, , , ,-0.650391,0.000000,0.325195
6539.000000,328900.000000,75549924.000000,0.017400,0.011600,-0.959900, , , 
6540.000000,328996.000000,75549924.000000, , , ,0.000000,0.000000,0.000000
6541.000000,328999.000000,75549924.000000,0.008700,0.008700,-0.983100, , , 
6542.000000,329097.000000,75549924.000000, , , ,0.000000,0.000000,0.325195
6543.000000,329100.000000,75549924.000000,0.011600,-0.011600,-0.997600, , , 
6544.000000,329198.000000,75549924.000000, , , ,0.000000,0.000000,0.000000
6545.000000,329199.000000,75549924.000000,0.014500,0.005800,-0.983100, , , 
6546.000000,329299.000000,75549924.000000, , , ,0.325195,0.975586,-0.325195
6547.000000,329300.000000,75549924.000000,0.020300,0.020300,-0.988900, , , 
6548.000000,329399.000000,75549924.000000,0.029000,-0.046400,-0.957000, , , 
6549.000000,329400.000000,75549924.000000, , , ,0.650391,-1.300781,1.300781
6550.000000,329500.000000,75549924.000000,-0.026100,-0.023200,-1.015000, , , 
6551.000000,329501.000000,75549924.000000, , , ,-0.975586,-0.650391,0.325195
6552.000000,329592.000000,75549924.000000, , , ,-3.577148,-0.325195,1.951172
6553.000000,329599.000000,75549924.000000,0.031900,0.000000,-1.026600, , , 
6554.000000,329693.000000,75549924.000000, , , ,-1.951172,-0.650391,-0.650391
6555.000000,329700.000000,75549924.000000,0.046400,0.046400,-0.925100, , , 
6556.000000,329794.000000,75549924.000000, , , ,-1.300781,-1.625977,-0.650391
6557.000000,329799.000000,75549924.000000,0.011600,0.049300,-0.922200, , , 
6558.000000,329895.000000,75549924.000000, , , ,-1.300781,0.000000,0.650391
6559.000000,329900.000000,75549924.000000,0.011600,0.037700,-0.959900, , , 
6560.000000,329996.000000,75549924.000000, , , ,-0.650391,0.325195,0.325195
6561.000000,329999.000000,75549924.000000,-0.011600,0.037700,-1.003400, , , 
6562.000000,330097.000000,75549924.000000, , , ,0.325195,0.000000,0.000000
6563.000000,330100.000000,75549924.000000,0.000000,0.020300,-1.055600, , , 
6564.000000,330198.000000,75549924.000000, , , ,0.650391,0.975586,-0.325195
6565.000000,330199.000000,75549924.000000,0.014500,-0.002900,-1.038200, , , 
6566.000000,330299.000000,75549924.000000, , , ,0.975586,0.650391,-0.975586
6567.000000,330300.000000,75549924.000000,0.000000,-0.037700,-1.041100, , , 
6568.000000,330399.000000,75549924.000000,0.043500,-0.058000,-0.951200, , , 
6569.000000,330400.000000,75549924.000000, , , ,0.325195,-0.325195,-0.325195
6570.000000,330500.000000,75549924.000000,-0.011600,-0.046400,-0.928000, , , 
6571.000000,330501.000000,75549924.000000, , , ,0.325195,-0.325195,0.000000
6572.000000,330592.000000,75549924.000000, , , ,0.000000,0.325195,0.000000
6573.000000,330599.000000,75549924.000000,0.000000,-0.055100,-1.017900, , , 
6574.000000,330693.000000,75549924.000000, , , ,-0.650391,0.975586,-0.650391
6575.000000,330700.000000,75549924.000000,0.014500,-0.055100,-1.038200, , , 
6576.000000,330794.000000,75549924.000000, , , ,-0.975586,0.000000,-0.650391
6577.000000,330799.000000,75549924.000000,0.023200,-0.037700,-1.032400, , , 
6578.000000,330895.000000,75549924.000000, , , ,-0.975586,-0.325195,-0.325195
6579.000000,330900.000000,75549924.000000,0.020300,-0.029000,-0.945400, , , 
6580.000000,330996.000000,75549924.000000, , , ,-0.325195,0.000000,0.000000
6581.000000,330999.000000,75549924.000000,0.002900,-0.020300,-0.957000, , , 
6582.000000,331097.000000,75549924.000000, , , ,-0.325195,-0.650391,-0.650391
6583.000000,331100.000000,75549924.000000,0.005800,-0.014500,-0.968600, , , 
6584.000000,331198.000000,75549924.000000, , , ,-0.325195,-0.325195,-0.325195
6585.000000,331199.000000,75549924.000000,0.002900,-0.029000,-0.965700, , , 
6586.000000,331299.000000,75549924.000000, , , ,-0.325195,-0.325195,0.000000
6587.000000,331300.000000,75549924.000000,-0.008700,-0.017400,-0.983100, , , 
6588.000000,331399.000000,75549924.000000,0.002900,-0.029000,-0.977300, , , 
6589.000000,331400.000000,75549924.000000, , , ,-0.325195,0.000000,-0.325195
6590.000000,331500.000000,75549924.000000,-0.005800,-0.029000,-0.980200, , , 
6591.000000,331501.000000,75549924.000000, , , ,0.000000,-0.325195,-0.650391
6592.000000,331592.000000,75549924.000000, , , ,0.000000,0.000000,-0.650391
6593.000000,331599.000000,75549924.000000,-0.017400,-0.026100,-0.988900, , , 
6594.000000,331693.000000,75549924.000000, , , ,0.000000,0.325195,-0.325195
6595.000000,331700.000000,75549924.000000,0.000000,-0.043500,-1.000500, , , 
6596.000000,331794.000000,75549924.000000, , , ,-0.650391,-0.325195,-0.325195
6597.000000,331799.000000,75549924.000000,-0.002900,-0.040600,-1.000500, , , 
6598.000000,331895.000000,75549924.000000, , , ,-0.650391,0.000000,0.000000
6599.000000,331900.000000,75549924.000000,-0.005800,-0.023200,-0.994700, , , 
6600.000000,331996.000000,75549924.000000, , , ,-0.325195,0.325195,-0.650391
6601.000000,331999.000000,75549924.000000,-0.014500,-0.023200,-0.991800, , , 
6602.000000,332097.000000,75549924.000000, , , ,-0.325195,0.000000,-0.325195
6603.000000,332100.000000,75549924.000000,-0.002900,-0.029000,-1.000500, , , 
6604.000000,332198.000000,75549924.000000, , , ,-0.975586,-0.325195,0.000000
6605.000000,332199.000000,75549924.000000,0.005800,-0.034800,-0.980200, , , 
6606.000000,332299.000000,75549924.000000, , , ,-1.300781,-0.325195,0.000000
6607.000000,332300.000000,75549924.000000,-0.014500,-0.037700,-0.983100, , , 
6608.000000,332399.000000,75549924.000000,-0.008700,0.005800,-1.003400, , , 
6609.000000,332400.000000,75549924.000000, , , ,-0.975586,0.000000,0.325195
6610.000000,332500.000000,75549924.000000,0.002900,0.005800,-0.983100, , , 
6611.000000,332501.000000,75549924.000000, , , ,-0.325195,0.000000,-0.325195
6612.000000,332601.000000,75549924.000000,-0.005800,-0.014500,-0.977300,-0.325195,-0.325195,0.000000
6613.000000,332692.000000,75549924.000000, , , ,-0.650391,0.000000,-0.325195
6614.000000,332699.000000,75549924.000000,-0.002900,-0.002900,-0.965700, , , 
6615.000000,332793.000000,75549924.000000, , , ,-0.325195,-0.650391,0.000000
6616.000000,332800.000000,75549924.000000,0.000000,-0.008700,-0.968600, , , 
6617.000000,332894.000000,75549924.000000, , , ,-0.325195,-0.325195,0.000000
6618.000000,332899.000000,75549924.000000,-0.011600,-0.020300,-0.997600, , , 
6619.000000,332995.000000,75549924.000000, , , ,-0.650391,0.000000,0.000000
6620.000000,333000.000000,75549924.000000,0.000000,-0.026100,-0.991800, , , 
6621.000000,333096.000000,75549924.000000, , , ,-0.650391,0.325195,0.000000
6622.000000,333099.000000,75549924.000000,-0.014500,-0.008700,-0.997600, , , 
6623.000000,333197.000000,75549924.000000, , , ,-0.325195,0.325195,0.000000
6624.000000,333200.000000,75549924.000000,0.029000,0.000000,-1.020800, , , 
6625.000000,333298.000000,75549924.000000, , , ,-0.650391,0.000000,-0.325195
6626.000000,333299.000000,75549924.000000,0.031900,-0.029000,-0.968600, , , 
6627.000000,333399.000000,75549924.000000, , , ,-0.650391,0.000000,0.000000
6628.000000,333400.000000,75549924.000000,0.029000,-0.002900,-0.954100, , , 
6629.000000,333499.000000,75549924.000000,0.023200,-0.011600,-1.006300, , , 
6630.000000,333500.000000,75549924.000000, , , ,-0.325195,0.000000,-0.325195
6631.000000,333600.000000,75549924.000000,0.052200,-0.011600,-0.994700, , , 
6632.000000,333601.000000,75549924.000000, , , ,0.000000,0.000000,-0.325195
6633.000000,333692.000000,75549924.000000, , , ,-0.650391,-0.325195,0.000000
6634.000000,333699.000000,75549924.000000,0.034800,-0.008700,-0.994700, , , 
6635.000000,333793.000000,75549924.000000, , , ,0.000000,0.650391,0.000000
6636.000000,333800.000000,75549924.000000,0.020300,-0.005800,-0.983100, , , 
6637.000000,333894.000000,75549924.000000, , , ,-0.650391,-0.325195,0.000000
6638.000000,333899.000000,75549924.000000,0.043500,-0.011600,-0.983100, , , 
6639.000000,333995.000000,75549924.000000, , , ,-0.650391,-0.650391,0.000000
6640.000000,334000.000000,75549924.000000,0.052200,-0.014500,-0.954100, , , 
6641.000000,334096.000000,75549924.000000, , , ,0.000000,-0.650391,0.000000
6642.000000,334099.000000,75549924.000000,0.023200,-0.002900,-0.954100, , , 
6643.000000,334197.000000,75549924.000000, , , ,-0.325195,0.000000,0.000000
6644.000000,334200.000000,75549924.000000,0.029000,0.000000,-0.988900, , , 
6645.000000,334298.000000,75549924.000000, , , ,-0.650391,0.000000,0.000000
6646.000000,334299.000000,75549924.000000,0.040600,-0.002900,-1.015000, , , 
6647.000000,334399.000000,75549924.000000, , , ,-0.325195,0.000000,0.000000
6648.000000,334400.000000,75549924.000000,0.031900,-0.002900,-1.000500, , , 
6649.000000,334499.000000,75549924.000000,0.034800,-0.002900,-0.994700, , , 
6650.000000,334500.000000,75549924.000000, , , ,0.000000,0.000000,0.000000
6651.000000,334600.000000,75549924.000000,0.037700,-0.023200,-0.983100, , , 
6652.000000,334601.000000,75549924.000000, , , ,-0.325195,-0.325195,-0.325195
6653.000000,334692.000000,75549924.000000, , , ,-0.650391,-0.650391,0.000000
6654.000000,334699.000000,75549924.000000,0.046400,-0.011600,-0.939600, , , 
6655.000000,334793.000000,75549924.000000, , , ,-0.650391,0.000000,0.000000
6656.000000,334800.000000,75549924.000000,0.026100,0.008700,-0.983100, , , 
6657.000000,334894.000000,75549924.000000, , , ,-0.650391,0.325195,0.000000
6658.000000,334899.000000,75549924.000000,0.040600,0.008700,-1.009200, , , 
6659.000000,334995.000000,75549924.000000, , , ,-0.650391,-0.325195,0.000000
6660.000000,335000.000000,75549924.000000,0.034800,0.005800,-0.983100, , , 
6661.000000,335096.000000,75549924.000000, , , ,0.000000,0.000000,-0.325195
6662.000000,335099.000000,75549924.000000,0.026100,0.005800,-1.000500, , , 
6663.000000,335197.000000,75549924.000000, , , ,0.000000,0.000000,0.000000
6664.000000,335200.000000,75549924.000000,0.043500,0.017400,-0.980200, , , 
6665.000000,335298.000000,75549924.000000, , , ,0.325195,-0.650391,-0.325195
6666.000000,335299.000000,75549924.000000,0.055100,-0.002900,-0.919300, , , 
6667.000000,335399.000000,75549924.000000, , , ,0.000000,-1.300781,0.000000
6668.000000,335400.000000,75549924.000000,0.052200,-0.002900,-0.896100, , , 
6669.000000,335499.000000,75549924.000000,0.026100,-0.008700,-0.925100, , , 
6670.000000,335500.000000,75549924.000000, , , ,0.000000,-1.300781,0.000000
6671.000000,335600.000000,75549924.000000,0.031900,0.002900,-0.962800, , , 
6672.000000,335601.000000,75549924.000000, , , ,0.000000,0.325195,0.000000
6673.000000,335692.000000,75549924.000000, , , ,-0.325195,-0.650391,0.000000
6674.000000,335699.000000,75549924.000000,0.034800,-0.002900,-0.968600, , , 
6675.000000,335793.000000,75549924.000000, , , ,0.000000,0.000000,0.000000
6676.000000,335800.000000,75549924.000000,0.023200,0.000000,-0.986000, , , 
6677.000000,335894.000000,75549924.000000, , , ,0.000000,0.650391,0.000000
6678.000000,335899.000000,75549924.000000,0.011600,0.000000,-1.044000, , , 
6679.000000,335995.000000,75549924.000000, , , ,0.000000,0.000000,0.000000
6680.000000,336000.000000,75549924.000000,0.037700,-0.026100,-1.064300, , , 
6681.000000,336096.000000,75549924.000000, , , ,-0.650391,-0.325195,0.000000
6682.000000,336099.000000,75549924.000000,0.040600,-0.014500,-1.003400, , , 
6683.000000,336197.000000,75549924.000000, , , ,-0.975586,0.000000,0.325195
6684.000000,336200.000000,75549924.000000,0.017400,-0.029000,-1.000500, , , 
6685.000000,336298.000000,75549924.000000, , , ,-0.650391,0.650391,0.000000
6686.000000,336299.000000,75549924.000000,0.046400,-0.020300,-1.026600, , , 
6687.000000,336399.000000,75549924.000000, , , ,-1.300781,0.000000,0.000000
6688.000000,336400.000000,75549924.000000,0.046400,-0.014500,-0.980200, , , 
6689.000000,336499.000000,75549924.000000,0.029000,-0.034800,-0.954100, , , 
6690.000000,336500.000000,75549924.000000, , , ,-0.975586,-0.650391,0.650391
6691.000000,336600.000000,75549924.000000,0.055100,0.000000,-0.922200, , , 
6692.000000,336601.000000,75549924.000000, , , ,-0.650391,-0.650391,0.000000
6693.000000,336692.000000,75549924.000000, , , ,0.000000,-1.951172,0.325195
6694.000000,336699.000000,75549924.000000,0.017400,0.000000,-0.928000, , , 
6695.000000,336793.000000,75549924.000000, , , ,0.000000,-0.650391,0.000000
6696.000000,336800.000000,75549924.000000,0.017400,0.008700,-0.933800, , , 
6697.000000,336894.000000,75549924.000000, , , ,0.000000,0.000000,0.325195
6698.000000,336899.000000,75549924.000000,0.031900,-0.011600,-0.942500, , , 
6699.000000,336995.000000,75549924.000000, , , ,0.000000,-0.325195,-0.650391
6700.000000,337000.000000,75549924.000000,0.031900,0.011600,-0.919300, , , 
6701.000000,337096.000000,75549924.000000, , , ,0.000000,-0.325195,0.000000
6702.000000,337099.000000,75549924.000000,0.014500,-0.005800,-1.000500, , , 
6703.000000,337197.000000,75549924.000000, , , ,0.000000,0.000000,0.000000
6704.000000,337200.000000,75549924.000000,0.069600,-0.055100,-1.038200, , , 
6705.000000,337298.000000,75549924.000000, , , ,-0.325195,0.000000,0.000000
6706.000000,337299.000000,75549924.000000,0.017400,-0.029000,-1.029500, , , 
6707.000000,337399.000000,75549924.000000, , , ,-0.325195,0.000000,0.000000
6708.000000,337400.000000,75549924.000000,0.037700,-0.005800,-1.003400, , , 
6709.000000,337499.000000,75549924.000000,0.040600,-0.037700,-0.951200, , , 
6710.000000,337500.000000,75549924.000000, , , ,0.000000,-0.325195,0.000000
6711.000000,337600.000000,75549924.000000,0.034800,-0.014500,-0.936700, , , 
6712.000000,337601.000000,75549924.000000, , , ,-0.650391,-0.975586,0.000000
6713.000000,337692.000000,75549924.000000, , , ,-1.951172,0.000000,0.000000
6714.000000,337699.000000,75549924.000000,0.014500,-0.031900,-0.962800, , , 
6715.000000,337793.000000,75549924.000000, , , ,-0.975586,0.000000,0.000000
6716.000000,337800.000000,75549924.000000,0.026100,-0.005800,-0.994700, , , 
6717.000000,337894.000000,75549924.000000, , , ,-0.650391,0.325195,0.975586
6718.000000,337899.000000,75549924.000000,0.014500,0.023200,-0.997600, , , 
6719.000000,337995.000000,75549924.000000, , , ,0.325195,-0.975586,0.000000
6720.000000,338000.000000,75549924.000000,0.043500,0.000000,-0.980200, , , 
6721.000000,338096.000000,75549924.000000, , , ,0.325195,-0.650391,0.000000
6722.000000,338099.000000,75549924.000000,0.023200,-0.029000,-0.954100, , , 
6723.000000,338197.000000,75549924.000000, , , ,0.000000,0.000000,0.000000
6724.000000,338200.000000,75549924.000000,0.040600,-0.029000,-0.954100, , , 
6725.000000,338298.000000,75549924.000000, , , ,-0.325195,-0.325195,0.000000
6726.000000,338299.000000,75549924.000000,0.020300,-0.023200,-0.977300, , , 
6727.000000,338399.000000,75549924.000000, , , ,-0.975586,-0.325195,0.000000
6728.000000,338400.000000,75549924.000000,0.011600,-0.020300,-0.962800, , , 
6729.000000,338499.000000,75549924.000000,0.023200,-0.008700,-0.951200, , , 
6730.000000,338500.000000,75549924.000000, , , ,-0.325195,0.000000,0.325195
6731.000000,338600.000000,75549924.000000,-0.011600,-0.008700,-1.012100, , , 
6732.000000,338601.000000,75549924.000000, , , ,-0.975586,0.000000,0.000000
6733.000000,338692.000000,75549924.000000, , , ,-0.975586,0.000000,-0.325195
6734.000000,338699.000000,75549924.000000,0.026100,-0.011600,-1.032400, , , 
6735.000000,338793.000000,75549924.000000, , , ,-0.650391,-1.625977,-0.325195
6736.000000,338800.000000,75549924.000000,0.020300,-0.005800,-0.962800, , , 
6737.000000,338894.000000,75549924.000000, , , ,0.000000,-0.325195,-0.325195
6738.000000,338899.000000,75549924.000000,0.002900,0.017400,-0.930900, , , 
6739.000000,338995.000000,75549924.000000, , , ,0.000000,-0.325195,0.000000
6740.000000,339000.000000,75549924.000000,0.017400,-0.017400,-0.928000, , , 
6741.000000,339096.000000,75549924.000000, , , ,-0.325195,-0.975586,-0.650391
6742.000000,339099.000000,75549924.000000,0.000000,-0.043500,-0.942500, , , 
6743.000000,339197.000000,75549924.000000, , , ,-0.325195,0.000000,-0.325195
6744.000000,339200.000000,75549924.000000,0.000000,-0.020300,-0.962800, , , 
6745.000000,339298.000000,75549924.000000, , , ,-0.975586,-0.325195,-0.975586
6746.000000,339299.000000,75549924.000000,-0.005800,-0.020300,-1.009200, , , 
6747.000000,339399.000000,75549924.000000, , , ,-0.975586,0.000000,0.000000
6748.000000,339400.000000,75549924.000000,0.000000,-0.020300,-1.015000, , , 
6749.000000,339499.000000,75549924.000000,0.002900,-0.017400,-1.000500, , , 
6750.000000,339500.000000,75549924.000000, , , ,-0.650391,0.000000,0.000000
6751.000000,339600.000000,75549924.000000,0.002900,-0.020300,-1.009200, , , 
6752.000000,339601.000000,75549924.000000, , , ,-0.650391,0.650391,-0.325195
6753.000000,339692.000000,75549924.000000, , , ,0.000000,-0.325195,-0.325195
6754.000000,339699.000000,75549924.000000,0.008700,-0.017400,-1.000500, , , 
6755.000000,339793.000000,75549924.000000, , , ,-0.650391,-0.325195,-0.325195
6756.000000,339800.000000,75549924.000000,0.017400,-0.026100,-0.942500, , , 
6757.000000,339894.000000,75549924.000000, , , ,-0.325195,-1.300781,0.000000
6758.000000,339899.000000,75549924.000000,0.023200,-0.020300,-0.928000, , , 
6759.000000,339995.000000,75549924.000000, , , ,-0.325195,-0.325195,0.000000
6760.000000,340000.000000,75549924.000000,0.000000,-0.014500,-0.959900, , , 
6761.000000,340096.000000,75549924.000000, , , ,0.000000,0.000000,0.000000
6762.000000,340099.000000,75549924.000000,0.011600,-0.002900,-1.000500, , , 
6763.000000,340197.000000,75549924.000000, , , ,0.325195,-0.325195,0.325195
6764.000000,340200.000000,75549924.000000,0.000000,-0.011600,-1.000500, , , 
6765.000000,340298.000000,75549924.000000, , , ,0.325195,0.000000,-0.325195
6766.000000,340299.000000,75549924.000000,0.002900,-0.031900,-0.994700, , , 
6767.000000,340399.000000,75549924.000000, , , ,0.000000,0.325195,0.325195
6768.000000,340400.000000,75549924.000000,0.002900,-0.020300,-0.997600, , , 
6769.000000,340499.000000,75549924.000000,0.023200,-0.031900,-0.971500, , , 
6770.000000,340500.000000,75549924.000000, , , ,-0.325195,-0.650391,0.000000
6771.000000,340600.000000,75549924.000000,0.005800,-0.008700,-0.939600, , , 
6772.000000,340601.000000,75549924.000000, , , ,-0.650391,-0.975586,0.325195
6773.000000,340692.000000,75549924.000000, , , ,-0.975586,0.000000,0.650391
6774.000000,340699.000000,75549924.000000,0.000000,-0.017400,-0.974400, , , 
6775.000000,340793.000000,75549924.000000, , , ,-0.975586,0.000000,0.000000
6776.000000,340800.000000,75549924.000000,0.011600,0.000000,-0.977300, , , 
6777.000000,340894.000000,75549924.000000, , , ,-0.325195,0.000000,0.000000
6778.000000,340899.000000,75549924.000000,0.002900,-0.002900,-1.009200, , , 
6779.000000,340995.000000,75549924.000000, , , ,-0.325195,0.000000,0.325195
6780.000000,341000.000000,75549924.000000,0.005800,-0.017400,-0.980200, , , 
6781.000000,341096.000000,75549924.000000, , , ,0.000000,-0.650391,-0.325195
6782.000000,341099.000000,75549924.000000,0.011600,-0.002900,-0.959900, , , 
6783.000000,341197.000000,75549924.000000, , , ,0.325195,0.000000,0.000000
6784.000000,341200.000000,75549924.000000,0.000000,-0.023200,-0.988900, , , 
6785.000000,341298.000000,75549924.000000, , , ,0.000000,0.000000,0.000000
6786.000000,341299.000000,75549924.000000,-0.008700,-0.034800,-0.991800, , , 
6787.000000,341399.000000,75549924.000000, , , ,-0.650391,0.325195,-0.325195
6788.000000,341400.000000,75549924.000000,0.002900,-0.031900,-1.009200, , , 
6789.000000,341499.000000,75549924.000000,0.031900,-0.026100,-1.003400, , , 
6790.000000,341500.000000,75549924.000000, , , ,-0.975586,0.000000,0.000000
6791.000000,341600.000000,75549924.000000,0.005800,-0.008700,-0.977300, , , 
6792.000000,341601.000000,75549924.000000, , , ,-0.325195,-0.325195,1.625977
6793.000000,341692.000000,75549924.000000, , , ,0.000000,0.000000,-0.325195
6794.000000,341699.000000,75549924.000000,0.017400,-0.020300,-0.983100, , , 
6795.000000,341793.000000,75549924.000000, , , ,0.000000,0.000000,0.000000
6796.000000,341800.000000,75549924.000000,0.008700,-0.031900,-1.012100, , , 
6797.000000,341894.000000,75549924.000000, , , ,-0.325195,0.000000,-0.650391
6798.000000,341899.000000,75549924.000000,0.000000,-0.029000,-1.015000, , , 
6799.000000,341995.000000,75549924.000000, , , ,0.000000,0.000000,0.000000
6800.000000,342000.000000,75549924.000000,0.014500,-0.046400,-0.986000, , , 
6801.000000,342096.000000,75549924.000000, , , ,-0.325195,-0.650391,0.000000
6802.000000,342099.000000,75549924.000000,0.017400,-0.014500,-0.933800, , , 
6803.000000,342197.000000,75549924.000000, , , ,-0.650391,0.000000,0.000000
6804.000000,342200.000000,75549924.000000,0.000000,-0.034800,-0.965700, , , 
6805.000000,342298.000000,75549924.000000, , , ,-0.975586,0.000000,0.000000
6806.000000,342299.000000,75549924.000000,-0.002900,-0.026100,-0.991800, , , 
6807.000000,342399.000000,75549924.000000, , , ,-0.650391,-0.325195,0.000000
6808.000000,342400.000000,75549924.000000,0.011600,-0.014500,-1.003400, , , 
6809.000000,342499.000000,75549924.000000,-0.005800,-0.014500,-1.009200, , , 
6810.000000,342500.000000,75549924.000000, , , ,-0.325195,0.325195,0.000000
6811.000000,342600.000000,75549924.000000,0.005800,-0.014500,-1.015000, , , 
6812.000000,342601.000000,75549924.000000, , , ,-0.650391,0.325195,0.000000
6813.000000,342692.000000,75549924.000000, , , ,-0.650391,0.000000,0.000000
6814.000000,342699.000000,75549924.000000,0.023200,-0.017400,-0.968600, , , 
6815.000000,342793.000000,75549924.000000, , , ,-0.650391,-0.650391,0.000000
6816.000000,342800.000000,75549924.000000,0.000000,-0.017400,-0.957000, , , 
6817.000000,342894.000000,75549924.000000, , , ,-0.650391,0.000000,0.000000
6818.000000,342899.000000,75549924.000000,0.000000,-0.014500,-0.983100, , , 
6819.000000,342995.000000,75549924.000000, , , ,-0.650391,0.000000,0.000000
6820.000000,343000.000000,75549924.000000,0.002900,-0.026100,-1.003400, , , 
6821.000000,343096.000000,75549924.000000, , , ,0.000000,0.000000,0.000000
6822.000000,343099.000000,75549924.000000,0.005800,0.011600,-0.977300, , , 
6823.000000,343197.000000,75549924.000000, , , ,0.000000,0.000000,0.000000
6824.000000,343200.000000,75549924.000000,0.011600,0.002900,-0.977300, , , 
6825.000000,343298.000000,75549924.000000, , , ,0.000000,0.000000,0.000000
6826.000000,343299.000000,75549924.000000,0.000000,-0.011600,-0.988900, , , 
6827.000000,343399.000000,75549924.000000, , , ,0.000000,0.000000,-0.325195
6828.000000,343400.000000,75549924.000000,0.002900,-0.029000,-0.980200, , , 
6829.000000,343499.000000,75549924.000000,-0.005800,-0.043500,-0.980200, , , 
6830.000000,343500.000000,75549924.000000, , , ,-0.325195,-0.325195,-0.325195
6831.000000,343600.000000,75549924.000000,0.000000,-0.031900,-1.003400, , , 
6832.000000,343601.000000,75549924.000000, , , ,-0.650391,0.325195,0.000000
6833.000000,343692.000000,75549924.000000, , , ,-0.975586,0.000000,-0.325195
6834.000000,343699.000000,75549924.000000,0.005800,-0.020300,-1.003400, , , 
6835.000000,343793.000000,75549924.000000, , , ,-0.325195,0.000000,0.000000
6836.000000,343800.000000,75549924.000000,0.000000,-0.023200,-0.965700, , , 
6837.000000,343894.000000,75549924.000000, , , ,0.000000,0.000000,-0.325195
6838.000000,343899.000000,75549924.000000,0.005800,-0.011600,-0.983100, , , 
6839.000000,343995.000000,75549924.000000, , , ,-0.325195,0.000000,-0.325195
6840.000000,344000.000000,75549924.000000,0.002900,-0.052200,-0.988900, , , 
6841.000000,344096.000000,75549924.000000, , , ,-0.975586,-0.975586,-0.325195
6842.000000,344099.000000,75549924.000000,0.005800,-0.029000,-0.980200, , , 
6843.000000,344197.000000,75549924.000000, , , ,-0.325195,-0.650391,0.000000
6844.000000,344200.000000,75549924.000000,0.005800,-0.020300,-0.965700, , , 
6845.000000,344298.000000,75549924.000000, , , ,-0.650391,0.000000,0.000000
6846.000000,344299.000000,75549924.000000,-0.005800,-0.031900,-0.988900, , , 
6847.000000,344399.000000,75549924.000000, , , ,-0.650391,0.000000,-0.325195
6848.000000,344400.000000,75549924.000000,0.014500,-0.017400,-1.009200, , , 
6849.000000,344499.000000,75549924.000000,0.005800,-0.026100,-1.009200, , , 
6850.000000,344500.000000,75549924.000000, , , ,-0.650391,0.325195,-0.325195
6851.000000,344600.000000,75549924.000000,0.005800,-0.014500,-0.988900, , , 
6852.000000,344601.000000,75549924.000000, , , ,-0.650391,0.000000,0.000000
6853.000000,344692.000000,75549924.000000, , , ,-0.975586,0.000000,0.000000
6854.000000,344699.000000,75549924.000000,0.008700,-0.023200,-0.983100, , , 
6855.000000,344793.000000,75549924.000000, , , ,-0.325195,-0.325195,0.000000
6856.000000,344800.000000,75549924.000000,0.014500,-0.026100,-0.959900, , , 
6857.000000,344894.000000,75549924.000000, , , ,-0.325195,-0.325195,-0.325195
6858.000000,344899.000000,75549924.000000,-0.008700,-0.017400,-0.968600, , , 
6859.000000,344995.000000,75549924.000000, , , ,-0.325195,-0.325195,-0.325195
6860.000000,345000.000000,75549924.000000,0.008700,-0.049300,-0.997600, , , 
6861.000000,345096.000000,75549924.000000, , , ,-0.325195,0.000000,-0.325195
6862.000000,345099.000000,75549924.000000,0.000000,-0.029000,-0.986000, , , 
6863.000000,345197.000000,75549924.000000, , , ,-0.325195,0.325195,-0.325195
6864.000000,345200.000000,75549924.000000,0.002900,-0.026100,-1.003400, , , 
6865.000000,345298.000000,75549924.000000, , , ,-0.650391,-0.325195,0.000000
6866.000000,345299.000000,75549924.000000,0.005800,-0.034800,-0.991800, , , 
6867.000000,345399.000000,75549924.000000, , , ,-0.650391,0.000000,0.000000
6868.000000,345400.000000,75549924.000000,0.000000,-0.029000,-0.980200, , , 
6869.000000,345499.000000,75549924.000000,-0.017400,-0.023200,-0.983100, , , 
6870.000000,345500.000000,75549924.000000, , , ,0.000000,0.000000,0.000000
6871.000000,345600.000000,75549924.000000,-0.005800,-0.020300,-0.971500, , , 
6872.000000,345601.000000,75549924.000000, , , ,-0.650391,0.000000,0.000000
6873.000000,345692.000000,75549924.000000, , , ,-0.325195,-0.325195,-0.325195
6874.000000,345699.000000,75549924.000000,-0.002900,-0.040600,-0.994700, , , 
6875.000000,345793.000000,75549924.000000, , , ,0.000000,0.000000,-0.325195
6876.000000,345800.000000,75549924.000000,-0.002900,-0.026100,-0.983100, , , 
6877.000000,345894.000000,75549924.000000, , , ,-0.325195,0.000000,-0.650391
6878.000000,345899.000000,75549924.000000,-0.020300,-0.020300,-1.006300, , , 
6879.000000,345995.000000,75549924.000000, , , ,-0.325195,0.325195,-0.325195
6880.000000,346000.000000,75549924.000000,-0.017400,-0.023200,-1.006300, , , 
6881.000000,346096.000000,75549924.000000, , , ,-0.650391,0.000000,0.000000
6882.000000,346099.000000,75549924.000000,0.002900,-0.008700,-0.962800, , , 
6883.000000,346197.000000,75549924.000000, , , ,-0.325195,-0.325195,0.000000
6884.000000,346200.000000,75549924.000000,-0.011600,-0.011600,-0.965700, , , 
6885.000000,346298.000000,75549924.000000, , , ,-0.325195,-0.325195,0.000000
6886.000000,346299.000000,75549924.000000,0.002900,-0.005800,-0.968600, , , 
6887.000000,346399.000000,75549924.000000, , , ,-0.325195,-0.325195,0.000000
6888.000000,346400.000000,75549924.000000,-0.023200,-0.011600,-1.003400, , , 
6889.000000,346499.000000,75549924.000000,-0.008700,-0.026100,-1.012100, , , 
6890.000000,346500.000000,75549924.000000, , , ,-0.650391,0.000000,-0.325195
6891.000000,346600.000000,75549924.000000,0.000000,-0.023200,-0.971500, , , 
6892.000000,346601.000000,75549924.000000, , , ,-0.975586,-0.325195,0.000000
6893.000000,346692.000000,75549924.000000, , , ,-0.325195,0.000000,-0.325195
6894.000000,346699.000000,75549924.000000,-0.034800,-0.011600,-0.988900, , , 
6895.000000,346793.000000,75549924.000000, , , ,-0.325195,0.000000,0.000000
6896.000000,346800.000000,75549924.000000,0.011600,-0.011600,-0.965700, , , 
6897.000000,346894.000000,75549924.000000, , , ,0.000000,-0.650391,-0.325195
6898.000000,346899.000000,75549924.000000,-0.017400,-0.017400,-0.971500, , , 
6899.000000,346995.000000,75549924.000000, , , ,-0.325195,0.000000,-0.325195
6900.000000,347000.000000,75549924.000000,-0.014500,-0.031900,-1.000500, , , 
6901.000000,347096.000000,75549924.000000, , , ,-0.325195,0.650391,0.000000
6902.000000,347099.000000,75549924.000000,-0.008700,-0.020300,-1.009200, , , 
6903.000000,347197.000000,75549924.000000, , , ,-0.325195,0.000000,0.000000
6904.000000,347200.000000,75549924.000000,0.000000,-0.014500,-0.988900, , , 
6905.000000,347298.000000,75549924.000000, , , ,-0.325195,0.000000,0.000000
6906.000000,347299.000000,75549924.000000,-0.011600,-0.017400,-0.983100, , , 
6907.000000,347399.000000,75549924.000000, , , ,-0.975586,0.000000,-0.325195
6908.000000,347400.000000,75549924.000000,0.000000,-0.031900,-0.983100, , , 
6909.000000,347499.000000,75549924.000000,-0.002900,-0.002900,-0.968600, , , 
6910.000000,347500.000000,75549924.000000, , , ,0.000000,-0.325195,0.000000
6911.000000,347600.000000,75549924.000000,-0.017400,-0.011600,-0.980200, , , 
6912.000000,347601.000000,75549924.000000, , , ,0.000000,0.000000,0.000000
6913.000000,347692.000000,75549924.000000, , , ,-0.325195,0.325195,-0.325195
6914.000000,347699.000000,75549924.000000,-0.014500,-0.031900,-1.029500, , , 
6915.000000,347793.000000,75549924.000000, , , ,-0.650391,0.650391,-0.325195
6916.000000,347800.000000,75549924.000000,0.014500,-0.029000,-1.006300, , , 
6917.000000,347894.000000,75549924.000000, , , ,-0.325195,-0.325195,-0.325195
6918.000000,347900.000000,75549924.000000,0.000000,-0.023200,-0.974400, , , 
6919.000000,347994.000000,75549924.000000, , , ,0.000000,0.000000,-0.325195
6920.000000,347999.000000,75549924.000000,-0.017400,-0.017400,-0.980200, , , 
6921.000000,348095.000000,75549924.000000, , , ,-0.325195,0.325195,-0.325195
6922.000000,348100.000000,75549924.000000,0.000000,-0.008700,-0.968600, , , 
6923.000000,348196.000000,75549924.000000, , , ,-0.325195,0.000000,0.000000
6924.000000,348199.000000,75549924.000000,-0.014500,-0.005800,-0.994700, , , 
6925.000000,348297.000000,75549924.000000, , , ,0.000000,-0.650391,0.000000
6926.000000,348300.000000,75549924.000000,0.000000,-0.037700,-0.974400, , , 
6927.000000,348398.000000,75549924.000000, , , ,0.000000,0.000000,0.000000
6928.000000,348399.000000,75549924.000000,0.000000,-0.029000,-0.965700, , , 
6929.000000,348499.000000,75549924.000000, , , ,-0.325195,-0.325195,0.000000
6930.000000,348500.000000,75549924.000000,-0.020300,-0.017400,-0.977300, , , 
6931.000000,348599.000000,75549924.000000,-0.005800,-0.029000,-0.997600, , , 
6932.000000,348600.000000,75549924.000000, , , ,-0.325195,0.000000,0.000000
6933.000000,348700.000000,75549924.000000,-0.014500,-0.023200,-1.041100, , , 
6934.000000,348701.000000,75549924.000000, , , ,-0.975586,0.975586,0.000000
6935.000000,348792.000000,75549924.000000, , , ,-0.650391,0.000000,0.000000
6936.000000,348799.000000,75549924.000000,0.000000,-0.017400,-1.003400, , , 
6937.000000,348893.000000,75549924.000000, , , ,0.000000,-0.975586,0.000000
6938.000000,348900.000000,75549924.000000,0.005800,-0.002900,-0.936700, , , 
6939.000000,348994.000000,75549924.000000, , , ,0.000000,-0.325195,0.000000
6940.000000,348999.000000,75549924.000000,-0.026100,-0.008700,-0.965700, , , 
6941.000000,349095.000000,75549924.000000, , , ,-0.325195,0.650391,0.000000
6942.000000,349100.000000,75549924.000000,-0.014500,-0.014500,-1.015000, , , 
6943.000000,349196.000000,75549924.000000, , , ,-0.975586,0.325195,0.000000
6944.000000,349199.000000,75549924.000000,0.008700,-0.005800,-1.015000, , , 
6945.000000,349297.000000,75549924.000000, , , ,0.000000,-0.975586,-0.325195
6946.000000,349300.000000,75549924.000000,-0.002900,-0.014500,-0.957000, , , 
6947.000000,349398.000000,75549924.000000, , , ,0.000000,0.000000,0.000000
6948.000000,349399.000000,75549924.000000,-0.014500,-0.014500,-0.965700, , , 
6949.000000,349499.000000,75549924.000000, , , ,-0.325195,0.000000,0.000000
6950.000000,349500.000000,75549924.000000,-0.005800,-0.014500,-0.997600, , , 
6951.000000,349599.000000,75549924.000000,0.014500,-0.026100,-0.959900, , , 
6952.000000,349600.000000,75549924.000000, , , ,-0.650391,-0.650391,-0.325195
6953.000000,349700.000000,75549924.000000,-0.014500,-0.011600,-0.954100, , , 
6954.000000,349701.000000,75549924.000000, , , ,-0.325195,-0.650391,0.000000
6955.000000,349792.000000,75549924.000000, , , ,-0.325195,0.325195,0.000000
6956.000000,349799.000000,75549924.000000,-0.020300,-0.008700,-1.003400, , , 
6957.000000,349893.000000,75549924.000000, , , ,-0.325195,0.325195,0.000000
6958.000000,349900.000000,75549924.000000,-0.002900,-0.011600,-1.015000, , , 
6959.000000,349994.000000,75549924.000000, , , ,0.000000,0.000000,0.000000
6960.000000,349999.000000,75549924.000000,0.000000,-0.017400,-1.000500, , , 
6961.000000,350095.000000,75549924.000000, , , ,-0.325195,0.000000,0.000000
6962.000000,350100.000000,75549924.000000,-0.005800,-0.023200,-0.983100, , , 
6963.000000,350196.000000,75549924.000000, , , ,0.000000,0.000000,0.000000
6964.000000,350199.000000,75549924.000000,-0.011600,-0.014500,-0.997600, , , 
6965.000000,350297.000000,75549924.000000, , , ,-0.325195,-0.325195,-0.325195
6966.000000,350300.000000,75549924.000000,-0.014500,-0.026100,-0.959900, , , 
6967.000000,350398.000000,75549924.000000, , , ,-0.650391,-0.325195,-1.300781
6968.000000,350399.000000,75549924.000000,-0.017400,-0.037700,-0.965700, , , 
6969.000000,350499.000000,75549924.000000, , , ,-0.325195,0.000000,-0.325195
6970.000000,350500.000000,75549924.000000,-0.008700,-0.031900,-1.012100, , , 
6971.000000,350599.000000,75549924.000000,-0.002900,-0.008700,-1.009200, , , 
6972.000000,350600.000000,75549924.000000, , , ,-0.325195,0.325195,0.000000
6973.000000,350700.000000,75549924.000000,0.005800,-0.008700,-0.965700, , , 
6974.000000,350701.000000,75549924.000000, , , ,0.325195,-0.325195,0.000000
6975.000000,350792.000000,75549924.000000, , , ,0.000000,0.000000,0.000000
6976.000000,350799.000000,75549924.000000,-0.029000,-0.029000,-0.991800, , , 
6977.000000,350893.000000,75549924.000000, , , ,-0.975586,0.975586,0.000000
6978.000000,350900.000000,75549924.000000,-0.008700,-0.049300,-1.020800, , , 
6979.000000,350994.000000,75549924.000000, , , ,-1.951172,0.325195,0.650391
6980.000000,350999.000000,75549924.000000,0.008700,-0.014500,-1.032400, , , 
6981.000000,351095.000000,75549924.000000, , , ,-1.300781,-0.325195,0.000000
6982.000000,351100.000000,75549924.000000,-0.005800,-0.014500,-0.986000, , , 
6983.000000,351196.000000,75549924.000000, , , ,-0.325195,0.000000,0.000000
6984.000000,351199.000000,75549924.000000,0.000000,-0.008700,-0.951200, , , 
6985.000000,351297.000000,75549924.000000, , , ,0.000000,-0.325195,-0.325195
6986.000000,351300.000000,75549924.000000,-0.002900,0.014500,-0.962800, , , 
6987.000000,351398.000000,75549924.000000, , , ,0.325195,0.000000,0.000000
6988.000000,351399.000000,75549924.000000,-0.008700,-0.017400,-0.971500, , , 
6989.000000,351499.000000,75549924.000000, , , ,0.325195,-0.325195,-0.325195
6990.000000,351500.000000,75549924.000000,0.000000,-0.023200,-0.980200, , , 
6991.000000,351599.000000,75549924.000000,-0.005800,-0.029000,-0.997600, , , 
6992.000000,351600.000000,75549924.000000, , , ,-0.325195,0.000000,0.000000
6993.000000,351700.000000,75549924.000000,-0.002900,-0.040600,-1.000500, , , 
6994.000000,351701.000000,75549924.000000, , , ,-1.300781,0.650391,0.000000
6995.000000,351792.000000,75549924.000000, , , ,-1.625977,0.000000,0.325195
6996.000000,351799.000000,75549924.000000,0.017400,-0.026100,-1.015000, , , 
6997.000000,351893.000000,75549924.000000, , , ,-1.300781,0.000000,0.000000
6998.000000,351900.000000,75549924.000000,0.014500,-0.011600,-0.991800, , , 
6999.000000,351994.000000,75549924.000000, , , ,-1.300781,-0.325195,-0.325195
7000.000000,351999.000000,75549924.000000,0.017400,0.011600,-0.983100, , , 
7001.000000,352095.000000,75549924.000000, , , ,-0.325195,0.000000,0.000000
7002.000000,352100.000000,75549924.000000,0.017400,0.000000,-0.983100, , , 
7003.000000,352196.000000,75549924.000000, , , ,0.000000,0.000000,0.000000
7004.000000,352199.000000,75549924.000000,0.023200,0.000000,-0.977300, , , 
7005.000000,352297.000000,75549924.000000, , , ,-0.325195,-0.650391,0.000000
7006.000000,352300.000000,75549924.000000,0.029000,-0.005800,-0.971500, , , 
7007.000000,352398.000000,75549924.000000, , , ,-0.650391,-1.300781,0.000000
7008.000000,352399.000000,75549924.000000,0.029000,0.000000,-0.933800, , , 
7009.000000,352499.000000,75549924.000000, , , ,-0.325195,-0.325195,0.000000
7010.000000,352500.000000,75549924.000000,0.005800,-0.008700,-0.954100, , , 
7011.000000,352599.000000,75549924.000000,0.002900,-0.005800,-1.017900, , , 
7012.000000,352600.000000,75549924.000000, , , ,-0.325195,0.650391,0.000000
7013.000000,352700.000000,75549924.000000,0.037700,0.020300,-0.974400, , , 
7014.000000,352701.000000,75549924.000000, , , ,0.975586,-0.325195,0.000000
7015.000000,352792.000000,75549924.000000, , , ,1.625977,-0.650391,-0.325195
7016.000000,352799.000000,75549924.000000,0.002900,0.000000,-0.980200, , , 
7017.000000,352893.000000,75549924.000000, , , ,0.650391,0.650391,0.000000
7018.000000,352900.000000,75549924.000000,0.002900,-0.026100,-1.055600, , , 
7019.000000,352994.000000,75549924.000000, , , ,-0.650391,0.650391,0.650391
7020.000000,352999.000000,75549924.000000,0.023200,-0.031900,-1.055600, , , 
7021.000000,353095.000000,75549924.000000, , , ,-0.975586,0.000000,0.325195
7022.000000,353100.000000,75549924.000000,0.023200,-0.017400,-0.988900, , , 
7023.000000,353196.000000,75549924.000000, , , ,-0.650391,-0.325195,0.000000
7024.000000,353199.000000,75549924.000000,0.026100,-0.014500,-0.945400, , , 
7025.000000,353297.000000,75549924.000000, , , ,-0.650391,0.000000,0.000000
7026.000000,353300.000000,75549924.000000,0.000000,0.008700,-0.988900, , , 
7027.000000,353398.000000,75549924.000000, , , ,0.000000,0.325195,-0.325195
7028.000000,353399.000000,75549924.000000,0.029000,0.002900,-0.991800, , , 
7029.000000,353499.000000,75549924.000000, , , ,-0.650391,0.000000,0.000000
7030.000000,353500.000000,75549924.000000,0.020300,-0.020300,-0.971500, , , 
7031.000000,353599.000000,75549924.000000,0.014500,-0.023200,-0.988900, , , 
7032.000000,353600.000000,75549924.000000, , , ,-0.325195,0.000000,0.000000
7033.000000,353700.000000,75549924.000000,0.029000,-0.023200,-0.980200, , , 
7034.000000,353701.000000,75549924.000000, , , ,0.000000,-0.325195,-0.325195
7035.000000,353792.000000,75549924.000000, , , ,-0.975586,0.000000,-0.650391
7036.000000,353799.000000,75549924.000000,0.031900,-0.020300,-0.997600, , , 
7037.000000,353893.000000,75549924.000000, , , ,-0.650391,0.000000,0.000000
7038.000000,353900.000000,75549924.000000,0.002900,-0.023200,-0.986000, , , 
7039.000000,353994.000000,75549924.000000, , , ,-0.325195,0.000000,0.000000
7040.000000,353999.000000,75549924.000000,0.008700,-0.014500,-0.986000, , , 
7041.000000,354095.000000,75549924.000000, , , ,-0.325195,0.000000,0.000000
7042.000000,354100.000000,75549924.000000,0.011600,-0.020300,-0.997600, , , 
7043.000000,354196.000000,75549924.000000, , , ,-0.650391,0.000000,0.000000
7044.000000,354199.000000,75549924.000000,0.014500,-0.023200,-0.980200, , , 
7045.000000,354297.000000,75549924.000000, , , ,-0.325195,-0.325195,0.000000
7046.000000,354300.000000,75549924.000000,-0.008700,-0.020300,-0.991800, , , 
7047.000000,354398.000000,75549924.000000, , , ,-0.325195,-0.650391,-0.325195
7048.000000,354399.000000,75549924.000000,0.014500,-0.034800,-0.959900, , , 
7049.000000,354499.000000,75549924.000000, , , ,0.000000,-0.975586,0.000000
7050.000000,354500.000000,75549924.000000,-0.005800,-0.011600,-0.968600, , , 
7051.000000,354599.000000,75549924.000000, , , ,0.000000,0.000000,-0.325195
7052.000000,354600.000000,75549924.000000,-0.002900,-0.014500,-0.994700, , , 
7053.000000,354699.000000,75549924.000000,0.002900,-0.017400,-0.986000, , , 
7054.000000,354700.000000,75549924.000000, , , ,0.000000,-0.325195,0.000000
7055.000000,354800.000000,75549924.000000,-0.008700,-0.011600,-1.000500, , , 
7056.000000,354801.000000,75549924.000000, , , ,-0.325195,0.000000,0.000000
7057.000000,354892.000000,75549924.000000, , , ,-0.975586,0.000000,0.000000
7058.000000,354899.000000,75549924.000000,0.005800,-0.034800,-1.020800, , , 
7059.000000,354993.000000,75549924.000000, , , ,-1.300781,0.325195,-0.325195
7060.000000,355000.000000,75549924.000000,0.002900,-0.031900,-0.997600, , , 
7061.000000,355094.000000,75549924.000000, , , ,-0.975586,0.000000,0.000000
7062.000000,355099.000000,75549924.000000,-0.008700,-0.020300,-0.962800, , , 
7063.000000,355195.000000,75549924.000000, , , ,-0.650391,-0.325195,0.000000
7064.000000,355200.000000,75549924.000000,-0.002900,-0.017400,-0.959900, , , 
7065.000000,355296.000000,75549924.000000, , , ,-0.975586,0.000000,-0.325195
7066.000000,355299.000000,75549924.000000,-0.014500,-0.014500,-0.988900, , , 
7067.000000,355397.000000,75549924.000000, , , ,-0.325195,0.000000,0.000000
7068.000000,355400.000000,75549924.000000,0.005800,-0.017400,-0.986000, , , 
7069.000000,355498.000000,75549924.000000, , , ,-0.325195,0.000000,-0.325195
7070.000000,355499.000000,75549924.000000,-0.008700,-0.026100,-1.006300, , , 
7071.000000,355599.000000,75549924.000000, , , ,0.000000,0.325195,-0.325195
7072.000000,355600.000000,75549924.000000,-0.002900,-0.043500,-1.020800, , , 
7073.000000,355699.000000,75549924.000000,0.023200,-0.011600,-0.962800, , , 
7074.000000,355700.000000,75549924.000000, , , ,-0.975586,-0.325195,-0.325195
7075.000000,355800.000000,75549924.000000,-0.017400,-0.017400,-0.945400, , , 
7076.000000,355801.000000,75549924.000000, , , ,-0.975586,-0.650391,-0.325195
7077.000000,355892.000000,75549924.000000, , , ,-0.650391,0.000000,-0.325195
7078.000000,355899.000000,75549924.000000,-0.008700,-0.017400,-0.974400, , , 
7079.000000,355993.000000,75549924.000000, , , ,-0.650391,0.000000,-0.650391
7080.000000,356000.000000,75549924.000000,0.000000,-0.008700,-0.980200, , , 
7081.000000,356094.000000,75549924.000000, , , ,-0.325195,-0.325195,-0.650391
7082.000000,356100.000000,75549924.000000,0.000000,-0.023200,-0.968600, , , 
7083.000000,356194.000000,75549924.000000, , , ,-0.325195,-0.325195,0.000000
7084.000000,356199.000000,75549924.000000,0.000000,-0.034800,-0.991800, , , 
7085.000000,356295.000000,75549924.000000, , , ,-0.325195,-0.325195,0.000000
7086.000000,356300.000000,75549924.000000,0.000000,-0.026100,-0.986000, , , 
7087.000000,356396.000000,75549924.000000, , , ,0.000000,-1.300781,-0.325195
7088.000000,356399.000000,75549924.000000,-0.005800,0.000000,-0.954100, , , 
7089.000000,356497.000000,75549924.000000, , , ,-0.325195,-0.325195,0.000000
7090.000000,356500.000000,75549924.000000,-0.005800,-0.037700,-1.000500, , , 
7091.000000,356598.000000,75549924.000000, , , ,-1.951172,0.650391,-0.325195
7092.000000,356599.000000,75549924.000000,-0.005800,-0.034800,-1.032400, , , 
7093.000000,356699.000000,75549924.000000, , , ,-0.325195,0.000000,0.000000
7094.000000,356700.000000,75549924.000000,0.017400,0.008700,-1.003400, , , 
7095.000000,356799.000000,75549924.000000,-0.008700,0.000000,-0.959900, , , 
7096.000000,356800.000000,75549924.000000, , , ,0.000000,-0.650391,0.000000
7097.000000,356900.000000,75549924.000000,-0.002900,-0.023200,-0.965700, , , 
7098.000000,356901.000000,75549924.000000, , , ,0.000000,0.325195,0.000000
7099.000000,356992.000000,75549924.000000, , , ,0.000000,0.000000,0.650391
7100.000000,356999.000000,75549924.000000,0.005800,-0.014500,-0.983100, , , 
7101.000000,357093.000000,75549924.000000, , , ,-0.325195,-0.975586,-0.325195
7102.000000,357100.000000,75549924.000000,0.017400,-0.011600,-0.928000, , , 
7103.000000,357194.000000,75549924.000000, , , ,-0.325195,-0.975586,0.000000
7104.000000,357199.000000,75549924.000000,-0.014500,-0.005800,-0.957000, , , 
7105.000000,357295.000000,75549924.000000, , , ,-0.325195,0.000000,0.000000
7106.000000,357300.000000,75549924.000000,-0.017400,-0.008700,-1.023700, , , 
7107.000000,357396.000000,75549924.000000, , , ,0.000000,0.000000,0.000000
7108.000000,357399.000000,75549924.000000,0.005800,-0.008700,-1.041100, , , 
7109.000000,357497.000000,75549924.000000, , , ,0.000000,0.000000,-0.325195
7110.000000,357500.000000,75549924.000000,-0.008700,-0.017400,-1.032400, , , 
7111.000000,357598.000000,75549924.000000, , , ,-0.650391,0.000000,0.000000
7112.000000,357599.000000,75549924.000000,0.014500,0.002900,-0.971500, , , 
7113.000000,357699.000000,75549924.000000, , , ,-0.325195,-0.325195,0.000000
7114.000000,357700.000000,75549924.000000,0.002900,-0.011600,-0.959900, , , 
7115.000000,357799.000000,75549924.000000,-0.005800,0.000000,-0.959900, , , 
7116.000000,357800.000000,75549924.000000, , , ,-0.975586,-0.325195,0.000000
7117.000000,357900.000000,75549924.000000,0.011600,-0.011600,-0.968600, , , 
7118.000000,357901.000000,75549924.000000, , , ,-0.975586,-0.325195,0.000000
7119.000000,357992.000000,75549924.000000, , , ,-0.650391,-0.975586,0.000000
7120.000000,357999.000000,75549924.000000,-0.005800,-0.005800,-0.980200, , , 
7121.000000,358093.000000,75549924.000000, , , ,-0.325195,0.000000,-0.325195
7122.000000,358100.000000,75549924.000000,0.014500,-0.002900,-0.974400, , , 
7123.000000,358194.000000,75549924.000000, , , ,0.000000,0.000000,-0.650391
7124.000000,358199.000000,75549924.000000,-0.008700,-0.005800,-1.003400, , , 
7125.000000,358295.000000,75549924.000000, , , ,-0.325195,0.000000,0.000000
7126.000000,358300.000000,75549924.000000,0.002900,-0.017400,-0.988900, , , 
7127.000000,358396.000000,75549924.000000, , , ,-0.325195,0.000000,-0.325195
7128.000000,358399.000000,75549924.000000,-0.002900,-0.020300,-0.986000, , , 
7129.000000,358497.000000,75549924.000000, , , ,0.000000,0.000000,-0.325195
7130.000000,358500.000000,75549924.000000,0.002900,-0.020300,-0.971500, , , 
7131.000000,358598.000000,75549924.000000, , , ,-0.325195,-0.325195,0.000000
7132.000000,358599.000000,75549924.000000,-0.002900,0.002900,-0.942500, , , 
7133.000000,358699.000000,75549924.000000, , , ,0.000000,0.000000,-0.325195
7134.000000,358700.000000,75549924.000000,-0.008700,-0.005800,-0.988900, , , 
7135.000000,358799.000000,75549924.000000,0.000000,-0.017400,-0.994700, , , 
7136.000000,358800.000000,75549924.000000, , , ,0.000000,0.325195,0.000000
7137.000000,358900.000000,75549924.000000,-0.008700,-0.008700,-1.026600, , , 
7138.000000,358901.000000,75549924.000000, , , ,0.000000,0.000000,-0.325195
7139.000000,358992.000000,75549924.000000, , , ,0.000000,0.000000,-0.325195
7140.000000,358999.000000,75549924.000000,0.002900,-0.026100,-1.017900, , , 
7141.000000,359093.000000,75549924.000000, , , ,0.000000,-0.650391,0.000000
7142.000000,359100.000000,75549924.000000,0.014500,-0.011600,-0.951200, , , 
7143.000000,359194.000000,75549924.000000, , , ,0.000000,-0.650391,0.650391
7144.000000,359199.000000,75549924.000000,-0.008700,-0.020300,-0.942500, , , 
7145.000000,359295.000000,75549924.000000, , , ,-0.325195,-0.325195,0.000000
7146.000000,359300.000000,75549924.000000,-0.023200,-0.005800,-0.974400, , , 
7147.000000,359396.000000,75549924.000000, , , ,0.000000,0.325195,0.000000
7148.000000,359399.000000,75549924.000000,-0.014500,-0.005800,-1.026600, , , 
7149.000000,359497.000000,75549924.000000, , , ,-0.325195,0.000000,0.000000
7150.000000,359500.000000,75549924.000000,-0.020300,-0.023200,-1.012100, , , 
7151.000000,359598.000000,75549924.000000, , , ,-0.325195,0.000000,0.000000
7152.000000,359599.000000,75549924.000000,-0.034800,-0.017400,-0.994700, , , 
7153.000000,359699.000000,75549924.000000, , , ,-0.650391,0.000000,0.000000
7154.000000,359700.000000,75549924.000000,-0.037700,-0.017400,-1.015000, , , 
7155.000000,359799.000000,75549924.000000,-0.031900,-0.023200,-0.994700, , , 
7156.000000,359800.000000,75549924.000000, , , ,-0.650391,0.000000,0.000000
7157.000000,359900.000000,75549924.000000,-0.046400,0.002900,-0.983100, , , 
7158.000000,359901.000000,75549924.000000, , , ,-0.325195,0.000000,0.000000
7159.000000,359992.000000,75549924.000000, , , ,-1.300781,-0.325195,0.000000
7160.000000,359999.000000,75549924.000000,-0.037700,-0.017400,-0.959900, , , 
7161.000000,360093.000000,75549924.000000, , , ,-0.325195,-0.650391,0.000000
7162.000000,360100.000000,75549924.000000,-0.049300,0.005800,-0.942500, , , 
7163.000000,360194.000000,75549924.000000, , , ,-0.650391,-0.325195,0.000000
7164.000000,360199.000000,75549924.000000,-0.040600,-0.011600,-0.971500, , , 
7165.000000,360295.000000,75549924.000000, , , ,-0.650391,0.325195,0.000000
7166.000000,360300.000000,75549924.000000,-0.031900,-0.011600,-1.006300, , , 
7167.000000,360396.000000,75549924.000000, , , ,-0.325195,0.650391,-0.325195
7168.000000,360399.000000,75549924.000000,0.002900,-0.014500,-1.015000, , , 
7169.000000,360497.000000,75549924.000000, , , ,-0.325195,-0.325195,0.000000
7170.000000,360500.000000,75549924.000000,0.037700,-0.008700,-0.954100, , , 
7171.000000,360598.000000,75549924.000000, , , ,0.000000,-0.325195,0.000000
7172.000000,360599.000000,75549924.000000,-0.005800,-0.002900,-0.945400, , , 
7173.000000,360699.000000,75549924.000000, , , ,0.000000,0.650391,0.000000
7174.000000,360700.000000,75549924.000000,0.000000,-0.011600,-1.006300, , , 
7175.000000,360799.000000,75549924.000000,0.014500,-0.029000,-0.991800, , , 
7176.000000,360800.000000,75549924.000000, , , ,0.000000,0.000000,0.000000
7177.000000,360900.000000,75549924.000000,0.000000,-0.029000,-0.986000, , , 
7178.000000,360901.000000,75549924.000000, , , ,-0.325195,0.000000,-0.325195
7179.000000,360992.000000,75549924.000000, , , ,-0.325195,0.000000,0.000000
7180.000000,360999.000000,75549924.000000,0.011600,-0.020300,-0.986000, , , 
7181.000000,361093.000000,75549924.000000, , , ,-0.650391,0.000000,0.000000
7182.000000,361100.000000,75549924.000000,0.000000,-0.002900,-0.983100, , , 
7183.000000,361194.000000,75549924.000000, , , ,-0.325195,-0.325195,0.000000
7184.000000,361199.000000,75549924.000000,0.011600,-0.005800,-0.971500, , , 
7185.000000,361295.000000,75549924.000000, , , ,0.000000,0.000000,0.000000
7186.000000,361300.000000,75549924.000000,-0.002900,-0.017400,-0.983100, , , 
7187.000000,361396.000000,75549924.000000, , , ,-0.325195,0.975586,0.000000
7188.000000,361399.000000,75549924.000000,-0.005800,-0.017400,-1.044000, , , 
7189.000000,361497.000000,75549924.000000, , , ,0.000000,0.650391,0.000000
7190.000000,361500.000000,75549924.000000,0.011600,-0.043500,-1.044000, , , 
7191.000000,361598.000000,75549924.000000, , , ,-0.650391,0.325195,-0.325195
7192.000000,361599.000000,75549924.000000,0.000000,-0.031900,-1.000500, , , 
7193.000000,361699.000000,75549924.000000, , , ,-0.325195,-0.650391,-0.325195
7194.000000,361700.000000,75549924.000000,0.023200,-0.023200,-0.945400, , , 
7195.000000,361799.000000,75549924.000000,0.005800,-0.023200,-0.936700, , , 
7196.000000,361800.000000,75549924.000000, , , ,0.000000,-0.650391,0.000000
7197.000000,361900.000000,75549924.000000,-0.002900,-0.020300,-0.980200, , , 
7198.000000,361901.000000,75549924.000000, , , ,-0.650391,-0.650391,-0.325195
7199.000000,361992.000000,75549924.000000, , , ,-0.650391,0.325195,0.000000
7200.000000,361999.000000,75549924.000000,0.008700,-0.026100,-0.997600, , , 
7201.000000,362093.000000,75549924.000000, , , ,-0.325195,0.000000,0.325195
7202.000000,362100.000000,75549924.000000,-0.002900,-0.008700,-0.994700, , , 
7203.000000,362194.000000,75549924.000000, , , ,-0.325195,0.000000,0.000000
7204.000000,362199.000000,75549924.000000,0.026100,-0.014500,-0.980200, , , 
7205.000000,362295.000000,75549924.000000, , , ,-0.325195,0.000000,-0.325195
7206.000000,362300.000000,75549924.000000,0.000000,-0.026100,-0.974400, , , 
7207.000000,362396.000000,75549924.000000, , , ,-0.650391,0.000000,0.000000
7208.000000,362399.000000,75549924.000000,-0.002900,-0.026100,-1.032400, , , 
7209.000000,362497.000000,75549924.000000, , , ,-0.975586,-0.325195,0.000000
7210.000000,362500.000000,75549924.000000,0.043500,-0.034800,-0.971500, , , 
7211.000000,362598.000000,75549924.000000, , , ,-1.300781,-1.300781,-0.325195
7212.000000,362599.000000,75549924.000000,-0.005800,-0.011600,-0.913500, , , 
7213.000000,362699.000000,75549924.000000, , , ,-0.325195,-0.325195,0.000000
7214.000000,362700.000000,75549924.000000,-0.005800,-0.011600,-0.965700, , , 
7215.000000,362799.000000,75549924.000000,0.000000,-0.020300,-1.012100, , , 
7216.000000,362800.000000,75549924.000000, , , ,0.000000,0.325195,-0.650391
7217.000000,362900.000000,75549924.000000,0.002900,-0.034800,-1.044000, , , 
7218.000000,362901.000000,75549924.000000, , , ,0.325195,0.650391,-0.650391
7219.000000,362992.000000,75549924.000000, , , ,0.000000,0.650391,-0.325195
7220.000000,362999.000000,75549924.000000,0.008700,-0.040600,-1.015000, , , 
7221.000000,363093.000000,75549924.000000, , , ,-0.325195,0.650391,-0.325195
7222.000000,363100.000000,75549924.000000,0.002900,-0.026100,-1.020800, , , 
7223.000000,363194.000000,75549924.000000, , , ,-0.975586,0.000000,0.000000
7224.000000,363199.000000,75549924.000000,0.017400,-0.029000,-0.957000, , , 
7225.000000,363295.000000,75549924.000000, , , ,-0.325195,-1.300781,-0.325195
7226.000000,363300.000000,75549924.000000,0.008700,-0.020300,-0.913500, , , 
7227.000000,363396.000000,75549924.000000, , , ,0.000000,0.000000,-0.325195
7228.000000,363399.000000,75549924.000000,-0.023200,-0.008700,-0.977300, , , 
7229.000000,363497.000000,75549924.000000, , , ,-0.325195,1.300781,0.000000
7230.000000,363500.000000,75549924.000000,0.008700,-0.017400,-1.026600, , , 
7231.000000,363598.000000,75549924.000000, , , ,-0.325195,0.325195,-0.325195
7232.000000,363599.000000,75549924.000000,0.026100,-0.029000,-1.026600, , , 
7233.000000,363699.000000,75549924.000000, , , ,-0.325195,0.000000,0.000000
7234.000000,363700.000000,75549924.000000,0.002900,-0.017400,-1.000500, , , 
7235.000000,363799.000000,75549924.000000,0.020300,-0.026100,-0.977300, , , 
7236.000000,363800.000000,75549924.000000, , , ,-0.325195,0.000000,0.000000
7237.000000,363900.000000,75549924.000000,0.000000,-0.026100,-0.968600, , , 
7238.000000,363901.000000,75549924.000000, , , ,-0.650391,-0.975586,0.000000
7239.000000,363992.000000,75549924.000000, , , ,-0.325195,0.325195,0.000000
7240.000000,363999.000000,75549924.000000,0.005800,-0.034800,-0.988900, , , 
7241.000000,364093.000000,75549924.000000, , , ,-0.325195,0.000000,-0.325195
7242.000000,364100.000000,75549924.000000,0.000000,-0.029000,-1.015000, , , 
7243.000000,364194.000000,75549924.000000, , , ,-0.975586,0.000000,0.000000
7244.000000,364199.000000,75549924.000000,0.000000,-0.031900,-1.003400, , , 
7245.000000,364295.000000,75549924.000000, , , ,-0.975586,0.325195,-0.325195
7246.000000,364300.000000,75549924.000000,-0.002900,-0.034800,-1.026600, , , 
7247.000000,364396.000000,75549924.000000, , , ,-1.625977,0.975586,0.000000
7248.000000,364399.000000,75549924.000000,0.008700,-0.023200,-1.046900, , , 
7249.000000,364497.000000,75549924.000000, , , ,-0.975586,0.325195,0.000000
7250.000000,364500.000000,75549924.000000,0.014500,-0.023200,-0.986000, , , 
7251.000000,364598.000000,75549924.000000, , , ,-0.325195,0.000000,-0.325195
7252.000000,364599.000000,75549924.000000,0.002900,-0.023200,-1.015000, , , 
7253.000000,364699.000000,75549924.000000, , , ,-0.325195,0.325195,-0.325195
7254.000000,364700.000000,75549924.000000,0.008700,-0.037700,-1.003400, , , 
7255.000000,364799.000000,75549924.000000,0.000000,-0.029000,-1.009200, , , 
7256.000000,364800.000000,75549924.000000, , , ,-0.650391,0.325195,-0.325195
7257.000000,364900.000000,75549924.000000,0.000000,-0.026100,-1.035300, , , 
7258.000000,364901.000000,75549924.000000, , , ,-0.325195,0.650391,0.000000
7259.000000,364992.000000,75549924.000000, , , ,-0.325195,0.650391,-0.650391
7260.000000,364999.000000,75549924.000000,0.014500,-0.026100,-1.006300, , , 
7261.000000,365093.000000,75549924.000000, , , ,0.000000,0.000000,-0.325195
7262.000000,365100.000000,75549924.000000,0.000000,-0.026100,-0.971500, , , 
7263.000000,365194.000000,75549924.000000, , , ,0.000000,0.000000,0.000000
7264.000000,365199.000000,75549924.000000,-0.005800,-0.031900,-0.983100, , , 
7265.000000,365295.000000,75549924.000000, , , ,-0.325195,0.325195,-0.650391
7266.000000,365300.000000,75549924.000000,0.002900,-0.049300,-1.015000, , , 
7267.000000,365396.000000,75549924.000000, , , ,-0.325195,0.000000,0.325195
7268.000000,365399.000000,75549924.000000,0.011600,-0.034800,-0.991800, , , 
7269.000000,365497.000000,75549924.000000, , , ,0.000000,0.000000,-0.325195
7270.000000,365500.000000,75549924.000000,0.000000,-0.031900,-0.997600, , , 
7271.000000,365598.000000,75549924.000000, , , ,-0.650391,0.650391,0.000000
7272.000000,365599.000000,75549924.000000,-0.008700,-0.037700,-1.020800, , , 
7273.000000,365699.000000,75549924.000000, , , ,-1.625977,0.325195,0.000000
7274.000000,365700.000000,75549924.000000,0.014500,-0.023200,-1.026600, , , 
7275.000000,365799.000000,75549924.000000,-0.008700,-0.023200,-0.991800, , , 
7276.000000,365800.000000,75549924.000000, , , ,-0.650391,0.000000,-0.325195
7277.000000,365900.000000,75549924.000000,-0.002900,-0.031900,-0.988900, , , 
7278.000000,365901.000000,75549924.000000, , , ,-0.650391,0.000000,0.000000
7279.000000,365992.000000,75549924.000000, , , ,-0.975586,0.000000,0.000000
7280.000000,365999.000000,75549924.000000,0.005800,-0.014500,-1.003400, , , 
7281.000000,366093.000000,75549924.000000, , , ,-0.650391,0.000000,-0.325195
7282.000000,366100.000000,75549924.000000,0.000000,-0.026100,-0.991800, , , 
7283.000000,366194.000000,75549924.000000, , , ,-0.975586,0.000000,-0.325195
7284.000000,366199.000000,75549924.000000,0.000000,-0.017400,-1.006300, , , 
7285.000000,366295.000000,75549924.000000, , , ,-0.325195,0.000000,0.000000
7286.000000,366300.000000,75549924.000000,0.000000,-0.008700,-1.029500, , , 
7287.000000,366396.000000,75549924.000000, , , ,0.000000,0.000000,-0.325195
7288.000000,366399.000000,75549924.000000,0.020300,-0.020300,-0.994700, , , 
7289.000000,366497.000000,75549924.000000, , , ,-0.325195,0.000000,-0.325195
7290.000000,366500.000000,75549924.000000,-0.008700,-0.037700,-1.003400, , , 
7291.000000,366598.000000,75549924.000000, , , ,0.000000,0.000000,-0.325195
7292.000000,366599.000000,75549924.000000,0.002900,-0.029000,-0.997600, , , 
7293.000000,366699.000000,75549924.000000, , , ,-0.325195,0.000000,-0.325195
7294.000000,366700.000000,75549924.000000,-0.011600,-0.020300,-0.994700, , , 
7295.000000,366799.000000,75549924.000000,-0.002900,-0.014500,-0.980200, , , 
7296.000000,366800.000000,75549924.000000, , , ,-0.975586,0.000000,0.000000
7297.000000,366900.000000,75549924.000000,-0.031900,-0.017400,-0.994700, , , 
7298.000000,366901.000000,75549924.000000, , , ,-0.325195,0.325195,-0.325195
7299.000000,366992.000000,75549924.000000, , , ,-0.650391,0.325195,-0.325195
7300.000000,366999.000000,75549924.000000,-0.014500,-0.031900,-1.038200, , , 
7301.000000,367093.000000,75549924.000000, , , ,-0.650391,0.000000,-0.325195
7302.000000,367100.000000,75549924.000000,-0.023200,-0.011600,-0.986000, , , 
7303.000000,367194.000000,75549924.000000, , , ,-0.650391,-0.325195,0.000000
7304.000000,367199.000000,75549924.000000,-0.014500,-0.017400,-1.003400, , , 
7305.000000,367295.000000,75549924.000000, , , ,-0.325195,0.000000,-0.325195
7306.000000,367300.000000,75549924.000000,-0.023200,-0.005800,-0.997600, , , 
7307.000000,367396.000000,75549924.000000, , , ,0.000000,-0.325195,-0.325195
7308.000000,367399.000000,75549924.000000,-0.005800,0.000000,-0.983100, , , 
7309.000000,367497.000000,75549924.000000, , , ,-0.325195,0.325195,0.000000
7310.000000,367500.000000,75549924.000000,-0.026100,-0.002900,-1.032400, , , 
7311.000000,367598.000000,75549924.000000, , , ,-0.325195,0.650391,0.325195
7312.000000,367599.000000,75549924.000000,0.002900,0.002900,-1.020800, , , 
7313.000000,367699.000000,75549924.000000, , , ,-0.975586,0.325195,0.325195
7314.000000,367700.000000,75549924.000000,0.005800,-0.005800,-1.003400, , , 
7315.000000,367799.000000,75549924.000000,0.014500,0.005800,-0.974400, , , 
7316.000000,367800.000000,75549924.000000, , , ,-0.975586,0.000000,0.325195
7317.000000,367900.000000,75549924.000000,0.014500,0.000000,-0.962800, , , 
7318.000000,367901.000000,75549924.000000, , , ,-0.650391,-0.325195,0.000000
7319.000000,367992.000000,75549924.000000, , , ,-0.325195,0.325195,0.000000
7320.000000,367999.000000,75549924.000000,-0.005800,-0.031900,-0.991800, , , 
7321.000000,368093.000000,75549924.000000, , , ,-0.325195,0.975586,0.000000
7322.000000,368100.000000,75549924.000000,0.000000,-0.034800,-1.038200, , , 
7323.000000,368194.000000,75549924.000000, , , ,-0.325195,0.000000,0.000000
7324.000000,368199.000000,75549924.000000,0.020300,-0.011600,-1.038200, , , 
7325.000000,368295.000000,75549924.000000, , , ,0.000000,-0.325195,-0.650391
7326.000000,368300.000000,75549924.000000,0.008700,-0.023200,-0.977300, , , 
7327.000000,368396.000000,75549924.000000, , , ,0.000000,0.000000,-0.650391
7328.000000,368399.000000,75549924.000000,0.014500,-0.031900,-0.962800, , , 
7329.000000,368497.000000,75549924.000000, , , ,0.325195,-0.325195,-0.325195
7330.000000,368500.000000,75549924.000000,0.008700,0.000000,-0.980200, , , 
7331.000000,368598.000000,75549924.000000, , , ,0.000000,0.000000,-0.650391
7332.000000,368599.000000,75549924.000000,0.020300,-0.043500,-0.959900, , , 
7333.000000,368699.000000,75549924.000000, , , ,-0.325195,-0.325195,-0.325195
7334.000000,368700.000000,75549924.000000,0.005800,-0.040600,-0.959900, , , 
7335.000000,368799.000000,75549924.000000,-0.005800,-0.029000,-0.974400, , , 
7336.000000,368800.000000,75549924.000000, , , ,-0.650391,-0.325195,-0.325195
7337.000000,368900.000000,75549924.000000,-0.026100,-0.037700,-0.977300, , , 
7338.000000,368901.000000,75549924.000000, , , ,-0.650391,-0.325195,-0.325195
7339.000000,368992.000000,75549924.000000, , , ,-0.650391,0.000000,-0.650391
7340.000000,368999.000000,75549924.000000,-0.014500,-0.055100,-0.994700, , , 
7341.000000,369093.000000,75549924.000000, , , ,-0.650391,-0.325195,-0.650391
7342.000000,369100.000000,75549924.000000,-0.026100,-0.043500,-0.988900, , , 
7343.000000,369194.000000,75549924.000000, , , ,-0.650391,0.325195,-0.325195
7344.000000,369199.000000,75549924.000000,-0.026100,-0.031900,-0.983100, , , 
7345.000000,369295.000000,75549924.000000, , , ,-0.650391,0.000000,-0.325195
7346.000000,369300.000000,75549924.000000,-0.017400,-0.011600,-0.974400, , , 
7347.000000,369396.000000,75549924.000000, , , ,0.000000,0.000000,0.000000
7348.000000,369399.000000,75549924.000000,-0.002900,-0.037700,-0.997600, , , 
7349.000000,369497.000000,75549924.000000, , , ,-0.975586,0.975586,-0.325195
7350.000000,369500.000000,75549924.000000,0.023200,-0.043500,-1.035300, , , 
7351.000000,369598.000000,75549924.000000, , , ,-1.625977,0.975586,-0.325195
7352.000000,369599.000000,75549924.000000,0.055100,-0.060900,-1.029500, , , 
7353.000000,369699.000000,75549924.000000, , , ,-0.325195,0.000000,-0.325195
7354.000000,369700.000000,75549924.000000,0.072500,-0.002900,-0.936700, , , 
7355.000000,369799.000000,75549924.000000,0.043500,0.005800,-0.933800, , , 
7356.000000,369800.000000,75549924.000000, , , ,0.975586,-0.650391,-0.650391
7357.000000,369900.000000,75549924.000000,0.049300,-0.037700,-0.991800, , , 
7358.000000,369901.000000,75549924.000000, , , ,0.650391,0.000000,0.000000
7359.000000,369992.000000,75549924.000000, , , ,0.000000,0.000000,-0.975586
7360.000000,369999.000000,75549924.000000,0.037700,-0.058000,-0.997600, , , 
7361.000000,370093.000000,75549924.000000, , , ,-0.650391,0.975586,-0.325195
7362.000000,370100.000000,75549924.000000,0.063800,-0.052200,-1.041100, , , 
7363.000000,370194.000000,75549924.000000, , , ,-1.625977,0.325195,0.000000
7364.000000,370199.000000,75549924.000000,0.046400,-0.063800,-1.023700, , , 
7365.000000,370295.000000,75549924.000000, , , ,-1.951172,0.650391,0.000000
7366.000000,370300.000000,75549924.000000,0.040600,-0.026100,-1.035300, , , 
7367.000000,370396.000000,75549924.000000, , , ,-1.300781,-0.650391,0.000000
7368.000000,370399.000000,75549924.000000,0.081200,0.017400,-0.959900, , , 
7369.000000,370497.000000,75549924.000000, , , ,-0.975586,-0.975586,0.000000
7370.000000,370500.000000,75549924.000000,0.058000,0.014500,-0.925100, , , 
7371.000000,370598.000000,75549924.000000, , , ,-0.325195,0.000000,0.000000
7372.000000,370599.000000,75549924.000000,0.043500,0.005800,-0.942500, , , 
7373.000000,370699.000000,75549924.000000, , , ,0.000000,0.000000,0.325195
7374.000000,370700.000000,75549924.000000,0.049300,0.011600,-0.968600, , , 
7375.000000,370799.000000,75549924.000000,0.040600,0.008700,-1.020800, , , 
7376.000000,370800.000000,75549924.000000, , , ,0.000000,0.000000,0.000000
7377.000000,370900.000000,75549924.000000,0.058000,-0.008700,-1.023700, , , 
7378.000000,370901.000000,75549924.000000, , , ,-0.325195,0.000000,0.000000
7379.000000,370992.000000,75549924.000000, , , ,-0.650391,0.000000,0.325195
7380.000000,370999.000000,75549924.000000,0.049300,0.000000,-1.012100, , , 
7381.000000,371093.000000,75549924.000000, , , ,-1.625977,0.000000,0.000000
7382.000000,371100.000000,75549924.000000,0.046400,-0.011600,-0.983100, , , 
7383.000000,371194.000000,75549924.000000, , , ,-1.951172,0.000000,0.325195
7384.000000,371199.000000,75549924.000000,0.055100,-0.014500,-0.948300, , , 
7385.000000,371295.000000,75549924.000000, , , ,-0.325195,-0.975586,0.000000
7386.000000,371300.000000,75549924.000000,0.046400,0.023200,-0.939600, , , 
7387.000000,371396.000000,75549924.000000, , , ,-0.325195,0.000000,0.000000
7388.000000,371399.000000,75549924.000000,0.020300,0.002900,-0.974400, , , 
7389.000000,371497.000000,75549924.000000, , , ,-1.300781,0.000000,0.000000
7390.000000,371500.000000,75549924.000000,0.046400,0.002900,-0.994700, , , 
7391.000000,371598.000000,75549924.000000, , , ,-0.325195,0.000000,0.325195
7392.000000,371599.000000,75549924.000000,0.023200,0.008700,-1.015000, , , 
7393.000000,371699.000000,75549924.000000, , , ,0.000000,0.325195,0.000000
7394.000000,371700.000000,75549924.000000,0.055100,0.002900,-1.000500, , , 
7395.000000,371799.000000,75549924.000000,0.043500,0.002900,-0.942500, , , 
7396.000000,371800.000000,75549924.000000, , , ,0.650391,-1.625977,0.000000
7397.000000,371900.000000,75549924.000000,0.020300,-0.008700,-0.942500, , , 
7398.000000,371901.000000,75549924.000000, , , ,-0.325195,-0.650391,0.000000
7399.000000,371992.000000,75549924.000000, , , ,0.975586,0.325195,0.000000
7400.000000,371999.000000,75549924.000000,0.031900,0.000000,-0.980200, , , 
7401.000000,372093.000000,75549924.000000, , , ,0.325195,0.000000,0.000000
7402.000000,372100.000000,75549924.000000,0.008700,-0.029000,-1.023700, , , 
7403.000000,372194.000000,75549924.000000, , , ,-2.276367,0.650391,0.000000
7404.000000,372199.000000,75549924.000000,0.034800,-0.029000,-1.026600, , , 
7405.000000,372295.000000,75549924.000000, , , ,-1.300781,0.000000,0.000000
7406.000000,372300.000000,75549924.000000,0.008700,0.002900,-0.994700, , , 
7407.000000,372396.000000,75549924.000000, , , ,0.325195,0.325195,0.000000
7408.000000,372399.000000,75549924.000000,0.011600,0.005800,-0.988900, , , 
7409.000000,372497.000000,75549924.000000, , , ,-0.325195,0.325195,-0.325195
7410.000000,372500.000000,75549924.000000,0.020300,-0.023200,-1.003400, , , 
7411.000000,372598.000000,75549924.000000, , , ,-0.650391,0.325195,-0.325195
7412.000000,372599.000000,75549924.000000,0.014500,-0.052200,-0.994700, , , 
7413.000000,372699.000000,75549924.000000, , , ,-1.951172,0.000000,-0.325195
7414.000000,372700.000000,75549924.000000,0.011600,-0.049300,-0.986000, , , 
7415.000000,372799.000000,75549924.000000,0.011600,-0.031900,-0.968600, , , 
7416.000000,372800.000000,75549924.000000, , , ,-1.951172,0.000000,-0.325195
7417.000000,372900.000000,75549924.000000,0.020300,-0.008700,-0.942500, , , 
7418.000000,372901.000000,75549924.000000, , , ,-1.625977,-0.975586,0.000000
7419.000000,372992.000000,75549924.000000, , , ,-0.325195,-0.325195,0.000000
7420.000000,372999.000000,75549924.000000,0.000000,-0.002900,-0.977300, , , 
7421.000000,373093.000000,75549924.000000, , , ,-0.650391,0.000000,0.000000
7422.000000,373100.000000,75549924.000000,0.017400,0.000000,-0.991800, , , 
7423.000000,373194.000000,75549924.000000, , , ,-0.650391,-0.650391,0.000000
7424.000000,373199.000000,75549924.000000,0.008700,0.000000,-0.977300, , , 
7425.000000,373295.000000,75549924.000000, , , ,-1.625977,0.000000,0.000000
7426.000000,373300.000000,75549924.000000,0.008700,-0.011600,-0.971500, , , 
7427.000000,373396.000000,75549924.000000, , , ,-1.625977,0.000000,0.000000
7428.000000,373399.000000,75549924.000000,0.017400,0.005800,-0.965700, , , 
7429.000000,373497.000000,75549924.000000, , , ,-1.625977,-0.325195,0.325195
7430.000000,373500.000000,75549924.000000,0.014500,0.017400,-0.965700, , , 
7431.000000,373598.000000,75549924.000000, , , ,-1.625977,-0.325195,0.000000
7432.000000,373599.000000,75549924.000000,0.000000,0.031900,-0.971500, , , 
7433.000000,373699.000000,75549924.000000, , , ,-0.975586,0.325195,0.000000
7434.000000,373700.000000,75549924.000000,-0.005800,-0.005800,-1.038200, , , 
7435.000000,373799.000000,75549924.000000,0.029000,0.014500,-0.965700, , , 
7436.000000,373800.000000,75549924.000000, , , ,-0.325195,-0.975586,0.000000
7437.000000,373900.000000,75549924.000000,-0.002900,0.011600,-0.913500, , , 
7438.000000,373901.000000,75549924.000000, , , ,0.000000,-1.625977,0.000000
7439.000000,373992.000000,75549924.000000, , , ,-0.650391,-0.650391,-0.650391
7440.000000,373999.000000,75549924.000000,-0.020300,-0.014500,-0.962800, , , 
7441.000000,374093.000000,75549924.000000, , , ,-0.975586,0.325195,-0.325195
7442.000000,374100.000000,75549924.000000,-0.008700,-0.014500,-1.000500, , , 
7443.000000,374194.000000,75549924.000000, , , ,-0.975586,0.000000,-0.325195
7444.000000,374200.000000,75549924.000000,0.011600,-0.014500,-0.994700, , , 
7445.000000,374294.000000,75549924.000000, , , ,-0.975586,-0.975586,-0.325195
7446.000000,374299.000000,75549924.000000,0.000000,-0.002900,-0.951200, , , 
7447.000000,374395.000000,75549924.000000, , , ,0.000000,0.325195,-0.650391
7448.000000,374400.000000,75549924.000000,-0.005800,-0.011600,-0.965700, , , 
7449.000000,374496.000000,75549924.000000, , , ,0.000000,0.000000,-0.650391
7450.000000,374499.000000,75549924.000000,0.000000,0.002900,-1.012100, , , 
7451.000000,374597.000000,75549924.000000, , , ,0.325195,0.325195,-0.975586
7452.000000,374600.000000,75549924.000000,0.031900,-0.040600,-1.000500, , , 
7453.000000,374698.000000,75549924.000000, , , ,-0.650391,-0.650391,-0.650391
7454.000000,374699.000000,75549924.000000,0.020300,-0.026100,-0.974400, , , 
7455.000000,374799.000000,75549924.000000, , , ,-0.650391,0.000000,-0.650391
7456.000000,374800.000000,75549924.000000,0.020300,-0.023200,-0.965700, , , 
7457.000000,374899.000000,75549924.000000,0.023200,-0.002900,-0.971500, , , 
7458.000000,374900.000000,75549924.000000, , , ,-0.650391,-0.650391,-0.975586
7459.000000,375000.000000,75549924.000000,0.031900,-0.005800,-0.971500, , , 
7460.000000,375001.000000,75549924.000000, , , ,-0.650391,0.000000,-0.650391
7461.000000,375092.000000,75549924.000000, , , ,-0.325195,-0.325195,-0.325195
7462.000000,375099.000000,75549924.000000,0.008700,-0.026100,-0.939600, , , 
7463.000000,375193.000000,75549924.000000, , , ,-0.975586,-0.325195,-0.325195
7464.000000,375200.000000,75549924.000000,0.017400,0.008700,-0.951200, , , 
7465.000000,375294.000000,75549924.000000, , , ,-0.975586,0.000000,-0.325195
7466.000000,375299.000000,75549924.000000,-0.008700,-0.005800,-0.988900, , , 
7467.000000,375395.000000,75549924.000000, , , ,-0.975586,0.000000,-0.650391
7468.000000,375400.000000,75549924.000000,0.011600,-0.002900,-1.003400, , , 
7469.000000,375496.000000,75549924.000000, , , ,-0.650391,-0.650391,0.000000
7470.000000,375499.000000,75549924.000000,0.005800,0.017400,-0.971500, , , 
7471.000000,375597.000000,75549924.000000, , , ,-0.325195,-0.650391,-0.325195
7472.000000,375600.000000,75549924.000000,0.002900,0.002900,-0.939600, , , 
7473.000000,375698.000000,75549924.000000, , , ,-0.325195,0.000000,-0.325195
7474.000000,375699.000000,75549924.000000,-0.026100,0.011600,-1.003400, , , 
7475.000000,375799.000000,75549924.000000, , , ,-0.650391,0.325195,0.000000
7476.000000,375800.000000,75549924.000000,-0.002900,0.023200,-1.035300, , , 
7477.000000,375899.000000,75549924.000000,0.000000,0.046400,-0.994700, , , 
7478.000000,375900.000000,75549924.000000, , , ,-0.975586,-0.325195,0.000000
7479.000000,376000.000000,75549924.000000,0.000000,0.043500,-0.965700, , , 
7480.000000,376001.000000,75549924.000000, , , ,-0.975586,-0.325195,0.325195
7481.000000,376092.000000,75549924.000000, , , ,-0.650391,-0.650391,0.325195
7482.000000,376099.000000,75549924.000000,-0.002900,0.046400,-0.951200, , , 
7483.000000,376193.000000,75549924.000000, , , ,-0.650391,0.000000,0.325195
7484.000000,376200.000000,75549924.000000,-0.008700,0.069600,-0.991800, , , 
7485.000000,376294.000000,75549924.000000, , , ,0.000000,0.000000,0.000000
7486.000000,376299.000000,75549924.000000,0.000000,0.058000,-0.980200, , , 
7487.000000,376395.000000,75549924.000000, , , ,0.000000,-0.325195,0.000000
7488.000000,376400.000000,75549924.000000,-0.011600,0.060900,-0.959900, , , 
7489.000000,376496.000000,75549924.000000, , , ,-0.650391,-0.650391,0.325195
7490.000000,376499.000000,75549924.000000,-0.002900,0.055100,-0.957000, , , 
7491.000000,376597.000000,75549924.000000, , , ,-0.650391,0.000000,0.650391
7492.000000,376600.000000,75549924.000000,-0.037700,0.049300,-0.980200, , , 
7493.000000,376698.000000,75549924.000000, , , ,-0.325195,-0.325195,0.650391
7494.000000,376699.000000,75549924.000000,-0.008700,0.055100,-1.003400, , , 
7495.000000,376799.000000,75549924.000000, , , ,0.000000,0.000000,0.325195
7496.000000,376800.000000,75549924.000000,0.000000,0.092800,-0.957000, , , 
7497.000000,376899.000000,75549924.000000,-0.023200,0.072500,-0.962800, , , 
7498.000000,376900.000000,75549924.000000, , , ,0.000000,-0.325195,0.325195
7499.000000,377000.000000,75549924.000000,-0.031900,0.040600,-1.035300, , , 
7500.000000,377001.000000,75549924.000000, , , ,-0.325195,0.325195,0.325195
7501.000000,377092.000000,75549924.000000, , , ,-0.975586,0.650391,0.000000
7502.000000,377099.000000,75549924.000000,0.000000,0.040600,-1.023700, , , 
7503.000000,377193.000000,75549924.000000, , , ,-0.650391,-0.975586,0.325195
7504.000000,377200.000000,75549924.000000,-0.005800,0.049300,-0.957000, , , 
7505.000000,377294.000000,75549924.000000, , , ,0.000000,-0.325195,0.325195
7506.000000,377299.000000,75549924.000000,-0.014500,0.052200,-0.930900, , , 
7507.000000,377395.000000,75549924.000000, , , ,0.000000,-0.975586,0.000000
7508.000000,377400.000000,75549924.000000,-0.017400,0.040600,-0.910600, , , 
7509.000000,377496.000000,75549924.000000, , , ,-0.325195,0.000000,-0.325195
7510.000000,377499.000000,75549924.000000,-0.031900,0.026100,-0.980200, , , 
7511.000000,377597.000000,75549924.000000, , , ,0.000000,0.000000,0.000000
7512.000000,377600.000000,75549924.000000,-0.011600,-0.002900,-0.997600, , , 
7513.000000,377698.000000,75549924.000000, , , ,-0.975586,-0.650391,0.000000
7514.000000,377699.000000,75549924.000000,-0.020300,0.031900,-0.971500, , , 
7515.000000,377799.000000,75549924.000000, , , ,-0.325195,-0.325195,0.000000
7516.000000,377800.000000,75549924.000000,-0.046400,0.026100,-0.994700, , , 
7517.000000,377899.000000,75549924.000000,-0.005800,0.017400,-0.954100, , , 
7518.000000,377900.000000,75549924.000000, , , ,0.325195,-0.325195,-0.650391
7519.000000,378000.000000,75549924.000000,-0.052200,0.011600,-0.951200, , , 
7520.000000,378001.000000,75549924.000000, , , ,-0.325195,-1.300781,-0.325195
7521.000000,378092.000000,75549924.000000, , , ,-0.325195,0.000000,-0.975586
7522.000000,378099.000000,75549924.000000,-0.040600,-0.017400,-0.971500, , , 
7523.000000,378193.000000,75549924.000000, , , ,0.000000,-0.325195,-0.650391
7524.000000,378200.000000,75549924.000000,-0.060900,-0.020300,-0.986000, , , 
7525.000000,378294.000000,75549924.000000, , , ,0.000000,0.325195,-0.650391
7526.000000,378299.000000,75549924.000000,-0.049300,-0.029000,-1.006300, , , 
7527.000000,378395.000000,75549924.000000, , , ,-0.325195,0.000000,-0.975586
7528.000000,378400.000000,75549924.000000,-0.043500,-0.020300,-0.968600, , , 
7529.000000,378496.000000,75549924.000000, , , ,-1.625977,0.000000,0.000000
7530.000000,378499.000000,75549924.000000,-0.075400,-0.023200,-1.032400, , , 
7531.000000,378597.000000,75549924.000000, , , ,-0.325195,-1.625977,-0.650391
7532.000000,378600.000000,75549924.000000,0.017400,0.029000,-0.925100, , , 
7533.000000,378698.000000,75549924.000000, , , ,0.000000,-0.325195,-0.975586
7534.000000,378699.000000,75549924.000000,-0.142100,0.046400,-0.971500, , , 
7535.000000,378799.000000,75549924.000000, , , ,0.000000,1.625977,0.000000
7536.000000,378800.000000,75549924.000000,-0.055100,-0.023200,-1.052700, , , 
7537.000000,378899.000000,75549924.000000,-0.046400,-0.017400,-1.026600, , , 
7538.000000,378900.000000,75549924.000000, , , ,-0.325195,0.650391,-0.975586
7539.000000,379000.000000,75549924.000000,-0.055100,0.002900,-1.009200, , , 
7540.000000,379001.000000,75549924.000000, , , ,-0.650391,0.325195,-0.325195
7541.000000,379092.000000,75549924.000000, , , ,0.000000,0.325195,0.000000
7542.000000,379099.000000,75549924.000000,-0.037700,-0.014500,-0.994700, , , 
7543.000000,379193.000000,75549924.000000, , , ,-0.650391,-0.325195,-0.325195
7544.000000,379200.000000,75549924.000000,-0.040600,-0.008700,-0.942500, , , 
7545.000000,379294.000000,75549924.000000, , , ,-0.975586,-0.975586,-0.650391
7546.000000,379299.000000,75549924.000000,-0.040600,-0.023200,-0.933800, , , 
7547.000000,379395.000000,75549924.000000, , , ,-0.975586,-0.325195,-0.650391
7548.000000,379400.000000,75549924.000000,-0.055100,-0.031900,-0.957000, , , 
7549.000000,379496.000000,75549924.000000, , , ,0.000000,-0.650391,-1.300781
7550.000000,379499.000000,75549924.000000,-0.026100,-0.011600,-0.919300, , , 
7551.000000,379597.000000,75549924.000000, , , ,-1.300781,-1.300781,-1.300781
7552.000000,379600.000000,75549924.000000,-0.072500,-0.046400,-0.939600, , , 
7553.000000,379698.000000,75549924.000000, , , ,-1.300781,1.300781,-0.975586
7554.000000,379699.000000,75549924.000000,-0.078300,-0.046400,-1.058500, , , 
7555.000000,379799.000000,75549924.000000, , , ,0.000000,0.325195,-1.300781
7556.000000,379800.000000,75549924.000000,-0.020300,-0.014500,-1.038200, , , 
7557.000000,379899.000000,75549924.000000,-0.034800,-0.002900,-0.933800, , , 
7558.000000,379900.000000,75549924.000000, , , ,0.650391,-1.300781,-1.625977
7559.000000,380000.000000,75549924.000000,-0.052200,-0.055100,-0.907700, , , 
7560.000000,380001.000000,75549924.000000, , , ,0.325195,-0.975586,-1.951172
7561.000000,380092.000000,75549924.000000, , , ,0.000000,-0.650391,-0.650391
7562.000000,380099.000000,75549924.000000,-0.049300,-0.081200,-0.939600, , , 
7563.000000,380193.000000,75549924.000000, , , ,-1.300781,-0.650391,-1.300781
7564.000000,380200.000000,75549924.000000,-0.058000,-0.081200,-0.977300, , , 
7565.000000,380294.000000,75549924.000000, , , ,-1.951172,0.325195,-1.300781
7566.000000,380299.000000,75549924.000000,-0.055100,-0.049300,-1.009200, , , 
7567.000000,380395.000000,75549924.000000, , , ,-0.975586,0.000000,-0.975586
7568.000000,380400.000000,75549924.000000,-0.087000,-0.040600,-1.070100, , , 
7569.000000,380496.000000,75549924.000000, , , ,-0.975586,0.650391,-1.300781
7570.000000,380499.000000,75549924.000000,-0.023200,-0.023200,-1.052700, , , 
7571.000000,380597.000000,75549924.000000, , , ,0.325195,0.000000,-1.951172
7572.000000,380600.000000,75549924.000000,-0.043500,-0.031900,-1.000500, , , 
7573.000000,380698.000000,75549924.000000, , , ,0.000000,-0.650391,-1.300781
7574.000000,380699.000000,75549924.000000,-0.046400,-0.043500,-0.948300, , , 
7575.000000,380799.000000,75549924.000000, , , ,0.000000,0.000000,-1.625977
7576.000000,380800.000000,75549924.000000,-0.060900,-0.055100,-0.968600, , , 
7577.000000,380899.000000,75549924.000000,-0.034800,-0.034800,-0.971500, , , 
7578.000000,380900.000000,75549924.000000, , , ,0.325195,0.000000,-0.975586
7579.000000,381000.000000,75549924.000000,-0.043500,-0.029000,-0.936700, , , 
7580.000000,381001.000000,75549924.000000, , , ,-0.325195,-0.975586,-0.975586
7581.000000,381092.000000,75549924.000000, , , ,0.325195,-0.650391,-1.300781
7582.000000,381099.000000,75549924.000000,-0.052200,-0.043500,-0.939600, , , 
7583.000000,381193.000000,75549924.000000, , , ,0.000000,0.000000,-0.325195
7584.000000,381200.000000,75549924.000000,-0.055100,-0.008700,-0.959900, , , 
7585.000000,381294.000000,75549924.000000, , , ,-0.325195,0.000000,-0.975586
7586.000000,381299.000000,75549924.000000,-0.049300,-0.020300,-0.983100, , , 
7587.000000,381395.000000,75549924.000000, , , ,-0.325195,-0.650391,-0.325195
7588.000000,381400.000000,75549924.000000,-0.040600,-0.014500,-0.974400, , , 
7589.000000,381496.000000,75549924.000000, , , ,0.000000,0.000000,-0.650391
7590.000000,381499.000000,75549924.000000,-0.069600,-0.005800,-0.983100, , , 
7591.000000,381597.000000,75549924.000000, , , ,-0.325195,0.650391,-0.325195
7592.000000,381600.000000,75549924.000000,-0.031900,-0.002900,-1.015000, , , 
7593.000000,381698.000000,75549924.000000, , , ,-0.325195,-0.325195,-0.325195
7594.000000,381699.000000,75549924.000000,-0.055100,0.017400,-0.986000, , , 
7595.000000,381799.000000,75549924.000000, , , ,0.325195,0.325195,-0.325195
7596.000000,381800.000000,75549924.000000,-0.052200,-0.002900,-0.991800, , , 
7597.000000,381899.000000,75549924.000000,-0.052200,0.017400,-0.959900, , , 
7598.000000,381900.000000,75549924.000000, , , ,0.650391,-0.325195,0.000000
7599.000000,382000.000000,75549924.000000,-0.052200,-0.011600,-0.980200, , , 
7600.000000,382001.000000,75549924.000000, , , ,0.000000,-0.650391,-0.325195
7601.000000,382092.000000,75549924.000000, , , ,0.975586,0.000000,0.000000
7602.000000,382099.000000,75549924.000000,-0.060900,0.002900,-0.988900, , , 
7603.000000,382193.000000,75549924.000000, , , ,0.325195,0.000000,0.000000
7604.000000,382200.000000,75549924.000000,-0.029000,0.005800,-0.971500, , , 
7605.000000,382294.000000,75549924.000000, , , ,0.650391,-0.325195,0.650391
7606.000000,382299.000000,75549924.000000,-0.052200,0.011600,-0.988900, , , 
7607.000000,382395.000000,75549924.000000, , , ,0.650391,0.000000,0.000000
7608.000000,382400.000000,75549924.000000,-0.029000,0.000000,-0.974400, , , 
7609.000000,382496.000000,75549924.000000, , , ,0.000000,-0.325195,0.325195
7610.000000,382499.000000,75549924.000000,-0.023200,0.017400,-0.962800, , , 
7611.000000,382597.000000,75549924.000000, , , ,-0.325195,0.325195,0.000000
7612.000000,382600.000000,75549924.000000,-0.031900,0.002900,-0.991800, , , 
7613.000000,382698.000000,75549924.000000, , , ,0.000000,0.650391,1.300781
7614.000000,382699.000000,75549924.000000,0.000000,0.040600,-1.017900, , , 
7615.000000,382799.000000,75549924.000000, , , ,-0.650391,0.325195,0.000000
7616.000000,382800.000000,75549924.000000,-0.031900,0.026100,-0.997600, , , 
7617.000000,382899.000000,75549924.000000,0.000000,0.034800,-0.980200, , , 
7618.000000,382900.000000,75549924.000000, , , ,-0.325195,0.000000,0.650391
7619.000000,383000.000000,75549924.000000,-0.002900,0.072500,-0.962800, , , 
7620.000000,383001.000000,75549924.000000, , , ,0.000000,-0.650391,0.975586
7621.000000,383092.000000,75549924.000000, , , ,0.325195,0.650391,1.951172
7622.000000,383099.000000,75549924.000000,-0.005800,0.058000,-1.000500, , , 
7623.000000,383193.000000,75549924.000000, , , ,0.325195,0.325195,2.276367
7624.000000,383200.000000,75549924.000000,-0.017400,0.092800,-0.994700, , , 
7625.000000,383294.000000,75549924.000000, , , ,-0.325195,0.000000,2.276367
7626.000000,383299.000000,75549924.000000,0.020300,0.092800,-1.009200, , , 
7627.000000,383395.000000,75549924.000000, , , ,0.650391,-0.325195,2.601563
7628.000000,383400.000000,75549924.000000,0.017400,0.121800,-0.965700, , , 
7629.000000,383496.000000,75549924.000000, , , ,0.975586,-0.325195,2.601563
7630.000000,383499.000000,75549924.000000,0.005800,0.107300,-0.954100, , , 
7631.000000,383597.000000,75549924.000000, , , ,0.975586,0.000000,2.276367
7632.000000,383600.000000,75549924.000000,0.000000,0.092800,-0.968600, , , 
7633.000000,383698.000000,75549924.000000, , , ,0.650391,0.650391,2.601563
7634.000000,383699.000000,75549924.000000,0.000000,0.104400,-1.006300, , , 
7635.000000,383799.000000,75549924.000000, , , ,0.000000,0.325195,2.601563
7636.000000,383800.000000,75549924.000000,0.000000,0.081200,-1.026600, , , 
7637.000000,383899.000000,75549924.000000,0.002900,0.118900,-0.986000, , , 
7638.000000,383900.000000,75549924.000000, , , ,0.650391,0.000000,2.601563
7639.000000,384000.000000,75549924.000000,0.002900,0.107300,-0.988900, , , 
7640.000000,384001.000000,75549924.000000, , , ,0.000000,0.325195,1.625977
7641.000000,384092.000000,75549924.000000, , , ,-0.325195,0.325195,3.251953
7642.000000,384099.000000,75549924.000000,0.014500,0.092800,-0.997600, , , 
7643.000000,384193.000000,75549924.000000, , , ,-0.650391,0.000000,3.251953
7644.000000,384200.000000,75549924.000000,0.011600,0.118900,-0.983100, , , 
7645.000000,384294.000000,75549924.000000, , , ,-0.975586,-0.325195,3.577148
7646.000000,384299.000000,75549924.000000,-0.008700,0.142100,-0.986000, , , 
7647.000000,384395.000000,75549924.000000, , , ,-0.650391,-0.325195,3.251953
7648.000000,384400.000000,75549924.000000,-0.011600,0.142100,-0.977300, , , 
7649.000000,384496.000000,75549924.000000, , , ,-0.650391,-0.325195,3.251953
7650.000000,384499.000000,75549924.000000,-0.026100,0.156600,-0.957000, , , 
7651.000000,384597.000000,75549924.000000, , , ,0.000000,-0.325195,3.577148
7652.000000,384600.000000,75549924.000000,-0.037700,0.145000,-0.974400, , , 
7653.000000,384698.000000,75549924.000000, , , ,0.650391,0.000000,3.577148
7654.000000,384699.000000,75549924.000000,-0.034800,0.168200,-0.994700, , , 
7655.000000,384799.000000,75549924.000000, , , ,1.300781,0.650391,2.601563
7656.000000,384800.000000,75549924.000000,-0.049300,0.171100,-1.026600, , , 
7657.000000,384899.000000,75549924.000000,-0.055100,0.153700,-1.029500, , , 
7658.000000,384900.000000,75549924.000000, , , ,2.276367,0.650391,3.251953
7659.000000,385000.000000,75549924.000000,-0.023200,0.124700,-0.994700, , , 
7660.000000,385001.000000,75549924.000000, , , ,1.300781,-0.325195,3.251953
7661.000000,385092.000000,75549924.000000, , , ,2.276367,-0.325195,3.251953
7662.000000,385099.000000,75549924.000000,-0.063800,0.139200,-0.971500, , , 
7663.000000,385193.000000,75549924.000000, , , ,1.951172,0.325195,3.251953
7664.000000,385200.000000,75549924.000000,-0.058000,0.124700,-1.026600, , , 
7665.000000,385294.000000,75549924.000000, , , ,0.975586,0.650391,3.577148
7666.000000,385299.000000,75549924.000000,-0.008700,0.101500,-1.015000, , , 
7667.000000,385395.000000,75549924.000000, , , ,0.000000,0.325195,3.251953
7668.000000,385400.000000,75549924.000000,0.005800,0.116000,-1.003400, , , 
7669.000000,385496.000000,75549924.000000, , , ,-0.975586,0.650391,3.577148
7670.000000,385499.000000,75549924.000000,0.008700,0.118900,-1.006300, , , 
7671.000000,385597.000000,75549924.000000, , , ,-1.625977,0.325195,3.902344
7672.000000,385600.000000,75549924.000000,0.000000,0.127600,-1.012100, , , 
7673.000000,385698.000000,75549924.000000, , , ,0.000000,0.325195,3.577148
7674.000000,385699.000000,75549924.000000,0.014500,0.168200,-1.012100, , , 
7675.000000,385799.000000,75549924.000000, , , ,0.325195,0.000000,3.577148
7676.000000,385800.000000,75549924.000000,0.011600,0.139200,-0.988900, , , 
7677.000000,385899.000000,75549924.000000,0.005800,0.133400,-1.003400, , , 
7678.000000,385900.000000,75549924.000000, , , ,-0.650391,0.650391,3.902344
7679.000000,386000.000000,75549924.000000,0.000000,0.156600,-1.029500, , , 
7680.000000,386001.000000,75549924.000000, , , ,-0.975586,0.975586,4.227539
7681.000000,386092.000000,75549924.000000, , , ,-0.975586,0.650391,4.552734
7682.000000,386099.000000,75549924.000000,0.011600,0.150800,-1.023700, , , 
7683.000000,386193.000000,75549924.000000, , , ,0.325195,0.000000,4.552734
7684.000000,386200.000000,75549924.000000,0.008700,0.205900,-1.015000, , , 
7685.000000,386294.000000,75549924.000000, , , ,0.325195,0.325195,4.552734
7686.000000,386299.000000,75549924.000000,0.008700,0.197200,-1.015000, , , 
7687.000000,386395.000000,75549924.000000, , , ,1.300781,0.325195,4.552734
7688.000000,386400.000000,75549924.000000,0.020300,0.197200,-0.988900, , , 
7689.000000,386496.000000,75549924.000000, , , ,0.650391,0.325195,4.877930
7690.000000,386499.000000,75549924.000000,-0.002900,0.168200,-1.006300, , , 
7691.000000,386597.000000,75549924.000000, , , ,0.325195,0.325195,4.877930
7692.000000,386600.000000,75549924.000000,0.014500,0.168200,-1.020800, , , 
7693.000000,386698.000000,75549924.000000, , , ,-0.325195,0.000000,4.877930
7694.000000,386699.000000,75549924.000000,0.020300,0.188500,-1.017900, , , 
7695.000000,386799.000000,75549924.000000, , , ,-0.325195,0.650391,4.552734
7696.000000,386800.000000,75549924.000000,0.000000,0.179800,-1.012100, , , 
7697.000000,386899.000000,75549924.000000,0.008700,0.208800,-1.041100, , , 
7698.000000,386900.000000,75549924.000000, , , ,0.975586,0.975586,4.552734
7699.000000,387000.000000,75549924.000000,0.002900,0.191400,-1.055600, , , 
7700.000000,387001.000000,75549924.000000, , , ,1.300781,1.951172,4.877930
7701.000000,387092.000000,75549924.000000, , , ,1.300781,0.325195,4.877930
7702.000000,387099.000000,75549924.000000,0.026100,0.179800,-1.032400, , , 
7703.000000,387193.000000,75549924.000000, , , ,0.650391,0.650391,4.877930
7704.000000,387200.000000,75549924.000000,0.014500,0.194300,-0.977300, , , 
7705.000000,387294.000000,75549924.000000, , , ,0.000000,0.000000,5.203125
7706.000000,387299.000000,75549924.000000,0.023200,0.159500,-1.020800, , , 
7707.000000,387395.000000,75549924.000000, , , ,-0.650391,0.975586,5.203125
7708.000000,387400.000000,75549924.000000,0.020300,0.205900,-0.997600, , , 
7709.000000,387496.000000,75549924.000000, , , ,-1.300781,0.650391,6.178711
7710.000000,387499.000000,75549924.000000,0.005800,0.220400,-1.026600, , , 
7711.000000,387597.000000,75549924.000000, , , ,-0.325195,1.625977,6.178711
7712.000000,387600.000000,75549924.000000,0.005800,0.226200,-1.081700, , , 
7713.000000,387698.000000,75549924.000000, , , ,0.000000,2.926758,6.503906
7714.000000,387699.000000,75549924.000000,-0.002900,0.275500,-1.116500, , , 
7715.000000,387799.000000,75549924.000000, , , ,-0.650391,2.276367,6.829102
7716.000000,387800.000000,75549924.000000,0.023200,0.255200,-1.110700, , , 
7717.000000,387899.000000,75549924.000000,0.037700,0.269700,-0.965700, , , 
7718.000000,387900.000000,75549924.000000, , , ,-0.975586,0.000000,6.829102
7719.000000,388000.000000,75549924.000000,0.023200,0.252300,-0.930900, , , 
7720.000000,388001.000000,75549924.000000, , , ,-1.625977,-1.300781,7.154297
7721.000000,388092.000000,75549924.000000, , , ,-0.975586,0.000000,7.804688
7722.000000,388099.000000,75549924.000000,-0.020300,0.292900,-0.959900, , , 
7723.000000,388193.000000,75549924.000000, , , ,-1.300781,0.325195,7.154297
7724.000000,388200.000000,75549924.000000,0.000000,0.287100,-1.006300, , , 
7725.000000,388294.000000,75549924.000000, , , ,-0.650391,0.000000,7.154297
7726.000000,388299.000000,75549924.000000,0.000000,0.275500,-0.977300, , , 
7727.000000,388395.000000,75549924.000000, , , ,0.000000,0.000000,6.503906
7728.000000,388400.000000,75549924.000000,-0.020300,0.298700,-0.994700, , , 
7729.000000,388496.000000,75549924.000000, , , ,1.625977,1.625977,5.528320
7730.000000,388499.000000,75549924.000000,-0.014500,0.261000,-1.075900, , , 
7731.000000,388597.000000,75549924.000000, , , ,0.975586,0.325195,5.203125
7732.000000,388600.000000,75549924.000000,0.002900,0.171100,-1.038200, , , 
7733.000000,388698.000000,75549924.000000, , , ,-0.975586,0.000000,4.877930
7734.000000,388699.000000,75549924.000000,0.026100,0.162400,-0.988900, , , 
7735.000000,388799.000000,75549924.000000, , , ,-0.975586,0.000000,5.528320
7736.000000,388800.000000,75549924.000000,0.037700,0.174000,-0.974400, , , 
7737.000000,388899.000000,75549924.000000,0.023200,0.194300,-1.017900, , , 
7738.000000,388900.000000,75549924.000000, , , ,-0.650391,0.325195,5.203125
7739.000000,389000.000000,75549924.000000,0.031900,0.188500,-1.055600, , , 
7740.000000,389001.000000,75549924.000000, , , ,-1.625977,1.625977,4.877930
7741.000000,389092.000000,75549924.000000, , , ,-0.975586,1.625977,5.528320
7742.000000,389099.000000,75549924.000000,0.031900,0.205900,-1.064300, , , 
7743.000000,389193.000000,75549924.000000, , , ,0.000000,1.300781,5.203125
7744.000000,389200.000000,75549924.000000,0.058000,0.226200,-1.023700, , , 
7745.000000,389294.000000,75549924.000000, , , ,0.650391,0.325195,4.877930
7746.000000,389299.000000,75549924.000000,0.026100,0.182700,-0.994700, , , 
7747.000000,389395.000000,75549924.000000, , , ,0.000000,0.975586,4.877930
7748.000000,389400.000000,75549924.000000,0.040600,0.174000,-1.009200, , , 
7749.000000,389496.000000,75549924.000000, , , ,-0.650391,0.975586,5.528320
7750.000000,389499.000000,75549924.000000,0.037700,0.174000,-1.017900, , , 
7751.000000,389597.000000,75549924.000000, , , ,0.000000,1.300781,5.528320
7752.000000,389600.000000,75549924.000000,0.026100,0.194300,-1.032400, , , 
7753.000000,389698.000000,75549924.000000, , , ,0.000000,0.975586,5.528320
7754.000000,389699.000000,75549924.000000,0.043500,0.223300,-1.026600, , , 
7755.000000,389799.000000,75549924.000000, , , ,0.325195,0.650391,5.853516
7756.000000,389800.000000,75549924.000000,0.029000,0.214600,-1.026600, , , 
7757.000000,389899.000000,75549924.000000,0.040600,0.205900,-1.026600, , , 
7758.000000,389900.000000,75549924.000000, , , ,0.000000,0.650391,5.203125
7759.000000,390000.000000,75549924.000000,0.043500,0.191400,-0.983100, , , 
7760.000000,390001.000000,75549924.000000, , , ,-0.325195,0.650391,5.853516
7761.000000,390092.000000,75549924.000000, , , ,0.000000,0.000000,5.203125
7762.000000,390099.000000,75549924.000000,0.040600,0.205900,-0.991800, , , 
7763.000000,390193.000000,75549924.000000, , , ,0.975586,0.975586,4.877930
7764.000000,390200.000000,75549924.000000,0.017400,0.208800,-1.020800, , , 
7765.000000,390294.000000,75549924.000000, , , ,-0.325195,0.975586,4.877930
7766.000000,390299.000000,75549924.000000,0.031900,0.171100,-1.058500, , , 
7767.000000,390395.000000,75549924.000000, , , ,0.000000,0.650391,5.203125
7768.000000,390400.000000,75549924.000000,0.060900,0.176900,-1.020800, , , 
7769.000000,390496.000000,75549924.000000, , , ,-0.650391,0.000000,4.877930
7770.000000,390499.000000,75549924.000000,0.034800,0.197200,-0.957000, , , 
7771.000000,390597.000000,75549924.000000, , , ,-0.975586,-0.650391,5.853516
7772.000000,390600.000000,75549924.000000,0.049300,0.197200,-0.962800, , , 
7773.000000,390698.000000,75549924.000000, , , ,-0.325195,-0.325195,5.528320
7774.000000,390699.000000,75549924.000000,0.014500,0.208800,-0.986000, , , 
7775.000000,390799.000000,75549924.000000, , , ,-0.975586,0.975586,5.853516
7776.000000,390800.000000,75549924.000000,0.037700,0.217500,-1.029500, , , 
7777.000000,390899.000000,75549924.000000,0.026100,0.211700,-1.029500, , , 
7778.000000,390900.000000,75549924.000000, , , ,-1.951172,0.650391,6.503906
7779.000000,391000.000000,75549924.000000,0.055100,0.229100,-1.006300, , , 
7780.000000,391001.000000,75549924.000000, , , ,-0.975586,-0.325195,5.853516
7781.000000,391092.000000,75549924.000000, , , ,0.000000,0.000000,5.528320
7782.000000,391099.000000,75549924.000000,0.014500,0.223300,-1.012100, , , 
7783.000000,391193.000000,75549924.000000, , , ,1.300781,1.300781,5.853516
7784.000000,391200.000000,75549924.000000,0.034800,0.234900,-1.023700, , , 
7785.000000,391294.000000,75549924.000000, , , ,0.975586,0.975586,5.853516
7786.000000,391299.000000,75549924.000000,0.031900,0.220400,-1.032400, , , 
7787.000000,391395.000000,75549924.000000, , , ,0.000000,0.650391,5.528320
7788.000000,391400.000000,75549924.000000,0.043500,0.205900,-1.006300, , , 
7789.000000,391496.000000,75549924.000000, , , ,0.000000,0.000000,6.829102
7790.000000,391499.000000,75549924.000000,0.063800,0.240700,-0.980200, , , 
7791.000000,391597.000000,75549924.000000, , , ,-0.650391,0.000000,6.503906
7792.000000,391600.000000,75549924.000000,0.014500,0.234900,-0.988900, , , 
7793.000000,391698.000000,75549924.000000, , , ,-0.650391,0.975586,7.154297
7794.000000,391699.000000,75549924.000000,0.034800,0.240700,-1.020800, , , 
7795.000000,391799.000000,75549924.000000, , , ,-0.975586,0.325195,6.503906
7796.000000,391800.000000,75549924.000000,0.023200,0.263900,-1.000500, , , 
7797.000000,391899.000000,75549924.000000,0.005800,0.246500,-0.971500, , , 
7798.000000,391900.000000,75549924.000000, , , ,-0.650391,-0.325195,6.503906
7799.000000,392000.000000,75549924.000000,0.002900,0.240700,-0.980200, , , 
7800.000000,392001.000000,75549924.000000, , , ,0.650391,-0.325195,5.853516
7801.000000,392092.000000,75549924.000000, , , ,0.000000,-0.975586,5.528320
7802.000000,392099.000000,75549924.000000,-0.014500,0.229100,-0.974400, , , 
7803.000000,392193.000000,75549924.000000, , , ,0.325195,0.000000,5.853516
7804.000000,392200.000000,75549924.000000,-0.017400,0.217500,-0.988900, , , 
7805.000000,392294.000000,75549924.000000, , , ,-1.300781,0.000000,6.178711
7806.000000,392299.000000,75549924.000000,-0.011600,0.194300,-0.991800, , , 
7807.000000,392395.000000,75549924.000000, , , ,-1.625977,0.000000,6.503906
7808.000000,392400.000000,75549924.000000,-0.014500,0.194300,-0.986000, , , 
7809.000000,392496.000000,75549924.000000, , , ,-0.650391,0.325195,6.178711
7810.000000,392499.000000,75549924.000000,-0.026100,0.249400,-1.003400, , , 
7811.000000,392597.000000,75549924.000000, , , ,0.000000,0.975586,6.178711
7812.000000,392600.000000,75549924.000000,-0.020300,0.243600,-1.029500, , , 
7813.000000,392698.000000,75549924.000000, , , ,0.000000,0.325195,5.528320
7814.000000,392699.000000,75549924.000000,-0.014500,0.208800,-1.029500, , , 
7815.000000,392799.000000,75549924.000000, , , ,-0.975586,0.000000,5.853516
7816.000000,392800.000000,75549924.000000,-0.017400,0.200100,-0.994700, , , 
7817.000000,392899.000000,75549924.000000,-0.017400,0.211700,-0.980200, , , 
7818.000000,392900.000000,75549924.000000, , , ,-0.325195,-0.325195,5.528320
7819.000000,393000.000000,75549924.000000,-0.026100,0.205900,-0.986000, , , 
7820.000000,393001.000000,75549924.000000, , , ,0.000000,0.000000,5.528320
7821.000000,393092.000000,75549924.000000, , , ,-1.625977,0.000000,5.528320
7822.000000,393099.000000,75549924.000000,-0.005800,0.203000,-0.983100, , , 
7823.000000,393193.000000,75549924.000000, , , ,-0.650391,0.325195,5.853516
7824.000000,393200.000000,75549924.000000,-0.031900,0.226200,-0.983100, , , 
7825.000000,393294.000000,75549924.000000, , , ,0.000000,-0.325195,5.528320
7826.000000,393299.000000,75549924.000000,-0.020300,0.226200,-0.988900, , , 
7827.000000,393395.000000,75549924.000000, , , ,-0.650391,-0.325195,5.528320
7828.000000,393400.000000,75549924.000000,-0.011600,0.220400,-0.994700, , , 
7829.000000,393496.000000,75549924.000000, , , ,0.650391,0.325195,5.528320
7830.000000,393499.000000,75549924.000000,-0.020300,0.232000,-0.980200, , , 
7831.000000,393597.000000,75549924.000000, , , ,0.000000,0.000000,5.853516
7832.000000,393600.000000,75549924.000000,-0.020300,0.208800,-1.003400, , , 
7833.000000,393698.000000,75549924.000000, , , ,-0.650391,0.000000,5.853516
7834.000000,393699.000000,75549924.000000,-0.008700,0.203000,-0.959900, , , 
7835.000000,393799.000000,75549924.000000, , , ,-1.300781,0.000000,5.528320
7836.000000,393800.000000,75549924.000000,-0.023200,0.226200,-0.974400, , , 
7837.000000,393899.000000,75549924.000000,-0.008700,0.226200,-0.971500, , , 
7838.000000,393900.000000,75549924.000000, , , ,-0.650391,-0.325195,6.503906
7839.000000,394000.000000,75549924.000000,-0.037700,0.249400,-0.991800, , , 
7840.000000,394001.000000,75549924.000000, , , ,-1.300781,0.325195,6.829102
7841.000000,394092.000000,75549924.000000, , , ,-1.625977,0.000000,6.178711
7842.000000,394099.000000,75549924.000000,-0.005800,0.234900,-1.003400, , , 
7843.000000,394193.000000,75549924.000000, , , ,0.000000,0.650391,6.178711
7844.000000,394200.000000,75549924.000000,-0.029000,0.246500,-0.997600, , , 
7845.000000,394294.000000,75549924.000000, , , ,-0.325195,0.650391,5.528320
7846.000000,394299.000000,75549924.000000,-0.011600,0.234900,-1.023700, , , 
7847.000000,394395.000000,75549924.000000, , , ,-0.325195,0.650391,5.528320
7848.000000,394400.000000,75549924.000000,-0.008700,0.226200,-0.997600, , , 
7849.000000,394496.000000,75549924.000000, , , ,0.000000,0.000000,5.528320
7850.000000,394499.000000,75549924.000000,-0.031900,0.220400,-0.980200, , , 
7851.000000,394597.000000,75549924.000000, , , ,0.000000,0.000000,6.178711
7852.000000,394600.000000,75549924.000000,-0.011600,0.229100,-1.000500, , , 
7853.000000,394698.000000,75549924.000000, , , ,0.000000,0.325195,5.528320
7854.000000,394699.000000,75549924.000000,-0.011600,0.211700,-0.983100, , , 
7855.000000,394799.000000,75549924.000000, , , ,-0.650391,-0.975586,5.528320
7856.000000,394800.000000,75549924.000000,0.008700,0.197200,-0.948300, , , 
7857.000000,394899.000000,75549924.000000,-0.029000,0.203000,-0.942500, , , 
7858.000000,394900.000000,75549924.000000, , , ,-1.300781,-0.650391,6.178711
7859.000000,395000.000000,75549924.000000,-0.029000,0.220400,-1.006300, , , 
7860.000000,395001.000000,75549924.000000, , , ,-1.300781,0.325195,6.503906
7861.000000,395092.000000,75549924.000000, , , ,-1.625977,0.000000,6.503906
7862.000000,395099.000000,75549924.000000,0.000000,0.234900,-1.006300, , , 
7863.000000,395193.000000,75549924.000000, , , ,0.000000,-0.325195,6.503906
7864.000000,395200.000000,75549924.000000,-0.017400,0.240700,-0.959900, , , 
7865.000000,395294.000000,75549924.000000, , , ,-0.325195,0.000000,6.178711
7866.000000,395299.000000,75549924.000000,-0.026100,0.214600,-0.980200, , , 
7867.000000,395395.000000,75549924.000000, , , ,-0.975586,0.325195,6.178711
7868.000000,395400.000000,75549924.000000,-0.011600,0.223300,-0.994700, , , 
7869.000000,395496.000000,75549924.000000, , , ,-1.625977,0.000000,6.178711
7870.000000,395499.000000,75549924.000000,0.000000,0.229100,-0.997600, , , 
7871.000000,395597.000000,75549924.000000, , , ,-1.951172,0.975586,5.853516
7872.000000,395600.000000,75549924.000000,0.000000,0.223300,-1.009200, , , 
7873.000000,395698.000000,75549924.000000, , , ,-1.951172,0.975586,5.853516
7874.000000,395699.000000,75549924.000000,0.043500,0.258100,-1.003400, , , 
7875.000000,395799.000000,75549924.000000, , , ,-0.975586,-0.325195,5.528320
7876.000000,395800.000000,75549924.000000,0.060900,0.223300,-0.954100, , , 
7877.000000,395899.000000,75549924.000000,0.031900,0.223300,-0.977300, , , 
7878.000000,395900.000000,75549924.000000, , , ,-0.650391,0.000000,5.528320
7879.000000,396000.000000,75549924.000000,0.017400,0.176900,-0.983100, , , 
7880.000000,396001.000000,75549924.000000, , , ,-1.625977,-0.650391,4.877930
7881.000000,396092.000000,75549924.000000, , , ,0.000000,0.000000,4.552734
7882.000000,396099.000000,75549924.000000,0.046400,0.208800,-0.980200, , , 
7883.000000,396193.000000,75549924.000000, , , ,-0.975586,0.000000,3.902344
7884.000000,396200.000000,75549924.000000,0.055100,0.182700,-0.991800, , , 
7885.000000,396294.000000,75549924.000000, , , ,-0.975586,-0.650391,3.902344
7886.000000,396299.000000,75549924.000000,0.069600,0.153700,-0.959900, , , 
7887.000000,396395.000000,75549924.000000, , , ,-0.650391,-0.325195,4.227539
7888.000000,396400.000000,75549924.000000,0.043500,0.179800,-0.951200, , , 
7889.000000,396496.000000,75549924.000000, , , ,-0.650391,-0.325195,3.902344
7890.000000,396499.000000,75549924.000000,0.046400,0.156600,-0.983100, , , 
7891.000000,396597.000000,75549924.000000, , , ,-1.951172,0.325195,4.552734
7892.000000,396600.000000,75549924.000000,0.052200,0.153700,-0.991800, , , 
7893.000000,396698.000000,75549924.000000, , , ,-1.951172,-0.325195,4.227539
7894.000000,396699.000000,75549924.000000,0.052200,0.176900,-0.994700, , , 
7895.000000,396799.000000,75549924.000000, , , ,0.000000,0.000000,3.251953
7896.000000,396800.000000,75549924.000000,0.060900,0.171100,-0.957000, , , 
7897.000000,396899.000000,75549924.000000,0.049300,0.156600,-0.974400, , , 
7898.000000,396900.000000,75549924.000000, , , ,1.300781,0.000000,2.601563
7899.000000,397000.000000,75549924.000000,0.043500,0.072500,-1.017900, , , 
7900.000000,397001.000000,75549924.000000, , , ,0.325195,0.650391,2.276367
7901.000000,397092.000000,75549924.000000, , , ,0.000000,0.000000,1.625977
7902.000000,397099.000000,75549924.000000,0.101500,0.087000,-0.957000, , , 
7903.000000,397193.000000,75549924.000000, , , ,-0.975586,-0.325195,1.951172
7904.000000,397200.000000,75549924.000000,0.026100,0.049300,-0.977300, , , 
7905.000000,397294.000000,75549924.000000, , , ,-0.650391,0.975586,1.625977
7906.000000,397299.000000,75549924.000000,0.060900,0.034800,-1.026600, , , 
7907.000000,397395.000000,75549924.000000, , , ,-1.951172,-0.325195,0.650391
7908.000000,397400.000000,75549924.000000,0.043500,0.031900,-1.023700, , , 
7909.000000,397496.000000,75549924.000000, , , ,-0.650391,0.000000,1.300781
7910.000000,397499.000000,75549924.000000,0.063800,0.029000,-0.988900, , , 
7911.000000,397597.000000,75549924.000000, , , ,-0.975586,0.000000,0.650391
7912.000000,397600.000000,75549924.000000,0.052200,0.043500,-0.968600, , , 
7913.000000,397698.000000,75549924.000000, , , ,-1.625977,-0.325195,0.975586
7914.000000,397699.000000,75549924.000000,0.055100,0.017400,-0.988900, , , 
7915.000000,397799.000000,75549924.000000, , , ,-0.650391,0.650391,1.300781
7916.000000,397800.000000,75549924.000000,0.037700,0.040600,-1.012100, , , 
7917.000000,397899.000000,75549924.000000,0.058000,0.063800,-1.017900, , , 
7918.000000,397900.000000,75549924.000000, , , ,-0.650391,0.650391,1.300781
7919.000000,398000.000000,75549924.000000,0.060900,0.060900,-0.983100, , , 
7920.000000,398001.000000,75549924.000000, , , ,-0.325195,-0.325195,1.300781
7921.000000,398092.000000,75549924.000000, , , ,-0.650391,0.000000,1.625977
7922.000000,398099.000000,75549924.000000,0.052200,0.081200,-0.971500, , , 
7923.000000,398193.000000,75549924.000000, , , ,-0.650391,0.000000,1.951172
7924.000000,398200.000000,75549924.000000,0.055100,0.075400,-0.980200, , , 
7925.000000,398294.000000,75549924.000000, , , ,-0.325195,0.000000,1.625977
7926.000000,398299.000000,75549924.000000,0.058000,0.069600,-0.974400, , , 
7927.000000,398395.000000,75549924.000000, , , ,0.325195,0.000000,1.625977
7928.000000,398400.000000,75549924.000000,0.072500,0.066700,-0.971500, , , 
7929.000000,398496.000000,75549924.000000, , , ,0.000000,0.000000,0.650391
7930.000000,398499.000000,75549924.000000,0.052200,0.020300,-0.986000, , , 
7931.000000,398597.000000,75549924.000000, , , ,0.325195,0.325195,0.650391
7932.000000,398600.000000,75549924.000000,0.040600,0.017400,-0.959900, , , 
7933.000000,398698.000000,75549924.000000, , , ,0.000000,-0.325195,-0.650391
7934.000000,398699.000000,75549924.000000,0.037700,-0.008700,-1.020800, , , 
7935.000000,398799.000000,75549924.000000, , , ,0.000000,-0.325195,0.000000
7936.000000,398800.000000,75549924.000000,0.081200,-0.049300,-1.020800, , , 
7937.000000,398899.000000,75549924.000000,0.058000,-0.023200,-0.994700, , , 
7938.000000,398900.000000,75549924.000000, , , ,0.000000,0.000000,-0.325195
7939.000000,399000.000000,75549924.000000,0.063800,-0.037700,-1.003400, , , 
7940.000000,399001.000000,75549924.000000, , , ,0.325195,0.000000,-0.325195
7941.000000,399092.000000,75549924.000000, , , ,0.325195,-0.325195,-0.650391
7942.000000,399099.000000,75549924.000000,0.063800,-0.075400,-0.980200, , , 
7943.000000,399193.000000,75549924.000000, , , ,0.000000,0.000000,-0.975586
7944.000000,399200.000000,75549924.000000,0.046400,-0.058000,-0.974400, , , 
7945.000000,399294.000000,75549924.000000, , , ,-0.325195,0.000000,-0.650391
7946.000000,399299.000000,75549924.000000,0.069600,-0.095700,-0.971500, , , 
7947.000000,399395.000000,75549924.000000, , , ,-0.325195,0.000000,-0.975586
7948.000000,399400.000000,75549924.000000,0.052200,-0.089900,-0.988900, , , 
7949.000000,399496.000000,75549924.000000, , , ,-0.975586,0.000000,-0.650391
7950.000000,399499.000000,75549924.000000,0.066700,-0.072500,-0.971500, , , 
7951.000000,399597.000000,75549924.000000, , , ,-0.650391,-0.325195,-0.975586
7952.000000,399600.000000,75549924.000000,0.049300,-0.087000,-0.991800, , , 
7953.000000,399698.000000,75549924.000000, , , ,-0.650391,0.650391,-0.975586
7954.000000,399699.000000,75549924.000000,0.058000,-0.066700,-1.029500, , , 
7955.000000,399799.000000,75549924.000000, , , ,-0.650391,0.000000,-0.975586
7956.000000,399800.000000,75549924.000000,0.066700,-0.052200,-0.991800, , , 
7957.000000,399899.000000,75549924.000000,0.060900,-0.060900,-0.974400, , , 
7958.000000,399900.000000,75549924.000000, , , ,-0.975586,0.000000,-0.325195
7959.000000,400000.000000,75549924.000000,0.058000,-0.049300,-0.980200, , , 
7960.000000,400001.000000,75549924.000000, , , ,-0.650391,-0.325195,-0.650391
7961.000000,400092.000000,75549924.000000, , , ,-1.625977,0.000000,0.000000
7962.000000,400099.000000,75549924.000000,0.075400,-0.058000,-0.948300, , , 
7963.000000,400193.000000,75549924.000000, , , ,-1.625977,-0.975586,0.000000
7964.000000,400200.000000,75549924.000000,0.060900,-0.020300,-0.945400, , , 
7965.000000,400294.000000,75549924.000000, , , ,-0.975586,0.325195,0.000000
7966.000000,400299.000000,75549924.000000,0.052200,-0.023200,-1.015000, , , 
7967.000000,400395.000000,75549924.000000, , , ,-0.975586,0.650391,0.000000
7968.000000,400400.000000,75549924.000000,0.066700,0.000000,-1.017900, , , 
7969.000000,400496.000000,75549924.000000, , , ,-1.300781,-0.650391,0.325195
7970.000000,400499.000000,75549924.000000,0.060900,0.020300,-1.003400, , , 
7971.000000,400597.000000,75549924.000000, , , ,-0.650391,-0.325195,0.650391
7972.000000,400600.000000,75549924.000000,0.058000,0.040600,-0.959900, , , 
7973.000000,400698.000000,75549924.000000, , , ,-0.650391,0.650391,0.975586
7974.000000,400699.000000,75549924.000000,0.043500,0.049300,-1.012100, , , 
7975.000000,400799.000000,75549924.000000, , , ,0.000000,0.000000,0.975586
7976.000000,400800.000000,75549924.000000,0.078300,0.037700,-0.988900, , , 
7977.000000,400899.000000,75549924.000000,0.055100,0.034800,-0.971500, , , 
7978.000000,400900.000000,75549924.000000, , , ,0.325195,-0.325195,0.325195
7979.000000,401000.000000,75549924.000000,0.055100,0.026100,-1.003400, , , 
7980.000000,401001.000000,75549924.000000, , , ,0.000000,0.000000,0.325195
7981.000000,401092.000000,75549924.000000, , , ,0.325195,0.000000,-0.325195
7982.000000,401099.000000,75549924.000000,0.066700,-0.017400,-1.009200, , , 
7983.000000,401193.000000,75549924.000000, , , ,-0.325195,-0.325195,0.000000
7984.000000,401200.000000,75549924.000000,0.063800,0.005800,-0.980200, , , 
7985.000000,401294.000000,75549924.000000, , , ,0.000000,0.000000,0.000000
7986.000000,401299.000000,75549924.000000,0.055100,0.002900,-0.986000, , , 
7987.000000,401395.000000,75549924.000000, , , ,0.000000,0.325195,0.000000
7988.000000,401400.000000,75549924.000000,0.060900,-0.014500,-0.988900, , , 
7989.000000,401496.000000,75549924.000000, , , ,0.325195,-0.325195,0.000000
7990.000000,401499.000000,75549924.000000,0.066700,-0.014500,-0.971500, , , 
7991.000000,401597.000000,75549924.000000, , , ,-0.325195,-0.325195,0.000000
7992.000000,401600.000000,75549924.000000,0.063800,0.000000,-0.977300, , , 
7993.000000,401698.000000,75549924.000000, , , ,0.000000,0.000000,0.325195
7994.000000,401699.000000,75549924.000000,0.052200,0.005800,-1.000500, , , 
7995.000000,401799.000000,75549924.000000, , , ,0.000000,0.325195,0.000000
7996.000000,401800.000000,75549924.000000,0.040600,-0.008700,-1.017900, , , 
7997.000000,401899.000000,75549924.000000,0.058000,0.000000,-0.988900, , , 
7998.000000,401900.000000,75549924.000000, , , ,0.000000,0.000000,0.000000
7999.000000,402000.000000,75549924.000000,0.031900,0.000000,-0.965700, , , 
8000.000000,402001.000000,75549924.000000, , , ,-0.325195,0.000000,0.325195
8001.000000,402092.000000,75549924.000000, , , ,0.000000,0.000000,0.650391
8002.000000,402099.000000,75549924.000000,0.043500,0.011600,-0.983100, , , 
8003.000000,402193.000000,75549924.000000, , , ,-0.650391,0.000000,0.000000
8004.000000,402200.000000,75549924.000000,0.040600,-0.005800,-0.994700, , , 
8005.000000,402294.000000,75549924.000000, , , ,-0.975586,-0.325195,0.325195
8006.000000,402299.000000,75549924.000000,0.055100,-0.017400,-0.980200, , , 
8007.000000,402395.000000,75549924.000000, , , ,-0.325195,0.000000,0.000000
8008.000000,402400.000000,75549924.000000,0.066700,-0.002900,-0.965700, , , 
8009.000000,402496.000000,75549924.000000, , , ,-0.975586,0.000000,0.975586
8010.000000,402499.000000,75549924.000000,0.055100,0.002900,-0.977300, , , 
8011.000000,402597.000000,75549924.000000, , , ,-0.325195,0.000000,0.000000
8012.000000,402600.000000,75549924.000000,0.046400,0.002900,-0.977300, , , 
8013.000000,402698.000000,75549924.000000, , , ,-0.325195,0.000000,0.000000
8014.000000,402699.000000,75549924.000000,0.043500,0.020300,-0.997600, , , 
8015.000000,402799.000000,75549924.000000, , , ,-0.325195,0.325195,0.000000
8016.000000,402800.000000,75549924.000000,0.040600,0.000000,-1.009200, , , 
8017.000000,402899.000000,75549924.000000,0.043500,0.000000,-0.988900, , , 
8018.000000,402900.000000,75549924.000000, , , ,-0.650391,0.000000,0.000000
8019.000000,403000.000000,75549924.000000,0.017400,0.023200,-0.994700, , , 
8020.000000,403001.000000,75549924.000000, , , ,-0.650391,0.000000,0.000000
8021.000000,403092.000000,75549924.000000, , , ,-0.325195,0.000000,0.325195
8022.000000,403099.000000,75549924.000000,0.026100,0.026100,-0.988900, , , 
8023.000000,403193.000000,75549924.000000, , , ,-0.325195,0.000000,0.650391
8024.000000,403200.000000,75549924.000000,0.029000,0.008700,-1.003400, , , 
8025.000000,403294.000000,75549924.000000, , , ,0.000000,-0.325195,0.000000
8026.000000,403299.000000,75549924.000000,0.043500,-0.005800,-0.986000, , , 
8027.000000,403395.000000,75549924.000000, , , ,-0.325195,0.000000,0.000000
8028.000000,403400.000000,75549924.000000,0.058000,-0.005800,-0.994700, , , 
8029.000000,403496.000000,75549924.000000, , , ,-0.650391,0.000000,0.650391
8030.000000,403499.000000,75549924.000000,0.078300,0.000000,-0.977300, , , 
8031.000000,403597.000000,75549924.000000, , , ,-0.650391,0.000000,0.325195
8032.000000,403600.000000,75549924.000000,0.063800,-0.014500,-0.962800, , , 
8033.000000,403698.000000,75549924.000000, , , ,0.000000,0.000000,0.000000
8034.000000,403699.000000,75549924.000000,0.066700,-0.002900,-0.997600, , , 
8035.000000,403799.000000,75549924.000000, , , ,0.000000,0.000000,0.000000
8036.000000,403800.000000,75549924.000000,0.060900,-0.005800,-0.988900, , , 
8037.000000,403899.000000,75549924.000000,0.060900,-0.002900,-1.012100, , , 
8038.000000,403900.000000,75549924.000000, , , ,0.000000,0.325195,-0.325195
8039.000000,404000.000000,75549924.000000,0.069600,0.002900,-0.994700, , , 
8040.000000,404001.000000,75549924.000000, , , ,0.000000,0.000000,0.000000
8041.000000,404092.000000,75549924.000000, , , ,0.000000,0.325195,0.000000
8042.000000,404099.000000,75549924.000000,0.058000,-0.017400,-0.997600, , , 
8043.000000,404193.000000,75549924.000000, , , ,-0.325195,0.000000,-0.325195
8044.000000,404200.000000,75549924.000000,0.066700,-0.031900,-0.980200, , , 
8045.000000,404294.000000,75549924.000000, , , ,-0.650391,-0.325195,0.000000
8046.000000,404299.000000,75549924.000000,0.066700,-0.026100,-0.974400, , , 
8047.000000,404395.000000,75549924.000000, , , ,-0.650391,-0.650391,-0.325195
8048.000000,404400.000000,75549924.000000,0.034800,0.002900,-0.968600, , , 
8049.000000,404496.000000,75549924.000000, , , ,-0.650391,-0.325195,0.000000
8050.000000,404499.000000,75549924.000000,0.029000,-0.020300,-0.983100, , , 
8051.000000,404597.000000,75549924.000000, , , ,-0.325195,0.650391,0.000000
8052.000000,404600.000000,75549924.000000,0.034800,-0.034800,-1.009200, , , 
8053.000000,404698.000000,75549924.000000, , , ,-0.650391,-0.325195,-0.325195
8054.000000,404699.000000,75549924.000000,0.023200,-0.023200,-0.971500, , , 
8055.000000,404799.000000,75549924.000000, , , ,-0.975586,0.000000,0.325195
8056.000000,404800.000000,75549924.000000,0.017400,-0.040600,-0.977300, , , 
8057.000000,404899.000000,75549924.000000,0.005800,-0.017400,-0.965700, , , 
8058.000000,404900.000000,75549924.000000, , , ,-0.325195,-0.325195,0.000000
8059.000000,405000.000000,75549924.000000,0.000000,-0.005800,-0.965700, , , 
8060.000000,405001.000000,75549924.000000, , , ,-0.325195,-0.325195,0.325195
8061.000000,405092.000000,75549924.000000, , , ,-0.650391,0.000000,0.000000
8062.000000,405099.000000,75549924.000000,-0.029000,-0.037700,-0.983100, , , 
8063.000000,405193.000000,75549924.000000, , , ,-0.650391,-0.325195,0.000000
8064.000000,405200.000000,75549924.000000,-0.017400,-0.031900,-1.015000, , , 
8065.000000,405294.000000,75549924.000000, , , ,-0.650391,-0.325195,0.000000
8066.000000,405299.000000,75549924.000000,-0.029000,-0.017400,-0.977300, , , 
8067.000000,405395.000000,75549924.000000, , , ,-0.650391,0.000000,0.000000
8068.000000,405400.000000,75549924.000000,-0.046400,-0.008700,-1.003400, , , 
8069.000000,405496.000000,75549924.000000, , , ,-0.325195,-0.975586,0.000000
8070.000000,405499.000000,75549924.000000,-0.034800,0.000000,-0.991800, , , 
8071.000000,405597.000000,75549924.000000, , , ,-0.650391,0.000000,0.000000
8072.000000,405600.000000,75549924.000000,-0.043500,-0.008700,-0.991800, , , 
8073.000000,405698.000000,75549924.000000, , , ,-0.325195,0.325195,0.000000
8074.000000,405699.000000,75549924.000000,-0.034800,-0.002900,-0.980200, , , 
8075.000000,405799.000000,75549924.000000, , , ,0.000000,0.000000,0.000000
8076.000000,405800.000000,75549924.000000,-0.031900,-0.014500,-0.988900, , , 
8077.000000,405899.000000,75549924.000000,-0.017400,-0.014500,-0.991800, , , 
8078.000000,405900.000000,75549924.000000, , , ,-0.325195,-0.325195,-0.325195
8079.000000,406000.000000,75549924.000000,-0.002900,-0.005800,-0.971500, , , 
8080.000000,406001.000000,75549924.000000, , , ,-0.325195,0.325195,0.325195
8081.000000,406092.000000,75549924.000000, , , ,0.000000,-0.325195,0.000000
8082.000000,406099.000000,75549924.000000,-0.014500,-0.011600,-0.997600, , , 
8083.000000,406193.000000,75549924.000000, , , ,-0.325195,1.300781,0.000000
8084.000000,406200.000000,75549924.000000,0.000000,-0.029000,-1.017900, , , 
8085.000000,406294.000000,75549924.000000, , , ,-0.325195,-0.650391,0.000000
8086.000000,406299.000000,75549924.000000,0.034800,-0.026100,-0.965700, , , 
8087.000000,406395.000000,75549924.000000, , , ,0.000000,-0.650391,0.000000
8088.000000,406400.000000,75549924.000000,-0.005800,-0.017400,-0.942500, , , 
8089.000000,406496.000000,75549924.000000, , , ,-0.650391,0.325195,0.000000
8090.000000,406499.000000,75549924.000000,-0.005800,-0.014500,-1.009200, , , 
8091.000000,406597.000000,75549924.000000, , , ,-0.650391,-0.325195,0.325195
8092.000000,406600.000000,75549924.000000,0.023200,0.000000,-0.988900, , , 
8093.000000,406698.000000,75549924.000000, , , ,-0.325195,-0.325195,0.000000
8094.000000,406699.000000,75549924.000000,-0.017400,0.000000,-0.977300, , , 
8095.000000,406799.000000,75549924.000000, , , ,-0.325195,0.000000,0.000000
8096.000000,406800.000000,75549924.000000,-0.002900,0.000000,-0.988900, , , 
8097.000000,406899.000000,75549924.000000,-0.014500,0.002900,-0.986000, , , 
8098.000000,406900.000000,75549924.000000, , , ,-0.325195,-0.325195,0.000000
8099.000000,407000.000000,75549924.000000,-0.002900,-0.008700,-0.968600, , , 
8100.000000,407001.000000,75549924.000000, , , ,-0.650391,-0.650391,0.000000
8101.000000,407092.000000,75549924.000000, , , ,0.000000,-0.650391,0.000000
8102.000000,407099.000000,75549924.000000,-0.020300,-0.002900,-0.945400, , , 
8103.000000,407193.000000,75549924.000000, , , ,0.000000,0.000000,0.000000
8104.000000,407200.000000,75549924.000000,-0.029000,0.002900,-0.971500, , , 
8105.000000,407294.000000,75549924.000000, , , ,-0.325195,0.000000,0.325195
8106.000000,407299.000000,75549924.000000,-0.029000,-0.005800,-0.962800, , , 
8107.000000,407395.000000,75549924.000000, , , ,-0.650391,-0.650391,0.325195
8108.000000,407400.000000,75549924.000000,-0.040600,0.000000,-0.980200, , , 
8109.000000,407496.000000,75549924.000000, , , ,-0.650391,0.000000,0.650391
8110.000000,407499.000000,75549924.000000,-0.026100,0.008700,-0.983100, , , 
8111.000000,407597.000000,75549924.000000, , , ,-0.325195,0.000000,0.000000
8112.000000,407600.000000,75549924.000000,-0.034800,0.008700,-0.991800, , , 
8113.000000,407698.000000,75549924.000000, , , ,0.000000,0.000000,0.000000
8114.000000,407699.000000,75549924.000000,-0.011600,0.002900,-0.968600, , , 
8115.000000,407799.000000,75549924.000000, , , ,0.000000,0.325195,0.325195
8116.000000,407800.000000,75549924.000000,-0.002900,0.023200,-0.980200, , , 
8117.000000,407899.000000,75549924.000000,-0.005800,0.002900,-1.015000, , , 
8118.000000,407900.000000,75549924.000000, , , ,-0.325195,0.325195,0.000000
8119.000000,408000.000000,75549924.000000,0.008700,0.000000,-1.017900, , , 
8120.000000,408001.000000,75549924.000000, , , ,-0.650391,0.650391,0.325195
8121.000000,408092.000000,75549924.000000, , , ,-0.650391,-0.325195,0.000000
8122.000000,408099.000000,75549924.000000,0.011600,0.008700,-0.977300, , , 
8123.000000,408193.000000,75549924.000000, , , ,-0.650391,0.000000,0.000000
8124.000000,408200.000000,75549924.000000,0.000000,0.031900,-0.951200, , , 
8125.000000,408294.000000,75549924.000000, , , ,0.000000,0.000000,0.000000
8126.000000,408299.000000,75549924.000000,0.002900,-0.008700,-0.980200, , , 
8127.000000,408395.000000,75549924.000000, , , ,0.000000,0.325195,0.000000
8128.000000,408400.000000,75549924.000000,0.026100,-0.020300,-0.997600, , , 
8129.000000,408496.000000,75549924.000000, , , ,-0.975586,0.000000,0.325195
8130.000000,408499.000000,75549924.000000,0.046400,0.000000,-0.965700, , , 
8131.000000,408597.000000,75549924.000000, , , ,0.000000,-0.650391,0.325195
8132.000000,408600.000000,75549924.000000,0.011600,0.017400,-0.948300, , , 
8133.000000,408698.000000,75549924.000000, , , ,1.625977,0.650391,0.000000
8134.000000,408699.000000,75549924.000000,0.014500,0.029000,-1.015000, , , 
8135.000000,408799.000000,75549924.000000, , , ,0.000000,0.000000,0.000000
8136.000000,408800.000000,75549924.000000,0.026100,-0.029000,-1.032400, , , 
8137.000000,408899.000000,75549924.000000,0.026100,-0.014500,-0.986000, , , 
8138.000000,408900.000000,75549924.000000, , , ,-0.650391,-0.975586,0.000000
8139.000000,409000.000000,75549924.000000,-0.020300,-0.017400,-0.959900, , , 
8140.000000,409001.000000,75549924.000000, , , ,-0.975586,-0.975586,0.000000
8141.000000,409092.000000,75549924.000000, , , ,-0.650391,0.000000,0.000000
8142.000000,409099.000000,75549924.000000,-0.014500,0.017400,-0.974400, , , 
8143.000000,409193.000000,75549924.000000, , , ,0.000000,0.000000,0.000000
8144.000000,409200.000000,75549924.000000,-0.017400,-0.014500,-1.015000, , , 
8145.000000,409294.000000,75549924.000000, , , ,0.325195,0.975586,0.000000
8146.000000,409299.000000,75549924.000000,0.002900,-0.023200,-1.038200, , , 
8147.000000,409395.000000,75549924.000000, , , ,-0.325195,0.325195,0.650391
8148.000000,409400.000000,75549924.000000,0.002900,-0.014500,-1.026600, , , 
8149.000000,409496.000000,75549924.000000, , , ,-1.951172,-0.650391,0.650391
8150.000000,409499.000000,75549924.000000,0.000000,-0.008700,-0.986000, , , 
8151.000000,409597.000000,75549924.000000, , , ,-1.625977,-0.325195,0.650391
8152.000000,409600.000000,75549924.000000,0.011600,0.023200,-0.959900, , , 
8153.000000,409698.000000,75549924.000000, , , ,-0.975586,0.000000,0.975586
8154.000000,409699.000000,75549924.000000,-0.002900,0.029000,-0.965700, , , 
8155.000000,409799.000000,75549924.000000, , , ,-0.975586,0.650391,0.650391
8156.000000,409800.000000,75549924.000000,0.000000,0.031900,-1.009200, , , 
8157.000000,409899.000000,75549924.000000,0.000000,0.026100,-1.012100, , , 
8158.000000,409900.000000,75549924.000000, , , ,-0.325195,0.000000,0.650391
8159.000000,410000.000000,75549924.000000,0.000000,0.031900,-0.997600, , , 
8160.000000,410001.000000,75549924.000000, , , ,-0.325195,0.000000,0.325195
8161.000000,410092.000000,75549924.000000, , , ,0.000000,0.000000,0.975586
8162.000000,410099.000000,75549924.000000,-0.029000,0.031900,-0.991800, , , 
8163.000000,410193.000000,75549924.000000, , , ,0.000000,0.000000,0.650391
8164.000000,410200.000000,75549924.000000,-0.017400,0.002900,-0.983100, , , 
8165.000000,410294.000000,75549924.000000, , , ,-0.650391,0.000000,0.975586
8166.000000,410299.000000,75549924.000000,-0.008700,0.023200,-0.983100, , , 
8167.000000,410395.000000,75549924.000000, , , ,0.000000,0.000000,0.650391
8168.000000,410400.000000,75549924.000000,-0.037700,0.031900,-0.968600, , , 
8169.000000,410496.000000,75549924.000000, , , ,-0.325195,0.325195,0.325195
8170.000000,410499.000000,75549924.000000,-0.023200,0.017400,-1.009200, , , 
8171.000000,410597.000000,75549924.000000, , , ,-0.975586,0.325195,0.325195
8172.000000,410600.000000,75549924.000000,-0.011600,0.023200,-1.006300, , , 
8173.000000,410698.000000,75549924.000000, , , ,-0.325195,-0.325195,0.650391
8174.000000,410699.000000,75549924.000000,0.014500,0.040600,-0.945400, , , 
8175.000000,410799.000000,75549924.000000, , , ,0.650391,-0.650391,0.325195
8176.000000,410800.000000,75549924.000000,-0.031900,0.023200,-0.965700, , , 
8177.000000,410899.000000,75549924.000000,0.000000,-0.011600,-0.997600, , , 
8178.000000,410900.000000,75549924.000000, , , ,0.000000,0.000000,0.325195
8179.000000,411000.000000,75549924.000000,0.005800,-0.011600,-0.983100, , , 
8180.000000,411001.000000,75549924.000000, , , ,-0.325195,-0.325195,0.325195
8181.000000,411092.000000,75549924.000000, , , ,-0.325195,-0.325195,0.325195
8182.000000,411099.000000,75549924.000000,0.005800,0.011600,-0.942500, , , 
8183.000000,411193.000000,75549924.000000, , , ,-0.325195,0.325195,0.650391
8184.000000,411200.000000,75549924.000000,-0.040600,0.002900,-1.015000, , , 
8185.000000,411294.000000,75549924.000000, , , ,-0.650391,1.300781,0.000000
8186.000000,411299.000000,75549924.000000,-0.005800,0.002900,-1.035300, , , 
8187.000000,411395.000000,75549924.000000, , , ,0.000000,-0.650391,0.325195
8188.000000,411400.000000,75549924.000000,0.011600,0.014500,-0.977300, , , 
8189.000000,411496.000000,75549924.000000, , , ,0.000000,-0.650391,0.000000
8190.000000,411499.000000,75549924.000000,-0.005800,0.005800,-0.962800, , , 
8191.000000,411597.000000,75549924.000000, , , ,-0.325195,0.325195,0.000000
8192.000000,411600.000000,75549924.000000,0.005800,0.005800,-1.000500, , , 
8193.000000,411698.000000,75549924.000000, , , ,-0.975586,0.325195,0.325195
8194.000000,411699.000000,75549924.000000,0.014500,-0.002900,-1.012100, , , 
8195.000000,411799.000000,75549924.000000, , , ,-0.325195,0.000000,0.325195
8196.000000,411800.000000,75549924.000000,0.011600,0.017400,-0.971500, , , 
8197.000000,411899.000000,75549924.000000,0.000000,-0.011600,-0.983100, , , 
8198.000000,411900.000000,75549924.000000, , , ,-0.325195,-0.325195,0.325195
8199.000000,412000.000000,75549924.000000,-0.014500,0.000000,-0.983100, , , 
8200.000000,412001.000000,75549924.000000, , , ,-0.975586,0.000000,0.000000
8201.000000,412092.000000,75549924.000000, , , ,-0.975586,-0.325195,0.325195
8202.000000,412099.000000,75549924.000000,0.000000,0.011600,-1.000500, , , 
8203.000000,412193.000000,75549924.000000, , , ,0.000000,-0.650391,0.325195
8204.000000,412200.000000,75549924.000000,0.000000,0.020300,-0.942500, , , 
8205.000000,412294.000000,75549924.000000, , , ,0.325195,-0.325195,0.650391
8206.000000,412299.000000,75549924.000000,-0.026100,0.023200,-0.945400, , , 
8207.000000,412395.000000,75549924.000000, , , ,0.975586,-0.975586,0.000000
8208.000000,412400.000000,75549924.000000,-0.037700,0.031900,-0.968600, , , 
8209.000000,412496.000000,75549924.000000, , , ,1.300781,0.000000,0.325195
8210.000000,412499.000000,75549924.000000,-0.063800,0.020300,-0.994700, , , 
8211.000000,412597.000000,75549924.000000, , , ,0.000000,0.650391,0.650391
8212.000000,412600.000000,75549924.000000,-0.014500,-0.026100,-1.070100, , , 
8213.000000,412698.000000,75549924.000000, , , ,-0.975586,0.325195,2.276367
8214.000000,412699.000000,75549924.000000,0.011600,0.002900,-0.997600, , , 
8215.000000,412799.000000,75549924.000000, , , ,-0.650391,0.000000,0.650391
8216.000000,412800.000000,75549924.000000,0.017400,0.029000,-0.974400, , , 
8217.000000,412899.000000,75549924.000000,0.031900,0.014500,-0.962800, , , 
8218.000000,412900.000000,75549924.000000, , , ,-0.650391,-0.325195,0.975586
8219.000000,413000.000000,75549924.000000,0.020300,0.026100,-0.988900, , , 
8220.000000,413001.000000,75549924.000000, , , ,-0.325195,0.000000,0.000000
8221.000000,413092.000000,75549924.000000, , , ,-0.325195,0.650391,0.650391
8222.000000,413099.000000,75549924.000000,0.026100,0.014500,-1.015000, , , 
8223.000000,413193.000000,75549924.000000, , , ,-0.325195,0.325195,0.650391
8224.000000,413200.000000,75549924.000000,0.029000,0.000000,-1.003400, , , 
8225.000000,413294.000000,75549924.000000, , , ,-0.650391,0.325195,0.325195
8226.000000,413299.000000,75549924.000000,0.031900,-0.002900,-0.994700, , , 
8227.000000,413395.000000,75549924.000000, , , ,0.000000,0.000000,0.000000
8228.000000,413400.000000,75549924.000000,0.017400,0.011600,-0.986000, , , 
8229.000000,413496.000000,75549924.000000, , , ,0.000000,0.000000,0.000000
8230.000000,413499.000000,75549924.000000,-0.005800,-0.002900,-1.020800, , , 
8231.000000,413597.000000,75549924.000000, , , ,0.000000,-0.975586,0.650391
8232.000000,413600.000000,75549924.000000,-0.002900,-0.011600,-0.983100, , , 
8233.000000,413698.000000,75549924.000000, , , ,0.000000,-0.325195,0.325195
8234.000000,413699.000000,75549924.000000,-0.023200,-0.029000,-0.957000, , , 
8235.000000,413799.000000,75549924.000000, , , ,-0.975586,-0.325195,0.325195
8236.000000,413800.000000,75549924.000000,-0.037700,-0.029000,-0.983100, , , 
8237.000000,413899.000000,75549924.000000,-0.052200,-0.011600,-1.035300, , , 
8238.000000,413900.000000,75549924.000000, , , ,-0.975586,0.650391,0.325195
8239.000000,414000.000000,75549924.000000,-0.037700,0.000000,-1.058500, , , 
8240.000000,414001.000000,75549924.000000, , , ,-0.650391,0.325195,0.975586
8241.000000,414101.000000,75549924.000000,-0.043500,-0.002900,-0.962800, , , 
8242.000000,414102.000000,75549924.000000, , , ,-0.650391,-0.325195,0.325195
8243.000000,414192.000000,75549924.000000, , , ,-0.975586,-0.650391,0.000000
8244.000000,414199.000000,75549924.000000,-0.055100,-0.005800,-0.971500, , , 
8245.000000,414293.000000,75549924.000000, , , ,-1.300781,0.000000,0.325195
8246.000000,414300.000000,75549924.000000,-0.011600,0.000000,-0.971500, , , 
8247.000000,414394.000000,75549924.000000, , , ,-0.650391,0.000000,-0.650391
8248.000000,414399.000000,75549924.000000,-0.037700,0.014500,-0.977300, , , 
8249.000000,414495.000000,75549924.000000, , , ,0.000000,0.000000,0.325195
8250.000000,414500.000000,75549924.000000,0.002900,0.020300,-0.974400, , , 
8251.000000,414596.000000,75549924.000000, , , ,0.000000,-0.325195,0.325195
8252.000000,414599.000000,75549924.000000,-0.017400,0.014500,-0.962800, , , 
8253.000000,414697.000000,75549924.000000, , , ,-0.325195,0.000000,0.975586
8254.000000,414700.000000,75549924.000000,-0.020300,-0.005800,-1.009200, , , 
8255.000000,414798.000000,75549924.000000, , , ,-0.325195,0.325195,0.325195
8256.000000,414799.000000,75549924.000000,-0.023200,-0.002900,-1.032400, , , 
8257.000000,414899.000000,75549924.000000, , , ,-0.325195,1.300781,0.000000
8258.000000,414900.000000,75549924.000000,0.000000,0.017400,-1.049800, , , 
8259.000000,414999.000000,75549924.000000,0.014500,0.002900,-0.977300, , , 
8260.000000,415000.000000,75549924.000000, , , ,0.000000,-0.975586,0.325195
8261.000000,415100.000000,75549924.000000,-0.017400,-0.014500,-0.965700, , , 
8262.000000,415101.000000,75549924.000000, , , ,0.000000,-0.650391,0.000000
8263.000000,415192.000000,75549924.000000, , , ,-0.975586,0.325195,0.000000
8264.000000,415199.000000,75549924.000000,-0.017400,-0.026100,-0.997600, , , 
8265.000000,415293.000000,75549924.000000, , , ,-1.300781,0.000000,0.000000
8266.000000,415300.000000,75549924.000000,0.008700,-0.023200,-0.974400, , , 
8267.000000,415394.000000,75549924.000000, , , ,0.000000,0.000000,-0.325195
8268.000000,415399.000000,75549924.000000,0.000000,-0.023200,-1.015000, , , 
8269.000000,415495.000000,75549924.000000, , , ,-0.650391,0.000000,-0.650391
8270.000000,415500.000000,75549924.000000,0.058000,-0.031900,-0.980200, , , 
8271.000000,415596.000000,75549924.000000, , , ,-0.325195,-1.300781,-0.325195
8272.000000,415599.000000,75549924.000000,0.037700,-0.029000,-0.942500, , , 
8273.000000,415697.000000,75549924.000000, , , ,0.325195,-0.650391,-0.325195
8274.000000,415700.000000,75549924.000000,0.017400,-0.034800,-0.962800, , , 
8275.000000,415798.000000,75549924.000000, , , ,0.000000,0.650391,-0.325195
8276.000000,415799.000000,75549924.000000,0.026100,-0.043500,-1.012100, , , 
8277.000000,415899.000000,75549924.000000, , , ,-1.625977,0.000000,0.000000
8278.000000,415900.000000,75549924.000000,0.063800,-0.052200,-1.017900, , , 
8279.000000,415999.000000,75549924.000000,0.034800,-0.017400,-0.980200, , , 
8280.000000,416000.000000,75549924.000000, , , ,-1.300781,0.000000,0.000000
8281.000000,416100.000000,75549924.000000,-0.002900,-0.029000,-0.997600, , , 
8282.000000,416101.000000,75549924.000000, , , ,-0.325195,0.000000,-0.325195
8283.000000,416192.000000,75549924.000000, , , ,-0.325195,0.000000,-0.325195
8284.000000,416199.000000,75549924.000000,-0.014500,-0.040600,-0.988900, , , 
8285.000000,416293.000000,75549924.000000, , , ,-0.650391,0.000000,0.000000
8286.000000,416300.000000,75549924.000000,-0.023200,-0.031900,-1.000500, , , 
8287.000000,416394.000000,75549924.000000, , , ,-0.325195,0.000000,0.000000
8288.000000,416400.000000,75549924.000000,-0.011600,-0.023200,-0.983100, , , 
8289.000000,416494.000000,75549924.000000, , , ,0.000000,-0.325195,-0.650391
8290.000000,416499.000000,75549924.000000,-0.029000,-0.023200,-0.957000, , , 
8291.000000,416595.000000,75549924.000000, , , ,-0.650391,0.000000,0.000000
8292.000000,416600.000000,75549924.000000,-0.043500,-0.046400,-1.000500, , , 
8293.000000,416696.000000,75549924.000000, , , ,-0.325195,-0.325195,0.000000
8294.000000,416699.000000,75549924.000000,-0.026100,-0.034800,-0.977300, , , 
8295.000000,416797.000000,75549924.000000, , , ,-0.975586,0.000000,0.000000
8296.000000,416800.000000,75549924.000000,-0.055100,-0.034800,-0.959900, , , 
8297.000000,416898.000000,75549924.000000, , , ,-1.300781,0.000000,0.000000
8298.000000,416899.000000,75549924.000000,-0.060900,-0.008700,-1.009200, , , 
8299.000000,416999.000000,75549924.000000, , , ,-1.300781,0.650391,0.325195
8300.000000,417000.000000,75549924.000000,-0.031900,0.005800,-1.020800, , , 
8301.000000,417099.000000,75549924.000000,-0.063800,0.000000,-1.020800, , , 
8302.000000,417100.000000,75549924.000000, , , ,-0.325195,0.000000,0.000000
8303.000000,417200.000000,75549924.000000,-0.066700,-0.017400,-1.020800, , , 
8304.000000,417201.000000,75549924.000000, , , ,0.000000,0.650391,0.000000
8305.000000,417292.000000,75549924.000000, , , ,0.000000,0.325195,0.000000
8306.000000,417299.000000,75549924.000000,-0.049300,-0.020300,-1.049800, , , 
8307.000000,417393.000000,75549924.000000, , , ,-0.975586,0.000000,-0.325195
8308.000000,417400.000000,75549924.000000,-0.034800,-0.031900,-1.000500, , , 
8309.000000,417494.000000,75549924.000000, , , ,-0.325195,0.000000,-0.325195
8310.000000,417499.000000,75549924.000000,-0.034800,0.002900,-0.945400, , , 
8311.000000,417595.000000,75549924.000000, , , ,0.000000,-0.325195,0.000000
8312.000000,417600.000000,75549924.000000,-0.043500,-0.020300,-0.957000, , , 
8313.000000,417696.000000,75549924.000000, , , ,-0.325195,0.650391,-0.325195
8314.000000,417699.000000,75549924.000000,-0.029000,-0.034800,-0.971500, , , 
8315.000000,417797.000000,75549924.000000, , , ,-0.650391,-0.650391,0.000000
8316.000000,417800.000000,75549924.000000,-0.005800,-0.017400,-0.968600, , , 
8317.000000,417898.000000,75549924.000000, , , ,0.000000,0.650391,-0.325195
8318.000000,417899.000000,75549924.000000,-0.034800,-0.014500,-0.968600, , , 
8319.000000,417999.000000,75549924.000000, , , ,0.000000,0.650391,0.000000
8320.000000,418000.000000,75549924.000000,-0.023200,-0.046400,-1.003400, , , 
8321.000000,418099.000000,75549924.000000,-0.005800,-0.040600,-1.000500, , , 
8322.000000,418100.000000,75549924.000000, , , ,-0.325195,-0.325195,0.000000
8323.000000,418200.000000,75549924.000000,-0.014500,-0.066700,-1.000500, , , 
8324.000000,418201.000000,75549924.000000, , , ,-0.325195,0.000000,-0.325195
8325.000000,418292.000000,75549924.000000, , , ,-1.300781,0.650391,-0.325195
8326.000000,418299.000000,75549924.000000,0.037700,-0.040600,-1.006300, , , 
8327.000000,418393.000000,75549924.000000, , , ,-0.650391,0.975586,-0.325195
8328.000000,418400.000000,75549924.000000,0.063800,-0.031900,-0.997600, , , 
8329.000000,418494.000000,75549924.000000, , , ,-0.650391,0.000000,0.000000
8330.000000,418499.000000,75549924.000000,0.058000,-0.020300,-0.977300, , , 
8331.000000,418595.000000,75549924.000000, , , ,-0.650391,0.650391,-0.325195
8332.000000,418600.000000,75549924.000000,0.052200,-0.031900,-1.006300, , , 
8333.000000,418696.000000,75549924.000000, , , ,-1.625977,0.325195,0.000000
8334.000000,418699.000000,75549924.000000,0.075400,-0.043500,-0.994700, , , 
8335.000000,418797.000000,75549924.000000, , , ,-0.975586,0.325195,0.000000
8336.000000,418800.000000,75549924.000000,0.055100,-0.011600,-0.991800, , , 
8337.000000,418898.000000,75549924.000000, , , ,-0.975586,0.000000,0.000000
8338.000000,418899.000000,75549924.000000,0.089900,-0.017400,-0.997600, , , 
8339.000000,418999.000000,75549924.000000, , , ,-0.325195,-0.650391,0.000000
8340.000000,419000.000000,75549924.000000,0.049300,-0.014500,-0.954100, , , 
8341.000000,419099.000000,75549924.000000,0.072500,-0.005800,-0.977300, , , 
8342.000000,419100.000000,75549924.000000, , , ,-0.325195,0.000000,0.000000
8343.000000,419200.000000,75549924.000000,0.046400,-0.043500,-1.017900, , , 
8344.000000,419201.000000,75549924.000000, , , ,-0.975586,0.325195,0.000000
8345.000000,419292.000000,75549924.000000, , , ,-1.300781,0.000000,0.325195
8346.000000,419299.000000,75549924.000000,0.089900,-0.008700,-0.991800, , , 
8347.000000,419393.000000,75549924.000000, , , ,-1.300781,-0.975586,0.325195
8348.000000,419400.000000,75549924.000000,0.069600,0.020300,-0.968600, , , 
8349.000000,419494.000000,75549924.000000, , , ,-0.325195,0.000000,0.000000
8350.000000,419499.000000,75549924.000000,0.058000,0.011600,-1.006300, , , 
8351.000000,419595.000000,75549924.000000, , , ,-0.325195,0.650391,0.000000
8352.000000,419600.000000,75549924.000000,0.084100,0.011600,-0.997600, , , 
8353.000000,419696.000000,75549924.000000, , , ,-0.650391,0.000000,0.325195
8354.000000,419699.000000,75549924.000000,0.069600,-0.014500,-0.997600, , , 
8355.000000,419797.000000,75549924.000000, , , ,-0.325195,0.000000,0.000000
8356.000000,419800.000000,75549924.000000,0.066700,-0.040600,-0.986000, , , 
8357.000000,419898.000000,75549924.000000, , , ,-0.325195,0.975586,0.000000
8358.000000,419899.000000,75549924.000000,0.066700,-0.008700,-1.020800, , , 
8359.000000,419999.000000,75549924.000000, , , ,-0.325195,-0.325195,-0.325195
8360.000000,420000.000000,75549924.000000,0.087000,-0.014500,-0.977300, , , 
8361.000000,420099.000000,75549924.000000,0.055100,-0.037700,-0.974400, , , 
8362.000000,420100.000000,75549924.000000, , , ,0.000000,0.000000,-0.325195
8363.000000,420200.000000,75549924.000000,0.075400,-0.031900,-0.980200, , , 
8364.000000,420201.000000,75549924.000000, , , ,0.000000,0.000000,-0.325195
8365.000000,420292.000000,75549924.000000, , , ,-0.325195,0.000000,-0.650391
8366.000000,420299.000000,75549924.000000,0.066700,-0.023200,-0.986000, , , 
8367.000000,420393.000000,75549924.000000, , , ,0.000000,0.000000,-0.325195
8368.000000,420400.000000,75549924.000000,0.078300,-0.029000,-1.009200, , , 
8369.000000,420494.000000,75549924.000000, , , ,0.000000,0.000000,-0.650391
8370.000000,420499.000000,75549924.000000,0.058000,-0.037700,-0.994700, , , 
8371.000000,420595.000000,75549924.000000, , , ,-0.650391,0.325195,-0.650391
8372.000000,420600.000000,75549924.000000,0.078300,-0.040600,-1.009200, , , 
8373.000000,420696.000000,75549924.000000, , , ,0.000000,-0.650391,-0.650391
8374.000000,420699.000000,75549924.000000,0.089900,-0.017400,-0.957000, , , 
8375.000000,420797.000000,75549924.000000, , , ,0.000000,0.000000,-0.325195
8376.000000,420800.000000,75549924.000000,0.060900,-0.026100,-0.986000, , , 
8377.000000,420898.000000,75549924.000000, , , ,0.000000,0.000000,-0.650391
8378.000000,420899.000000,75549924.000000,0.087000,-0.014500,-0.994700, , , 
8379.000000,420999.000000,75549924.000000, , , ,-0.325195,0.000000,0.000000
8380.000000,421000.000000,75549924.000000,0.075400,-0.026100,-0.988900, , , 
8381.000000,421099.000000,75549924.000000,0.098600,-0.026100,-1.015000, , , 
8382.000000,421100.000000,75549924.000000, , , ,-0.975586,0.000000,0.000000
8383.000000,421200.000000,75549924.000000,0.072500,-0.020300,-0.988900, , , 
8384.000000,421201.000000,75549924.000000, , , ,-0.650391,0.000000,-0.325195
8385.000000,421292.000000,75549924.000000, , , ,-0.650391,0.325195,0.325195
8386.000000,421299.000000,75549924.000000,0.075400,-0.014500,-0.994700, , , 
8387.000000,421393.000000,75549924.000000, , , ,-0.650391,0.000000,0.000000
8388.000000,421400.000000,75549924.000000,0.052200,-0.005800,-0.971500, , , 
8389.000000,421494.000000,75549924.000000, , , ,-0.325195,-0.650391,0.000000
8390.000000,421499.000000,75549924.000000,0.052200,-0.005800,-0.980200, , , 
8391.000000,421595.000000,75549924.000000, , , ,-0.975586,-0.650391,0.000000
8392.000000,421600.000000,75549924.000000,0.034800,-0.005800,-0.965700, , , 
8393.000000,421696.000000,75549924.000000, , , ,-0.975586,-0.325195,-0.325195
8394.000000,421699.000000,75549924.000000,0.046400,0.002900,-0.983100, , , 
8395.000000,421797.000000,75549924.000000, , , ,-0.325195,-0.650391,0.000000
8396.000000,421800.000000,75549924.000000,0.052200,0.000000,-0.954100, , , 
8397.000000,421898.000000,75549924.000000, , , ,0.000000,0.975586,0.000000
8398.000000,421899.000000,75549924.000000,0.049300,0.008700,-1.006300, , , 
8399.000000,421999.000000,75549924.000000, , , ,-0.650391,0.000000,0.000000
8400.000000,422000.000000,75549924.000000,0.060900,0.002900,-1.017900, , , 
8401.000000,422099.000000,75549924.000000,0.060900,0.017400,-0.994700, , , 
8402.000000,422100.000000,75549924.000000, , , ,-0.325195,0.000000,0.000000
8403.000000,422200.000000,75549924.000000,0.063800,0.017400,-0.983100, , , 
8404.000000,422201.000000,75549924.000000, , , ,0.000000,0.000000,0.000000
8405.000000,422292.000000,75549924.000000, , , ,-0.325195,0.000000,0.000000
8406.000000,422299.000000,75549924.000000,0.063800,0.002900,-0.988900, , , 
8407.000000,422393.000000,75549924.000000, , , ,-0.325195,0.000000,0.000000
8408.000000,422400.000000,75549924.000000,0.069600,0.002900,-0.977300, , , 
8409.000000,422494.000000,75549924.000000, , , ,0.000000,-0.325195,0.000000
8410.000000,422499.000000,75549924.000000,0.040600,0.011600,-0.991800, , , 
8411.000000,422595.000000,75549924.000000, , , ,0.000000,-0.325195,0.000000
8412.000000,422600.000000,75549924.000000,0.055100,-0.005800,-0.997600, , , 
8413.000000,422696.000000,75549924.000000, , , ,-0.325195,0.650391,0.000000
8414.000000,422699.000000,75549924.000000,0.031900,-0.014500,-1.023700, , , 
8415.000000,422797.000000,75549924.000000, , , ,-0.975586,0.325195,0.000000
8416.000000,422800.000000,75549924.000000,0.060900,-0.011600,-1.023700, , , 
8417.000000,422898.000000,75549924.000000, , , ,-0.650391,-0.975586,0.000000
8418.000000,422899.000000,75549924.000000,0.060900,-0.017400,-0.954100, , , 
8419.000000,422999.000000,75549924.000000, , , ,-0.650391,0.000000,0.000000
8420.000000,423000.000000,75549924.000000,0.031900,-0.008700,-0.974400, , , 
8421.000000,423099.000000,75549924.000000,0.052200,-0.002900,-0.980200, , , 
8422.000000,423100.000000,75549924.000000, , , ,-0.975586,-0.650391,0.000000
8423.000000,423200.000000,75549924.000000,0.069600,0.014500,-0.988900, , , 
8424.000000,423201.000000,75549924.000000, , , ,-0.975586,0.000000,0.000000
8425.000000,423292.000000,75549924.000000, , , ,0.000000,-0.975586,0.000000
8426.000000,423299.000000,75549924.000000,0.043500,0.011600,-0.957000, , , 
8427.000000,423393.000000,75549924.000000, , , ,0.000000,0.325195,0.000000
8428.000000,423400.000000,75549924.000000,0.046400,-0.008700,-0.994700, , , 
8429.000000,423494.000000,75549924.000000, , , ,-0.325195,0.000000,0.325195
8430.000000,423499.000000,75549924.000000,0.072500,-0.037700,-1.015000, , , 
8431.000000,423595.000000,75549924.000000, , , ,-0.650391,0.000000,0.325195
8432.000000,423600.000000,75549924.000000,0.063800,0.002900,-0.997600, , , 
8433.000000,423696.000000,75549924.000000, , , ,-0.325195,0.000000,-0.325195
8434.000000,423699.000000,75549924.000000,0.063800,-0.011600,-0.986000, , , 
8435.000000,423797.000000,75549924.000000, , , ,-0.650391,-0.325195,-0.325195
8436.000000,423800.000000,75549924.000000,0.063800,-0.017400,-0.977300, , , 
8437.000000,423898.000000,75549924.000000, , , ,0.000000,-0.650391,-0.325195
8438.000000,423899.000000,75549924.000000,0.081200,-0.005800,-0.933800, , , 
8439.000000,423999.000000,75549924.000000, , , ,-0.325195,-0.325195,0.000000
8440.000000,424000.000000,75549924.000000,0.055100,-0.043500,-0.951200, , , 
8441.000000,424099.000000,75549924.000000,0.066700,-0.014500,-0.957000, , , 
8442.000000,424100.000000,75549924.000000, , , ,-0.325195,-0.650391,-0.650391
8443.000000,424200.000000,75549924.000000,0.072500,-0.037700,-0.939600, , , 
8444.000000,424201.000000,75549924.000000, , , ,0.000000,-1.300781,-0.325195
8445.000000,424292.000000,75549924.000000, , , ,0.325195,-0.650391,-0.975586
8446.000000,424299.000000,75549924.000000,0.031900,-0.026100,-0.991800, , , 
8447.000000,424393.000000,75549924.000000, , , ,0.000000,1.625977,0.000000
8448.000000,424400.000000,75549924.000000,0.037700,-0.089900,-1.128100, , , 
8449.000000,424494.000000,75549924.000000, , , ,0.000000,0.325195,-0.650391
8450.000000,424499.000000,75549924.000000,0.072500,-0.043500,-1.102000, , , 
8451.000000,424595.000000,75549924.000000, , , ,-0.650391,0.000000,0.000000
8452.000000,424600.000000,75549924.000000,0.063800,-0.060900,-1.009200, , , 
8453.000000,424696.000000,75549924.000000, , , ,-0.325195,-0.975586,0.000000
8454.000000,424699.000000,75549924.000000,0.060900,-0.014500,-0.945400, , , 
8455.000000,424797.000000,75549924.000000, , , ,-0.325195,-0.325195,-0.325195
8456.000000,424800.000000,75549924.000000,0.060900,-0.020300,-0.928000, , , 
8457.000000,424898.000000,75549924.000000, , , ,0.000000,-0.650391,0.000000
8458.000000,424899.000000,75549924.000000,0.072500,0.000000,-0.899000, , , 
8459.000000,424999.000000,75549924.000000, , , ,-0.325195,0.000000,0.000000
8460.000000,425000.000000,75549924.000000,0.014500,-0.020300,-0.971500, , , 
8461.000000,425099.000000,75549924.000000,0.058000,-0.031900,-1.035300, , , 
8462.000000,425100.000000,75549924.000000, , , ,-0.325195,0.325195,0.000000
8463.000000,425200.000000,75549924.000000,0.034800,0.011600,-1.009200, , , 
8464.000000,425201.000000,75549924.000000, , , ,-0.650391,0.650391,0.000000
8465.000000,425292.000000,75549924.000000, , , ,-0.325195,-0.650391,0.000000
8466.000000,425299.000000,75549924.000000,0.034800,-0.020300,-0.965700, , , 
8467.000000,425393.000000,75549924.000000, , , ,-0.325195,-0.975586,0.000000
8468.000000,425400.000000,75549924.000000,0.031900,-0.011600,-0.957000, , , 
8469.000000,425494.000000,75549924.000000, , , ,-0.325195,0.000000,0.000000
8470.000000,425499.000000,75549924.000000,0.011600,-0.008700,-1.009200, , , 
8471.000000,425595.000000,75549924.000000, , , ,-0.650391,-0.325195,0.000000
8472.000000,425600.000000,75549924.000000,0.014500,-0.023200,-0.986000, , , 
8473.000000,425696.000000,75549924.000000, , , ,-0.325195,-0.650391,0.000000
8474.000000,425699.000000,75549924.000000,0.000000,0.005800,-0.959900, , , 
8475.000000,425797.000000,75549924.000000, , , ,-0.325195,-0.975586,-0.325195
8476.000000,425800.000000,75549924.000000,-0.014500,0.000000,-0.983100, , , 
8477.000000,425898.000000,75549924.000000, , , ,0.000000,-0.325195,-0.325195
8478.000000,425899.000000,75549924.000000,0.002900,-0.008700,-0.959900, , , 
8479.000000,425999.000000,75549924.000000, , , ,0.000000,0.000000,0.000000
8480.000000,426000.000000,75549924.000000,0.008700,-0.008700,-0.968600, , , 
8481.000000,426099.000000,75549924.000000,0.023200,-0.011600,-1.006300, , , 
8482.000000,426100.000000,75549924.000000, , , ,0.000000,1.300781,0.650391
8483.000000,426200.000000,75549924.000000,0.055100,0.000000,-1.003400, , , 
8484.000000,426201.000000,75549924.000000, , , ,-0.325195,0.000000,0.000000
8485.000000,426292.000000,75549924.000000, , , ,-0.325195,0.000000,0.000000
8486.000000,426299.000000,75549924.000000,0.031900,-0.011600,-1.003400, , , 
8487.000000,426393.000000,75549924.000000, , , ,-0.975586,0.000000,0.325195
8488.000000,426400.000000,75549924.000000,0.058000,0.017400,-0.991800, , , 
8489.000000,426494.000000,75549924.000000, , , ,-0.650391,0.000000,0.650391
8490.000000,426499.000000,75549924.000000,0.031900,0.049300,-0.968600, , , 
8491.000000,426595.000000,75549924.000000, , , ,-0.650391,0.000000,0.650391
8492.000000,426600.000000,75549924.000000,0.023200,0.055100,-1.000500, , , 
8493.000000,426696.000000,75549924.000000, , , ,-0.650391,0.000000,0.650391
8494.000000,426699.000000,75549924.000000,0.031900,0.060900,-0.988900, , , 
8495.000000,426797.000000,75549924.000000, , , ,0.000000,0.000000,0.975586
8496.000000,426800.000000,75549924.000000,0.046400,0.072500,-0.994700, , , 
8497.000000,426898.000000,75549924.000000, , , ,0.000000,0.325195,0.975586
8498.000000,426899.000000,75549924.000000,0.017400,0.063800,-1.017900, , , 
8499.000000,426999.000000,75549924.000000, , , ,0.325195,0.325195,0.650391
8500.000000,427000.000000,75549924.000000,0.008700,0.037700,-1.032400, , , 
8501.000000,427099.000000,75549924.000000,0.002900,0.000000,-1.015000, , , 
8502.000000,427100.000000,75549924.000000, , , ,0.000000,0.650391,0.000000
8503.000000,427200.000000,75549924.000000,0.034800,0.008700,-0.983100, , , 
8504.000000,427201.000000,75549924.000000, , , ,-0.325195,-0.325195,0.000000
8505.000000,427292.000000,75549924.000000, , , ,0.000000,0.000000,0.000000
8506.000000,427299.000000,75549924.000000,0.023200,0.029000,-0.986000, , , 
8507.000000,427393.000000,75549924.000000, , , ,0.000000,-0.325195,0.000000
8508.000000,427400.000000,75549924.000000,0.020300,0.005800,-0.965700, , , 
8509.000000,427494.000000,75549924.000000, , , ,-0.325195,-0.325195,0.000000
8510.000000,427499.000000,75549924.000000,-0.005800,-0.017400,-0.980200, , , 
8511.000000,427595.000000,75549924.000000, , , ,-0.325195,-0.325195,0.000000
8512.000000,427600.000000,75549924.000000,-0.008700,-0.011600,-0.951200, , , 
8513.000000,427696.000000,75549924.000000, , , ,0.000000,-0.650391,0.000000
8514.000000,427699.000000,75549924.000000,-0.026100,0.008700,-0.974400, , , 
8515.000000,427797.000000,75549924.000000, , , ,-0.325195,0.000000,0.000000
8516.000000,427800.000000,75549924.000000,-0.043500,0.008700,-0.994700, , , 
8517.000000,427898.000000,75549924.000000, , , ,0.000000,0.000000,0.325195
8518.000000,427899.000000,75549924.000000,-0.026100,0.008700,-0.988900, , , 
8519.000000,427999.000000,75549924.000000, , , ,0.000000,-0.650391,0.325195
8520.000000,428000.000000,75549924.000000,-0.043500,0.002900,-0.948300, , , 
8521.000000,428099.000000,75549924.000000,-0.052200,-0.014500,-0.983100, , , 
8522.000000,428100.000000,75549924.000000, , , ,0.000000,0.000000,0.000000
8523.000000,428200.000000,75549924.000000,-0.034800,-0.023200,-0.980200, , , 
8524.000000,428201.000000,75549924.000000, , , ,-0.650391,-0.650391,0.000000
8525.000000,428292.000000,75549924.000000, , , ,-0.650391,0.000000,-0.325195
8526.000000,428299.000000,75549924.000000,-0.026100,-0.002900,-1.003400, , , 
8527.000000,428393.000000,75549924.000000, , , ,-0.325195,0.000000,0.000000
8528.000000,428400.000000,75549924.000000,0.020300,0.005800,-0.962800, , , 
8529.000000,428494.000000,75549924.000000, , , ,-0.325195,0.325195,0.325195
8530.000000,428499.000000,75549924.000000,0.017400,0.000000,-0.983100, , , 
8531.000000,428595.000000,75549924.000000, , , ,0.000000,0.650391,0.000000
8532.000000,428600.000000,75549924.000000,0.034800,0.011600,-0.988900, , , 
8533.000000,428696.000000,75549924.000000, , , ,0.000000,0.650391,0.000000
8534.000000,428699.000000,75549924.000000,0.017400,-0.017400,-1.029500, , , 
8535.000000,428797.000000,75549924.000000, , , ,-0.325195,0.000000,0.000000
8536.000000,428800.000000,75549924.000000,0.040600,-0.026100,-1.000500, , , 
8537.000000,428898.000000,75549924.000000, , , ,0.000000,0.650391,0.000000
8538.000000,428899.000000,75549924.000000,0.014500,-0.026100,-1.029500, , , 
8539.000000,428999.000000,75549924.000000, , , ,-0.325195,0.000000,-0.325195
8540.000000,429000.000000,75549924.000000,0.063800,-0.026100,-0.986000, , , 
8541.000000,429099.000000,75549924.000000,0.020300,-0.020300,-0.948300, , , 
8542.000000,429100.000000,75549924.000000, , , ,0.000000,-0.325195,0.000000
8543.000000,429200.000000,75549924.000000,0.049300,-0.023200,-0.962800, , , 
8544.000000,429201.000000,75549924.000000, , , ,0.000000,-0.325195,0.000000
8545.000000,429292.000000,75549924.000000, , , ,-0.650391,0.000000,0.000000
8546.000000,429299.000000,75549924.000000,0.017400,0.002900,-0.991800, , , 
8547.000000,429393.000000,75549924.000000, , , ,-0.650391,0.000000,0.325195
8548.000000,429400.000000,75549924.000000,0.002900,0.008700,-1.023700, , , 
8549.000000,429494.000000,75549924.000000, , , ,-0.650391,0.325195,1.300781
8550.000000,429499.000000,75549924.000000,0.005800,0.020300,-1.009200, , , 
8551.000000,429595.000000,75549924.000000, , , ,-0.325195,-0.325195,0.650391
8552.000000,429600.000000,75549924.000000,-0.011600,0.040600,-1.000500, , , 
8553.000000,429696.000000,75549924.000000, , , ,0.000000,-0.650391,0.325195
8554.000000,429699.000000,75549924.000000,0.014500,0.011600,-0.977300, , , 
8555.000000,429797.000000,75549924.000000, , , ,0.000000,0.000000,0.000000
8556.000000,429800.000000,75549924.000000,0.014500,0.011600,-0.965700, , , 
8557.000000,429898.000000,75549924.000000, , , ,0.650391,0.000000,-0.325195
8558.000000,429899.000000,75549924.000000,0.002900,-0.011600,-0.965700, , , 
8559.000000,429999.000000,75549924.000000, , , ,0.000000,0.000000,-0.325195
8560.000000,430000.000000,75549924.000000,0.020300,-0.034800,-0.968600, , , 
8561.000000,430099.000000,75549924.000000,0.020300,-0.040600,-0.954100, , , 
8562.000000,430100.000000,75549924.000000, , , ,0.000000,-0.975586,-0.325195
8563.000000,430200.000000,75549924.000000,-0.002900,-0.052200,-1.012100, , , 
8564.000000,430201.000000,75549924.000000, , , ,0.000000,0.650391,-0.325195
8565.000000,430292.000000,75549924.000000, , , ,0.000000,0.325195,-0.325195
8566.000000,430299.000000,75549924.000000,0.014500,-0.043500,-1.017900, , , 
8567.000000,430393.000000,75549924.000000, , , ,-0.325195,0.000000,-0.650391
8568.000000,430400.000000,75549924.000000,0.000000,-0.055100,-1.006300, , , 
8569.000000,430494.000000,75549924.000000, , , ,-0.325195,-0.650391,-0.325195
8570.000000,430501.000000,75549924.000000,-0.008700,-0.058000,-0.977300, , , 
8571.000000,430594.000000,75549924.000000, , , ,-0.975586,0.325195,0.000000
8572.000000,430599.000000,75549924.000000,-0.026100,-0.049300,-0.997600, , , 
8573.000000,430695.000000,75549924.000000, , , ,-1.300781,0.000000,0.000000
8574.000000,430700.000000,75549924.000000,-0.014500,0.000000,-0.977300, , , 
8575.000000,430796.000000,75549924.000000, , , ,-0.650391,0.000000,0.325195
8576.000000,430799.000000,75549924.000000,-0.026100,-0.017400,-0.945400, , , 
8577.000000,430897.000000,75549924.000000, , , ,-0.650391,-0.975586,0.000000
8578.000000,430900.000000,75549924.000000,-0.034800,0.002900,-0.936700, , , 
8579.000000,430998.000000,75549924.000000, , , ,0.000000,-0.650391,0.325195
8580.000000,430999.000000,75549924.000000,-0.049300,-0.005800,-0.951200, , , 
8581.000000,431099.000000,75549924.000000, , , ,-0.325195,0.000000,0.325195
8582.000000,431100.000000,75549924.000000,-0.060900,-0.002900,-1.000500, , , 
8583.000000,431199.000000,75549924.000000,-0.058000,-0.037700,-1.061400, , , 
8584.000000,431200.000000,75549924.000000, , , ,-1.625977,0.325195,0.000000
8585.000000,431300.000000,75549924.000000,-0.011600,0.008700,-1.038200, , , 
8586.000000,431301.000000,75549924.000000, , , ,-1.625977,0.650391,0.325195
8587.000000,431392.000000,75549924.000000, , , ,-1.300781,0.325195,0.325195
8588.000000,431399.000000,75549924.000000,-0.011600,0.029000,-0.986000, , , 
8589.000000,431493.000000,75549924.000000, , , ,-1.300781,0.000000,0.650391
8590.000000,431500.000000,75549924.000000,0.005800,0.029000,-0.968600, , , 
8591.000000,431594.000000,75549924.000000, , , ,-1.300781,0.000000,0.975586
8592.000000,431599.000000,75549924.000000,-0.017400,0.026100,-0.971500, , , 
8593.000000,431695.000000,75549924.000000, , , ,-0.650391,0.000000,0.650391
8594.000000,431700.000000,75549924.000000,0.002900,0.049300,-0.974400, , , 
8595.000000,431796.000000,75549924.000000, , , ,-0.975586,0.000000,0.650391
8596.000000,431799.000000,75549924.000000,-0.005800,0.031900,-0.962800, , , 
8597.000000,431897.000000,75549924.000000, , , ,-0.325195,0.000000,1.300781
8598.000000,431900.000000,75549924.000000,0.000000,0.037700,-0.980200, , , 
8599.000000,431998.000000,75549924.000000, , , ,-0.650391,0.000000,0.650391
8600.000000,431999.000000,75549924.000000,-0.008700,0.040600,-0.988900, , , 
8601.000000,432099.000000,75549924.000000, , , ,-0.325195,0.000000,0.650391
8602.000000,432100.000000,75549924.000000,0.008700,0.034800,-0.997600, , , 
8603.000000,432199.000000,75549924.000000,-0.011600,0.040600,-0.980200, , , 
8604.000000,432200.000000,75549924.000000, , , ,-0.650391,0.000000,0.650391
8605.000000,432300.000000,75549924.000000,-0.014500,0.055100,-0.980200, , , 
8606.000000,432301.000000,75549924.000000, , , ,-0.325195,0.000000,0.975586
8607.000000,432392.000000,75549924.000000, , , ,-0.650391,0.000000,0.975586
8608.000000,432399.000000,75549924.000000,-0.011600,0.052200,-0.983100, , , 
8609.000000,432493.000000,75549924.000000, , , ,-0.325195,0.000000,0.975586
8610.000000,432500.000000,75549924.000000,-0.026100,0.055100,-0.988900, , , 
8611.000000,432594.000000,75549924.000000, , , ,-0.650391,0.000000,0.975586
8612.000000,432599.000000,75549924.000000,-0.020300,0.049300,-0.994700, , , 
8613.000000,432695.000000,75549924.000000, , , ,0.000000,-0.325195,1.300781
8614.000000,432700.000000,75549924.000000,-0.026100,0.063800,-0.983100, , , 
8615.000000,432796.000000,75549924.000000, , , ,-0.650391,0.325195,0.975586
8616.000000,432799.000000,75549924.000000,-0.029000,0.029000,-1.017900, , , 
8617.000000,432897.000000,75549924.000000, , , ,-0.325195,-0.650391,0.650391
8618.000000,432900.000000,75549924.000000,-0.037700,0.075400,-0.971500, , , 
8619.000000,432998.000000,75549924.000000, , , ,0.000000,0.000000,0.325195
8620.000000,432999.000000,75549924.000000,-0.037700,0.034800,-1.020800, , , 
8621.000000,433099.000000,75549924.000000, , , ,0.000000,-0.325195,2.276367
8622.000000,433100.000000,75549924.000000,-0.058000,0.034800,-0.974400, , , 
8623.000000,433199.000000,75549924.000000,-0.046400,0.029000,-1.009200, , , 
8624.000000,433200.000000,75549924.000000, , , ,-0.650391,0.325195,0.325195
8625.000000,433300.000000,75549924.000000,-0.037700,0.000000,-0.971500, , , 
8626.000000,433301.000000,75549924.000000, , , ,-0.650391,0.000000,0.650391
8627.000000,433392.000000,75549924.000000, , , ,-0.975586,0.325195,0.975586
8628.000000,433399.000000,75549924.000000,-0.017400,0.034800,-0.997600, , , 
8629.000000,433493.000000,75549924.000000, , , ,0.000000,0.325195,0.650391
8630.000000,433500.000000,75549924.000000,0.005800,0.046400,-0.994700, , , 
8631.000000,433594.000000,75549924.000000, , , ,0.000000,0.325195,0.650391
8632.000000,433599.000000,75549924.000000,0.043500,0.037700,-0.977300, , , 
8633.000000,433695.000000,75549924.000000, , , ,0.000000,-0.975586,0.325195
8634.000000,433700.000000,75549924.000000,0.031900,0.026100,-0.933800, , , 
8635.000000,433796.000000,75549924.000000, , , ,0.000000,0.000000,0.650391
8636.000000,433799.000000,75549924.000000,0.017400,0.034800,-0.983100, , , 
8637.000000,433897.000000,75549924.000000, , , ,-0.650391,0.000000,0.650391
8638.000000,433900.000000,75549924.000000,0.034800,0.011600,-1.012100, , , 
8639.000000,433998.000000,75549924.000000, , , ,-0.650391,0.325195,0.650391
8640.000000,433999.000000,75549924.000000,0.031900,0.049300,-1.006300, , , 
8641.000000,434099.000000,75549924.000000, , , ,-0.325195,0.000000,0.650391
8642.000000,434100.000000,75549924.000000,0.058000,0.060900,-0.980200, , , 
8643.000000,434199.000000,75549924.000000,0.029000,0.060900,-0.974400, , , 
8644.000000,434200.000000,75549924.000000, , , ,0.000000,-0.325195,0.975586
8645.000000,434300.000000,75549924.000000,0.043500,0.043500,-0.986000, , , 
8646.000000,434301.000000,75549924.000000, , , ,-0.650391,-0.325195,0.650391
8647.000000,434392.000000,75549924.000000, , , ,-0.975586,-0.325195,1.300781
8648.000000,434399.000000,75549924.000000,0.043500,0.049300,-0.954100, , , 
8649.000000,434493.000000,75549924.000000, , , ,-1.951172,-1.951172,1.625977
8650.000000,434500.000000,75549924.000000,0.046400,0.026100,-0.930900, , , 
8651.000000,434594.000000,75549924.000000, , , ,-2.276367,1.951172,1.300781
8652.000000,434599.000000,75549924.000000,0.005800,0.075400,-1.032400, , , 
8653.000000,434695.000000,75549924.000000, , , ,-0.975586,1.951172,1.300781
8654.000000,434700.000000,75549924.000000,0.046400,0.098600,-1.067200, , , 
8655.000000,434796.000000,75549924.000000, , , ,0.325195,0.000000,0.325195
8656.000000,434799.000000,75549924.000000,0.034800,0.081200,-0.983100, , , 
8657.000000,434897.000000,75549924.000000, , , ,1.300781,-0.325195,0.325195
8658.000000,434900.000000,75549924.000000,0.049300,0.046400,-0.988900, , , 
8659.000000,434998.000000,75549924.000000, , , ,0.000000,-0.325195,0.650391
8660.000000,434999.000000,75549924.000000,0.066700,0.017400,-0.948300, , , 
8661.000000,435099.000000,75549924.000000, , , ,-0.650391,-0.650391,0.975586
8662.000000,435100.000000,75549924.000000,0.023200,0.026100,-0.951200, , , 
8663.000000,435199.000000,75549924.000000,0.052200,0.002900,-0.965700, , , 
8664.000000,435200.000000,75549924.000000, , , ,-1.625977,0.325195,1.300781
8665.000000,435300.000000,75549924.000000,0.014500,0.058000,-1.017900, , , 
8666.000000,435301.000000,75549924.000000, , , ,-1.300781,0.000000,0.325195
8667.000000,435392.000000,75549924.000000, , , ,0.650391,0.650391,0.000000
8668.000000,435399.000000,75549924.000000,0.060900,0.072500,-1.049800, , , 
8669.000000,435493.000000,75549924.000000, , , ,1.625977,0.650391,0.000000
8670.000000,435500.000000,75549924.000000,0.026100,0.005800,-1.041100, , , 
8671.000000,435594.000000,75549924.000000, , , ,-0.325195,-0.650391,0.000000
8672.000000,435599.000000,75549924.000000,0.058000,-0.002900,-0.959900, , , 
8673.000000,435695.000000,75549924.000000, , , ,-0.650391,-1.300781,0.325195
8674.000000,435700.000000,75549924.000000,0.023200,0.005800,-0.942500, , , 
8675.000000,435796.000000,75549924.000000, , , ,-0.975586,0.325195,0.000000
8676.000000,435799.000000,75549924.000000,-0.005800,-0.008700,-0.980200, , , 
8677.000000,435897.000000,75549924.000000, , , ,-0.975586,0.000000,0.000000
8678.000000,435900.000000,75549924.000000,0.031900,0.031900,-1.003400, , , 
8679.000000,435998.000000,75549924.000000, , , ,-0.325195,-0.650391,0.000000
8680.000000,435999.000000,75549924.000000,0.026100,0.026100,-0.962800, , , 
8681.000000,436099.000000,75549924.000000, , , ,-0.650391,-0.325195,0.325195
8682.000000,436100.000000,75549924.000000,0.008700,0.020300,-0.977300, , , 
8683.000000,436199.000000,75549924.000000,-0.011600,0.034800,-0.980200, , , 
8684.000000,436200.000000,75549924.000000, , , ,-0.325195,0.325195,0.650391
8685.000000,436300.000000,75549924.000000,0.034800,0.026100,-0.974400, , , 
8686.000000,436301.000000,75549924.000000, , , ,-0.325195,0.000000,0.000000
8687.000000,436392.000000,75549924.000000, , , ,-0.325195,-0.325195,0.650391
8688.000000,436399.000000,75549924.000000,0.017400,0.020300,-0.971500, , , 
8689.000000,436493.000000,75549924.000000, , , ,-0.325195,-0.325195,0.975586
8690.000000,436500.000000,75549924.000000,0.014500,0.043500,-1.000500, , , 
8691.000000,436594.000000,75549924.000000, , , ,0.000000,0.325195,0.650391
8692.000000,436599.000000,75549924.000000,0.014500,0.043500,-1.026600, , , 
8693.000000,436695.000000,75549924.000000, , , ,-0.325195,0.000000,0.650391
8694.000000,436700.000000,75549924.000000,0.040600,0.026100,-1.006300, , , 
8695.000000,436796.000000,75549924.000000, , , ,-0.325195,0.000000,0.975586
8696.000000,436800.000000,75549924.000000,0.014500,0.029000,-0.991800, , , 
8697.000000,436896.000000,75549924.000000, , , ,0.000000,0.000000,0.650391
8698.000000,436899.000000,75549924.000000,0.008700,0.026100,-1.006300, , , 
8699.000000,436997.000000,75549924.000000, , , ,0.000000,-0.325195,0.325195
8700.000000,437000.000000,75549924.000000,0.014500,0.011600,-0.974400, , , 
8701.000000,437098.000000,75549924.000000, , , ,-0.325195,-0.325195,0.325195
8702.000000,437099.000000,75549924.000000,-0.008700,0.029000,-0.968600, , , 
8703.000000,437199.000000,75549924.000000, , , ,-0.325195,0.000000,0.325195
8704.000000,437200.000000,75549924.000000,-0.011600,0.031900,-0.994700, , , 
8705.000000,437299.000000,75549924.000000,-0.017400,-0.029000,-0.997600, , , 
8706.000000,437300.000000,75549924.000000, , , ,-0.325195,0.000000,0.325195
8707.000000,437400.000000,75549924.000000,-0.031900,0.023200,-0.965700, , , 
8708.000000,437401.000000,75549924.000000, , , ,0.000000,-0.975586,0.325195
8709.000000,437492.000000,75549924.000000, , , ,-0.325195,0.000000,0.325195
8710.000000,437499.000000,75549924.000000,-0.034800,0.020300,-0.983100, , , 
8711.000000,437593.000000,75549924.000000, , , ,-0.975586,-0.650391,0.975586
8712.000000,437600.000000,75549924.000000,-0.026100,0.023200,-0.968600, , , 
8713.000000,437694.000000,75549924.000000, , , ,0.000000,0.000000,0.325195
8714.000000,437699.000000,75549924.000000,-0.055100,0.020300,-0.974400, , , 
8715.000000,437795.000000,75549924.000000, , , ,-0.325195,-0.325195,0.325195
8716.000000,437800.000000,75549924.000000,-0.046400,0.002900,-0.994700, , , 
8717.000000,437896.000000,75549924.000000, , , ,-0.325195,0.000000,0.325195
8718.000000,437899.000000,75549924.000000,-0.055100,0.017400,-0.986000, , , 
8719.000000,437997.000000,75549924.000000, , , ,-0.325195,0.000000,0.000000
8720.000000,438000.000000,75549924.000000,-0.052200,0.002900,-1.003400, , , 
8721.000000,438098.000000,75549924.000000, , , ,-0.325195,0.000000,0.325195
8722.000000,438099.000000,75549924.000000,-0.031900,0.005800,-0.957000, , , 
8723.000000,438199.000000,75549924.000000, , , ,-0.975586,-0.650391,0.000000
8724.000000,438200.000000,75549924.000000,-0.058000,-0.002900,-0.951200, , , 
8725.000000,438299.000000,75549924.000000,-0.066700,0.026100,-0.986000, , , 
8726.000000,438300.000000,75549924.000000, , , ,-0.975586,0.000000,0.325195
8727.000000,438400.000000,75549924.000000,-0.055100,0.011600,-1.041100, , , 
8728.000000,438401.000000,75549924.000000, , , ,0.000000,0.650391,0.000000
8729.000000,438492.000000,75549924.000000, , , ,-0.650391,-0.325195,0.000000
8730.000000,438499.000000,75549924.000000,-0.037700,-0.011600,-0.983100, , , 
8731.000000,438593.000000,75549924.000000, , , ,0.000000,0.000000,0.000000
8732.000000,438600.000000,75549924.000000,-0.046400,0.005800,-0.965700, , , 
8733.000000,438694.000000,75549924.000000, , , ,0.000000,0.000000,0.650391
8734.000000,438699.000000,75549924.000000,-0.060900,0.002900,-0.991800, , , 
8735.000000,438795.000000,75549924.000000, , , ,-0.650391,0.000000,0.650391
8736.000000,438800.000000,75549924.000000,-0.008700,0.000000,-0.971500, , , 
8737.000000,438896.000000,75549924.000000, , , ,-0.325195,0.000000,0.325195
8738.000000,438899.000000,75549924.000000,-0.017400,0.014500,-0.986000, , , 
8739.000000,438997.000000,75549924.000000, , , ,0.000000,0.975586,0.000000
8740.000000,439000.000000,75549924.000000,0.002900,0.069600,-1.003400, , , 
8741.000000,439098.000000,75549924.000000, , , ,-0.650391,0.000000,0.000000
8742.000000,439099.000000,75549924.000000,0.031900,0.005800,-0.983100, , , 
8743.000000,439199.000000,75549924.000000, , , ,-0.325195,-0.975586,0.000000
8744.000000,439200.000000,75549924.000000,0.000000,0.008700,-0.942500, , , 
8745.000000,439299.000000,75549924.000000,0.000000,0.017400,-0.980200, , , 
8746.000000,439300.000000,75549924.000000, , , ,0.325195,0.000000,0.325195
8747.000000,439400.000000,75549924.000000,0.023200,-0.008700,-0.983100, , , 
8748.000000,439401.000000,75549924.000000, , , ,-0.650391,-0.650391,0.325195
8749.000000,439492.000000,75549924.000000, , , ,-1.300781,-0.975586,0.325195
8750.000000,439499.000000,75549924.000000,0.020300,0.000000,-0.945400, , , 
8751.000000,439593.000000,75549924.000000, , , ,-0.975586,-0.325195,0.325195
8752.000000,439600.000000,75549924.000000,-0.017400,0.037700,-0.968600, , , 
8753.000000,439694.000000,75549924.000000, , , ,0.000000,0.000000,0.000000
8754.000000,439699.000000,75549924.000000,0.008700,0.026100,-1.006300, , , 
8755.000000,439795.000000,75549924.000000, , , ,-0.325195,-0.975586,0.000000
8756.000000,439800.000000,75549924.000000,0.008700,0.002900,-1.006300, , , 
8757.000000,439896.000000,75549924.000000, , , ,-0.650391,-0.325195,0.325195
8758.000000,439899.000000,75549924.000000,0.005800,-0.002900,-0.971500, , , 
8759.000000,439997.000000,75549924.000000, , , ,0.000000,-0.650391,0.325195
8760.000000,440000.000000,75549924.000000,-0.002900,0.008700,-0.977300, , , 
8761.000000,440098.000000,75549924.000000, , , ,0.000000,0.000000,0.325195
8762.000000,440099.000000,75549924.000000,0.002900,0.000000,-0.980200, , , 
8763.000000,440199.000000,75549924.000000, , , ,-0.650391,-0.325195,0.000000
8764.000000,440200.000000,75549924.000000,0.000000,0.005800,-0.980200, , , 
8765.000000,440299.000000,75549924.000000,0.005800,0.005800,-1.000500, , , 
8766.000000,440300.000000,75549924.000000, , , ,-0.650391,0.000000,0.325195
8767.000000,440400.000000,75549924.000000,0.011600,0.031900,-0.971500, , , 
8768.000000,440401.000000,75549924.000000, , , ,0.000000,-0.325195,0.000000
8769.000000,440492.000000,75549924.000000, , , ,0.325195,0.000000,0.000000
8770.000000,440499.000000,75549924.000000,-0.020300,0.000000,-1.015000, , , 
8771.000000,440593.000000,75549924.000000, , , ,-0.650391,0.000000,0.325195
8772.000000,440600.000000,75549924.000000,0.000000,-0.014500,-0.983100, , , 
8773.000000,440694.000000,75549924.000000, , , ,-0.650391,-0.975586,0.000000
8774.000000,440699.000000,75549924.000000,-0.020300,-0.002900,-0.951200, , , 
8775.000000,440795.000000,75549924.000000, , , ,-0.325195,0.000000,0.000000
8776.000000,440800.000000,75549924.000000,-0.031900,0.008700,-0.977300, , , 
8777.000000,440896.000000,75549924.000000, , , ,-0.975586,0.000000,0.325195
8778.000000,440899.000000,75549924.000000,-0.031900,0.002900,-1.000500, , , 
8779.000000,440997.000000,75549924.000000, , , ,-0.650391,0.325195,0.325195
8780.000000,441000.000000,75549924.000000,-0.040600,-0.005800,-1.012100, , , 
8781.000000,441098.000000,75549924.000000, , , ,-0.975586,-0.975586,0.000000
8782.000000,441099.000000,75549924.000000,-0.014500,0.002900,-0.968600, , , 
8783.000000,441199.000000,75549924.000000, , , ,-0.650391,-0.650391,0.000000
8784.000000,441200.000000,75549924.000000,-0.063800,-0.005800,-0.959900, , , 
8785.000000,441299.000000,75549924.000000,-0.060900,-0.011600,-0.991800, , , 
8786.000000,441300.000000,75549924.000000, , , ,-0.325195,0.000000,0.000000
8787.000000,441400.000000,75549924.000000,-0.049300,-0.008700,-1.000500, , , 
8788.000000,441401.000000,75549924.000000, , , ,-0.975586,0.325195,0.000000
8789.000000,441492.000000,75549924.000000, , , ,-1.625977,0.000000,0.000000
8790.000000,441499.000000,75549924.000000,-0.037700,-0.002900,-0.994700, , , 
8791.000000,441593.000000,75549924.000000, , , ,-1.625977,0.000000,0.000000
8792.000000,441600.000000,75549924.000000,-0.008700,-0.002900,-0.971500, , , 
8793.000000,441694.000000,75549924.000000, , , ,-1.951172,0.975586,0.000000
8794.000000,441699.000000,75549924.000000,0.000000,-0.008700,-1.003400, , , 
8795.000000,441795.000000,75549924.000000, , , ,-1.300781,0.325195,0.000000
8796.000000,441800.000000,75549924.000000,0.014500,0.002900,-1.006300, , , 
8797.000000,441896.000000,75549924.000000, , , ,-0.325195,0.000000,0.000000
8798.000000,441899.000000,75549924.000000,0.020300,0.005800,-0.968600, , , 
8799.000000,441997.000000,75549924.000000, , , ,-0.975586,-0.975586,-0.325195
8800.000000,442000.000000,75549924.000000,0.005800,-0.014500,-0.965700, , , 
8801.000000,442098.000000,75549924.000000, , , ,-1.300781,0.325195,0.000000
8802.000000,442099.000000,75549924.000000,-0.002900,-0.029000,-0.974400, , , 
8803.000000,442199.000000,75549924.000000, , , ,-2.276367,-0.650391,-0.325195
8804.000000,442200.000000,75549924.000000,0.031900,-0.023200,-0.980200, , , 
8805.000000,442299.000000,75549924.000000,0.005800,-0.005800,-0.968600, , , 
8806.000000,442300.000000,75549924.000000, , , ,-1.625977,-0.325195,0.000000
8807.000000,442400.000000,75549924.000000,0.002900,-0.020300,-1.015000, , , 
8808.000000,442401.000000,75549924.000000, , , ,-1.300781,0.325195,0.000000
8809.000000,442492.000000,75549924.000000, , , ,-1.625977,0.000000,-0.325195
8810.000000,442499.000000,75549924.000000,0.034800,-0.017400,-1.003400, , , 
8811.000000,442593.000000,75549924.000000, , , ,-1.625977,0.000000,0.000000
8812.000000,442600.000000,75549924.000000,0.011600,0.020300,-0.977300, , , 
8813.000000,442694.000000,75549924.000000, , , ,-1.300781,0.000000,0.000000
8814.000000,442699.000000,75549924.000000,0.014500,0.026100,-0.983100, , , 
8815.000000,442795.000000,75549924.000000, , , ,-0.975586,-0.325195,0.000000
8816.000000,442800.000000,75549924.000000,0.023200,0.005800,-0.951200, , , 
8817.000000,442896.000000,75549924.000000, , , ,-1.625977,-0.650391,0.000000
8818.000000,442899.000000,75549924.000000,0.005800,0.017400,-0.948300, , , 
8819.000000,442997.000000,75549924.000000, , , ,-0.975586,0.325195,0.000000
8820.000000,443000.000000,75549924.000000,-0.008700,0.029000,-1.009200, , , 
8821.000000,443098.000000,75549924.000000, , , ,-0.975586,0.650391,0.000000
8822.000000,443099.000000,75549924.000000,0.026100,0.029000,-1.029500, , , 
8823.000000,443199.000000,75549924.000000, , , ,-0.975586,0.000000,0.000000
8824.000000,443200.000000,75549924.000000,-0.002900,0.031900,-1.023700, , , 
8825.000000,443299.000000,75549924.000000,0.017400,0.026100,-0.983100, , , 
8826.000000,443300.000000,75549924.000000, , , ,-0.975586,0.000000,0.000000
8827.000000,443400.000000,75549924.000000,0.005800,0.052200,-0.983100, , , 
8828.000000,443401.000000,75549924.000000, , , ,-0.650391,0.000000,0.000000
8829.000000,443492.000000,75549924.000000, , , ,-1.625977,-0.975586,0.000000
8830.000000,443499.000000,75549924.000000,0.011600,0.005800,-0.977300, , , 
8831.000000,443593.000000,75549924.000000, , , ,-1.300781,-0.975586,0.000000
8832.000000,443600.000000,75549924.000000,0.031900,0.017400,-0.954100, , , 
8833.000000,443694.000000,75549924.000000, , , ,-0.975586,0.000000,0.000000
8834.000000,443699.000000,75549924.000000,-0.002900,0.037700,-0.957000, , , 
8835.000000,443795.000000,75549924.000000, , , ,-0.650391,0.000000,0.325195
8836.000000,443800.000000,75549924.000000,0.002900,0.026100,-0.965700, , , 
8837.000000,443896.000000,75549924.000000, , , ,-0.650391,0.000000,0.000000
8838.000000,443899.000000,75549924.000000,-0.017400,0.017400,-0.991800, , , 
8839.000000,443997.000000,75549924.000000, , , ,-0.975586,0.000000,0.000000
8840.000000,444000.000000,75549924.000000,-0.005800,0.014500,-0.977300, , , 
8841.000000,444098.000000,75549924.000000, , , ,-0.650391,0.000000,0.000000
8842.000000,444099.000000,75549924.000000,-0.011600,0.017400,-1.006300, , , 
8843.000000,444199.000000,75549924.000000, , , ,0.000000,0.325195,-0.650391
8844.000000,444200.000000,75549924.000000,-0.011600,0.011600,-1.032400, , , 
8845.000000,444299.000000,75549924.000000,0.014500,0.008700,-0.988900, , , 
8846.000000,444300.000000,75549924.000000, , , ,-0.325195,0.000000,0.000000
8847.000000,444400.000000,75549924.000000,-0.008700,0.008700,-0.962800, , , 
8848.000000,444401.000000,75549924.000000, , , ,0.000000,-0.325195,0.325195
8849.000000,444492.000000,75549924.000000, , , ,-0.325195,0.000000,0.000000
8850.000000,444499.000000,75549924.000000,-0.011600,0.000000,-0.997600, , , 
8851.000000,444593.000000,75549924.000000, , , ,-0.650391,0.000000,-0.325195
8852.000000,444600.000000,75549924.000000,0.017400,0.034800,-1.017900, , , 
8853.000000,444694.000000,75549924.000000, , , ,-0.650391,-0.325195,0.000000
8854.000000,444699.000000,75549924.000000,0.037700,0.011600,-0.991800, , , 
8855.000000,444795.000000,75549924.000000, , , ,-0.325195,-0.650391,0.325195
8856.000000,444800.000000,75549924.000000,0.031900,0.023200,-0.945400, , , 
8857.000000,444896.000000,75549924.000000, , , ,-0.975586,0.000000,0.000000
8858.000000,444899.000000,75549924.000000,0.000000,0.014500,-0.977300, , , 
8859.000000,444997.000000,75549924.000000, , , ,-1.625977,0.000000,0.000000
8860.000000,445000.000000,75549924.000000,0.026100,0.011600,-0.962800, , , 
8861.000000,445098.000000,75549924.000000, , , ,-0.650391,-0.325195,0.000000
8862.000000,445099.000000,75549924.000000,-0.008700,0.026100,-0.977300, , , 
8863.000000,445199.000000,75549924.000000, , , ,0.000000,0.325195,0.000000
8864.000000,445200.000000,75549924.000000,-0.002900,0.034800,-0.988900, , , 
8865.000000,445299.000000,75549924.000000, , , ,0.000000,0.000000,0.000000
8866.000000,445300.000000,75549924.000000,-0.023200,0.011600,-1.006300, , , 
8867.000000,445399.000000,75549924.000000,0.011600,-0.002900,-1.038200, , , 
8868.000000,445400.000000,75549924.000000, , , ,-0.650391,0.325195,0.650391
8869.000000,445500.000000,75549924.000000,-0.002900,0.034800,-1.003400,-0.325195,0.000000,0.000000
8870.000000,445600.000000,75549924.000000,0.020300,0.017400,-0.986000, , , 
8871.000000,445601.000000,75549924.000000, , , ,-0.650391,0.650391,-0.650391
8872.000000,445692.000000,75549924.000000, , , ,0.000000,0.000000,0.000000
8873.000000,445699.000000,75549924.000000,0.011600,0.008700,-0.983100, , , 
8874.000000,445793.000000,75549924.000000, , , ,-0.650391,-0.650391,-0.325195
8875.000000,445800.000000,75549924.000000,0.029000,0.026100,-0.959900, , , 
8876.000000,445894.000000,75549924.000000, , , ,-0.325195,0.000000,0.000000
8877.000000,445899.000000,75549924.000000,0.000000,0.014500,-0.994700, , , 
8878.000000,445995.000000,75549924.000000, , , ,-0.325195,0.000000,-0.325195
8879.000000,446000.000000,75549924.000000,0.029000,0.011600,-1.003400, , , 
8880.000000,446096.000000,75549924.000000, , , ,-0.325195,0.000000,0.000000
8881.000000,446099.000000,75549924.000000,0.023200,0.020300,-0.980200, , , 
8882.000000,446197.000000,75549924.000000, , , ,-0.650391,-0.650391,0.000000
8883.000000,446200.000000,75549924.000000,0.000000,0.031900,-0.991800, , , 
8884.000000,446298.000000,75549924.000000, , , ,-0.325195,-0.650391,0.000000
8885.000000,446299.000000,75549924.000000,0.029000,0.002900,-0.974400, , , 
8886.000000,446399.000000,75549924.000000, , , ,-0.650391,0.000000,0.000000
8887.000000,446400.000000,75549924.000000,-0.014500,0.008700,-0.991800, , , 
8888.000000,446499.000000,75549924.000000,0.014500,0.020300,-0.991800, , , 
8889.000000,446500.000000,75549924.000000, , , ,-0.975586,0.000000,0.000000
8890.000000,446600.000000,75549924.000000,0.000000,0.017400,-0.983100, , , 
8891.000000,446601.000000,75549924.000000, , , ,0.000000,0.000000,0.000000
8892.000000,446692.000000,75549924.000000, , , ,-0.325195,-0.325195,-0.325195
8893.000000,446699.000000,75549924.000000,0.020300,0.017400,-0.977300, , , 
8894.000000,446793.000000,75549924.000000, , , ,-0.650391,-0.650391,0.000000
8895.000000,446800.000000,75549924.000000,0.000000,0.020300,-0.959900, , , 
8896.000000,446894.000000,75549924.000000, , , ,-0.325195,-0.325195,-0.325195
8897.000000,446899.000000,75549924.000000,0.000000,0.029000,-0.991800, , , 
8898.000000,446995.000000,75549924.000000, , , ,-0.650391,-0.325195,0.000000
8899.000000,447000.000000,75549924.000000,-0.008700,0.029000,-0.977300, , , 
8900.000000,447096.000000,75549924.000000, , , ,-0.650391,0.000000,0.000000
8901.000000,447099.000000,75549924.000000,0.002900,0.029000,-0.983100, , , 
8902.000000,447197.000000,75549924.000000, , , ,-0.325195,0.000000,0.000000
8903.000000,447200.000000,75549924.000000,-0.011600,0.017400,-0.997600, , , 
8904.000000,447298.000000,75549924.000000, , , ,0.000000,0.325195,0.000000
8905.000000,447299.000000,75549924.000000,0.000000,0.026100,-1.000500, , , 
8906.000000,447399.000000,75549924.000000, , , ,0.000000,0.000000,0.000000
8907.000000,447400.000000,75549924.000000,0.000000,0.017400,-0.988900, , , 
8908.000000,447499.000000,75549924.000000,0.008700,0.020300,-0.933800, , , 
8909.000000,447500.000000,75549924.000000, , , ,-0.650391,-0.650391,-0.325195
8910.000000,447600.000000,75549924.000000,-0.017400,0.017400,-0.948300, , , 
8911.000000,447601.000000,75549924.000000, , , ,-0.975586,-0.650391,-0.325195
8912.000000,447692.000000,75549924.000000, , , ,-1.625977,0.000000,0.325195
8913.000000,447699.000000,75549924.000000,-0.026100,0.011600,-1.029500, , , 
8914.000000,447793.000000,75549924.000000, , , ,-1.300781,0.000000,0.000000
8915.000000,447800.000000,75549924.000000,0.014500,0.031900,-1.032400, , , 
8916.000000,447894.000000,75549924.000000, , , ,0.325195,0.000000,0.000000
8917.000000,447899.000000,75549924.000000,0.000000,0.058000,-0.988900, , , 
8918.000000,447995.000000,75549924.000000, , , ,0.000000,0.000000,0.000000
8919.000000,448000.000000,75549924.000000,-0.011600,0.023200,-0.974400, , , 
8920.000000,448096.000000,75549924.000000, , , ,0.000000,0.000000,0.000000
8921.000000,448099.000000,75549924.000000,0.005800,0.034800,-0.974400, , , 
8922.000000,448197.000000,75549924.000000, , , ,-0.650391,0.000000,0.000000
8923.000000,448200.000000,75549924.000000,-0.005800,0.002900,-0.986000, , , 
8924.000000,448298.000000,75549924.000000, , , ,-0.975586,0.000000,0.000000
8925.000000,448299.000000,75549924.000000,0.000000,0.017400,-0.959900, , , 
8926.000000,448399.000000,75549924.000000, , , ,-0.650391,-0.325195,0.000000
8927.000000,448400.000000,75549924.000000,-0.005800,0.040600,-0.991800, , , 
8928.000000,448499.000000,75549924.000000,0.000000,0.043500,-1.000500, , , 
8929.000000,448500.000000,75549924.000000, , , ,-0.325195,0.000000,0.000000
8930.000000,448600.000000,75549924.000000,-0.002900,0.031900,-0.974400, , , 
8931.000000,448601.000000,75549924.000000, , , ,0.000000,-0.325195,-0.325195
8932.000000,448692.000000,75549924.000000, , , ,0.000000,0.325195,0.000000
8933.000000,448699.000000,75549924.000000,-0.008700,0.020300,-1.000500, , , 
8934.000000,448793.000000,75549924.000000, , , ,0.000000,0.000000,-0.975586
8935.000000,448800.000000,75549924.000000,0.000000,-0.026100,-0.991800, , , 
8936.000000,448894.000000,75549924.000000, , , ,-0.325195,-0.325195,-0.650391
8937.000000,448899.000000,75549924.000000,0.008700,-0.011600,-0.965700, , , 
8938.000000,448995.000000,75549924.000000, , , ,-0.650391,0.000000,-0.650391
8939.000000,449000.000000,75549924.000000,-0.011600,-0.002900,-0.988900, , , 
8940.000000,449096.000000,75549924.000000, , , ,-0.650391,0.650391,-0.325195
8941.000000,449099.000000,75549924.000000,0.002900,0.020300,-1.015000, , , 
8942.000000,449197.000000,75549924.000000, , , ,-0.325195,0.325195,0.000000
8943.000000,449200.000000,75549924.000000,0.037700,0.014500,-1.015000, , , 
8944.000000,449298.000000,75549924.000000, , , ,0.000000,-0.325195,-0.650391
8945.000000,449299.000000,75549924.000000,0.008700,0.017400,-0.986000, , , 
8946.000000,449399.000000,75549924.000000, , , ,-0.325195,0.325195,-0.325195
8947.000000,449400.000000,75549924.000000,0.005800,0.000000,-0.986000, , , 
8948.000000,449499.000000,75549924.000000,0.040600,0.000000,-0.962800, , , 
8949.000000,449500.000000,75549924.000000, , , ,-0.650391,-0.325195,-0.325195
8950.000000,449600.000000,75549924.000000,0.005800,0.002900,-0.930900, , , 
8951.000000,449601.000000,75549924.000000, , , ,-0.650391,-0.975586,-0.325195
8952.000000,449692.000000,75549924.000000, , , ,-1.300781,-0.650391,0.000000
8953.000000,449699.000000,75549924.000000,0.002900,0.020300,-0.971500, , , 
8954.000000,449793.000000,75549924.000000, , , ,-0.975586,0.325195,0.000000
8955.000000,449800.000000,75549924.000000,0.000000,0.043500,-0.980200, , , 
8956.000000,449894.000000,75549924.000000, , , ,-0.650391,0.000000,0.000000
8957.000000,449899.000000,75549924.000000,0.005800,0.020300,-0.986000, , , 
8958.000000,449995.000000,75549924.000000, , , ,-0.325195,0.325195,0.000000
8959.000000,450000.000000,75549924.000000,0.017400,0.040600,-1.017900, , , 
8960.000000,450096.000000,75549924.000000, , , ,0.000000,0.325195,-0.325195
8961.000000,450099.000000,75549924.000000,0.055100,0.014500,-1.026600, , , 
8962.000000,450197.000000,75549924.000000, , , ,-0.325195,0.000000,-0.650391
8963.000000,450200.000000,75549924.000000,0.043500,0.011600,-0.983100, , , 
8964.000000,450298.000000,75549924.000000, , , ,-0.650391,-0.325195,0.000000
8965.000000,450299.000000,75549924.000000,0.055100,0.026100,-0.954100, , , 
8966.000000,450399.000000,75549924.000000, , , ,-0.650391,-0.650391,0.325195
8967.000000,450400.000000,75549924.000000,0.026100,0.005800,-0.945400, , , 
8968.000000,450499.000000,75549924.000000,0.034800,0.002900,-1.017900, , , 
8969.000000,450500.000000,75549924.000000, , , ,-0.650391,0.650391,0.000000
8970.000000,450600.000000,75549924.000000,0.049300,0.029000,-1.006300, , , 
8971.000000,450601.000000,75549924.000000, , , ,-0.650391,0.000000,-0.325195
8972.000000,450692.000000,75549924.000000, , , ,0.000000,0.000000,0.000000
8973.000000,450699.000000,75549924.000000,0.034800,0.026100,-0.980200, , , 
8974.000000,450793.000000,75549924.000000, , , ,0.000000,0.000000,-0.325195
8975.000000,450800.000000,75549924.000000,0.034800,0.020300,-0.994700, , , 
8976.000000,450894.000000,75549924.000000, , , ,0.000000,0.000000,0.000000
8977.000000,450899.000000,75549924.000000,0.034800,0.020300,-1.006300, , , 
8978.000000,450995.000000,75549924.000000, , , ,-0.325195,-1.300781,0.000000
8979.000000,451000.000000,75549924.000000,0.063800,0.002900,-0.974400, , , 
8980.000000,451096.000000,75549924.000000, , , ,-0.975586,-0.650391,-0.975586
8981.000000,451099.000000,75549924.000000,0.031900,0.031900,-0.948300, , , 
8982.000000,451197.000000,75549924.000000, , , ,-0.325195,0.975586,0.000000
8983.000000,451200.000000,75549924.000000,0.026100,0.026100,-0.997600, , , 
8984.000000,451298.000000,75549924.000000, , , ,-0.650391,0.650391,0.000000
8985.000000,451299.000000,75549924.000000,0.058000,0.020300,-1.038200, , , 
8986.000000,451399.000000,75549924.000000, , , ,-0.650391,0.000000,0.000000
8987.000000,451400.000000,75549924.000000,0.072500,0.040600,-0.974400, , , 
8988.000000,451499.000000,75549924.000000,0.031900,0.029000,-0.971500, , , 
8989.000000,451500.000000,75549924.000000, , , ,0.000000,-0.325195,0.000000
8990.000000,451600.000000,75549924.000000,0.040600,0.011600,-0.983100, , , 
8991.000000,451601.000000,75549924.000000, , , ,0.000000,0.000000,0.000000
8992.000000,451692.000000,75549924.000000, , , ,-0.650391,0.000000,0.325195
8993.000000,451699.000000,75549924.000000,0.046400,0.008700,-0.980200, , , 
8994.000000,451793.000000,75549924.000000, , , ,-0.975586,-0.650391,0.000000
8995.000000,451800.000000,75549924.000000,0.043500,0.005800,-0.968600, , , 
8996.000000,451894.000000,75549924.000000, , , ,-0.650391,0.000000,0.000000
8997.000000,451899.000000,75549924.000000,0.026100,0.037700,-0.994700, , , 
8998.000000,451995.000000,75549924.000000, , , ,-0.975586,0.000000,0.000000
8999.000000,452000.000000,75549924.000000,0.043500,0.026100,-1.029500, , , 
9000.000000,452096.000000,75549924.000000, , , ,-0.650391,-0.325195,0.000000
9001.000000,452099.000000,75549924.000000,0.043500,0.031900,-0.988900, , , 
9002.000000,452197.000000,75549924.000000, , , ,-0.325195,0.000000,0.000000
9003.000000,452200.000000,75549924.000000,0.034800,0.031900,-0.971500, , , 
9004.000000,452298.000000,75549924.000000, , , ,0.000000,0.000000,0.000000
9005.000000,452299.000000,75549924.000000,0.049300,0.029000,-0.974400, , , 
9006.000000,452399.000000,75549924.000000, , , ,0.000000,-0.650391,0.000000
9007.000000,452400.000000,75549924.000000,0.040600,0.031900,-0.945400, , , 
9008.000000,452499.000000,75549924.000000,0.023200,0.008700,-1.006300, , , 
9009.000000,452500.000000,75549924.000000, , , ,-0.650391,0.000000,0.000000
9010.000000,452600.000000,75549924.000000,0.043500,0.002900,-1.023700, , , 
9011.000000,452601.000000,75549924.000000, , , ,-0.975586,0.000000,0.000000
9012.000000,452692.000000,75549924.000000, , , ,-0.650391,-0.325195,0.000000
9013.000000,452699.000000,75549924.000000,0.040600,0.023200,-1.006300, , , 
9014.000000,452793.000000,75549924.000000, , , ,-0.325195,0.000000,0.000000
9015.000000,452800.000000,75549924.000000,0.040600,0.020300,-0.980200, , , 
9016.000000,452894.000000,75549924.000000, , , ,0.000000,-0.325195,0.000000
9017.000000,452899.000000,75549924.000000,0.037700,0.034800,-0.954100, , , 
9018.000000,452995.000000,75549924.000000, , , ,0.000000,-0.325195,0.000000
9019.000000,453000.000000,75549924.000000,0.005800,0.014500,-0.994700, , , 
9020.000000,453096.000000,75549924.000000, , , ,-0.325195,0.000000,-0.325195
9021.000000,453099.000000,75549924.000000,0.052200,0.011600,-0.988900, , , 
9022.000000,453197.000000,75549924.000000, , , ,-0.325195,0.000000,-0.325195
9023.000000,453200.000000,75549924.000000,0.002900,0.014500,-0.994700, , , 
9024.000000,453298.000000,75549924.000000, , , ,-0.325195,0.325195,-0.650391
9025.000000,453299.000000,75549924.000000,0.037700,0.014500,-1.000500, , , 
9026.000000,453399.000000,75549924.000000, , , ,0.000000,0.000000,-0.325195
9027.000000,453400.000000,75549924.000000,0.017400,0.000000,-1.006300, , , 
9028.000000,453499.000000,75549924.000000,0.043500,0.002900,-0.988900, , , 
9029.000000,453500.000000,75549924.000000, , , ,0.000000,0.000000,0.000000
9030.000000,453600.000000,75549924.000000,0.023200,0.020300,-0.974400, , , 
9031.000000,453601.000000,75549924.000000, , , ,-0.325195,0.000000,0.000000
9032.000000,453692.000000,75549924.000000, , , ,-0.650391,0.000000,-0.325195
9033.000000,453699.000000,75549924.000000,0.020300,0.017400,-0.994700, , , 
9034.000000,453793.000000,75549924.000000, , , ,-0.325195,0.000000,-0.650391
9035.000000,453800.000000,75549924.000000,0.043500,0.023200,-0.980200, , , 
9036.000000,453894.000000,75549924.000000, , , ,-0.325195,0.000000,0.000000
9037.000000,453899.000000,75549924.000000,0.031900,0.014500,-0.994700, , , 
9038.000000,453995.000000,75549924.000000, , , ,-0.650391,0.000000,0.000000
9039.000000,454000.000000,75549924.000000,0.037700,0.008700,-0.977300, , , 
9040.000000,454096.000000,75549924.000000, , , ,0.000000,0.000000,-0.325195
9041.000000,454099.000000,75549924.000000,0.026100,0.002900,-1.006300, , , 
9042.000000,454197.000000,75549924.000000, , , ,0.000000,0.000000,0.000000
9043.000000,454200.000000,75549924.000000,0.040600,0.017400,-0.988900, , , 
9044.000000,454298.000000,75549924.000000, , , ,-0.325195,-0.325195,-0.325195
9045.000000,454299.000000,75549924.000000,0.060900,0.020300,-0.965700, , , 
9046.000000,454399.000000,75549924.000000, , , ,0.000000,0.000000,-0.325195
9047.000000,454400.000000,75549924.000000,0.020300,-0.002900,-0.968600, , , 
9048.000000,454499.000000,75549924.000000,0.037700,0.020300,-0.988900, , , 
9049.000000,454500.000000,75549924.000000, , , ,-0.325195,0.000000,0.000000
9050.000000,454600.000000,75549924.000000,0.034800,0.026100,-0.991800, , , 
9051.000000,454601.000000,75549924.000000, , , ,0.000000,-0.325195,-0.325195
9052.000000,454692.000000,75549924.000000, , , ,-0.325195,0.000000,-0.325195
9053.000000,454699.000000,75549924.000000,0.029000,0.014500,-0.986000, , , 
9054.000000,454793.000000,75549924.000000, , , ,-0.325195,0.325195,-0.650391
9055.000000,454800.000000,75549924.000000,0.029000,0.000000,-1.015000, , , 
9056.000000,454894.000000,75549924.000000, , , ,-0.650391,0.000000,-0.325195
9057.000000,454899.000000,75549924.000000,0.037700,0.000000,-0.986000, , , 
9058.000000,454995.000000,75549924.000000, , , ,-0.650391,-0.650391,0.000000
9059.000000,455000.000000,75549924.000000,0.026100,0.000000,-0.968600, , , 
9060.000000,455096.000000,75549924.000000, , , ,-1.300781,0.000000,0.000000
9061.000000,455099.000000,75549924.000000,0.014500,0.000000,-0.986000, , , 
9062.000000,455197.000000,75549924.000000, , , ,-0.650391,0.325195,-0.325195
9063.000000,455200.000000,75549924.000000,0.023200,0.023200,-1.020800, , , 
9064.000000,455298.000000,75549924.000000, , , ,-0.325195,0.000000,-0.325195
9065.000000,455299.000000,75549924.000000,0.043500,0.020300,-0.991800, , , 
9066.000000,455399.000000,75549924.000000, , , ,-0.325195,-0.325195,0.000000
9067.000000,455400.000000,75549924.000000,0.020300,0.011600,-0.965700, , , 
9068.000000,455499.000000,75549924.000000,0.008700,0.023200,-0.980200, , , 
9069.000000,455500.000000,75549924.000000, , , ,-0.325195,0.000000,0.000000
9070.000000,455600.000000,75549924.000000,0.023200,0.002900,-0.971500, , , 
9071.000000,455601.000000,75549924.000000, , , ,-0.650391,0.000000,-0.325195
9072.000000,455692.000000,75549924.000000, , , ,-0.650391,-0.975586,-0.325195
9073.000000,455699.000000,75549924.000000,0.008700,0.026100,-0.986000, , , 
9074.000000,455793.000000,75549924.000000, , , ,-0.650391,0.000000,-0.325195
9075.000000,455800.000000,75549924.000000,-0.002900,0.031900,-0.974400, , , 
9076.000000,455894.000000,75549924.000000, , , ,-0.325195,0.325195,0.000000
9077.000000,455899.000000,75549924.000000,0.011600,0.000000,-1.017900, , , 
9078.000000,455995.000000,75549924.000000, , , ,0.000000,0.325195,0.000000
9079.000000,456000.000000,75549924.000000,0.011600,0.046400,-1.012100, , , 
9080.000000,456096.000000,75549924.000000, , , ,0.000000,-0.325195,0.000000
9081.000000,456099.000000,75549924.000000,0.023200,0.026100,-0.988900, , , 
9082.000000,456197.000000,75549924.000000, , , ,0.000000,0.000000,0.000000
9083.000000,456200.000000,75549924.000000,0.002900,0.014500,-0.974400, , , 
9084.000000,456298.000000,75549924.000000, , , ,0.000000,0.325195,0.000000
9085.000000,456299.000000,75549924.000000,0.031900,0.011600,-0.974400, , , 
9086.000000,456399.000000,75549924.000000, , , ,-1.300781,0.000000,0.000000
9087.000000,456400.000000,75549924.000000,0.029000,0.000000,-0.968600, , , 
9088.000000,456499.000000,75549924.000000,0.020300,0.014500,-1.000500, , , 
9089.000000,456500.000000,75549924.000000, , , ,-0.975586,0.325195,0.325195
9090.000000,456600.000000,75549924.000000,0.034800,0.040600,-1.012100, , , 
9091.000000,456601.000000,75549924.000000, , , ,-0.325195,0.650391,0.000000
9092.000000,456692.000000,75549924.000000, , , ,0.000000,0.325195,-0.325195
9093.000000,456699.000000,75549924.000000,0.043500,0.043500,-0.997600, , , 
9094.000000,456793.000000,75549924.000000, , , ,-0.325195,0.325195,0.000000
9095.000000,456800.000000,75549924.000000,0.020300,0.046400,-1.023700, , , 
9096.000000,456894.000000,75549924.000000, , , ,0.000000,-0.325195,0.000000
9097.000000,456899.000000,75549924.000000,0.060900,0.037700,-0.965700, , , 
9098.000000,456995.000000,75549924.000000, , , ,0.000000,-0.650391,0.000000
9099.000000,457000.000000,75549924.000000,0.002900,0.017400,-0.951200, , , 
9100.000000,457096.000000,75549924.000000, , , ,-0.975586,-0.975586,0.000000
9101.000000,457099.000000,75549924.000000,0.014500,0.029000,-0.942500, , , 
9102.000000,457197.000000,75549924.000000, , , ,-0.650391,0.000000,0.000000
9103.000000,457200.000000,75549924.000000,-0.014500,0.026100,-0.988900, , , 
9104.000000,457298.000000,75549924.000000, , , ,-0.975586,0.650391,0.000000
9105.000000,457299.000000,75549924.000000,0.002900,0.026100,-1.026600, , , 
9106.000000,457399.000000,75549924.000000, , , ,-0.325195,0.000000,0.000000
9107.000000,457400.000000,75549924.000000,0.002900,0.026100,-1.012100, , , 
9108.000000,457499.000000,75549924.000000,-0.002900,0.020300,-0.986000, , , 
9109.000000,457500.000000,75549924.000000, , , ,0.000000,0.000000,-0.325195
9110.000000,457600.000000,75549924.000000,0.014500,0.020300,-0.986000, , , 
9111.000000,457601.000000,75549924.000000, , , ,0.325195,0.000000,0.000000
9112.000000,457692.000000,75549924.000000, , , ,0.000000,0.000000,-0.325195
9113.000000,457699.000000,75549924.000000,0.002900,0.000000,-0.962800, , , 
9114.000000,457793.000000,75549924.000000, , , ,-0.650391,-0.325195,-0.325195
9115.000000,457800.000000,75549924.000000,0.000000,-0.008700,-0.980200, , , 
9116.000000,457894.000000,75549924.000000, , , ,-0.975586,-0.325195,-0.325195
9117.000000,457899.000000,75549924.000000,-0.005800,0.017400,-0.983100, , , 
9118.000000,457995.000000,75549924.000000, , , ,-0.650391,0.000000,-0.325195
9119.000000,458000.000000,75549924.000000,0.002900,-0.008700,-0.983100, , , 
9120.000000,458096.000000,75549924.000000, , , ,-0.650391,0.000000,-0.325195
9121.000000,458099.000000,75549924.000000,-0.031900,0.014500,-1.035300, , , 
9122.000000,458197.000000,75549924.000000, , , ,-0.650391,0.650391,-0.325195
9123.000000,458200.000000,75549924.000000,0.043500,0.020300,-0.994700, , , 
9124.000000,458298.000000,75549924.000000, , , ,-0.650391,-0.650391,-0.325195
9125.000000,458299.000000,75549924.000000,-0.002900,0.020300,-0.974400, , , 
9126.000000,458399.000000,75549924.000000, , , ,-0.325195,-0.650391,-0.325195
9127.000000,458400.000000,75549924.000000,-0.005800,0.008700,-0.957000, , , 
9128.000000,458499.000000,75549924.000000,0.014500,0.031900,-0.968600, , , 
9129.000000,458500.000000,75549924.000000, , , ,-0.650391,0.000000,-0.325195
9130.000000,458600.000000,75549924.000000,-0.005800,0.005800,-0.991800, , , 
9131.000000,458601.000000,75549924.000000, , , ,-0.975586,-0.325195,0.000000
9132.000000,458701.000000,75549924.000000,0.005800,0.026100,-1.003400, , , 
9133.000000,458702.000000,75549924.000000, , , ,-0.650391,0.000000,-0.325195
9134.000000,458792.000000,75549924.000000, , , ,-0.325195,0.000000,0.000000
9135.000000,458799.000000,75549924.000000,0.008700,0.034800,-1.009200, , , 
9136.000000,458893.000000,75549924.000000, , , ,-0.325195,0.000000,0.000000
9137.000000,458900.000000,75549924.000000,0.017400,0.026100,-0.983100, , , 
9138.000000,458994.000000,75549924.000000, , , ,-0.325195,0.000000,0.000000
9139.000000,458999.000000,75549924.000000,0.005800,0.014500,-0.988900, , , 
9140.000000,459095.000000,75549924.000000, , , ,0.000000,0.000000,0.000000
9141.000000,459100.000000,75549924.000000,0.031900,0.023200,-0.983100, , , 
9142.000000,459196.000000,75549924.000000, , , ,0.000000,0.000000,0.000000
9143.000000,459199.000000,75549924.000000,0.008700,0.043500,-0.983100, , , 
9144.000000,459297.000000,75549924.000000, , , ,-0.650391,-0.325195,0.000000
9145.000000,459300.000000,75549924.000000,0.031900,0.014500,-0.971500, , , 
9146.000000,459398.000000,75549924.000000, , , ,-0.650391,-0.650391,0.000000
9147.000000,459399.000000,75549924.000000,0.014500,0.005800,-0.977300, , , 
9148.000000,459499.000000,75549924.000000, , , ,0.325195,0.000000,-0.325195
9149.000000,459500.000000,75549924.000000,0.029000,0.017400,-0.983100, , , 
9150.000000,459599.000000,75549924.000000,0.043500,0.026100,-0.968600, , , 
9151.000000,459600.000000,75549924.000000, , , ,-0.325195,-0.325195,0.000000
9152.000000,459700.000000,75549924.000000,0.011600,0.043500,-0.991800, , , 
9153.000000,459701.000000,75549924.000000, , , ,-0.650391,0.000000,0.000000
9154.000000,459792.000000,75549924.000000, , , ,-0.975586,0.650391,0.000000
9155.000000,459799.000000,75549924.000000,0.023200,0.023200,-1.041100, , , 
9156.000000,459893.000000,75549924.000000, , , ,-0.650391,0.000000,0.000000
9157.000000,459900.000000,75549924.000000,0.031900,0.020300,-0.991800, , , 
9158.000000,459994.000000,75549924.000000, , , ,-0.325195,-0.325195,0.000000
9159.000000,459999.000000,75549924.000000,0.023200,0.014500,-0.965700, , , 
9160.000000,460095.000000,75549924.000000, , , ,-0.325195,0.000000,0.000000
9161.000000,460100.000000,75549924.000000,-0.005800,0.011600,-0.974400, , , 
9162.000000,460196.000000,75549924.000000, , , ,-0.650391,0.000000,0.000000
9163.000000,460199.000000,75549924.000000,0.029000,0.011600,-0.974400, , , 
9164.000000,460297.000000,75549924.000000, , , ,-0.325195,-0.650391,-0.325195
9165.000000,460300.000000,75549924.000000,0.000000,0.023200,-0.988900, , , 
9166.000000,460398.000000,75549924.000000, , , ,0.000000,0.000000,0.000000
9167.000000,460399.000000,75549924.000000,0.014500,0.026100,-1.012100, , , 
9168.000000,460499.000000,75549924.000000, , , ,0.000000,0.000000,-0.325195
9169.000000,460500.000000,75549924.000000,0.014500,0.023200,-1.003400, , , 
9170.000000,460599.000000,75549924.000000,0.017400,0.005800,-0.980200, , , 
9171.000000,460600.000000,75549924.000000, , , ,0.000000,-0.325195,-0.650391
9172.000000,460700.000000,75549924.000000,0.002900,0.005800,-0.980200, , , 
9173.000000,460701.000000,75549924.000000, , , ,-0.325195,0.000000,0.000000
9174.000000,460792.000000,75549924.000000, , , ,0.000000,0.000000,-0.325195
9175.000000,460799.000000,75549924.000000,0.014500,0.014500,-0.954100, , , 
9176.000000,460893.000000,75549924.000000, , , ,-0.975586,-0.650391,-0.325195
9177.000000,460900.000000,75549924.000000,0.000000,0.000000,-0.974400, , , 
9178.000000,460994.000000,75549924.000000, , , ,-0.975586,0.000000,0.325195
9179.000000,460999.000000,75549924.000000,-0.011600,0.046400,-0.983100, , , 
9180.000000,461095.000000,75549924.000000, , , ,0.000000,0.000000,0.000000
9181.000000,461100.000000,75549924.000000,0.002900,0.026100,-1.000500, , , 
9182.000000,461196.000000,75549924.000000, , , ,-0.325195,0.000000,0.000000
9183.000000,461199.000000,75549924.000000,-0.020300,0.029000,-1.009200, , , 
9184.000000,461297.000000,75549924.000000, , , ,-0.325195,0.000000,0.000000
9185.000000,461300.000000,75549924.000000,0.011600,0.066700,-1.017900, , , 
9186.000000,461398.000000,75549924.000000, , , ,0.000000,-0.325195,0.000000
9187.000000,461399.000000,75549924.000000,-0.011600,0.046400,-0.983100, , , 
9188.000000,461499.000000,75549924.000000, , , ,-0.650391,-0.975586,0.000000
9189.000000,461500.000000,75549924.000000,0.017400,0.000000,-0.936700, , , 
9190.000000,461599.000000,75549924.000000,-0.014500,0.017400,-0.954100, , , 
9191.000000,461600.000000,75549924.000000, , , ,0.000000,-0.325195,0.000000
9192.000000,461700.000000,75549924.000000,-0.002900,0.023200,-0.997600, , , 
9193.000000,461701.000000,75549924.000000, , , ,-0.975586,0.975586,0.000000
9194.000000,461792.000000,75549924.000000, , , ,-0.325195,0.000000,0.000000
9195.000000,461799.000000,75549924.000000,0.023200,0.029000,-0.994700, , , 
9196.000000,461893.000000,75549924.000000, , , ,0.000000,-0.325195,0.000000
9197.000000,461900.000000,75549924.000000,0.005800,0.023200,-0.968600, , , 
9198.000000,461994.000000,75549924.000000, , , ,-0.325195,0.000000,0.000000
9199.000000,461999.000000,75549924.000000,0.023200,0.020300,-1.009200, , , 
9200.000000,462095.000000,75549924.000000, , , ,-0.650391,0.000000,-0.325195
9201.000000,462100.000000,75549924.000000,0.020300,0.011600,-0.965700, , , 
9202.000000,462196.000000,75549924.000000, , , ,-0.650391,0.000000,0.000000
9203.000000,462199.000000,75549924.000000,0.026100,0.023200,-0.986000, , , 
9204.000000,462297.000000,75549924.000000, , , ,-0.325195,0.000000,-0.325195
9205.000000,462300.000000,75549924.000000,-0.020300,0.023200,-1.006300, , , 
9206.000000,462398.000000,75549924.000000, , , ,0.000000,0.325195,-0.325195
9207.000000,462399.000000,75549924.000000,0.017400,0.014500,-1.015000, , , 
9208.000000,462499.000000,75549924.000000, , , ,-0.325195,0.000000,-0.325195
9209.000000,462500.000000,75549924.000000,0.020300,0.008700,-0.997600, , , 
9210.000000,462599.000000,75549924.000000,0.020300,0.017400,-0.962800, , , 
9211.000000,462600.000000,75549924.000000, , , ,-0.325195,-0.650391,-0.325195
9212.000000,462700.000000,75549924.000000,0.014500,0.031900,-0.968600, , , 
9213.000000,462701.000000,75549924.000000, , , ,0.000000,-0.325195,0.000000
9214.000000,462792.000000,75549924.000000, , , ,-0.325195,-0.325195,-0.325195
9215.000000,462799.000000,75549924.000000,0.005800,0.017400,-0.968600, , , 
9216.000000,462893.000000,75549924.000000, , , ,-0.650391,-0.325195,0.000000
9217.000000,462900.000000,75549924.000000,0.005800,0.005800,-0.983100, , , 
9218.000000,462994.000000,75549924.000000, , , ,-0.325195,0.000000,-0.325195
9219.000000,462999.000000,75549924.000000,0.005800,0.005800,-1.000500, , , 
9220.000000,463095.000000,75549924.000000, , , ,0.000000,0.000000,0.000000
9221.000000,463100.000000,75549924.000000,0.017400,0.017400,-0.997600, , , 
9222.000000,463196.000000,75549924.000000, , , ,-0.325195,-0.975586,-0.325195
9223.000000,463199.000000,75549924.000000,-0.002900,0.002900,-0.957000, , , 
9224.000000,463297.000000,75549924.000000, , , ,-0.975586,0.000000,-0.325195
9225.000000,463300.000000,75549924.000000,-0.017400,0.000000,-0.997600, , , 
9226.000000,463398.000000,75549924.000000, , , ,-1.300781,-0.975586,0.000000
9227.000000,463399.000000,75549924.000000,-0.011600,0.000000,-0.977300, , , 
9228.000000,463499.000000,75549924.000000, , , ,-1.300781,-1.300781,-0.325195
9229.000000,463500.000000,75549924.000000,-0.029000,0.005800,-0.957000, , , 
9230.000000,463599.000000,75549924.000000,-0.052200,0.008700,-1.017900, , , 
9231.000000,463600.000000,75549924.000000, , , ,-0.975586,0.325195,0.000000
9232.000000,463700.000000,75549924.000000,-0.017400,0.046400,-1.017900, , , 
9233.000000,463701.000000,75549924.000000, , , ,-0.325195,0.325195,0.000000
9234.000000,463792.000000,75549924.000000, , , ,0.000000,0.000000,-0.975586
9235.000000,463799.000000,75549924.000000,-0.049300,0.014500,-1.006300, , , 
9236.000000,463892.000000,75549924.000000, , , ,-0.325195,-0.325195,0.000000
9237.000000,463899.000000,75549924.000000,-0.034800,0.008700,-0.974400, , , 
9238.000000,463993.000000,75549924.000000, , , ,0.000000,-0.975586,0.325195
9239.000000,464000.000000,75549924.000000,-0.049300,0.005800,-0.977300, , , 
9240.000000,464094.000000,75549924.000000, , , ,-0.325195,0.000000,0.000000
9241.000000,464099.000000,75549924.000000,-0.049300,0.034800,-0.980200, , , 
9242.000000,464195.000000,75549924.000000, , , ,-0.325195,-0.325195,0.325195
9243.000000,464200.000000,75549924.000000,-0.029000,0.029000,-0.974400, , , 
9244.000000,464296.000000,75549924.000000, , , ,-0.975586,0.000000,0.000000
9245.000000,464299.000000,75549924.000000,-0.023200,0.014500,-0.962800, , , 
9246.000000,464397.000000,75549924.000000, , , ,-0.325195,0.325195,0.000000
9247.000000,464400.000000,75549924.000000,-0.002900,0.034800,-1.000500, , , 
9248.000000,464498.000000,75549924.000000, , , ,-0.325195,0.000000,0.000000
9249.000000,464499.000000,75549924.000000,0.000000,0.029000,-0.994700, , , 
9250.000000,464599.000000,75549924.000000, , , ,-0.325195,-0.325195,0.000000
9251.000000,464600.000000,75549924.000000,-0.008700,0.020300,-0.988900, , , 
9252.000000,464699.000000,75549924.000000,0.002900,0.023200,-1.003400, , , 
9253.000000,464700.000000,75549924.000000, , , ,-0.650391,0.000000,0.000000
9254.000000,464800.000000,75549924.000000,0.005800,0.014500,-0.957000,-0.325195,-0.650391,0.000000
9255.000000,464900.000000,75549924.000000,-0.011600,0.037700,-0.994700, , , 
9256.000000,464901.000000,75549924.000000, , , ,-0.650391,0.000000,0.000000
9257.000000,464992.000000,75549924.000000, , , ,-0.325195,0.325195,0.000000
9258.000000,464999.000000,75549924.000000,0.017400,0.029000,-0.997600, , , 
9259.000000,465093.000000,75549924.000000, , , ,-0.325195,0.325195,0.000000
9260.000000,465100.000000,75549924.000000,0.000000,0.029000,-0.983100, , , 
9261.000000,465194.000000,75549924.000000, , , ,0.000000,0.000000,0.000000
9262.000000,465199.000000,75549924.000000,0.031900,0.037700,-0.980200, , , 
9263.000000,465295.000000,75549924.000000, , , ,0.000000,0.000000,-0.325195
9264.000000,465300.000000,75549924.000000,0.014500,0.034800,-0.980200, , , 
9265.000000,465396.000000,75549924.000000, , , ,0.000000,0.000000,-0.325195
9266.000000,465399.000000,75549924.000000,0.000000,0.020300,-0.983100, , , 
9267.000000,465497.000000,75549924.000000, , , ,0.000000,0.000000,0.000000
9268.000000,465500.000000,75549924.000000,0.014500,0.020300,-0.959900, , , 
9269.000000,465598.000000,75549924.000000, , , ,-0.325195,0.000000,0.000000
9270.000000,465599.000000,75549924.000000,0.000000,0.023200,-0.994700, , , 
9271.000000,465699.000000,75549924.000000, , , ,-0.325195,0.000000,0.000000
9272.000000,465700.000000,75549924.000000,0.017400,0.020300,-0.977300, , , 
9273.000000,465799.000000,75549924.000000,0.008700,0.011600,-1.006300, , , 
9274.000000,465800.000000,75549924.000000, , , ,-0.650391,0.000000,-0.325195
9275.000000,465900.000000,75549924.000000,0.014500,0.017400,-1.017900, , , 
9276.000000,465901.000000,75549924.000000, , , ,-0.650391,0.000000,0.000000
9277.000000,465992.000000,75549924.000000, , , ,-1.300781,0.000000,0.000000
9278.000000,465999.000000,75549924.000000,0.005800,0.011600,-1.000500, , , 
9279.000000,466093.000000,75549924.000000, , , ,-0.325195,-0.975586,0.000000
9280.000000,466100.000000,75549924.000000,0.020300,0.040600,-0.983100, , , 
9281.000000,466194.000000,75549924.000000, , , ,0.000000,0.000000,0.000000
9282.000000,466199.000000,75549924.000000,0.005800,0.031900,-0.968600, , , 
9283.000000,466295.000000,75549924.000000, , , ,-0.650391,0.650391,0.000000
9284.000000,466300.000000,75549924.000000,0.000000,0.011600,-1.000500, , , 
9285.000000,466396.000000,75549924.000000, , , ,-0.650391,0.000000,0.000000
9286.000000,466399.000000,75549924.000000,0.011600,0.020300,-0.991800, , , 
9287.000000,466497.000000,75549924.000000, , , ,0.000000,0.000000,0.000000
9288.000000,466500.000000,75549924.000000,0.014500,0.031900,-0.994700, , , 
9289.000000,466598.000000,75549924.000000, , , ,-0.325195,-0.325195,0.000000
9290.000000,466599.000000,75549924.000000,0.011600,0.008700,-0.974400, , , 
9291.000000,466699.000000,75549924.000000, , , ,0.000000,0.000000,-0.325195
9292.000000,466700.000000,75549924.000000,-0.011600,0.026100,-0.980200, , , 
9293.000000,466799.000000,75549924.000000,0.023200,0.008700,-0.959900, , , 
9294.000000,466800.000000,75549924.000000, , , ,0.000000,-0.975586,-0.325195
9295.000000,466900.000000,75549924.000000,-0.002900,0.020300,-0.968600, , , 
9296.000000,466901.000000,75549924.000000, , , ,-0.325195,-0.325195,-0.325195
9297.000000,466992.000000,75549924.000000, , , ,-0.975586,0.325195,0.000000
9298.000000,466999.000000,75549924.000000,0.002900,0.011600,-1.020800, , , 
9299.000000,467093.000000,75549924.000000, , , ,-0.325195,0.000000,0.000000
9300.000000,467100.000000,75549924.000000,0.020300,0.008700,-0.997600, , , 
9301.000000,467194.000000,75549924.000000, , , ,-0.650391,0.000000,-0.325195
9302.000000,467199.000000,75549924.000000,0.034800,0.011600,-0.951200, , , 
9303.000000,467295.000000,75549924.000000, , , ,-0.325195,0.000000,0.000000
9304.000000,467300.000000,75549924.000000,0.005800,0.011600,-0.951200, , , 
9305.000000,467396.000000,75549924.000000, , , ,-0.325195,0.000000,0.000000
9306.000000,467399.000000,75549924.000000,0.026100,0.026100,-0.980200, , , 
9307.000000,467497.000000,75549924.000000, , , ,-0.650391,0.000000,-0.325195
9308.000000,467500.000000,75549924.000000,0.014500,0.014500,-1.000500, , , 
9309.000000,467598.000000,75549924.000000, , , ,-0.975586,0.325195,-0.325195
9310.000000,467599.000000,75549924.000000,0.023200,0.011600,-1.020800, , , 
9311.000000,467699.000000,75549924.000000, , , ,-1.300781,0.325195,0.325195
9312.000000,467700.000000,75549924.000000,0.020300,0.020300,-1.035300, , , 
9313.000000,467799.000000,75549924.000000,0.040600,0.008700,-0.986000, , , 
9314.000000,467800.000000,75549924.000000, , , ,-0.975586,0.325195,0.000000
9315.000000,467900.000000,75549924.000000,0.026100,0.020300,-0.986000, , , 
9316.000000,467901.000000,75549924.000000, , , ,-0.650391,0.000000,-0.325195
9317.000000,467992.000000,75549924.000000, , , ,0.000000,0.000000,-0.325195
9318.000000,467999.000000,75549924.000000,0.020300,0.046400,-0.959900, , , 
9319.000000,468093.000000,75549924.000000, , , ,-0.650391,-0.325195,0.000000
9320.000000,468100.000000,75549924.000000,0.029000,0.017400,-0.968600, , , 
9321.000000,468194.000000,75549924.000000, , , ,-0.325195,-0.325195,0.000000
9322.000000,468199.000000,75549924.000000,0.005800,0.029000,-0.971500, , , 
9323.000000,468295.000000,75549924.000000, , , ,0.000000,-0.325195,-0.650391
9324.000000,468300.000000,75549924.000000,0.037700,0.002900,-0.974400, , , 
9325.000000,468396.000000,75549924.000000, , , ,-0.325195,0.000000,-0.975586
9326.000000,468399.000000,75549924.000000,0.000000,0.000000,-0.997600, , , 
9327.000000,468497.000000,75549924.000000, , , ,-0.975586,0.000000,-0.325195
9328.000000,468500.000000,75549924.000000,0.017400,-0.008700,-0.983100, , , 
9329.000000,468598.000000,75549924.000000, , , ,-0.650391,0.000000,-0.650391
9330.000000,468599.000000,75549924.000000,0.017400,-0.020300,-0.997600, , , 
9331.000000,468699.000000,75549924.000000, , , ,-1.300781,-0.325195,-0.325195
9332.000000,468700.000000,75549924.000000,0.002900,-0.014500,-0.983100, , , 
9333.000000,468799.000000,75549924.000000,0.002900,0.005800,-1.006300, , , 
9334.000000,468800.000000,75549924.000000, , , ,-0.650391,0.000000,-0.325195
9335.000000,468900.000000,75549924.000000,-0.011600,-0.014500,-1.020800, , , 
9336.000000,468901.000000,75549924.000000, , , ,-0.650391,0.650391,-0.650391
9337.000000,468992.000000,75549924.000000, , , ,-1.300781,-0.325195,-0.325195
9338.000000,468999.000000,75549924.000000,-0.008700,-0.008700,-1.000500, , , 
9339.000000,469093.000000,75549924.000000, , , ,-0.975586,0.000000,-0.975586
9340.000000,469100.000000,75549924.000000,-0.029000,-0.017400,-0.983100, , , 
9341.000000,469194.000000,75549924.000000, , , ,-0.650391,0.000000,-1.300781
9342.000000,469200.000000,75549924.000000,-0.014500,-0.017400,-0.951200, , , 
9343.000000,469294.000000,75549924.000000, , , ,-1.300781,-0.650391,-1.300781
9344.000000,469299.000000,75549924.000000,-0.031900,-0.031900,-0.959900, , , 
9345.000000,469395.000000,75549924.000000, , , ,-1.300781,0.000000,-0.975586
9346.000000,469400.000000,75549924.000000,-0.040600,-0.034800,-0.988900, , , 
9347.000000,469496.000000,75549924.000000, , , ,-1.300781,0.000000,-0.975586
9348.000000,469499.000000,75549924.000000,-0.046400,-0.026100,-1.026600, , , 
9349.000000,469597.000000,75549924.000000, , , ,-1.300781,0.000000,-0.975586
9350.000000,469600.000000,75549924.000000,-0.034800,-0.023200,-1.000500, , , 
9351.000000,469698.000000,75549924.000000, , , ,-1.951172,0.000000,-1.300781
9352.000000,469699.000000,75549924.000000,-0.017400,-0.031900,-0.988900, , , 
9353.000000,469799.000000,75549924.000000, , , ,-1.300781,0.650391,-1.300781
9354.000000,469800.000000,75549924.000000,-0.029000,-0.026100,-1.006300, , , 
9355.000000,469899.000000,75549924.000000,0.011600,-0.020300,-0.980200, , , 
9356.000000,469900.000000,75549924.000000, , , ,-1.300781,0.000000,-1.300781
9357.000000,470000.000000,75549924.000000,-0.005800,-0.002900,-0.962800, , , 
9358.000000,470001.000000,75549924.000000, , , ,-1.300781,-0.325195,-1.625977
9359.000000,470092.000000,75549924.000000, , , ,-0.650391,-0.975586,-1.625977
9360.000000,470099.000000,75549924.000000,0.002900,-0.029000,-0.928000, , , 
9361.000000,470193.000000,75549924.000000, , , ,-0.650391,0.000000,-1.625977
9362.000000,470200.000000,75549924.000000,-0.020300,-0.034800,-0.986000, , , 
9363.000000,470294.000000,75549924.000000, , , ,-1.951172,0.000000,-0.975586
9364.000000,470299.000000,75549924.000000,0.000000,-0.060900,-1.003400, , , 
9365.000000,470395.000000,75549924.000000, , , ,-2.276367,-0.650391,-1.625977
9366.000000,470400.000000,75549924.000000,0.000000,-0.031900,-0.986000, , , 
9367.000000,470496.000000,75549924.000000, , , ,-1.625977,0.650391,-1.625977
9368.000000,470499.000000,75549924.000000,-0.014500,-0.020300,-1.012100, , , 
9369.000000,470597.000000,75549924.000000, , , ,-1.300781,-0.325195,-1.625977
9370.000000,470600.000000,75549924.000000,0.002900,-0.034800,-0.988900, , , 
9371.000000,470698.000000,75549924.000000, , , ,-0.975586,0.000000,-1.625977
9372.000000,470699.000000,75549924.000000,0.000000,-0.026100,-1.009200, , , 
9373.000000,470799.000000,75549924.000000, , , ,-0.975586,-0.325195,-1.951172
9374.000000,470800.000000,75549924.000000,0.031900,-0.031900,-0.962800, , , 
9375.000000,470899.000000,75549924.000000,0.002900,-0.026100,-1.000500, , , 
9376.000000,470900.000000,75549924.000000, , , ,-0.975586,0.000000,-1.951172
9377.000000,471000.000000,75549924.000000,0.023200,-0.020300,-1.032400, , , 
9378.000000,471001.000000,75549924.000000, , , ,-1.300781,0.325195,-1.951172
9379.000000,471092.000000,75549924.000000, , , ,-1.300781,0.325195,-1.625977
9380.000000,471099.000000,75549924.000000,0.017400,-0.014500,-0.997600, , , 
9381.000000,471193.000000,75549924.000000, , , ,-0.975586,0.000000,-1.951172
9382.000000,471200.000000,75549924.000000,0.023200,-0.037700,-1.003400, , , 
9383.000000,471294.000000,75549924.000000, , , ,-0.975586,0.000000,-2.276367
9384.000000,471299.000000,75549924.000000,0.031900,-0.043500,-0.977300, , , 
9385.000000,471395.000000,75549924.000000, , , ,-1.300781,-0.325195,-1.625977
9386.000000,471400.000000,75549924.000000,0.014500,-0.023200,-0.980200, , , 
9387.000000,471496.000000,75549924.000000, , , ,-1.300781,0.000000,-0.975586
9388.000000,471499.000000,75549924.000000,0.023200,-0.011600,-0.983100, , , 
9389.000000,471597.000000,75549924.000000, , , ,-0.975586,-0.325195,-2.276367
9390.000000,471600.000000,75549924.000000,0.020300,-0.005800,-0.959900, , , 
9391.000000,471698.000000,75549924.000000, , , ,-1.300781,-1.625977,-1.951172
9392.000000,471699.000000,75549924.000000,0.029000,-0.037700,-0.951200, , , 
9393.000000,471799.000000,75549924.000000, , , ,-1.951172,0.325195,-2.276367
9394.000000,471800.000000,75549924.000000,-0.008700,-0.043500,-0.994700, , , 
9395.000000,471899.000000,75549924.000000, , , ,-1.300781,0.325195,-1.300781
9396.000000,471900.000000,75549924.000000,0.017400,-0.008700,-1.029500, , , 
9397.000000,471999.000000,75549924.000000,0.029000,-0.011600,-0.986000, , , 
9398.000000,472000.000000,75549924.000000, , , ,-0.325195,-0.650391,-1.951172
9399.000000,472100.000000,75549924.000000,0.002900,-0.020300,-0.974400, , , 
9400.000000,472101.000000,75549924.000000, , , ,0.000000,-0.325195,-2.276367
9401.000000,472192.000000,75549924.000000, , , ,0.325195,-0.325195,-2.276367
9402.000000,472199.000000,75549924.000000,-0.008700,-0.037700,-0.997600, , , 
9403.000000,472293.000000,75549924.000000, , , ,-0.325195,-0.325195,-2.601563
9404.000000,472300.000000,75549924.000000,0.002900,-0.058000,-0.988900, , , 
9405.000000,472394.000000,75549924.000000, , , ,-0.325195,0.000000,-2.601563
9406.000000,472399.000000,75549924.000000,-0.034800,-0.060900,-1.006300, , , 
9407.000000,472495.000000,75549924.000000, , , ,-0.650391,0.325195,-1.625977
9408.000000,472500.000000,75549924.000000,-0.031900,-0.058000,-1.006300, , , 
9409.000000,472596.000000,75549924.000000, , , ,-0.650391,-0.325195,-2.276367
9410.000000,472599.000000,75549924.000000,-0.026100,-0.031900,-0.988900, , , 
9411.000000,472697.000000,75549924.000000, , , ,-0.650391,0.000000,-2.601563
9412.000000,472700.000000,75549924.000000,-0.040600,-0.040600,-0.986000, , , 
9413.000000,472798.000000,75549924.000000, , , ,-0.650391,-0.325195,-2.276367
9414.000000,472799.000000,75549924.000000,-0.034800,-0.043500,-0.983100, , , 
9415.000000,472899.000000,75549924.000000, , , ,-0.650391,0.000000,-2.601563
9416.000000,472900.000000,75549924.000000,-0.060900,-0.043500,-1.003400, , , 
9417.000000,472999.000000,75549924.000000,-0.026100,-0.072500,-0.991800, , , 
9418.000000,473000.000000,75549924.000000, , , ,-1.300781,0.000000,-2.276367
9419.000000,473100.000000,75549924.000000,-0.055100,-0.034800,-0.991800, , , 
9420.000000,473101.000000,75549924.000000, , , ,0.000000,0.000000,-2.276367
9421.000000,473192.000000,75549924.000000, , , ,0.000000,-0.650391,-2.601563
9422.000000,473199.000000,75549924.000000,-0.037700,-0.040600,-0.980200, , , 
9423.000000,473293.000000,75549924.000000, , , ,-0.975586,0.000000,-2.276367
9424.000000,473300.000000,75549924.000000,-0.052200,-0.049300,-0.977300, , , 
9425.000000,473394.000000,75549924.000000, , , ,0.000000,0.325195,-2.276367
9426.000000,473399.000000,75549924.000000,-0.063800,-0.055100,-1.009200, , , 
9427.000000,473495.000000,75549924.000000, , , ,-0.325195,0.000000,-2.276367
9428.000000,473500.000000,75549924.000000,-0.034800,-0.046400,-0.968600, , , 
9429.000000,473596.000000,75549924.000000, , , ,0.000000,0.000000,-2.276367
9430.000000,473599.000000,75549924.000000,-0.058000,-0.031900,-0.983100, , , 
9431.000000,473697.000000,75549924.000000, , , ,-0.975586,0.000000,-2.601563
9432.000000,473700.000000,75549924.000000,-0.055100,-0.052200,-1.015000, , , 
9433.000000,473798.000000,75549924.000000, , , ,-0.975586,0.000000,-2.276367
9434.000000,473799.000000,75549924.000000,-0.043500,-0.063800,-1.003400, , , 
9435.000000,473899.000000,75549924.000000, , , ,0.000000,0.000000,-2.601563
9436.000000,473900.000000,75549924.000000,-0.043500,-0.031900,-0.988900, , , 
9437.000000,473999.000000,75549924.000000,-0.046400,-0.037700,-0.971500, , , 
9438.000000,474000.000000,75549924.000000, , , ,-0.325195,0.000000,-2.601563
9439.000000,474100.000000,75549924.000000,-0.058000,-0.058000,-0.971500, , , 
9440.000000,474101.000000,75549924.000000, , , ,-0.325195,0.000000,-2.601563
9441.000000,474192.000000,75549924.000000, , , ,-0.650391,0.325195,-2.276367
9442.000000,474199.000000,75549924.000000,-0.052200,-0.063800,-1.020800, , , 
9443.000000,474293.000000,75549924.000000, , , ,-1.300781,0.325195,-2.601563
9444.000000,474300.000000,75549924.000000,-0.008700,-0.069600,-1.009200, , , 
9445.000000,474394.000000,75549924.000000, , , ,-0.650391,0.000000,-2.601563
9446.000000,474399.000000,75549924.000000,-0.011600,-0.017400,-0.983100, , , 
9447.000000,474495.000000,75549924.000000, , , ,-0.650391,0.325195,-2.276367
9448.000000,474500.000000,75549924.000000,-0.017400,-0.058000,-1.006300, , , 
9449.000000,474596.000000,75549924.000000, , , ,-0.325195,0.650391,-2.601563
9450.000000,474599.000000,75549924.000000,0.005800,-0.040600,-0.994700, , , 
9451.000000,474697.000000,75549924.000000, , , ,-0.650391,0.000000,-2.601563
9452.000000,474700.000000,75549924.000000,-0.020300,-0.037700,-0.997600, , , 
9453.000000,474798.000000,75549924.000000, , , ,-0.975586,-0.325195,-2.276367
9454.000000,474799.000000,75549924.000000,0.008700,-0.052200,-0.971500, , , 
9455.000000,474899.000000,75549924.000000, , , ,-0.650391,-0.650391,-2.276367
9456.000000,474900.000000,75549924.000000,-0.005800,-0.034800,-0.954100, , , 
9457.000000,474999.000000,75549924.000000,-0.002900,-0.040600,-0.994700, , , 
9458.000000,475000.000000,75549924.000000, , , ,-0.975586,0.000000,-2.276367
9459.000000,475100.000000,75549924.000000,0.031900,-0.017400,-0.988900, , , 
9460.000000,475101.000000,75549924.000000, , , ,-0.325195,0.325195,-2.276367
9461.000000,475192.000000,75549924.000000, , , ,-0.325195,0.325195,-1.951172
9462.000000,475199.000000,75549924.000000,0.002900,-0.005800,-1.006300, , , 
9463.000000,475293.000000,75549924.000000, , , ,0.000000,0.000000,-0.975586
9464.000000,475300.000000,75549924.000000,0.023200,-0.026100,-0.991800, , , 
9465.000000,475394.000000,75549924.000000, , , ,-0.650391,-0.650391,-1.625977
9466.000000,475399.000000,75549924.000000,0.020300,-0.011600,-0.962800, , , 
9467.000000,475495.000000,75549924.000000, , , ,-0.650391,0.000000,-1.300781
9468.000000,475500.000000,75549924.000000,0.005800,-0.020300,-0.968600, , , 
9469.000000,475596.000000,75549924.000000, , , ,-0.975586,0.000000,-1.625977
9470.000000,475601.000000,75549924.000000,0.000000,-0.026100,-1.009200, , , 
9471.000000,475696.000000,75549924.000000, , , ,-0.975586,0.325195,-1.625977
9472.000000,475699.000000,75549924.000000,0.026100,-0.005800,-1.012100, , , 
9473.000000,475797.000000,75549924.000000, , , ,-0.325195,-0.975586,-1.625977
9474.000000,475800.000000,75549924.000000,0.029000,-0.017400,-0.971500, , , 
9475.000000,475898.000000,75549924.000000, , , ,-0.325195,0.000000,-1.625977
9476.000000,475899.000000,75549924.000000,-0.023200,-0.005800,-0.980200, , , 
9477.000000,475999.000000,75549924.000000, , , ,-0.975586,0.325195,-1.625977
9478.000000,476000.000000,75549924.000000,0.011600,-0.005800,-0.997600, , , 
9479.000000,476099.000000,75549924.000000,0.011600,-0.005800,-1.009200, , , 
9480.000000,476100.000000,75549924.000000, , , ,-0.325195,0.000000,-1.300781
9481.000000,476200.000000,75549924.000000,0.002900,0.000000,-0.977300, , , 
9482.000000,476201.000000,75549924.000000, , , ,0.000000,0.000000,-1.625977
9483.000000,476292.000000,75549924.000000, , , ,0.000000,-0.325195,-1.625977
9484.000000,476299.000000,75549924.000000,-0.002900,-0.011600,-0.968600, , , 
9485.000000,476393.000000,75549924.000000, , , ,-0.325195,-0.650391,-0.975586
9486.000000,476400.000000,75549924.000000,0.000000,-0.020300,-0.945400, , , 
9487.000000,476494.000000,75549924.000000, , , ,-0.650391,-0.975586,-1.625977
9488.000000,476499.000000,75549924.000000,-0.017400,-0.017400,-0.962800, , , 
9489.000000,476595.000000,75549924.000000, , , ,-0.975586,0.325195,-1.951172
9490.000000,476600.000000,75549924.000000,-0.046400,-0.002900,-1.012100, , , 
9491.000000,476696.000000,75549924.000000, , , ,-0.975586,0.650391,-1.951172
9492.000000,476699.000000,75549924.000000,-0.029000,-0.002900,-1.058500, , , 
9493.000000,476797.000000,75549924.000000, , , ,-0.325195,0.000000,-1.625977
9494.000000,476800.000000,75549924.000000,-0.017400,-0.017400,-1.009200, , , 
9495.000000,476898.000000,75549924.000000, , , ,-0.325195,0.000000,-1.951172
9496.000000,476899.000000,75549924.000000,-0.034800,-0.014500,-0.965700, , , 
9497.000000,476999.000000,75549924.000000, , , ,-0.325195,0.000000,-1.951172
9498.000000,477000.000000,75549924.000000,-0.055100,0.000000,-0.986000, , , 
9499.000000,477099.000000,75549924.000000,-0.026100,-0.017400,-1.003400, , , 
9500.000000,477100.000000,75549924.000000, , , ,0.000000,0.975586,-1.625977
9501.000000,477200.000000,75549924.000000,-0.031900,-0.023200,-1.017900, , , 
9502.000000,477201.000000,75549924.000000, , , ,0.000000,0.000000,-2.276367
9503.000000,477292.000000,75549924.000000, , , ,0.000000,0.325195,-2.276367
9504.000000,477299.000000,75549924.000000,-0.023200,-0.023200,-0.997600, , , 
9505.000000,477393.000000,75549924.000000, , , ,-0.325195,0.325195,-2.276367
9506.000000,477400.000000,75549924.000000,-0.034800,-0.026100,-0.994700, , , 
9507.000000,477494.000000,75549924.000000, , , ,-0.325195,0.325195,-2.601563
9508.000000,477499.000000,75549924.000000,-0.011600,-0.023200,-1.015000, , , 
9509.000000,477595.000000,75549924.000000, , , ,0.000000,0.000000,-2.276367
9510.000000,477600.000000,75549924.000000,-0.008700,-0.049300,-0.971500, , , 
9511.000000,477696.000000,75549924.000000, , , ,-0.325195,-0.325195,-2.601563
9512.000000,477699.000000,75549924.000000,-0.014500,-0.052200,-0.968600, , , 
9513.000000,477797.000000,75549924.000000, , , ,-0.650391,-0.325195,-2.276367
9514.000000,477800.000000,75549924.000000,-0.005800,-0.055100,-0.991800, , , 
9515.000000,477898.000000,75549924.000000, , , ,0.000000,0.325195,-2.601563
9516.000000,477899.000000,75549924.000000,-0.017400,-0.031900,-1.006300, , , 
9517.000000,477999.000000,75549924.000000, , , ,0.000000,0.650391,-2.926758
9518.000000,478000.000000,75549924.000000,-0.014500,-0.063800,-1.003400, , , 
9519.000000,478099.000000,75549924.000000,-0.005800,-0.069600,-0.983100, , , 
9520.000000,478100.000000,75549924.000000, , , ,0.000000,-0.325195,-2.926758
9521.000000,478200.000000,75549924.000000,-0.011600,-0.081200,-0.991800, , , 
9522.000000,478201.000000,75549924.000000, , , ,-0.325195,0.000000,-2.276367
9523.000000,478292.000000,75549924.000000, , , ,-0.325195,0.000000,-3.251953
9524.000000,478299.000000,75549924.000000,-0.008700,-0.072500,-0.997600, , , 
9525.000000,478393.000000,75549924.000000, , , ,-0.650391,0.000000,-2.926758
9526.000000,478400.000000,75549924.000000,-0.014500,-0.089900,-0.988900, , , 
9527.000000,478494.000000,75549924.000000, , , ,-0.650391,0.650391,-2.926758
9528.000000,478499.000000,75549924.000000,-0.020300,-0.092800,-1.026600, , , 
9529.000000,478595.000000,75549924.000000, , , ,-0.325195,0.000000,-2.926758
9530.000000,478600.000000,75549924.000000,0.017400,-0.075400,-0.980200, , , 
9531.000000,478696.000000,75549924.000000, , , ,0.000000,-0.650391,-3.251953
9532.000000,478699.000000,75549924.000000,-0.005800,-0.081200,-0.957000, , , 
9533.000000,478797.000000,75549924.000000, , , ,-0.975586,-0.325195,-2.926758
9534.000000,478800.000000,75549924.000000,0.000000,-0.084100,-0.971500, , , 
9535.000000,478898.000000,75549924.000000, , , ,-0.650391,0.000000,-2.601563
9536.000000,478899.000000,75549924.000000,-0.005800,-0.081200,-0.959900, , , 
9537.000000,478999.000000,75549924.000000, , , ,-0.650391,0.000000,-3.251953
9538.000000,479000.000000,75549924.000000,-0.008700,-0.072500,-1.003400, , , 
9539.000000,479099.000000,75549924.000000,0.034800,-0.084100,-1.020800, , , 
9540.000000,479100.000000,75549924.000000, , , ,0.000000,0.650391,-3.577148
9541.000000,479200.000000,75549924.000000,0.011600,-0.075400,-1.009200, , , 
9542.000000,479201.000000,75549924.000000, , , ,-0.650391,0.650391,-3.251953
9543.000000,479292.000000,75549924.000000, , , ,-0.325195,0.000000,-2.926758
9544.000000,479299.000000,75549924.000000,0.023200,-0.081200,-1.009200, , , 
9545.000000,479393.000000,75549924.000000, , , ,0.000000,0.650391,-2.926758
9546.000000,479400.000000,75549924.000000,0.014500,-0.069600,-0.988900, , , 
9547.000000,479494.000000,75549924.000000, , , ,0.325195,-0.650391,-3.251953
9548.000000,479499.000000,75549924.000000,0.040600,-0.075400,-0.959900, , , 
9549.000000,479595.000000,75549924.000000, , , ,0.000000,-0.325195,-2.926758
9550.000000,479600.000000,75549924.000000,0.005800,-0.087000,-0.962800, , , 
9551.000000,479696.000000,75549924.000000, , , ,-0.650391,0.000000,-3.251953
9552.000000,479699.000000,75549924.000000,0.002900,-0.092800,-0.983100, , , 
9553.000000,479797.000000,75549924.000000, , , ,0.000000,-0.325195,-3.251953
9554.000000,479800.000000,75549924.000000,0.031900,-0.081200,-0.977300, , , 
9555.000000,479898.000000,75549924.000000, , , ,0.000000,0.000000,-3.251953
9556.000000,479899.000000,75549924.000000,-0.005800,-0.101500,-0.980200, , , 
9557.000000,479999.000000,75549924.000000, , , ,-0.650391,0.975586,-3.251953
9558.000000,480000.000000,75549924.000000,0.008700,-0.118900,-1.046900, , , 
9559.000000,480099.000000,75549924.000000,0.052200,-0.110200,-1.020800, , , 
9560.000000,480100.000000,75549924.000000, , , ,-1.951172,0.000000,-3.251953
9561.000000,480200.000000,75549924.000000,0.023200,-0.084100,-0.954100, , , 
9562.000000,480201.000000,75549924.000000, , , ,-1.951172,-1.300781,-2.276367
9563.000000,480292.000000,75549924.000000, , , ,-1.300781,0.000000,-3.251953
9564.000000,480299.000000,75549924.000000,0.037700,-0.069600,-0.983100, , , 
9565.000000,480393.000000,75549924.000000, , , ,-0.975586,0.325195,-2.926758
9566.000000,480400.000000,75549924.000000,0.046400,-0.084100,-0.997600, , , 
9567.000000,480494.000000,75549924.000000, , , ,-0.975586,0.000000,-2.926758
9568.000000,480499.000000,75549924.000000,0.017400,-0.066700,-0.962800, , , 
9569.000000,480595.000000,75549924.000000, , , ,-0.650391,-0.325195,-2.926758
9570.000000,480600.000000,75549924.000000,0.029000,-0.075400,-1.015000, , , 
9571.000000,480696.000000,75549924.000000, , , ,-2.276367,0.000000,-2.276367
9572.000000,480699.000000,75549924.000000,0.040600,-0.075400,-1.017900, , , 
9573.000000,480797.000000,75549924.000000, , , ,-1.625977,-0.325195,-2.276367
9574.000000,480800.000000,75549924.000000,0.043500,-0.031900,-0.974400, , , 
9575.000000,480898.000000,75549924.000000, , , ,-0.325195,0.000000,-1.300781
9576.000000,480899.000000,75549924.000000,0.029000,-0.026100,-1.000500, , , 
9577.000000,480999.000000,75549924.000000, , , ,0.000000,0.000000,-2.276367
9578.000000,481000.000000,75549924.000000,0.049300,-0.031900,-0.986000, , , 
9579.000000,481099.000000,75549924.000000,0.034800,-0.034800,-0.971500, , , 
9580.000000,481100.000000,75549924.000000, , , ,0.000000,0.000000,-2.276367
9581.000000,481200.000000,75549924.000000,0.034800,-0.046400,-1.000500, , , 
9582.000000,481201.000000,75549924.000000, , , ,-0.325195,-0.325195,-2.276367
9583.000000,481292.000000,75549924.000000, , , ,-0.325195,0.000000,-2.276367
9584.000000,481299.000000,75549924.000000,0.046400,-0.049300,-0.974400, , , 
9585.000000,481393.000000,75549924.000000, , , ,-0.650391,0.000000,-2.276367
9586.000000,481400.000000,75549924.000000,0.020300,-0.040600,-0.994700, , , 
9587.000000,481494.000000,75549924.000000, , , ,-0.325195,-0.325195,-2.601563
9588.000000,481499.000000,75549924.000000,0.031900,-0.034800,-0.997600, , , 
9589.000000,481595.000000,75549924.000000, , , ,0.325195,0.325195,-2.926758
9590.000000,481600.000000,75549924.000000,0.040600,-0.046400,-0.971500, , , 
9591.000000,481696.000000,75549924.000000, , , ,0.325195,-0.650391,-2.926758
9592.000000,481699.000000,75549924.000000,0.031900,-0.066700,-0.988900, , , 
9593.000000,481797.000000,75549924.000000, , , ,0.000000,0.000000,-3.251953
9594.000000,481800.000000,75549924.000000,0.023200,-0.104400,-1.015000, , , 
9595.000000,481898.000000,75549924.000000, , , ,-1.300781,0.975586,-2.926758
9596.000000,481899.000000,75549924.000000,0.037700,-0.116000,-1.023700, , , 
9597.000000,481999.000000,75549924.000000, , , ,-2.276367,0.000000,-2.601563
9598.000000,482000.000000,75549924.000000,0.031900,-0.066700,-1.038200, , , 
9599.000000,482099.000000,75549924.000000,0.037700,-0.069600,-0.997600, , , 
9600.000000,482100.000000,75549924.000000, , , ,-1.951172,0.000000,-2.926758
9601.000000,482200.000000,75549924.000000,0.043500,-0.060900,-0.957000, , , 
9602.000000,482201.000000,75549924.000000, , , ,-1.300781,-0.650391,-2.926758
9603.000000,482292.000000,75549924.000000, , , ,-0.325195,0.325195,-2.276367
9604.000000,482299.000000,75549924.000000,0.014500,-0.049300,-0.983100, , , 
9605.000000,482393.000000,75549924.000000, , , ,-0.650391,-0.325195,-2.276367
9606.000000,482400.000000,75549924.000000,0.037700,-0.092800,-1.000500, , , 
9607.000000,482494.000000,75549924.000000, , , ,-0.975586,0.000000,-2.601563
9608.000000,482499.000000,75549924.000000,0.040600,-0.060900,-0.968600, , , 
9609.000000,482595.000000,75549924.000000, , , ,-0.975586,-0.325195,-2.926758
9610.000000,482600.000000,75549924.000000,0.034800,-0.063800,-0.980200, , , 
9611.000000,482696.000000,75549924.000000, , , ,-0.650391,0.000000,-2.926758
9612.000000,482699.000000,75549924.000000,0.037700,-0.069600,-0.965700, , , 
9613.000000,482797.000000,75549924.000000, , , ,-0.975586,0.000000,-3.251953
9614.000000,482800.000000,75549924.000000,0.026100,-0.069600,-0.988900, , , 
9615.000000,482898.000000,75549924.000000, , , ,-0.650391,0.000000,-3.251953
9616.000000,482899.000000,75549924.000000,0.055100,-0.069600,-1.000500, , , 
9617.000000,482999.000000,75549924.000000, , , ,0.000000,0.000000,-3.251953
9618.000000,483000.000000,75549924.000000,0.017400,-0.095700,-0.994700, , , 
9619.000000,483099.000000,75549924.000000,0.037700,-0.066700,-1.000500, , , 
9620.000000,483100.000000,75549924.000000, , , ,0.000000,0.325195,-3.577148
9621.000000,483200.000000,75549924.000000,0.034800,-0.084100,-0.991800, , , 
9622.000000,483201.000000,75549924.000000, , , ,0.000000,-0.325195,-3.577148
9623.000000,483292.000000,75549924.000000, , , ,0.000000,0.000000,-3.577148
9624.000000,483299.000000,75549924.000000,0.034800,-0.101500,-0.977300, , , 
9625.000000,483393.000000,75549924.000000, , , ,0.325195,0.000000,-3.902344
9626.000000,483400.000000,75549924.000000,0.020300,-0.092800,-1.003400, , , 
9627.000000,483494.000000,75549924.000000, , , ,-0.650391,0.975586,-3.251953
9628.000000,483499.000000,75549924.000000,0.029000,-0.104400,-1.029500, , , 
9629.000000,483595.000000,75549924.000000, , , ,-0.650391,0.000000,-2.926758
9630.000000,483600.000000,75549924.000000,0.034800,-0.084100,-1.000500, , , 
9631.000000,483696.000000,75549924.000000, , , ,-1.300781,0.000000,-3.251953
9632.000000,483699.000000,75549924.000000,0.020300,-0.107300,-1.003400, , , 
9633.000000,483797.000000,75549924.000000, , , ,-0.650391,0.000000,-3.577148
9634.000000,483800.000000,75549924.000000,0.037700,-0.069600,-0.974400, , , 
9635.000000,483898.000000,75549924.000000, , , ,-0.325195,-0.975586,-2.276367
9636.000000,483899.000000,75549924.000000,0.043500,-0.049300,-0.922200, , , 
9637.000000,483999.000000,75549924.000000, , , ,0.325195,-0.325195,-2.926758
9638.000000,484000.000000,75549924.000000,0.020300,-0.049300,-0.948300, , , 
9639.000000,484099.000000,75549924.000000,0.008700,-0.069600,-0.988900, , , 
9640.000000,484100.000000,75549924.000000, , , ,0.000000,0.000000,-2.601563
9641.000000,484200.000000,75549924.000000,0.020300,-0.055100,-1.012100, , , 
9642.000000,484201.000000,75549924.000000, , , ,-1.300781,0.000000,-1.951172
9643.000000,484292.000000,75549924.000000, , , ,-1.951172,0.650391,-1.951172
9644.000000,484299.000000,75549924.000000,0.017400,-0.034800,-1.035300, , , 
9645.000000,484393.000000,75549924.000000, , , ,-0.975586,0.325195,-1.951172
9646.000000,484400.000000,75549924.000000,0.034800,-0.017400,-1.000500, , , 
9647.000000,484494.000000,75549924.000000, , , ,-0.650391,-0.650391,-1.625977
9648.000000,484499.000000,75549924.000000,0.031900,-0.002900,-0.951200, , , 
9649.000000,484595.000000,75549924.000000, , , ,0.000000,0.000000,-1.300781
9650.000000,484600.000000,75549924.000000,0.005800,-0.014500,-0.986000, , , 
9651.000000,484696.000000,75549924.000000, , , ,0.325195,0.000000,-2.276367
9652.000000,484699.000000,75549924.000000,0.031900,-0.005800,-0.980200, , , 
9653.000000,484797.000000,75549924.000000, , , ,0.000000,0.000000,-2.601563
9654.000000,484800.000000,75549924.000000,0.017400,-0.040600,-0.983100, , , 
9655.000000,484898.000000,75549924.000000, , , ,0.000000,0.325195,-3.251953
9656.000000,484899.000000,75549924.000000,0.002900,-0.046400,-1.006300, , , 
9657.000000,484999.000000,75549924.000000, , , ,0.000000,0.000000,-2.276367
9658.000000,485000.000000,75549924.000000,0.029000,0.000000,-1.000500, , , 
9659.000000,485099.000000,75549924.000000,0.020300,-0.063800,-0.988900, , , 
9660.000000,485100.000000,75549924.000000, , , ,0.325195,0.000000,-2.276367
9661.000000,485200.000000,75549924.000000,0.040600,-0.058000,-0.974400, , , 
9662.000000,485201.000000,75549924.000000, , , ,0.000000,0.325195,-1.625977
9663.000000,485292.000000,75549924.000000, , , ,-0.650391,-0.650391,-2.601563
9664.000000,485299.000000,75549924.000000,0.017400,-0.052200,-0.971500, , , 
9665.000000,485393.000000,75549924.000000, , , ,-0.650391,0.000000,-2.926758
9666.000000,485400.000000,75549924.000000,0.017400,-0.058000,-0.991800, , , 
9667.000000,485494.000000,75549924.000000, , , ,-0.325195,-0.325195,-2.601563
9668.000000,485499.000000,75549924.000000,0.005800,-0.049300,-0.971500, , , 
9669.000000,485595.000000,75549924.000000, , , ,-0.650391,0.000000,-2.926758
9670.000000,485600.000000,75549924.000000,0.008700,-0.069600,-1.015000, , , 
9671.000000,485696.000000,75549924.000000, , , ,0.000000,0.000000,-2.601563
9672.000000,485699.000000,75549924.000000,0.031900,-0.055100,-0.977300, , , 
9673.000000,485797.000000,75549924.000000, , , ,-0.650391,0.000000,-2.601563
9674.000000,485800.000000,75549924.000000,-0.002900,-0.060900,-0.974400, , , 
9675.000000,485898.000000,75549924.000000, , , ,-1.300781,0.000000,-2.276367
9676.000000,485899.000000,75549924.000000,0.011600,-0.078300,-0.997600, , , 
9677.000000,485999.000000,75549924.000000, , , ,-0.975586,0.000000,-2.276367
9678.000000,486000.000000,75549924.000000,0.011600,-0.058000,-0.986000, , , 
9679.000000,486099.000000,75549924.000000,0.002900,-0.046400,-1.006300, , , 
9680.000000,486100.000000,75549924.000000, , , ,-0.650391,0.650391,-2.926758
9681.000000,486200.000000,75549924.000000,0.031900,-0.055100,-0.977300, , , 
9682.000000,486201.000000,75549924.000000, , , ,-0.650391,-0.650391,-2.601563
9683.000000,486292.000000,75549924.000000, , , ,-0.650391,-0.975586,-2.601563
9684.000000,486299.000000,75549924.000000,-0.002900,-0.040600,-0.957000, , , 
9685.000000,486393.000000,75549924.000000, , , ,0.000000,-0.650391,-2.601563
9686.000000,486400.000000,75549924.000000,0.000000,-0.055100,-0.954100, , , 
9687.000000,486494.000000,75549924.000000, , , ,-0.650391,-0.325195,-1.951172
9688.000000,486499.000000,75549924.000000,-0.029000,-0.069600,-0.980200, , , 
9689.000000,486595.000000,75549924.000000, , , ,-0.975586,0.000000,-2.276367
9690.000000,486600.000000,75549924.000000,-0.037700,-0.055100,-1.020800, , , 
9691.000000,486696.000000,75549924.000000, , , ,-0.325195,0.325195,-2.601563
9692.000000,486699.000000,75549924.000000,-0.014500,-0.063800,-1.020800, , , 
9693.000000,486797.000000,75549924.000000, , , ,-0.325195,-0.325195,-1.951172
9694.000000,486800.000000,75549924.000000,-0.017400,-0.058000,-0.980200, , , 
9695.000000,486898.000000,75549924.000000, , , ,-1.300781,0.000000,-2.276367
9696.000000,486899.000000,75549924.000000,-0.034800,-0.046400,-0.974400, , , 
9697.000000,486999.000000,75549924.000000, , , ,-0.975586,0.000000,-2.276367
9698.000000,487000.000000,75549924.000000,-0.034800,-0.060900,-1.003400, , , 
9699.000000,487099.000000,75549924.000000,-0.011600,-0.058000,-0.988900, , , 
9700.000000,487100.000000,75549924.000000, , , ,-0.975586,0.000000,-2.601563
9701.000000,487200.000000,75549924.000000,-0.017400,-0.055100,-0.994700, , , 
9702.000000,487201.000000,75549924.000000, , , ,-0.650391,0.325195,-2.601563
9703.000000,487292.000000,75549924.000000, , , ,-0.975586,0.325195,-2.276367
9704.000000,487299.000000,75549924.000000,-0.011600,-0.058000,-0.991800, , , 
9705.000000,487393.000000,75549924.000000, , , ,-0.975586,0.000000,-2.276367
9706.000000,487400.000000,75549924.000000,-0.008700,-0.046400,-0.988900, , , 
9707.000000,487494.000000,75549924.000000, , , ,-0.975586,-0.325195,-2.276367
9708.000000,487499.000000,75549924.000000,0.000000,-0.046400,-0.968600, , , 
9709.000000,487595.000000,75549924.000000, , , ,-0.325195,0.000000,-2.276367
9710.000000,487600.000000,75549924.000000,-0.023200,-0.040600,-0.977300, , , 
9711.000000,487696.000000,75549924.000000, , , ,-0.325195,0.000000,-2.276367
9712.000000,487699.000000,75549924.000000,-0.008700,-0.040600,-1.000500, , , 
9713.000000,487797.000000,75549924.000000, , , ,-0.325195,0.000000,-2.276367
9714.000000,487800.000000,75549924.000000,0.000000,-0.046400,-1.000500, , , 
9715.000000,487898.000000,75549924.000000, , , ,0.000000,0.325195,-2.601563
9716.000000,487899.000000,75549924.000000,0.005800,-0.034800,-0.991800, , , 
9717.000000,487999.000000,75549924.000000, , , ,-0.650391,0.325195,-2.276367
9718.000000,488000.000000,75549924.000000,0.011600,-0.052200,-0.980200, , , 
9719.000000,488099.000000,75549924.000000,0.037700,-0.060900,-0.991800, , , 
9720.000000,488100.000000,75549924.000000, , , ,-0.325195,-0.325195,-2.276367
9721.000000,488200.000000,75549924.000000,0.029000,-0.031900,-0.991800, , , 
9722.000000,488201.000000,75549924.000000, , , ,-0.325195,0.000000,-2.276367
9723.000000,488292.000000,75549924.000000, , , ,-0.325195,0.000000,-2.601563
9724.000000,488299.000000,75549924.000000,0.026100,-0.049300,-0.988900, , , 
9725.000000,488393.000000,75549924.000000, , , ,0.000000,0.650391,-2.601563
9726.000000,488400.000000,75549924.000000,0.017400,-0.043500,-0.997600, , , 
9727.000000,488494.000000,75549924.000000, , , ,0.000000,0.325195,-2.276367
9728.000000,488499.000000,75549924.000000,0.029000,-0.043500,-0.994700, , , 
9729.000000,488595.000000,75549924.000000, , , ,-0.325195,0.000000,-2.276367
9730.000000,488600.000000,75549924.000000,0.029000,-0.055100,-0.991800, , , 
9731.000000,488696.000000,75549924.000000, , , ,-0.975586,0.000000,-2.276367
9732.000000,488699.000000,75549924.000000,0.034800,-0.052200,-0.971500, , , 
9733.000000,488797.000000,75549924.000000, , , ,-0.975586,0.000000,-2.276367
9734.000000,488800.000000,75549924.000000,0.008700,-0.049300,-0.994700, , , 
9735.000000,488898.000000,75549924.000000, , , ,-0.975586,0.000000,-1.951172
9736.000000,488899.000000,75549924.000000,0.055100,-0.052200,-0.994700, , , 
9737.000000,488999.000000,75549924.000000, , , ,-0.650391,0.000000,-1.951172
9738.000000,489000.000000,75549924.000000,0.011600,-0.049300,-0.988900, , , 
9739.000000,489099.000000,75549924.000000,0.017400,-0.052200,-1.003400, , , 
9740.000000,489100.000000,75549924.000000, , , ,-0.650391,0.325195,-2.926758
9741.000000,489200.000000,75549924.000000,0.040600,-0.046400,-1.009200, , , 
9742.000000,489201.000000,75549924.000000, , , ,-0.325195,0.000000,-2.276367
9743.000000,489292.000000,75549924.000000, , , ,-0.650391,0.325195,-2.601563
9744.000000,489299.000000,75549924.000000,0.023200,-0.043500,-0.994700, , , 
9745.000000,489393.000000,75549924.000000, , , ,-0.975586,0.000000,-2.276367
9746.000000,489400.000000,75549924.000000,0.049300,-0.052200,-0.986000, , , 
9747.000000,489494.000000,75549924.000000, , , ,-0.325195,-0.325195,-2.276367
9748.000000,489499.000000,75549924.000000,0.020300,-0.052200,-0.977300, , , 
9749.000000,489595.000000,75549924.000000, , , ,-0.325195,0.000000,-2.926758
9750.000000,489600.000000,75549924.000000,0.017400,-0.052200,-1.000500, , , 
9751.000000,489696.000000,75549924.000000, , , ,-0.975586,0.000000,-2.276367
9752.000000,489699.000000,75549924.000000,0.037700,-0.063800,-1.003400, , , 
9753.000000,489797.000000,75549924.000000, , , ,-1.300781,0.975586,-2.926758
9754.000000,489800.000000,75549924.000000,0.034800,-0.046400,-1.000500, , , 
9755.000000,489898.000000,75549924.000000, , , ,-1.300781,-0.325195,-1.951172
9756.000000,489900.000000,75549924.000000,0.034800,-0.043500,-0.991800, , , 
9757.000000,489998.000000,75549924.000000, , , ,-0.325195,0.000000,-1.951172
9758.000000,489999.000000,75549924.000000,0.014500,-0.049300,-0.986000, , , 
9759.000000,490099.000000,75549924.000000, , , ,-0.650391,-0.650391,-2.926758
9760.000000,490100.000000,75549924.000000,0.040600,-0.060900,-0.983100, , , 
9761.000000,490199.000000,75549924.000000,0.017400,-0.049300,-0.997600, , , 
9762.000000,490200.000000,75549924.000000, , , ,-0.325195,0.325195,-1.625977
9763.000000,490300.000000,75549924.000000,0.037700,-0.060900,-0.977300, , , 
9764.000000,490301.000000,75549924.000000, , , ,-0.325195,0.000000,-2.276367
9765.000000,490392.000000,75549924.000000, , , ,-0.325195,0.325195,-2.601563
9766.000000,490399.000000,75549924.000000,0.014500,-0.078300,-0.983100, , , 
9767.000000,490493.000000,75549924.000000, , , ,-0.650391,0.000000,-2.601563
9768.000000,490500.000000,75549924.000000,0.031900,-0.060900,-1.009200, , , 
9769.000000,490594.000000,75549924.000000, , , ,-0.325195,-0.325195,-2.601563
9770.000000,490599.000000,75549924.000000,0.031900,-0.063800,-0.988900, , , 
9771.000000,490695.000000,75549924.000000, , , ,-0.650391,0.000000,-2.601563
9772.000000,490700.000000,75549924.000000,0.037700,-0.075400,-0.986000, , , 
9773.000000,490796.000000,75549924.000000, , , ,-0.650391,0.000000,-2.601563
9774.000000,490799.000000,75549924.000000,0.020300,-0.075400,-1.000500, , , 
9775.000000,490897.000000,75549924.000000, , , ,-0.325195,0.650391,-2.601563
9776.000000,490900.000000,75549924.000000,0.029000,-0.075400,-1.003400, , , 
9777.000000,490998.000000,75549924.000000, , , ,-0.975586,0.000000,-2.926758
9778.000000,490999.000000,75549924.000000,0.049300,-0.072500,-0.991800, , , 
9779.000000,491099.000000,75549924.000000, , , ,-0.650391,0.000000,-2.601563
9780.000000,491100.000000,75549924.000000,0.011600,-0.084100,-0.988900, , , 
9781.000000,491199.000000,75549924.000000,0.037700,-0.072500,-0.965700, , , 
9782.000000,491200.000000,75549924.000000, , , ,-1.300781,0.000000,-2.926758
9783.000000,491300.000000,75549924.000000,0.017400,-0.058000,-0.971500, , , 
9784.000000,491301.000000,75549924.000000, , , ,-1.300781,0.325195,-2.276367
9785.000000,491392.000000,75549924.000000, , , ,-1.300781,-0.325195,-2.926758
9786.000000,491399.000000,75549924.000000,0.037700,-0.049300,-0.988900, , , 
9787.000000,491493.000000,75549924.000000, , , ,-0.325195,0.000000,-2.601563
9788.000000,491500.000000,75549924.000000,0.020300,-0.058000,-1.012100, , , 
9789.000000,491594.000000,75549924.000000, , , ,-0.650391,0.000000,-2.926758
9790.000000,491599.000000,75549924.000000,0.020300,-0.069600,-1.000500, , , 
9791.000000,491695.000000,75549924.000000, , , ,-0.650391,0.000000,-2.926758
9792.000000,491700.000000,75549924.000000,0.023200,-0.069600,-0.983100, , , 
9793.000000,491796.000000,75549924.000000, , , ,-0.325195,0.000000,-1.951172
9794.000000,491799.000000,75549924.000000,0.008700,-0.078300,-1.000500, , , 
9795.000000,491897.000000,75549924.000000, , , ,-0.325195,0.325195,-2.601563
9796.000000,491900.000000,75549924.000000,0.017400,-0.063800,-1.006300, , , 
9797.000000,491998.000000,75549924.000000, , , ,-0.650391,0.000000,-2.601563
9798.000000,491999.000000,75549924.000000,0.005800,-0.078300,-1.003400, , , 
9799.000000,492099.000000,75549924.000000, , , ,-0.650391,-0.325195,-2.926758
9800.000000,492100.000000,75549924.000000,0.034800,-0.069600,-0.968600, , , 
9801.000000,492199.000000,75549924.000000,0.014500,-0.081200,-0.977300, , , 
9802.000000,492200.000000,75549924.000000, , , ,-0.975586,-0.325195,-2.601563
9803.000000,492300.000000,75549924.000000,0.031900,-0.060900,-0.959900, , , 
9804.000000,492301.000000,75549924.000000, , , ,-1.625977,-0.325195,-2.926758
9805.000000,492392.000000,75549924.000000, , , ,-0.650391,-0.325195,-2.601563
9806.000000,492399.000000,75549924.000000,0.000000,-0.060900,-0.994700, , , 
9807.000000,492493.000000,75549924.000000, , , ,0.000000,0.000000,-2.926758
9808.000000,492500.000000,75549924.000000,0.011600,-0.066700,-1.038200, , , 
9809.000000,492594.000000,75549924.000000, , , ,-0.325195,-0.325195,-2.601563
9810.000000,492599.000000,75549924.000000,0.008700,-0.058000,-0.986000, , , 
9811.000000,492695.000000,75549924.000000, , , ,-0.650391,-0.325195,-2.926758
9812.000000,492700.000000,75549924.000000,-0.005800,-0.081200,-1.006300, , , 
9813.000000,492796.000000,75549924.000000, , , ,-0.650391,0.000000,-2.926758
9814.000000,492799.000000,75549924.000000,-0.002900,-0.063800,-0.983100, , , 
9815.000000,492897.000000,75549924.000000, , , ,0.000000,0.325195,-2.926758
9816.000000,492900.000000,75549924.000000,-0.017400,-0.078300,-1.009200, , , 
9817.000000,492998.000000,75549924.000000, , , ,-1.300781,-0.650391,-2.926758
9818.000000,492999.000000,75549924.000000,-0.002900,-0.084100,-0.980200, , , 
9819.000000,493099.000000,75549924.000000, , , ,-0.325195,-0.325195,-2.601563
9820.000000,493100.000000,75549924.000000,-0.026100,-0.060900,-0.983100, , , 
9821.000000,493199.000000,75549924.000000,-0.017400,-0.069600,-1.015000, , , 
9822.000000,493200.000000,75549924.000000, , , ,-0.325195,0.325195,-2.926758
9823.000000,493300.000000,75549924.000000,-0.008700,-0.087000,-0.991800, , , 
9824.000000,493301.000000,75549924.000000, , , ,0.000000,0.000000,-2.601563
9825.000000,493392.000000,75549924.000000, , , ,0.000000,0.325195,-2.926758
9826.000000,493399.000000,75549924.000000,-0.023200,-0.078300,-0.991800, , , 
9827.000000,493493.000000,75549924.000000, , , ,-0.650391,-0.650391,-2.601563
9828.000000,493500.000000,75549924.000000,-0.005800,-0.084100,-0.942500, , , 
9829.000000,493594.000000,75549924.000000, , , ,-0.975586,0.000000,-2.601563
9830.000000,493599.000000,75549924.000000,-0.040600,-0.072500,-0.983100, , , 
9831.000000,493695.000000,75549924.000000, , , ,-0.650391,0.000000,-2.601563
9832.000000,493700.000000,75549924.000000,-0.002900,-0.060900,-0.991800, , , 
9833.000000,493796.000000,75549924.000000, , , ,-0.650391,0.000000,-2.601563
9834.000000,493799.000000,75549924.000000,-0.031900,-0.066700,-0.988900, , , 
9835.000000,493897.000000,75549924.000000, , , ,-1.300781,0.650391,-2.601563
9836.000000,493900.000000,75549924.000000,-0.026100,-0.087000,-1.041100, , , 
9837.000000,493998.000000,75549924.000000, , , ,-0.650391,0.000000,-2.601563
9838.000000,493999.000000,75549924.000000,-0.014500,-0.066700,-0.991800, , , 
9839.000000,494099.000000,75549924.000000, , , ,-0.650391,-0.325195,-2.601563
9840.000000,494100.000000,75549924.000000,-0.011600,-0.055100,-0.951200, , , 
9841.000000,494199.000000,75549924.000000,-0.031900,-0.075400,-0.986000, , , 
9842.000000,494200.000000,75549924.000000, , , ,-0.650391,0.000000,-2.601563
9843.000000,494300.000000,75549924.000000,-0.011600,-0.069600,-1.000500, , , 
9844.000000,494301.000000,75549924.000000, , , ,-0.975586,0.000000,-2.926758
9845.000000,494400.000000,75549924.000000,-0.017400,-0.081200,-0.980200, , , 
9846.000000,494401.000000,75549924.000000, , , ,-0.975586,-0.650391,-2.601563
9847.000000,494492.000000,75549924.000000, , , ,-0.975586,0.000000,-2.601563
9848.000000,494499.000000,75549924.000000,-0.029000,-0.063800,-0.980200, , , 
9849.000000,494593.000000,75549924.000000, , , ,-0.325195,-0.325195,-2.276367
9850.000000,494600.000000,75549924.000000,-0.017400,-0.046400,-0.994700, , , 
9851.000000,494694.000000,75549924.000000, , , ,0.000000,0.000000,-2.926758
9852.000000,494699.000000,75549924.000000,-0.023200,-0.075400,-0.994700, , , 
9853.000000,494795.000000,75549924.000000, , , ,0.000000,0.000000,-2.601563
9854.000000,494800.000000,75549924.000000,-0.034800,-0.060900,-0.994700, , , 
9855.000000,494896.000000,75549924.000000, , , ,0.000000,0.000000,-2.601563
9856.000000,494899.000000,75549924.000000,-0.031900,-0.060900,-1.009200, , , 
9857.000000,494997.000000,75549924.000000, , , ,-0.650391,-0.325195,-2.601563
9858.000000,495000.000000,75549924.000000,-0.026100,-0.063800,-0.965700, , , 
9859.000000,495098.000000,75549924.000000, , , ,-0.325195,0.000000,-2.276367
9860.000000,495099.000000,75549924.000000,-0.037700,-0.046400,-0.986000, , , 
9861.000000,495199.000000,75549924.000000, , , ,-0.325195,0.325195,-2.601563
9862.000000,495200.000000,75549924.000000,-0.046400,-0.066700,-1.023700, , , 
9863.000000,495299.000000,75549924.000000,-0.029000,-0.063800,-0.994700, , , 
9864.000000,495300.000000,75549924.000000, , , ,-0.650391,-0.325195,-2.276367
9865.000000,495400.000000,75549924.000000,-0.037700,-0.034800,-0.997600, , , 
9866.000000,495401.000000,75549924.000000, , , ,-0.325195,0.000000,-2.601563
9867.000000,495492.000000,75549924.000000, , , ,-0.975586,0.000000,-2.601563
9868.000000,495499.000000,75549924.000000,-0.031900,-0.075400,-0.986000, , , 
9869.000000,495593.000000,75549924.000000, , , ,-0.975586,-0.325195,-1.951172
9870.000000,495600.000000,75549924.000000,-0.034800,-0.052200,-0.986000, , , 
9871.000000,495694.000000,75549924.000000, , , ,0.000000,0.000000,-1.951172
9872.000000,495699.000000,75549924.000000,-0.031900,-0.043500,-0.994700, , , 
9873.000000,495795.000000,75549924.000000, , , ,0.000000,-0.650391,-2.601563
9874.000000,495800.000000,75549924.000000,-0.023200,-0.034800,-0.968600, , , 
9875.000000,495896.000000,75549924.000000, , , ,0.000000,0.000000,-2.601563
9876.000000,495899.000000,75549924.000000,-0.055100,-0.046400,-1.012100, , , 
9877.000000,495997.000000,75549924.000000, , , ,0.000000,0.000000,-2.926758
9878.000000,496000.000000,75549924.000000,-0.023200,-0.075400,-1.000500, , , 
9879.000000,496098.000000,75549924.000000, , , ,0.000000,-0.325195,-2.601563
9880.000000,496099.000000,75549924.000000,-0.037700,-0.052200,-0.968600, , , 
9881.000000,496199.000000,75549924.000000, , , ,-0.975586,0.325195,-2.276367
9882.000000,496200.000000,75549924.000000,-0.037700,-0.069600,-0.983100, , , 
9883.000000,496299.000000,75549924.000000,-0.023200,-0.055100,-0.974400, , , 
9884.000000,496300.000000,75549924.000000, , , ,-0.650391,0.000000,-2.601563
9885.000000,496400.000000,75549924.000000,-0.052200,-0.049300,-0.991800, , , 
9886.000000,496401.000000,75549924.000000, , , ,-0.325195,0.325195,-2.601563
9887.000000,496492.000000,75549924.000000, , , ,-0.975586,0.000000,-2.601563
9888.000000,496499.000000,75549924.000000,-0.034800,-0.060900,-1.015000, , , 
9889.000000,496593.000000,75549924.000000, , , ,-1.300781,0.325195,-2.276367
9890.000000,496600.000000,75549924.000000,-0.026100,-0.063800,-0.991800, , , 
9891.000000,496694.000000,75549924.000000, , , ,-1.300781,-0.325195,-2.601563
9892.000000,496699.000000,75549924.000000,-0.031900,-0.046400,-0.983100, , , 
9893.000000,496795.000000,75549924.000000, , , ,-0.975586,0.000000,-2.276367
9894.000000,496800.000000,75549924.000000,-0.034800,-0.055100,-0.980200, , , 
9895.000000,496896.000000,75549924.000000, , , ,-0.650391,0.325195,-2.601563
9896.000000,496899.000000,75549924.000000,-0.040600,-0.046400,-1.012100, , , 
9897.000000,496997.000000,75549924.000000, , , ,0.000000,0.000000,-2.601563
9898.000000,497000.000000,75549924.000000,-0.026100,-0.049300,-1.012100, , , 
9899.000000,497098.000000,75549924.000000, , , ,-0.325195,-0.325195,-2.601563
9900.000000,497099.000000,75549924.000000,-0.020300,-0.078300,-0.965700, , , 
9901.000000,497199.000000,75549924.000000, , , ,-0.325195,0.000000,-2.601563
9902.000000,497200.000000,75549924.000000,-0.049300,-0.043500,-0.983100, , , 
9903.000000,497299.000000,75549924.000000,-0.020300,-0.049300,-1.003400, , , 
9904.000000,497300.000000,75549924.000000, , , ,0.000000,0.325195,-2.601563
9905.000000,497400.000000,75549924.000000,-0.029000,-0.066700,-0.988900, , , 
9906.000000,497401.000000,75549924.000000, , , ,0.000000,0.000000,-2.601563
9907.000000,497492.000000,75549924.000000, , , ,0.000000,-0.325195,-2.601563
9908.000000,497499.000000,75549924.000000,-0.034800,-0.040600,-1.000500, , , 
9909.000000,497593.000000,75549924.000000, , , ,-0.975586,0.000000,-2.276367
9910.000000,497600.000000,75549924.000000,-0.040600,-0.063800,-1.009200, , , 
9911.000000,497694.000000,75549924.000000, , , ,-0.650391,0.000000,-2.276367
9912.000000,497699.000000,75549924.000000,-0.002900,-0.078300,-0.977300, , , 
9913.000000,497795.000000,75549924.000000, , , ,-1.300781,-0.325195,-1.951172
9914.000000,497800.000000,75549924.000000,-0.034800,-0.043500,-0.968600, , , 
9915.000000,497896.000000,75549924.000000, , , ,-1.625977,-0.325195,-2.276367
9916.000000,497899.000000,75549924.000000,-0.031900,-0.040600,-0.988900, , , 
9917.000000,497997.000000,75549924.000000, , , ,-0.975586,-0.325195,-2.276367
9918.000000,498000.000000,75549924.000000,-0.017400,-0.040600,-0.971500, , , 
9919.000000,498098.000000,75549924.000000, , , ,-1.300781,0.000000,-1.951172
9920.000000,498099.000000,75549924.000000,-0.040600,-0.029000,-0.974400, , , 
9921.000000,498199.000000,75549924.000000, , , ,-0.325195,0.000000,-2.276367
9922.000000,498200.000000,75549924.000000,-0.037700,-0.043500,-1.006300, , , 
9923.000000,498299.000000,75549924.000000,-0.031900,-0.052200,-1.006300, , , 
9924.000000,498300.000000,75549924.000000, , , ,-0.975586,0.000000,-2.276367
9925.000000,498400.000000,75549924.000000,-0.034800,-0.031900,-1.012100, , , 
9926.000000,498401.000000,75549924.000000, , , ,-0.650391,0.325195,-1.300781
9927.000000,498492.000000,75549924.000000, , , ,-0.650391,-0.325195,-1.951172
9928.000000,498499.000000,75549924.000000,-0.011600,-0.026100,-0.971500, , , 
9929.000000,498593.000000,75549924.000000, , , ,-0.325195,-0.650391,-2.276367
9930.000000,498600.000000,75549924.000000,-0.046400,-0.034800,-0.954100, , , 
9931.000000,498694.000000,75549924.000000, , , ,-0.650391,-0.325195,-2.601563
9932.000000,498699.000000,75549924.000000,-0.017400,-0.023200,-0.977300, , , 
9933.000000,498795.000000,75549924.000000, , , ,-0.325195,0.000000,-2.601563
9934.000000,498800.000000,75549924.000000,-0.046400,-0.040600,-0.991800, , , 
9935.000000,498896.000000,75549924.000000, , , ,-0.650391,0.325195,-2.276367
9936.000000,498899.000000,75549924.000000,-0.034800,-0.040600,-1.015000, , , 
9937.000000,498997.000000,75549924.000000, , , ,-0.650391,0.325195,-2.276367
9938.000000,499000.000000,75549924.000000,-0.020300,-0.043500,-1.003400, , , 
9939.000000,499098.000000,75549924.000000, , , ,-0.975586,0.325195,-3.251953
9940.000000,499099.000000,75549924.000000,-0.031900,-0.043500,-0.980200, , , 
9941.000000,499199.000000,75549924.000000, , , ,-0.975586,-0.975586,-2.276367
9942.000000,499200.000000,75549924.000000,-0.011600,-0.049300,-0.957000, , , 
9943.000000,499299.000000,75549924.000000,-0.034800,-0.040600,-0.980200, , , 
9944.000000,499300.000000,75549924.000000, , , ,-0.650391,-0.325195,-2.601563
9945.000000,499400.000000,75549924.000000,-0.005800,-0.046400,-1.023700, , , 
9946.000000,499401.000000,75549924.000000, , , ,-0.975586,0.650391,-2.601563
9947.000000,499492.000000,75549924.000000, , , ,-0.975586,0.325195,-2.601563
9948.000000,499499.000000,75549924.000000,0.008700,-0.046400,-0.986000, , , 
9949.000000,499593.000000,75549924.000000, , , ,-0.650391,0.000000,-2.601563
9950.000000,499600.000000,75549924.000000,-0.017400,-0.046400,-0.983100, , , 
9951.000000,499694.000000,75549924.000000, , , ,-0.325195,0.325195,-2.926758
9952.000000,499699.000000,75549924.000000,0.011600,-0.037700,-0.988900, , , 
9953.000000,499795.000000,75549924.000000, , , ,0.325195,0.325195,-2.601563
9954.000000,499800.000000,75549924.000000,0.000000,-0.046400,-0.983100, , , 
9955.000000,499896.000000,75549924.000000, , , ,-0.325195,0.000000,-2.601563
9956.000000,499899.000000,75549924.000000,-0.002900,-0.058000,-1.015000, , , 
9957.000000,499997.000000,75549924.000000, , , ,0.000000,0.000000,-2.926758
9958.000000,500000.000000,75549924.000000,0.002900,-0.063800,-1.015000, , , 
9959.000000,500098.000000,75549924.000000, , , ,-0.325195,0.000000,-3.251953
9960.000000,500099.000000,75549924.000000,0.008700,-0.075400,-0.974400, , , 
9961.000000,500199.000000,75549924.000000, , , ,-0.325195,-0.325195,-3.251953
9962.000000,500200.000000,75549924.000000,0.008700,-0.084100,-0.977300, , , 
9963.000000,500299.000000,75549924.000000,-0.023200,-0.087000,-0.986000, , , 
9964.000000,500300.000000,75549924.000000, , , ,-0.325195,0.325195,-3.251953
9965.000000,500400.000000,75549924.000000,0.020300,-0.098600,-1.006300, , , 
9966.000000,500401.000000,75549924.000000, , , ,-0.975586,0.000000,-3.251953
9967.000000,500492.000000,75549924.000000, , , ,-0.650391,0.000000,-3.251953
9968.000000,500499.000000,75549924.000000,0.002900,-0.084100,-0.994700, , , 
9969.000000,500593.000000,75549924.000000, , , ,-0.975586,0.000000,-2.926758
9970.000000,500600.000000,75549924.000000,-0.005800,-0.084100,-0.977300, , , 
9971.000000,500694.000000,75549924.000000, , , ,-0.650391,0.000000,-3.577148
9972.000000,500699.000000,75549924.000000,0.008700,-0.072500,-1.000500, , , 
9973.000000,500795.000000,75549924.000000, , , ,-0.650391,0.000000,-2.926758
9974.000000,500800.000000,75549924.000000,0.020300,-0.058000,-0.986000, , , 
9975.000000,500896.000000,75549924.000000, , , ,-0.325195,0.325195,-2.926758
9976.000000,500899.000000,75549924.000000,0.002900,-0.063800,-1.029500, , , 
9977.000000,500997.000000,75549924.000000, , , ,-0.325195,0.000000,-2.601563
9978.000000,501000.000000,75549924.000000,0.026100,-0.066700,-1.012100, , , 
9979.000000,501098.000000,75549924.000000, , , ,0.000000,0.000000,-2.276367
9980.000000,501099.000000,75549924.000000,0.023200,-0.052200,-0.962800, , , 
9981.000000,501199.000000,75549924.000000, , , ,-0.325195,0.000000,-2.276367
9982.000000,501200.000000,75549924.000000,0.023200,-0.049300,-1.000500, , , 
9983.000000,501299.000000,75549924.000000,0.043500,-0.046400,-0.986000, , , 
9984.000000,501300.000000,75549924.000000, , , ,0.000000,-0.325195,-2.601563
9985.000000,501400.000000,75549924.000000,0.017400,-0.043500,-0.951200, , , 
9986.000000,501401.000000,75549924.000000, , , ,0.000000,-0.650391,-2.276367
9987.000000,501492.000000,75549924.000000, , , ,0.000000,0.000000,-2.601563
9988.000000,501499.000000,75549924.000000,0.023200,-0.060900,-1.012100, , , 
9989.000000,501593.000000,75549924.000000, , , ,-0.650391,0.000000,-2.276367
9990.000000,501600.000000,75549924.000000,0.046400,-0.052200,-0.983100, , , 
9991.000000,501694.000000,75549924.000000, , , ,-0.325195,-1.625977,-2.276367
9992.000000,501699.000000,75549924.000000,0.046400,-0.043500,-0.939600, , , 
9993.000000,501795.000000,75549924.000000, , , ,-0.650391,0.000000,-1.951172
9994.000000,501800.000000,75549924.000000,0.031900,-0.020300,-0.994700, , , 
9995.000000,501896.000000,75549924.000000, , , ,-0.325195,0.000000,-2.601563
9996.000000,501899.000000,75549924.000000,0.031900,-0.043500,-1.006300, , , 
9997.000000,501997.000000,75549924.000000, , , ,0.000000,0.650391,-2.276367
9998.000000,502000.000000,75549924.000000,0.052200,-0.049300,-1.012100, , , 
9999.000000,502098.000000,75549924.000000, , , ,-0.650391,0.325195,-2.276367
10000.000000,502099.000000,75549924.000000,0.060900,-0.049300,-1.023700, , , 
10001.000000,502199.000000,75549924.000000, , , ,-0.650391,-0.325195,-2.276367
10002.000000,502200.000000,75549924.000000,0.055100,-0.060900,-0.974400, , , 
10003.000000,502299.000000,75549924.000000,0.046400,-0.046400,-0.983100, , , 
10004.000000,502300.000000,75549924.000000, , , ,-0.975586,0.000000,-2.601563
10005.000000,502400.000000,75549924.000000,0.052200,-0.055100,-1.000500, , , 
10006.000000,502401.000000,75549924.000000, , , ,-0.650391,0.000000,-2.276367
10007.000000,502492.000000,75549924.000000, , , ,-0.325195,0.000000,-2.601563
10008.000000,502499.000000,75549924.000000,0.040600,-0.052200,-0.991800, , , 
10009.000000,502593.000000,75549924.000000, , , ,0.000000,0.000000,-2.926758
10010.000000,502600.000000,75549924.000000,0.046400,-0.052200,-1.000500, , , 
10011.000000,502694.000000,75549924.000000, , , ,-0.325195,0.000000,-2.926758
10012.000000,502699.000000,75549924.000000,0.043500,-0.072500,-1.012100, , , 
10013.000000,502795.000000,75549924.000000, , , ,0.000000,0.000000,-2.926758
10014.000000,502800.000000,75549924.000000,0.052200,-0.089900,-0.988900, , , 
10015.000000,502896.000000,75549924.000000, , , ,-0.650391,0.000000,-2.601563
10016.000000,502899.000000,75549924.000000,0.040600,-0.075400,-0.994700, , , 
10017.000000,502997.000000,75549924.000000, , , ,-0.975586,0.325195,-2.601563
10018.000000,503000.000000,75549924.000000,0.040600,-0.092800,-1.038200, , , 
10019.000000,503098.000000,75549924.000000, , , ,-1.625977,0.000000,-2.926758
10020.000000,503099.000000,75549924.000000,0.084100,-0.089900,-0.994700, , , 
10021.000000,503199.000000,75549924.000000, , , ,-0.975586,-2.276367,-2.601563
10022.000000,503200.000000,75549924.000000,0.087000,-0.049300,-0.878700, , , 
10023.000000,503299.000000,75549924.000000,0.000000,-0.060900,-0.933800, , , 
10024.000000,503300.000000,75549924.000000, , , ,0.000000,-0.975586,-2.926758
10025.000000,503400.000000,75549924.000000,0.031900,-0.075400,-1.041100, , , 
10026.000000,503401.000000,75549924.000000, , , ,0.000000,1.625977,-2.926758
10027.000000,503492.000000,75549924.000000, , , ,-0.325195,1.625977,-2.926758
10028.000000,503499.000000,75549924.000000,0.060900,-0.078300,-1.073000, , , 
10029.000000,503593.000000,75549924.000000, , , ,-0.975586,-0.325195,-2.926758
10030.000000,503600.000000,75549924.000000,0.058000,-0.089900,-1.006300, , , 
10031.000000,503694.000000,75549924.000000, , , ,-1.625977,-0.650391,-2.926758
10032.000000,503699.000000,75549924.000000,0.052200,-0.081200,-0.971500, , , 
10033.000000,503795.000000,75549924.000000, , , ,-1.625977,-0.325195,-2.276367
10034.000000,503800.000000,75549924.000000,0.049300,-0.069600,-0.962800, , , 
10035.000000,503896.000000,75549924.000000, , , ,-1.300781,0.325195,-2.601563
10036.000000,503899.000000,75549924.000000,0.034800,-0.072500,-0.965700, , , 
10037.000000,503997.000000,75549924.000000, , , ,-0.975586,0.000000,-3.251953
10038.000000,504000.000000,75549924.000000,0.023200,-0.075400,-1.009200, , , 
10039.000000,504098.000000,75549924.000000, , , ,-1.300781,0.325195,-3.577148
10040.000000,504099.000000,75549924.000000,0.043500,-0.095700,-1.052700, , , 
10041.000000,504199.000000,75549924.000000, , , ,-0.975586,0.000000,-3.577148
10042.000000,504200.000000,75549924.000000,0.058000,-0.089900,-1.017900, , , 
10043.000000,504299.000000,75549924.000000,0.029000,-0.089900,-0.974400, , , 
10044.000000,504300.000000,75549924.000000, , , ,-0.650391,0.650391,-3.251953
10045.000000,504400.000000,75549924.000000,0.055100,-0.078300,-0.957000, , , 
10046.000000,504401.000000,75549924.000000, , , ,-0.325195,0.000000,-3.251953
10047.000000,504492.000000,75549924.000000, , , ,0.000000,-0.975586,-3.577148
10048.000000,504499.000000,75549924.000000,0.046400,-0.095700,-0.983100, , , 
10049.000000,504593.000000,75549924.000000, , , ,-0.325195,-0.325195,-3.251953
10050.000000,504600.000000,75549924.000000,0.037700,-0.092800,-0.980200, , , 
10051.000000,504694.000000,75549924.000000, , , ,0.000000,0.000000,-3.251953
10052.000000,504699.000000,75549924.000000,0.029000,-0.075400,-0.974400, , , 
10053.000000,504795.000000,75549924.000000, , , ,0.000000,-0.325195,-3.251953
10054.000000,504800.000000,75549924.000000,0.043500,-0.101500,-0.986000, , , 
10055.000000,504896.000000,75549924.000000, , , ,0.000000,0.325195,-2.926758
10056.000000,504899.000000,75549924.000000,0.029000,-0.087000,-1.000500, , , 
10057.000000,504997.000000,75549924.000000, , , ,-0.325195,0.325195,-2.926758
10058.000000,505000.000000,75549924.000000,0.046400,-0.066700,-1.000500, , , 
10059.000000,505098.000000,75549924.000000, , , ,0.000000,0.000000,-2.926758
10060.000000,505099.000000,75549924.000000,0.046400,-0.078300,-0.988900, , , 
10061.000000,505199.000000,75549924.000000, , , ,-0.325195,0.000000,-2.276367
10062.000000,505200.000000,75549924.000000,0.026100,-0.075400,-0.991800, , , 
10063.000000,505299.000000,75549924.000000,0.040600,-0.043500,-0.983100, , , 
10064.000000,505300.000000,75549924.000000, , , ,-0.325195,0.325195,-1.625977
10065.000000,505400.000000,75549924.000000,0.046400,-0.011600,-0.957000, , , 
10066.000000,505401.000000,75549924.000000, , , ,0.325195,-0.325195,-1.625977
10067.000000,505492.000000,75549924.000000, , , ,0.000000,-0.975586,-0.650391
10068.000000,505499.000000,75549924.000000,0.017400,-0.026100,-0.965700, , , 
10069.000000,505592.000000,75549924.000000, , , ,0.000000,0.000000,-1.300781
10070.000000,505599.000000,75549924.000000,0.034800,-0.014500,-0.994700, , , 
10071.000000,505693.000000,75549924.000000, , , ,-0.325195,0.325195,-1.625977
10072.000000,505700.000000,75549924.000000,0.043500,-0.029000,-1.038200, , , 
10073.000000,505794.000000,75549924.000000, , , ,-0.650391,0.325195,-1.300781
10074.000000,505799.000000,75549924.000000,0.063800,-0.031900,-1.020800, , , 
10075.000000,505895.000000,75549924.000000, , , ,-0.975586,0.000000,-1.625977
10076.000000,505900.000000,75549924.000000,0.046400,-0.020300,-1.006300, , , 
10077.000000,505996.000000,75549924.000000, , , ,-0.650391,0.000000,-0.975586
10078.000000,505999.000000,75549924.000000,0.066700,-0.014500,-0.986000, , , 
10079.000000,506097.000000,75549924.000000, , , ,-0.975586,-0.975586,-0.975586
10080.000000,506100.000000,75549924.000000,0.063800,0.000000,-0.954100, , , 
10081.000000,506198.000000,75549924.000000, , , ,0.000000,0.000000,-1.300781
10082.000000,506199.000000,75549924.000000,0.052200,-0.005800,-0.959900, , , 
10083.000000,506299.000000,75549924.000000, , , ,0.000000,-0.650391,-1.625977
10084.000000,506300.000000,75549924.000000,0.063800,-0.008700,-0.951200, , , 
10085.000000,506399.000000,75549924.000000,0.031900,-0.008700,-0.980200, , , 
10086.000000,506400.000000,75549924.000000, , , ,0.000000,-0.325195,-1.300781
10087.000000,506500.000000,75549924.000000,0.040600,-0.040600,-0.994700, , , 
10088.000000,506501.000000,75549924.000000, , , ,0.000000,0.000000,-1.625977
10089.000000,506592.000000,75549924.000000, , , ,0.000000,0.000000,-0.975586
10090.000000,506599.000000,75549924.000000,0.023200,-0.005800,-1.029500, , , 
10091.000000,506693.000000,75549924.000000, , , ,0.325195,0.325195,-1.300781
10092.000000,506700.000000,75549924.000000,0.043500,-0.008700,-1.046900, , , 
10093.000000,506794.000000,75549924.000000, , , ,0.000000,0.650391,-1.300781
10094.000000,506799.000000,75549924.000000,0.046400,-0.005800,-1.035300, , , 
10095.000000,506895.000000,75549924.000000, , , ,-0.650391,0.325195,-0.650391
10096.000000,506900.000000,75549924.000000,0.049300,0.000000,-0.986000, , , 
10097.000000,506996.000000,75549924.000000, , , ,-0.325195,-0.325195,-0.325195
10098.000000,506999.000000,75549924.000000,0.031900,0.029000,-0.974400, , , 
10099.000000,507097.000000,75549924.000000, , , ,0.000000,0.000000,-0.325195
10100.000000,507100.000000,75549924.000000,0.046400,0.040600,-0.974400, , , 
10101.000000,507198.000000,75549924.000000, , , ,0.325195,0.000000,-0.650391
10102.000000,507199.000000,75549924.000000,0.034800,0.049300,-0.986000, , , 
10103.000000,507299.000000,75549924.000000, , , ,0.325195,0.000000,-0.650391
10104.000000,507300.000000,75549924.000000,0.031900,0.020300,-0.980200, , , 
10105.000000,507399.000000,75549924.000000,0.029000,0.029000,-1.000500, , , 
10106.000000,507400.000000,75549924.000000, , , ,0.650391,0.000000,-0.650391
10107.000000,507500.000000,75549924.000000,0.023200,0.031900,-1.032400, , , 
10108.000000,507501.000000,75549924.000000, , , ,0.325195,0.325195,-0.650391
10109.000000,507592.000000,75549924.000000, , , ,0.000000,0.000000,0.325195
10110.000000,507599.000000,75549924.000000,0.040600,0.031900,-1.006300, , , 
10111.000000,507693.000000,75549924.000000, , , ,-0.975586,0.000000,0.975586
10112.000000,507700.000000,75549924.000000,0.034800,0.055100,-0.980200, , , 
10113.000000,507794.000000,75549924.000000, , , ,0.000000,-0.325195,0.650391
10114.000000,507801.000000,75549924.000000,0.023200,0.078300,-0.965700, , , 
10115.000000,507894.000000,75549924.000000, , , ,0.000000,0.000000,0.325195
10116.000000,507899.000000,75549924.000000,0.029000,0.075400,-0.991800, , , 
10117.000000,507995.000000,75549924.000000, , , ,0.650391,0.000000,0.000000
10118.000000,508000.000000,75549924.000000,0.037700,0.078300,-0.971500, , , 
10119.000000,508096.000000,75549924.000000, , , ,0.000000,-0.650391,0.000000
10120.000000,508099.000000,75549924.000000,0.017400,0.031900,-0.962800, , , 
10121.000000,508197.000000,75549924.000000, , , ,-0.325195,0.000000,0.000000
10122.000000,508200.000000,75549924.000000,0.002900,0.034800,-0.983100, , , 
10123.000000,508298.000000,75549924.000000, , , ,0.000000,-0.325195,0.000000
10124.000000,508299.000000,75549924.000000,-0.005800,0.029000,-0.988900, , , 
10125.000000,508399.000000,75549924.000000, , , ,0.000000,-0.975586,-0.325195
10126.000000,508400.000000,75549924.000000,-0.037700,0.008700,-1.012100, , , 
10127.000000,508499.000000,75549924.000000,-0.020300,0.037700,-1.017900, , , 
10128.000000,508500.000000,75549924.000000, , , ,0.000000,0.000000,-0.325195
10129.000000,508600.000000,75549924.000000,-0.029000,0.014500,-0.988900, , , 
10130.000000,508601.000000,75549924.000000, , , ,0.000000,-0.975586,-0.650391
10131.000000,508692.000000,75549924.000000, , , ,0.000000,0.000000,-0.325195
10132.000000,508699.000000,75549924.000000,-0.040600,0.008700,-0.954100, , , 
10133.000000,508793.000000,75549924.000000, , , ,-0.325195,0.000000,-0.325195
10134.000000,508800.000000,75549924.000000,-0.040600,0.011600,-0.974400, , , 
10135.000000,508894.000000,75549924.000000, , , ,0.000000,0.000000,-0.325195
10136.000000,508899.000000,75549924.000000,-0.049300,0.020300,-0.977300, , , 
10137.000000,508995.000000,75549924.000000, , , ,-0.650391,0.000000,-0.325195
10138.000000,509000.000000,75549924.000000,-0.049300,0.002900,-0.997600, , , 
10139.000000,509096.000000,75549924.000000, , , ,-0.650391,-0.325195,-0.325195
10140.000000,509099.000000,75549924.000000,-0.055100,0.029000,-0.965700, , , 
10141.000000,509197.000000,75549924.000000, , , ,-0.325195,-0.325195,0.325195
10142.000000,509200.000000,75549924.000000,-0.058000,0.020300,-0.991800, , , 
10143.000000,509298.000000,75549924.000000, , , ,-0.325195,0.000000,0.000000
10144.000000,509299.000000,75549924.000000,-0.060900,0.034800,-0.971500, , , 
10145.000000,509399.000000,75549924.000000, , , ,-0.650391,-0.325195,0.000000
10146.000000,509400.000000,75549924.000000,-0.043500,0.014500,-0.974400, , , 
10147.000000,509499.000000,75549924.000000,-0.052200,0.031900,-0.957000, , , 
10148.000000,509500.000000,75549924.000000, , , ,-0.650391,-0.650391,0.000000
10149.000000,509600.000000,75549924.000000,-0.063800,0.029000,-0.983100, , , 
10150.000000,509601.000000,75549924.000000, , , ,-1.300781,-0.325195,0.000000
10151.000000,509692.000000,75549924.000000, , , ,-1.625977,-0.650391,0.000000
10152.000000,509699.000000,75549924.000000,-0.052200,0.029000,-0.980200, , , 
10153.000000,509793.000000,75549924.000000, , , ,-0.650391,0.000000,0.000000
10154.000000,509800.000000,75549924.000000,-0.058000,0.017400,-0.980200, , , 
10155.000000,509894.000000,75549924.000000, , , ,-0.975586,0.325195,0.000000
10156.000000,509899.000000,75549924.000000,-0.058000,0.026100,-0.997600, , , 
10157.000000,509995.000000,75549924.000000, , , ,-0.650391,0.000000,0.000000
10158.000000,510000.000000,75549924.000000,-0.055100,0.026100,-0.991800, , , 
10159.000000,510096.000000,75549924.000000, , , ,-0.325195,-0.325195,0.000000
10160.000000,510099.000000,75549924.000000,-0.049300,0.026100,-0.965700, , , 
10161.000000,510197.000000,75549924.000000, , , ,0.000000,-0.650391,0.000000
10162.000000,510200.000000,75549924.000000,-0.069600,0.037700,-0.974400, , , 
10163.000000,510298.000000,75549924.000000, , , ,0.000000,0.000000,-0.325195
10164.000000,510299.000000,75549924.000000,-0.040600,0.037700,-0.991800, , , 
10165.000000,510399.000000,75549924.000000, , , ,0.000000,0.000000,0.000000
10166.000000,510400.000000,75549924.000000,-0.063800,0.020300,-0.983100, , , 
10167.000000,510499.000000,75549924.000000,-0.066700,0.002900,-1.015000, , , 
10168.000000,510500.000000,75549924.000000, , , ,0.000000,0.000000,0.000000
10169.000000,510600.000000,75549924.000000,-0.049300,0.011600,-1.026600, , , 
10170.000000,510601.000000,75549924.000000, , , ,-0.650391,0.000000,-0.325195
10171.000000,510692.000000,75549924.000000, , , ,-0.325195,0.000000,0.000000
10172.000000,510699.000000,75549924.000000,-0.052200,0.037700,-0.986000, , , 
10173.000000,510793.000000,75549924.000000, , , ,0.000000,-0.650391,0.000000
10174.000000,510800.000000,75549924.000000,-0.046400,0.005800,-0.959900, , , 
10175.000000,510894.000000,75549924.000000, , , ,0.325195,0.000000,-0.325195
10176.000000,510899.000000,75549924.000000,-0.069600,0.014500,-0.988900, , , 
10177.000000,510995.000000,75549924.000000, , , ,-0.325195,0.650391,0.000000
10178.000000,511000.000000,75549924.000000,-0.052200,0.000000,-1.006300, , , 
10179.000000,511096.000000,75549924.000000, , , ,-0.325195,0.000000,-0.325195
10180.000000,511099.000000,75549924.000000,-0.046400,0.011600,-0.997600, , , 
10181.000000,511197.000000,75549924.000000, , , ,-0.650391,0.000000,0.000000
10182.000000,511200.000000,75549924.000000,-0.052200,0.017400,-0.968600, , , 
10183.000000,511298.000000,75549924.000000, , , ,-0.325195,0.000000,-0.325195
10184.000000,511299.000000,75549924.000000,-0.049300,0.014500,-0.971500, , , 
10185.000000,511399.000000,75549924.000000, , , ,-0.650391,0.000000,0.000000
10186.000000,511400.000000,75549924.000000,-0.052200,0.002900,-0.986000, , , 
10187.000000,511499.000000,75549924.000000,-0.058000,0.000000,-0.986000, , , 
10188.000000,511500.000000,75549924.000000, , , ,-0.325195,0.000000,-0.325195
10189.000000,511600.000000,75549924.000000,-0.058000,-0.008700,-1.003400, , , 
10190.000000,511601.000000,75549924.000000, , , ,-0.325195,0.325195,-0.650391
10191.000000,511692.000000,75549924.000000, , , ,-0.325195,0.325195,-0.325195
10192.000000,511699.000000,75549924.000000,-0.052200,0.000000,-1.003400, , , 
10193.000000,511793.000000,75549924.000000, , , ,-0.325195,0.325195,-0.650391
10194.000000,511800.000000,75549924.000000,-0.055100,0.014500,-1.012100, , , 
10195.000000,511894.000000,75549924.000000, , , ,-0.650391,0.325195,-0.325195
10196.000000,511899.000000,75549924.000000,-0.017400,0.002900,-0.997600, , , 
10197.000000,511995.000000,75549924.000000, , , ,-0.650391,0.325195,0.000000
10198.000000,512000.000000,75549924.000000,0.000000,-0.011600,-1.000500, , , 
10199.000000,512096.000000,75549924.000000, , , ,-0.650391,0.325195,-0.325195
10200.000000,512099.000000,75549924.000000,0.005800,-0.008700,-0.971500, , , 
10201.000000,512197.000000,75549924.000000, , , ,-0.650391,0.000000,0.000000
10202.000000,512200.000000,75549924.000000,0.017400,0.014500,-1.000500, , , 
10203.000000,512298.000000,75549924.000000, , , ,-0.325195,0.000000,-0.650391
10204.000000,512299.000000,75549924.000000,0.000000,0.000000,-0.997600, , , 
10205.000000,512399.000000,75549924.000000, , , ,0.000000,0.325195,-0.325195
10206.000000,512400.000000,75549924.000000,0.023200,-0.014500,-1.009200, , , 
10207.000000,512499.000000,75549924.000000,0.008700,0.008700,-0.997600, , , 
10208.000000,512500.000000,75549924.000000, , , ,0.000000,0.000000,-0.650391
10209.000000,512600.000000,75549924.000000,0.023200,0.087000,-1.015000, , , 
10210.000000,512601.000000,75549924.000000, , , ,-0.325195,0.325195,-0.325195
10211.000000,512692.000000,75549924.000000, , , ,-0.975586,0.000000,-0.650391
10212.000000,512699.000000,75549924.000000,0.049300,-0.005800,-0.991800, , , 
10213.000000,512793.000000,75549924.000000, , , ,-0.325195,0.000000,0.000000
10214.000000,512800.000000,75549924.000000,0.020300,0.008700,-0.959900, , , 
10215.000000,512894.000000,75549924.000000, , , ,-0.325195,0.325195,0.000000
10216.000000,512899.000000,75549924.000000,0.023200,0.026100,-0.991800, , , 
10217.000000,512995.000000,75549924.000000, , , ,-0.650391,0.325195,-0.325195
10218.000000,513000.000000,75549924.000000,0.031900,0.034800,-1.003400, , , 
10219.000000,513096.000000,75549924.000000, , , ,-0.325195,-0.325195,-0.325195
10220.000000,513099.000000,75549924.000000,0.037700,0.002900,-1.009200, , , 
10221.000000,513197.000000,75549924.000000, , , ,-0.650391,0.000000,0.325195
10222.000000,513200.000000,75549924.000000,0.037700,0.023200,-1.000500, , , 
10223.000000,513298.000000,75549924.000000, , , ,-0.975586,0.650391,0.000000
10224.000000,513299.000000,75549924.000000,0.026100,0.029000,-1.020800, , , 
10225.000000,513399.000000,75549924.000000, , , ,-0.650391,0.650391,0.000000
10226.000000,513400.000000,75549924.000000,0.037700,0.023200,-1.009200, , , 
10227.000000,513499.000000,75549924.000000,0.046400,0.034800,-0.988900, , , 
10228.000000,513500.000000,75549924.000000, , , ,-0.325195,-0.325195,0.000000
10229.000000,513600.000000,75549924.000000,0.029000,0.031900,-0.988900, , , 
10230.000000,513601.000000,75549924.000000, , , ,-0.325195,0.000000,0.000000
10231.000000,513692.000000,75549924.000000, , , ,-0.325195,-0.325195,0.000000
10232.000000,513699.000000,75549924.000000,0.031900,0.020300,-0.994700, , , 
10233.000000,513793.000000,75549924.000000, , , ,-0.650391,0.000000,0.000000
10234.000000,513800.000000,75549924.000000,0.040600,0.037700,-0.997600, , , 
10235.000000,513894.000000,75549924.000000, , , ,-0.325195,0.325195,0.000000
10236.000000,513899.000000,75549924.000000,0.014500,0.043500,-1.015000, , , 
10237.000000,513995.000000,75549924.000000, , , ,0.000000,0.000000,0.000000
10238.000000,514000.000000,75549924.000000,0.058000,0.034800,-0.997600, , , 
10239.000000,514096.000000,75549924.000000, , , ,0.000000,0.000000,0.000000
10240.000000,514099.000000,75549924.000000,0.017400,0.029000,-0.983100, , , 
10241.000000,514197.000000,75549924.000000, , , ,-0.325195,0.000000,0.000000
10242.000000,514200.000000,75549924.000000,0.031900,0.034800,-0.994700, , , 
10243.000000,514298.000000,75549924.000000, , , ,-0.325195,-0.650391,0.000000
10244.000000,514299.000000,75549924.000000,0.046400,0.031900,-0.991800, , , 
10245.000000,514399.000000,75549924.000000, , , ,0.000000,0.000000,0.975586
10246.000000,514400.000000,75549924.000000,0.014500,0.026100,-0.983100, , , 
10247.000000,514499.000000,75549924.000000,0.029000,0.023200,-1.006300, , , 
10248.000000,514500.000000,75549924.000000, , , ,0.000000,0.000000,0.000000
10249.000000,514600.000000,75549924.000000,0.023200,0.037700,-1.035300, , , 
10250.000000,514601.000000,75549924.000000, , , ,-0.325195,0.325195,0.325195
10251.000000,514692.000000,75549924.000000, , , ,0.000000,0.650391,0.000000
10252.000000,514699.000000,75549924.000000,0.040600,0.029000,-1.009200, , , 
10253.000000,514793.000000,75549924.000000, , , ,-0.325195,0.000000,0.000000
10254.000000,514800.000000,75549924.000000,0.040600,0.020300,-0.971500, , , 
10255.000000,514894.000000,75549924.000000, , , ,-0.650391,0.000000,0.325195
10256.000000,514899.000000,75549924.000000,0.031900,0.034800,-0.959900, , , 
10257.000000,514995.000000,75549924.000000, , , ,-0.325195,0.000000,0.000000
10258.000000,515000.000000,75549924.000000,0.049300,0.034800,-0.948300, , , 
10259.000000,515096.000000,75549924.000000, , , ,-0.975586,0.000000,0.000000
10260.000000,515099.000000,75549924.000000,0.017400,0.005800,-0.968600, , , 
10261.000000,515197.000000,75549924.000000, , , ,-0.650391,0.000000,0.000000
10262.000000,515200.000000,75549924.000000,0.020300,0.029000,-0.988900, , , 
10263.000000,515298.000000,75549924.000000, , , ,-0.325195,0.325195,0.000000
10264.000000,515300.000000,75549924.000000,0.023200,0.005800,-1.003400, , , 
10265.000000,515398.000000,75549924.000000, , , ,0.000000,0.000000,-0.650391
10266.000000,515399.000000,75549924.000000,0.031900,0.029000,-0.986000, , , 
10267.000000,515499.000000,75549924.000000, , , ,-0.325195,-0.325195,-0.650391
10268.000000,515500.000000,75549924.000000,0.026100,0.014500,-0.974400, , , 
10269.000000,515599.000000,75549924.000000,0.017400,-0.008700,-0.974400, , , 
10270.000000,515600.000000,75549924.000000, , , ,-0.650391,-0.325195,-0.650391
10271.000000,515700.000000,75549924.000000,0.011600,0.002900,-0.988900, , , 
10272.000000,515701.000000,75549924.000000, , , ,-0.650391,0.000000,-0.650391
10273.000000,515792.000000,75549924.000000, , , ,-0.325195,0.325195,-0.650391
10274.000000,515799.000000,75549924.000000,0.052200,-0.005800,-1.009200, , , 
10275.000000,515893.000000,75549924.000000, , , ,-0.650391,-1.300781,-0.650391
10276.000000,515900.000000,75549924.000000,0.026100,0.005800,-0.977300, , , 
10277.000000,515994.000000,75549924.000000, , , ,-0.650391,0.000000,-0.325195
10278.000000,515999.000000,75549924.000000,0.005800,0.014500,-1.000500, , , 
10279.000000,516095.000000,75549924.000000, , , ,-0.650391,0.000000,-1.625977
10280.000000,516100.000000,75549924.000000,0.020300,-0.017400,-0.988900, , , 
10281.000000,516196.000000,75549924.000000, , , ,-0.325195,0.000000,0.000000
10282.000000,516199.000000,75549924.000000,0.031900,0.017400,-0.962800, , , 
10283.000000,516297.000000,75549924.000000, , , ,-0.325195,-0.325195,0.000000
10284.000000,516300.000000,75549924.000000,0.023200,0.000000,-0.959900, , , 
10285.000000,516398.000000,75549924.000000, , , ,-0.975586,0.000000,0.000000
10286.000000,516399.000000,75549924.000000,-0.005800,0.011600,-1.000500, , , 
10287.000000,516499.000000,75549924.000000, , , ,-1.300781,0.325195,0.000000
10288.000000,516500.000000,75549924.000000,0.037700,0.037700,-1.000500, , , 
10289.000000,516599.000000,75549924.000000,0.000000,0.034800,-0.988900, , , 
10290.000000,516600.000000,75549924.000000, , , ,-0.650391,0.000000,0.000000
10291.000000,516700.000000,75549924.000000,0.023200,0.031900,-0.986000, , , 
10292.000000,516701.000000,75549924.000000, , , ,-0.650391,0.000000,0.000000
10293.000000,516792.000000,75549924.000000, , , ,-0.325195,0.000000,0.000000
10294.000000,516799.000000,75549924.000000,0.017400,0.052200,-0.991800, , , 
10295.000000,516893.000000,75549924.000000, , , ,-0.325195,-0.325195,0.000000
10296.000000,516900.000000,75549924.000000,0.023200,0.031900,-0.977300, , , 
10297.000000,516994.000000,75549924.000000, , , ,-0.650391,-0.325195,-0.650391
10298.000000,516999.000000,75549924.000000,0.026100,0.011600,-0.968600, , , 
10299.000000,517095.000000,75549924.000000, , , ,-0.325195,0.325195,-0.325195
10300.000000,517100.000000,75549924.000000,0.002900,0.002900,-0.991800, , , 
10301.000000,517196.000000,75549924.000000, , , ,-0.650391,-0.325195,-0.325195
10302.000000,517199.000000,75549924.000000,0.029000,0.017400,-0.997600, , , 
10303.000000,517297.000000,75549924.000000, , , ,-0.325195,0.325195,-0.325195
10304.000000,517300.000000,75549924.000000,0.008700,0.002900,-1.015000, , , 
10305.000000,517398.000000,75549924.000000, , , ,-0.650391,-0.325195,-0.325195
10306.000000,517399.000000,75549924.000000,0.017400,0.000000,-0.983100, , , 
10307.000000,517499.000000,75549924.000000, , , ,-0.325195,-0.325195,0.000000
10308.000000,517500.000000,75549924.000000,0.005800,-0.005800,-0.988900, , , 
10309.000000,517599.000000,75549924.000000,0.023200,0.000000,-0.957000, , , 
10310.000000,517600.000000,75549924.000000, , , ,0.000000,-0.325195,0.000000
10311.000000,517700.000000,75549924.000000,0.014500,0.008700,-0.954100, , , 
10312.000000,517701.000000,75549924.000000, , , ,-0.650391,-0.650391,-0.325195
10313.000000,517792.000000,75549924.000000, , , ,-0.650391,0.000000,-0.650391
10314.000000,517799.000000,75549924.000000,0.008700,0.002900,-1.006300, , , 
10315.000000,517893.000000,75549924.000000, , , ,-0.650391,0.000000,-0.325195
10316.000000,517900.000000,75549924.000000,0.014500,0.031900,-1.012100, , , 
10317.000000,517994.000000,75549924.000000, , , ,-0.650391,0.325195,0.000000
10318.000000,517999.000000,75549924.000000,0.017400,0.014500,-1.006300, , , 
10319.000000,518095.000000,75549924.000000, , , ,0.000000,-0.975586,0.000000
10320.000000,518100.000000,75549924.000000,0.023200,0.020300,-0.962800, , , 
10321.000000,518196.000000,75549924.000000, , , ,-0.650391,-0.325195,0.000000
10322.000000,518199.000000,75549924.000000,0.005800,0.000000,-0.968600, , , 
10323.000000,518297.000000,75549924.000000, , , ,0.000000,0.000000,0.000000
10324.000000,518300.000000,75549924.000000,-0.011600,0.026100,-1.012100, , , 
10325.000000,518398.000000,75549924.000000, , , ,0.000000,-0.325195,0.000000
10326.000000,518399.000000,75549924.000000,-0.008700,0.023200,-0.994700, , , 
10327.000000,518499.000000,75549924.000000, , , ,-0.325195,-0.325195,0.000000
10328.000000,518500.000000,75549924.000000,-0.017400,0.017400,-0.994700, , , 
10329.000000,518599.000000,75549924.000000,-0.026100,0.037700,-0.942500, , , 
10330.000000,518600.000000,75549924.000000, , , ,-0.975586,-1.300781,0.325195
10331.000000,518700.000000,75549924.000000,-0.043500,0.052200,-0.977300, , , 
10332.000000,518701.000000,75549924.000000, , , ,-0.325195,0.000000,0.325195
10333.000000,518792.000000,75549924.000000, , , ,0.000000,0.000000,0.000000
10334.000000,518799.000000,75549924.000000,-0.031900,0.052200,-1.000500, , , 
10335.000000,518893.000000,75549924.000000, , , ,-0.325195,0.000000,0.000000
10336.000000,518900.000000,75549924.000000,-0.049300,0.037700,-1.000500, , , 
10337.000000,518994.000000,75549924.000000, , , ,-0.975586,0.000000,0.325195
10338.000000,518999.000000,75549924.000000,-0.031900,0.040600,-0.986000, , , 
10339.000000,519095.000000,75549924.000000, , , ,-0.650391,-0.650391,0.325195
10340.000000,519100.000000,75549924.000000,-0.063800,0.031900,-0.951200, , , 
10341.000000,519196.000000,75549924.000000, , , ,-0.975586,-0.325195,0.325195
10342.000000,519199.000000,75549924.000000,-0.049300,0.049300,-0.977300, , , 
10343.000000,519297.000000,75549924.000000, , , ,-0.325195,0.000000,0.000000
10344.000000,519300.000000,75549924.000000,-0.055100,0.069600,-0.997600, , , 
10345.000000,519398.000000,75549924.000000, , , ,-0.325195,0.650391,0.000000
10346.000000,519399.000000,75549924.000000,-0.029000,0.037700,-1.000500, , , 
10347.000000,519499.000000,75549924.000000, , , ,0.000000,0.325195,0.000000
10348.000000,519500.000000,75549924.000000,-0.008700,0.058000,-0.988900, , , 
10349.000000,519599.000000,75549924.000000,-0.008700,0.043500,-0.991800, , , 
10350.000000,519600.000000,75549924.000000, , , ,0.000000,-0.325195,0.325195
10351.000000,519700.000000,75549924.000000,-0.002900,0.031900,-0.983100, , , 
10352.000000,519701.000000,75549924.000000, , , ,0.000000,0.000000,-0.325195
10353.000000,519792.000000,75549924.000000, , , ,0.000000,0.000000,0.000000
10354.000000,519799.000000,75549924.000000,-0.005800,0.011600,-0.980200, , , 
10355.000000,519893.000000,75549924.000000, , , ,-0.325195,0.325195,0.000000
10356.000000,519900.000000,75549924.000000,-0.005800,0.000000,-0.974400, , , 
10357.000000,519994.000000,75549924.000000, , , ,0.000000,0.000000,0.000000
10358.000000,519999.000000,75549924.000000,-0.008700,0.005800,-1.000500, , , 
10359.000000,520095.000000,75549924.000000, , , ,-0.325195,0.000000,-0.325195
10360.000000,520100.000000,75549924.000000,0.037700,0.017400,-0.994700, , , 
10361.000000,520196.000000,75549924.000000, , , ,0.000000,0.000000,-0.325195
10362.000000,520199.000000,75549924.000000,0.005800,0.020300,-0.971500, , , 
10363.000000,520297.000000,75549924.000000, , , ,0.000000,0.325195,0.000000
10364.000000,520300.000000,75549924.000000,0.029000,0.020300,-0.980200, , , 
10365.000000,520398.000000,75549924.000000, , , ,0.000000,-0.975586,0.325195
10366.000000,520399.000000,75549924.000000,0.020300,0.000000,-0.968600, , , 
10367.000000,520499.000000,75549924.000000, , , ,-0.325195,0.325195,0.000000
10368.000000,520500.000000,75549924.000000,0.023200,-0.034800,-0.994700, , , 
10369.000000,520599.000000,75549924.000000,0.052200,0.011600,-0.977300, , , 
10370.000000,520600.000000,75549924.000000, , , ,-0.650391,0.000000,-0.325195
10371.000000,520700.000000,75549924.000000,0.017400,0.014500,-0.994700, , , 
10372.000000,520701.000000,75549924.000000, , , ,-0.650391,0.000000,0.000000
10373.000000,520792.000000,75549924.000000, , , ,-0.325195,0.000000,0.000000
10374.000000,520799.000000,75549924.000000,0.029000,0.031900,-1.003400, , , 
10375.000000,520893.000000,75549924.000000, , , ,-0.650391,0.650391,0.000000
10376.000000,520900.000000,75549924.000000,0.031900,0.005800,-0.988900, , , 
10377.000000,520994.000000,75549924.000000, , , ,-0.975586,-0.975586,-0.325195
10378.000000,520999.000000,75549924.000000,0.037700,0.002900,-0.971500, , , 
10379.000000,521095.000000,75549924.000000, , , ,-0.325195,0.000000,0.000000
10380.000000,521100.000000,75549924.000000,0.014500,0.017400,-0.994700, , , 
10381.000000,521196.000000,75549924.000000, , , ,0.000000,0.000000,0.000000
10382.000000,521199.000000,75549924.000000,0.049300,0.049300,-0.980200, , , 
10383.000000,521297.000000,75549924.000000, , , ,0.000000,0.000000,0.000000
10384.000000,521300.000000,75549924.000000,0.014500,0.043500,-0.986000, , , 
10385.000000,521398.000000,75549924.000000, , , ,-0.325195,0.325195,0.325195
10386.000000,521399.000000,75549924.000000,0.049300,0.014500,-0.986000, , , 
10387.000000,521499.000000,75549924.000000, , , ,-0.325195,-0.325195,0.000000
10388.000000,521500.000000,75549924.000000,0.020300,0.023200,-0.983100, , , 
10389.000000,521599.000000,75549924.000000,0.034800,0.011600,-0.974400, , , 
10390.000000,521600.000000,75549924.000000, , , ,-0.975586,-0.650391,0.000000
10391.000000,521700.000000,75549924.000000,0.020300,0.023200,-0.983100, , , 
10392.000000,521701.000000,75549924.000000, , , ,-0.325195,-0.325195,0.000000
10393.000000,521792.000000,75549924.000000, , , ,0.000000,0.000000,0.000000
10394.000000,521799.000000,75549924.000000,0.026100,0.008700,-0.980200, , , 
10395.000000,521893.000000,75549924.000000, , , ,-0.325195,-0.650391,0.000000
10396.000000,521900.000000,75549924.000000,0.037700,0.011600,-0.980200, , , 
10397.000000,521994.000000,75549924.000000, , , ,0.000000,0.000000,0.000000
10398.000000,521999.000000,75549924.000000,0.014500,0.020300,-0.983100, , , 
10399.000000,522095.000000,75549924.000000, , , ,-0.650391,0.000000,-0.325195
10400.000000,522100.000000,75549924.000000,0.034800,0.017400,-0.994700, , , 
10401.000000,522196.000000,75549924.000000, , , ,-0.650391,0.000000,0.000000
10402.000000,522199.000000,75549924.000000,0.034800,0.011600,-0.977300, , , 
10403.000000,522297.000000,75549924.000000, , , ,-0.975586,0.325195,-0.325195
10404.000000,522300.000000,75549924.000000,0.005800,0.000000,-0.988900, , , 
10405.000000,522398.000000,75549924.000000, , , ,0.000000,-0.325195,0.000000
10406.000000,522399.000000,75549924.000000,0.034800,0.026100,-0.965700, , , 
10407.000000,522499.000000,75549924.000000, , , ,0.000000,0.000000,0.000000
10408.000000,522500.000000,75549924.000000,0.011600,0.008700,-1.000500, , , 
10409.000000,522599.000000,75549924.000000,0.049300,0.023200,-0.994700, , , 
10410.000000,522600.000000,75549924.000000, , , ,-0.325195,-0.325195,0.000000
10411.000000,522700.000000,75549924.000000,0.031900,0.040600,-0.954100, , , 
10412.000000,522701.000000,75549924.000000, , , ,-0.650391,-0.650391,0.000000
10413.000000,522792.000000,75549924.000000, , , ,-0.325195,0.000000,-0.325195
10414.000000,522799.000000,75549924.000000,0.026100,0.017400,-0.974400, , , 
10415.000000,522893.000000,75549924.000000, , , ,0.000000,0.000000,0.000000
10416.000000,522900.000000,75549924.000000,0.023200,0.040600,-0.988900, , , 
10417.000000,522994.000000,75549924.000000, , , ,0.000000,0.325195,0.325195
10418.000000,522999.000000,75549924.000000,0.040600,0.005800,-0.986000, , , 
10419.000000,523095.000000,75549924.000000, , , ,-0.975586,-0.650391,0.000000
10420.000000,523100.000000,75549924.000000,0.026100,0.008700,-0.959900, , , 
10421.000000,523196.000000,75549924.000000, , , ,-0.325195,0.000000,0.000000
10422.000000,523199.000000,75549924.000000,0.000000,0.026100,-1.023700, , , 
10423.000000,523297.000000,75549924.000000, , , ,-0.325195,0.325195,-0.325195
10424.000000,523300.000000,75549924.000000,0.014500,0.008700,-1.041100, , , 
10425.000000,523398.000000,75549924.000000, , , ,0.000000,0.000000,-0.325195
10426.000000,523399.000000,75549924.000000,0.040600,0.023200,-1.003400, , , 
10427.000000,523499.000000,75549924.000000, , , ,-0.650391,0.000000,-0.325195
10428.000000,523500.000000,75549924.000000,0.034800,-0.002900,-0.994700, , , 
10429.000000,523599.000000,75549924.000000,0.020300,0.008700,-0.974400, , , 
10430.000000,523600.000000,75549924.000000, , , ,-0.975586,0.000000,0.000000
10431.000000,523700.000000,75549924.000000,0.020300,0.008700,-0.977300, , , 
10432.000000,523701.000000,75549924.000000, , , ,-0.975586,0.000000,0.000000
10433.000000,523792.000000,75549924.000000, , , ,-0.975586,-0.325195,0.000000
10434.000000,523799.000000,75549924.000000,0.020300,0.023200,-0.962800, , , 
10435.000000,523893.000000,75549924.000000, , , ,-0.975586,0.000000,0.000000
10436.000000,523900.000000,75549924.000000,0.020300,0.023200,-0.994700, , , 
10437.000000,523994.000000,75549924.000000, , , ,-0.975586,0.000000,0.000000
10438.000000,523999.000000,75549924.000000,0.046400,0.005800,-1.003400, , , 
10439.000000,524095.000000,75549924.000000, , , ,-0.975586,-0.975586,-0.325195
10440.000000,524100.000000,75549924.000000,0.023200,0.026100,-0.971500, , , 
10441.000000,524196.000000,75549924.000000, , , ,-0.650391,0.000000,0.000000
10442.000000,524199.000000,75549924.000000,0.031900,0.000000,-1.003400, , , 
10443.000000,524297.000000,75549924.000000, , , ,-0.975586,0.000000,-0.325195
10444.000000,524300.000000,75549924.000000,0.020300,0.014500,-1.006300, , , 
10445.000000,524398.000000,75549924.000000, , , ,-0.650391,-0.325195,0.000000
10446.000000,524399.000000,75549924.000000,0.049300,0.029000,-0.977300, , , 
10447.000000,524499.000000,75549924.000000, , , ,-0.650391,0.000000,0.000000
10448.000000,524500.000000,75549924.000000,0.023200,0.014500,-0.977300, , , 
10449.000000,524599.000000,75549924.000000,0.040600,0.023200,-0.962800, , , 
10450.000000,524600.000000,75549924.000000, , , ,-0.975586,-0.650391,0.000000
10451.000000,524700.000000,75549924.000000,0.029000,0.020300,-0.980200, , , 
10452.000000,524701.000000,75549924.000000, , , ,-0.325195,0.000000,0.000000
10453.000000,524792.000000,75549924.000000, , , ,0.000000,0.325195,0.000000
10454.000000,524799.000000,75549924.000000,0.017400,0.002900,-1.009200, , , 
10455.000000,524893.000000,75549924.000000, , , ,-0.650391,0.000000,0.000000
10456.000000,524900.000000,75549924.000000,0.043500,-0.005800,-1.017900, , , 
10457.000000,524994.000000,75549924.000000, , , ,-0.650391,0.000000,-0.325195
10458.000000,524999.000000,75549924.000000,0.052200,0.008700,-0.974400, , , 
10459.000000,525095.000000,75549924.000000, , , ,-0.325195,-1.300781,-0.325195
10460.000000,525100.000000,75549924.000000,0.055100,0.034800,-0.945400, , , 
10461.000000,525196.000000,75549924.000000, , , ,-0.650391,-0.650391,-0.325195
10462.000000,525199.000000,75549924.000000,0.017400,0.008700,-0.968600, , , 
10463.000000,525297.000000,75549924.000000, , , ,-0.650391,0.650391,0.000000
10464.000000,525300.000000,75549924.000000,0.020300,0.020300,-1.026600, , , 
10465.000000,525398.000000,75549924.000000, , , ,0.000000,0.000000,0.000000
10466.000000,525401.000000,75549924.000000,0.040600,0.020300,-0.997600, , , 
10467.000000,525498.000000,75549924.000000, , , ,0.000000,0.000000,-0.325195
10468.000000,525499.000000,75549924.000000,0.026100,0.008700,-1.012100, , , 
10469.000000,525599.000000,75549924.000000, , , ,0.000000,0.000000,-0.325195
10470.000000,525600.000000,75549924.000000,0.037700,0.005800,-0.997600, , , 
10471.000000,525699.000000,75549924.000000,0.031900,0.008700,-1.000500, , , 
10472.000000,525700.000000,75549924.000000, , , ,0.000000,0.000000,0.975586
10473.000000,525800.000000,75549924.000000,0.040600,0.017400,-0.968600, , , 
10474.000000,525801.000000,75549924.000000, , , ,-0.325195,-0.325195,0.000000
10475.000000,525892.000000,75549924.000000, , , ,0.000000,0.000000,0.000000
10476.000000,525899.000000,75549924.000000,0.026100,0.011600,-0.983100, , , 
10477.000000,525993.000000,75549924.000000, , , ,-0.650391,0.000000,-0.325195
10478.000000,526000.000000,75549924.000000,0.043500,-0.011600,-0.971500, , , 
10479.000000,526094.000000,75549924.000000, , , ,-0.650391,-0.325195,0.000000
10480.000000,526099.000000,75549924.000000,0.017400,0.005800,-0.983100, , , 
10481.000000,526195.000000,75549924.000000, , , ,-0.975586,0.000000,0.000000
10482.000000,526200.000000,75549924.000000,0.040600,0.002900,-1.012100, , , 
10483.000000,526296.000000,75549924.000000, , , ,-0.975586,0.000000,-0.325195
10484.000000,526299.000000,75549924.000000,0.031900,0.020300,-0.977300, , , 
10485.000000,526397.000000,75549924.000000, , , ,-1.625977,0.000000,0.000000
10486.000000,526400.000000,75549924.000000,0.040600,0.008700,-0.971500, , , 
10487.000000,526498.000000,75549924.000000, , , ,-0.650391,-0.325195,0.000000
10488.000000,526499.000000,75549924.000000,0.023200,0.029000,-0.959900, , , 
10489.000000,526599.000000,75549924.000000, , , ,-0.325195,0.650391,0.000000
10490.000000,526600.000000,75549924.000000,0.031900,0.011600,-1.000500, , , 
10491.000000,526699.000000,75549924.000000,0.029000,0.026100,-1.009200, , , 
10492.000000,526700.000000,75549924.000000, , , ,-0.975586,-0.325195,-0.650391
10493.000000,526800.000000,75549924.000000,0.043500,0.005800,-0.974400, , , 
10494.000000,526801.000000,75549924.000000, , , ,-0.975586,-0.975586,0.000000
10495.000000,526892.000000,75549924.000000, , , ,-0.325195,0.650391,0.000000
10496.000000,526899.000000,75549924.000000,0.020300,0.029000,-1.020800, , , 
10497.000000,526993.000000,75549924.000000, , , ,0.000000,0.000000,0.000000
10498.000000,527000.000000,75549924.000000,0.034800,0.040600,-0.994700, , , 
10499.000000,527094.000000,75549924.000000, , , ,-0.325195,0.000000,-0.325195
10500.000000,527101.000000,75549924.000000,0.040600,0.000000,-0.962800, , , 
10501.000000,527194.000000,75549924.000000, , , ,-0.975586,-0.325195,-0.325195
10502.000000,527199.000000,75549924.000000,0.011600,0.011600,-0.951200, , , 
10503.000000,527295.000000,75549924.000000, , , ,-0.325195,0.000000,0.000000
10504.000000,527300.000000,75549924.000000,0.026100,0.011600,-1.012100, , , 
10505.000000,527396.000000,75549924.000000, , , ,-0.650391,0.000000,0.000000
10506.000000,527399.000000,75549924.000000,0.037700,0.031900,-0.994700, , , 
10507.000000,527497.000000,75549924.000000, , , ,-0.975586,0.000000,0.000000
10508.000000,527500.000000,75549924.000000,0.023200,0.005800,-1.000500, , , 
10509.000000,527598.000000,75549924.000000, , , ,-0.325195,0.000000,-0.325195
10510.000000,527599.000000,75549924.000000,0.029000,0.002900,-0.997600, , , 
10511.000000,527699.000000,75549924.000000, , , ,-0.325195,0.000000,-0.325195
10512.000000,527700.000000,75549924.000000,0.023200,0.017400,-0.983100, , , 
10513.000000,527799.000000,75549924.000000,0.037700,0.017400,-0.959900, , , 
10514.000000,527800.000000,75549924.000000, , , ,-0.650391,-0.650391,-0.325195
10515.000000,527900.000000,75549924.000000,0.014500,0.023200,-0.962800, , , 
10516.000000,527901.000000,75549924.000000, , , ,-0.325195,-0.325195,-0.325195
10517.000000,527992.000000,75549924.000000, , , ,0.000000,0.000000,0.000000
10518.000000,527999.000000,75549924.000000,0.020300,0.017400,-0.983100, , , 
10519.000000,528093.000000,75549924.000000, , , ,-0.975586,0.000000,0.000000
10520.000000,528100.000000,75549924.000000,0.020300,0.031900,-0.997600, , , 
10521.000000,528194.000000,75549924.000000, , , ,-0.975586,0.000000,0.000000
10522.000000,528199.000000,75549924.000000,0.037700,0.034800,-1.006300, , , 
10523.000000,528295.000000,75549924.000000, , , ,-0.650391,-0.325195,0.325195
10524.000000,528300.000000,75549924.000000,0.034800,0.034800,-0.983100, , , 
10525.000000,528396.000000,75549924.000000, , , ,-0.650391,0.325195,0.000000
10526.000000,528399.000000,75549924.000000,0.026100,0.040600,-1.009200, , , 
10527.000000,528497.000000,75549924.000000, , , ,0.000000,0.000000,0.000000
10528.000000,528500.000000,75549924.000000,0.034800,0.069600,-0.994700, , , 
10529.000000,528598.000000,75549924.000000, , , ,0.000000,0.000000,0.000000
10530.000000,528599.000000,75549924.000000,0.029000,0.066700,-1.009200, , , 
10531.000000,528699.000000,75549924.000000, , , ,0.325195,-0.325195,0.325195
10532.000000,528700.000000,75549924.000000,0.046400,0.034800,-0.986000, , , 
10533.000000,528799.000000,75549924.000000,0.034800,0.023200,-0.962800, , , 
10534.000000,528800.000000,75549924.000000, , , ,-0.325195,-0.650391,0.000000
10535.000000,528900.000000,75549924.000000,0.026100,0.040600,-0.962800, , , 
10536.000000,528901.000000,75549924.000000, , , ,-0.325195,-0.325195,0.325195
10537.000000,528992.000000,75549924.000000, , , ,0.000000,0.325195,0.000000
10538.000000,528999.000000,75549924.000000,0.043500,0.046400,-0.977300, , , 
10539.000000,529093.000000,75549924.000000, , , ,-0.325195,-0.975586,0.000000
10540.000000,529100.000000,75549924.000000,0.049300,0.023200,-0.957000, , , 
10541.000000,529194.000000,75549924.000000, , , ,-0.325195,0.000000,0.000000
10542.000000,529199.000000,75549924.000000,0.002900,0.029000,-0.977300, , , 
10543.000000,529295.000000,75549924.000000, , , ,-0.650391,0.325195,0.000000
10544.000000,529300.000000,75549924.000000,0.037700,0.017400,-1.000500, , , 
10545.000000,529396.000000,75549924.000000, , , ,-0.650391,0.000000,0.000000
10546.000000,529399.000000,75549924.000000,0.017400,0.026100,-0.994700, , , 
10547.000000,529497.000000,75549924.000000, , , ,-0.975586,0.000000,0.000000
10548.000000,529500.000000,75549924.000000,0.023200,0.002900,-1.029500, , , 
10549.000000,529598.000000,75549924.000000, , , ,-0.650391,0.000000,-0.325195
10550.000000,529599.000000,75549924.000000,0.034800,0.011600,-1.012100, , , 
10551.000000,529699.000000,75549924.000000, , , ,0.000000,0.000000,-0.650391
10552.000000,529700.000000,75549924.000000,0.046400,0.014500,-0.968600, , , 
10553.000000,529799.000000,75549924.000000,0.020300,0.008700,-0.948300, , , 
10554.000000,529800.000000,75549924.000000, , , ,-0.650391,-0.975586,0.000000
10555.000000,529900.000000,75549924.000000,0.023200,0.020300,-0.971500, , , 
10556.000000,529901.000000,75549924.000000, , , ,-0.650391,0.000000,0.000000
10557.000000,529992.000000,75549924.000000, , , ,-1.300781,0.000000,0.325195
10558.000000,529999.000000,75549924.000000,0.023200,0.026100,-1.006300, , , 
10559.000000,530093.000000,75549924.000000, , , ,-1.300781,0.000000,0.000000
10560.000000,530100.000000,75549924.000000,0.011600,0.026100,-1.003400, , , 
10561.000000,530194.000000,75549924.000000, , , ,-0.325195,0.325195,0.000000
10562.000000,530199.000000,75549924.000000,0.017400,0.037700,-1.000500, , , 
10563.000000,530295.000000,75549924.000000, , , ,0.000000,0.000000,0.000000
10564.000000,530300.000000,75549924.000000,0.020300,0.046400,-0.971500, , , 
10565.000000,530396.000000,75549924.000000, , , ,-0.325195,-0.325195,0.000000
10566.000000,530399.000000,75549924.000000,0.011600,0.008700,-0.980200, , , 
10567.000000,530497.000000,75549924.000000, , , ,-0.325195,0.000000,-0.325195
10568.000000,530500.000000,75549924.000000,0.002900,0.029000,-0.971500, , , 
10569.000000,530598.000000,75549924.000000, , , ,-0.650391,-0.325195,-0.325195
10570.000000,530599.000000,75549924.000000,0.020300,0.026100,-1.003400, , , 
10571.000000,530699.000000,75549924.000000, , , ,0.000000,-0.325195,0.000000
10572.000000,530700.000000,75549924.000000,0.008700,0.034800,-0.980200, , , 
10573.000000,530799.000000,75549924.000000,0.008700,0.031900,-0.980200, , , 
10574.000000,530800.000000,75549924.000000, , , ,-0.650391,0.000000,0.000000
10575.000000,530900.000000,75549924.000000,0.000000,0.026100,-0.988900, , , 
10576.000000,530901.000000,75549924.000000, , , ,-0.325195,0.325195,0.000000
10577.000000,530992.000000,75549924.000000, , , ,0.000000,0.000000,0.000000
10578.000000,530999.000000,75549924.000000,0.011600,0.011600,-0.983100, , , 
10579.000000,531093.000000,75549924.000000, , , ,-0.650391,0.000000,0.000000
10580.000000,531100.000000,75549924.000000,0.008700,0.023200,-0.971500, , , 
10581.000000,531194.000000,75549924.000000, , , ,-0.325195,0.000000,0.000000
10582.000000,531199.000000,75549924.000000,0.002900,0.034800,-0.980200, , , 
10583.000000,531295.000000,75549924.000000, , , ,0.000000,-0.325195,0.000000
10584.000000,531300.000000,75549924.000000,0.011600,0.002900,-0.986000, , , 
10585.000000,531396.000000,75549924.000000, , , ,-0.325195,0.000000,0.000000
10586.000000,531399.000000,75549924.000000,0.005800,0.026100,-0.986000, , , 
10587.000000,531497.000000,75549924.000000, , , ,-0.325195,0.975586,0.000000
10588.000000,531500.000000,75549924.000000,0.011600,0.014500,-1.000500, , , 
10589.000000,531598.000000,75549924.000000, , , ,-0.325195,0.000000,-0.325195
10590.000000,531599.000000,75549924.000000,-0.005800,0.011600,-0.988900, , , 
10591.000000,531699.000000,75549924.000000, , , ,0.000000,0.000000,-0.650391
10592.000000,531700.000000,75549924.000000,0.002900,-0.017400,-0.988900, , , 
10593.000000,531799.000000,75549924.000000,0.011600,0.000000,-0.959900, , , 
10594.000000,531800.000000,75549924.000000, , , ,-1.300781,-0.650391,-0.650391
10595.000000,531900.000000,75549924.000000,0.008700,-0.005800,-0.962800, , , 
10596.000000,531901.000000,75549924.000000, , , ,-1.625977,-0.650391,-0.325195
10597.000000,531992.000000,75549924.000000, , , ,-1.625977,-0.325195,0.000000
10598.000000,531999.000000,75549924.000000,0.000000,0.002900,-1.000500, , , 
10599.000000,532093.000000,75549924.000000, , , ,-0.325195,0.000000,-0.650391
10600.000000,532100.000000,75549924.000000,0.017400,0.026100,-0.983100, , , 
10601.000000,532194.000000,75549924.000000, , , ,0.000000,0.000000,-0.650391
10602.000000,532199.000000,75549924.000000,0.002900,0.014500,-0.980200, , , 
10603.000000,532295.000000,75549924.000000, , , ,0.000000,0.000000,-0.325195
10604.000000,532300.000000,75549924.000000,0.005800,0.014500,-1.003400, , , 
10605.000000,532396.000000,75549924.000000, , , ,0.000000,0.000000,-0.650391
10606.000000,532399.000000,75549924.000000,0.008700,-0.005800,-1.003400, , , 
10607.000000,532497.000000,75549924.000000, , , ,0.000000,0.325195,-0.975586
10608.000000,532500.000000,75549924.000000,0.002900,0.014500,-1.000500, , , 
10609.000000,532598.000000,75549924.000000, , , ,0.000000,0.000000,-0.325195
10610.000000,532599.000000,75549924.000000,0.011600,-0.002900,-1.003400, , , 
10611.000000,532699.000000,75549924.000000, , , ,-0.325195,0.325195,-0.325195
10612.000000,532700.000000,75549924.000000,0.000000,-0.014500,-0.994700, , , 
10613.000000,532799.000000,75549924.000000,0.020300,-0.008700,-0.974400, , , 
10614.000000,532800.000000,75549924.000000, , , ,-0.325195,0.000000,-0.650391
10615.000000,532900.000000,75549924.000000,0.005800,0.000000,-0.957000, , , 
10616.000000,532901.000000,75549924.000000, , , ,-0.650391,-0.650391,0.000000
10617.000000,532992.000000,75549924.000000, , , ,-0.650391,0.000000,0.000000
10618.000000,532999.000000,75549924.000000,0.005800,0.008700,-0.974400, , , 
10619.000000,533093.000000,75549924.000000, , , ,-1.300781,-0.325195,0.000000
10620.000000,533100.000000,75549924.000000,0.014500,0.029000,-0.974400, , , 
10621.000000,533194.000000,75549924.000000, , , ,-0.975586,0.000000,0.325195
10622.000000,533199.000000,75549924.000000,-0.005800,0.040600,-1.000500, , , 
10623.000000,533295.000000,75549924.000000, , , ,0.000000,-0.650391,0.325195
10624.000000,533300.000000,75549924.000000,0.020300,0.034800,-1.000500, , , 
10625.000000,533396.000000,75549924.000000, , , ,0.325195,0.000000,0.000000
10626.000000,533399.000000,75549924.000000,-0.002900,0.055100,-0.991800, , , 
10627.000000,533497.000000,75549924.000000, , , ,0.000000,0.325195,0.000000
10628.000000,533500.000000,75549924.000000,0.023200,0.029000,-0.988900, , , 
10629.000000,533598.000000,75549924.000000, , , ,0.325195,-0.325195,0.000000
10630.000000,533599.000000,75549924.000000,0.000000,0.008700,-0.971500, , , 
10631.000000,533699.000000,75549924.000000, , , ,-0.325195,-0.325195,0.000000
10632.000000,533700.000000,75549924.000000,0.029000,0.008700,-0.965700, , , 
10633.000000,533799.000000,75549924.000000,-0.002900,0.014500,-0.965700, , , 
10634.000000,533800.000000,75549924.000000, , , ,-0.325195,-0.650391,0.000000
10635.000000,533900.000000,75549924.000000,-0.002900,0.008700,-1.012100, , , 
10636.000000,533901.000000,75549924.000000, , , ,-0.975586,0.000000,0.000000
10637.000000,533992.000000,75549924.000000, , , ,-0.650391,-0.650391,-0.325195
10638.000000,533999.000000,75549924.000000,0.005800,0.017400,-0.980200, , , 
10639.000000,534093.000000,75549924.000000, , , ,-0.650391,0.000000,0.000000
10640.000000,534100.000000,75549924.000000,-0.031900,0.005800,-0.974400, , , 
10641.000000,534194.000000,75549924.000000, , , ,-0.650391,-0.650391,0.000000
10642.000000,534199.000000,75549924.000000,-0.008700,0.005800,-0.939600, , , 
10643.000000,534295.000000,75549924.000000, , , ,-0.975586,-0.325195,0.000000
10644.000000,534300.000000,75549924.000000,-0.052200,0.005800,-0.948300, , , 
10645.000000,534396.000000,75549924.000000, , , ,-0.975586,0.000000,-0.325195
10646.000000,534399.000000,75549924.000000,-0.026100,-0.008700,-0.994700, , , 
10647.000000,534497.000000,75549924.000000, , , ,-0.650391,0.000000,0.000000
10648.000000,534500.000000,75549924.000000,-0.046400,0.011600,-0.971500, , , 
10649.000000,534598.000000,75549924.000000, , , ,-0.325195,-0.650391,0.000000
10650.000000,534599.000000,75549924.000000,-0.046400,0.008700,-0.971500, , , 
10651.000000,534699.000000,75549924.000000, , , ,0.000000,0.000000,-0.325195
10652.000000,534700.000000,75549924.000000,-0.060900,0.023200,-0.991800, , , 
10653.000000,534799.000000,75549924.000000,-0.055100,0.002900,-1.029500, , , 
10654.000000,534800.000000,75549924.000000, , , ,-0.325195,0.325195,0.000000
10655.000000,534900.000000,75549924.000000,-0.034800,0.008700,-0.986000, , , 
10656.000000,534901.000000,75549924.000000, , , ,-0.650391,-0.325195,-0.325195
10657.000000,534992.000000,75549924.000000, , , ,0.000000,-0.325195,0.000000
10658.000000,534999.000000,75549924.000000,-0.037700,0.008700,-0.957000, , , 
10659.000000,535093.000000,75549924.000000, , , ,-0.325195,-0.975586,-0.325195
10660.000000,535100.000000,75549924.000000,-0.043500,0.017400,-0.945400, , , 
10661.000000,535194.000000,75549924.000000, , , ,-0.325195,-0.650391,-0.325195
10662.000000,535199.000000,75549924.000000,-0.046400,0.005800,-0.933800, , , 
10663.000000,535295.000000,75549924.000000, , , ,0.000000,-0.325195,-0.325195
10664.000000,535300.000000,75549924.000000,-0.063800,0.026100,-0.974400, , , 
10665.000000,535396.000000,75549924.000000, , , ,0.000000,0.000000,-0.325195
10666.000000,535399.000000,75549924.000000,-0.043500,-0.005800,-0.994700, , , 
10667.000000,535497.000000,75549924.000000, , , ,-0.325195,0.000000,-0.325195
10668.000000,535500.000000,75549924.000000,-0.060900,0.002900,-1.006300, , , 
10669.000000,535598.000000,75549924.000000, , , ,-0.975586,0.000000,-0.650391
10670.000000,535599.000000,75549924.000000,-0.046400,-0.005800,-0.968600, , , 
10671.000000,535699.000000,75549924.000000, , , ,-1.625977,0.000000,-0.325195
10672.000000,535700.000000,75549924.000000,-0.069600,-0.011600,-0.997600, , , 
10673.000000,535799.000000,75549924.000000,-0.037700,0.017400,-1.009200, , , 
10674.000000,535800.000000,75549924.000000, , , ,-1.951172,0.000000,0.000000
10675.000000,535900.000000,75549924.000000,-0.049300,0.055100,-0.986000, , , 
10676.000000,535901.000000,75549924.000000, , , ,-1.625977,-0.325195,0.000000
10677.000000,535992.000000,75549924.000000, , , ,-0.325195,-0.325195,0.000000
10678.000000,535999.000000,75549924.000000,-0.040600,0.046400,-0.986000, , , 
10679.000000,536093.000000,75549924.000000, , , ,0.325195,-0.325195,0.650391
10680.000000,536100.000000,75549924.000000,-0.029000,0.011600,-0.930900, , , 
10681.000000,536194.000000,75549924.000000, , , ,-0.975586,-1.625977,0.325195
10682.000000,536199.000000,75549924.000000,-0.058000,-0.014500,-0.930900, , , 
10683.000000,536295.000000,75549924.000000, , , ,-0.325195,0.000000,0.000000
10684.000000,536300.000000,75549924.000000,-0.037700,0.026100,-0.988900, , , 
10685.000000,536396.000000,75549924.000000, , , ,-0.975586,1.951172,0.325195
10686.000000,536399.000000,75549924.000000,0.020300,0.034800,-1.009200, , , 
10687.000000,536497.000000,75549924.000000, , , ,-0.650391,-0.325195,0.325195
10688.000000,536500.000000,75549924.000000,0.040600,0.069600,-0.939600, , , 
10689.000000,536598.000000,75549924.000000, , , ,-0.325195,-0.650391,0.000000
10690.000000,536599.000000,75549924.000000,-0.017400,0.046400,-0.942500, , , 
10691.000000,536699.000000,75549924.000000, , , ,-0.975586,0.325195,0.000000
10692.000000,536700.000000,75549924.000000,-0.017400,0.029000,-1.015000, , , 
10693.000000,536799.000000,75549924.000000,0.011600,0.017400,-0.974400, , , 
10694.000000,536800.000000,75549924.000000, , , ,-0.975586,-0.975586,-1.300781
10695.000000,536900.000000,75549924.000000,-0.040600,0.040600,-0.983100, , , 
10696.000000,536901.000000,75549924.000000, , , ,-0.325195,-0.650391,0.000000
10697.000000,536992.000000,75549924.000000, , , ,-0.650391,0.000000,0.000000
10698.000000,536999.000000,75549924.000000,-0.023200,0.020300,-0.994700, , , 
10699.000000,537093.000000,75549924.000000, , , ,-0.325195,0.000000,0.325195
10700.000000,537100.000000,75549924.000000,-0.011600,0.029000,-0.945400, , , 
10701.000000,537194.000000,75549924.000000, , , ,-0.650391,-2.276367,-0.650391
10702.000000,537199.000000,75549924.000000,-0.031900,0.014500,-0.904800, , , 
10703.000000,537295.000000,75549924.000000, , , ,-0.650391,0.000000,0.000000
10704.000000,537300.000000,75549924.000000,-0.101500,0.031900,-1.009200, , , 
10705.000000,537396.000000,75549924.000000, , , ,-0.650391,1.951172,-1.300781
10706.000000,537399.000000,75549924.000000,-0.046400,0.031900,-1.070100, , , 
10707.000000,537497.000000,75549924.000000, , , ,0.000000,-1.625977,0.975586
10708.000000,537500.000000,75549924.000000,-0.005800,0.037700,-0.974400, , , 
10709.000000,537598.000000,75549924.000000, , , ,0.000000,-0.975586,0.000000
10710.000000,537599.000000,75549924.000000,-0.066700,0.014500,-0.928000, , , 
10711.000000,537699.000000,75549924.000000, , , ,0.000000,-0.650391,0.000000
10712.000000,537700.000000,75549924.000000,-0.052200,0.008700,-0.939600, , , 
10713.000000,537799.000000,75549924.000000,-0.052200,0.017400,-0.957000, , , 
10714.000000,537800.000000,75549924.000000, , , ,-0.975586,0.325195,0.325195
10715.000000,537900.000000,75549924.000000,-0.014500,0.026100,-0.974400, , , 
10716.000000,537901.000000,75549924.000000, , , ,-0.975586,0.000000,0.000000
10717.000000,537992.000000,75549924.000000, , , ,-0.975586,0.000000,0.000000
10718.000000,537999.000000,75549924.000000,-0.002900,0.037700,-1.015000, , , 
10719.000000,538093.000000,75549924.000000, , , ,-0.325195,0.975586,0.000000
10720.000000,538100.000000,75549924.000000,0.040600,0.034800,-1.003400, , , 
10721.000000,538194.000000,75549924.000000, , , ,0.000000,-1.625977,0.975586
10722.000000,538199.000000,75549924.000000,0.017400,0.089900,-0.942500, , , 
10723.000000,538295.000000,75549924.000000, , , ,-0.325195,0.000000,0.325195
10724.000000,538300.000000,75549924.000000,0.037700,-0.026100,-0.986000, , , 
10725.000000,538396.000000,75549924.000000, , , ,-0.325195,-0.325195,0.650391
10726.000000,538399.000000,75549924.000000,0.049300,0.034800,-1.026600, , , 
10727.000000,538497.000000,75549924.000000, , , ,0.000000,0.325195,0.000000
10728.000000,538500.000000,75549924.000000,0.011600,0.037700,-1.032400, , , 
10729.000000,538598.000000,75549924.000000, , , ,0.650391,0.325195,-0.650391
10730.000000,538599.000000,75549924.000000,0.075400,0.034800,-1.017900, , , 
10731.000000,538699.000000,75549924.000000, , , ,0.325195,-0.650391,-0.325195
10732.000000,538700.000000,75549924.000000,0.043500,0.049300,-0.968600, , , 
10733.000000,538799.000000,75549924.000000,0.046400,0.043500,-0.939600, , , 
10734.000000,538800.000000,75549924.000000, , , ,0.650391,-0.975586,0.000000
10735.000000,538900.000000,75549924.000000,0.040600,0.020300,-0.945400, , , 
10736.000000,538901.000000,75549924.000000, , , ,0.000000,0.000000,0.000000
10737.000000,538992.000000,75549924.000000, , , ,-0.325195,0.000000,0.000000
10738.000000,538999.000000,75549924.000000,0.031900,0.017400,-0.983100, , , 
10739.000000,539093.000000,75549924.000000, , , ,0.000000,-0.325195,0.000000
10740.000000,539100.000000,75549924.000000,0.075400,0.020300,-0.962800, , , 
10741.000000,539194.000000,75549924.000000, , , ,0.000000,-0.325195,-0.325195
10742.000000,539199.000000,75549924.000000,0.037700,0.005800,-0.954100, , , 
10743.000000,539295.000000,75549924.000000, , , ,0.000000,-0.650391,-0.650391
10744.000000,539300.000000,75549924.000000,0.046400,-0.002900,-0.968600, , , 
10745.000000,539396.000000,75549924.000000, , , ,0.000000,-0.975586,-0.325195
10746.000000,539399.000000,75549924.000000,0.031900,0.000000,-0.965700, , , 
10747.000000,539497.000000,75549924.000000, , , ,-0.650391,-0.325195,-0.325195
10748.000000,539500.000000,75549924.000000,0.040600,-0.002900,-0.994700, , , 
10749.000000,539598.000000,75549924.000000, , , ,-0.325195,-0.650391,-0.325195
10750.000000,539599.000000,75549924.000000,0.052200,-0.008700,-0.986000, , , 
10751.000000,539699.000000,75549924.000000, , , ,-0.650391,-0.325195,0.000000
10752.000000,539700.000000,75549924.000000,0.037700,-0.002900,-0.988900, , , 
10753.000000,539799.000000,75549924.000000,0.040600,0.011600,-0.988900, , , 
10754.000000,539800.000000,75549924.000000, , , ,-0.975586,0.000000,0.000000
10755.000000,539900.000000,75549924.000000,0.040600,0.043500,-0.980200, , , 
10756.000000,539901.000000,75549924.000000, , , ,-0.650391,0.325195,0.000000
10757.000000,539992.000000,75549924.000000, , , ,-0.975586,0.000000,-0.325195
10758.000000,539999.000000,75549924.000000,0.037700,0.017400,-1.015000, , , 
10759.000000,540093.000000,75549924.000000, , , ,-0.650391,-0.325195,0.000000
10760.000000,540100.000000,75549924.000000,0.040600,0.026100,-0.968600, , , 
10761.000000,540194.000000,75549924.000000, , , ,0.000000,-0.325195,0.000000
10762.000000,540199.000000,75549924.000000,0.037700,0.031900,-0.959900, , , 
10763.000000,540295.000000,75549924.000000, , , ,0.000000,0.000000,0.000000
10764.000000,540300.000000,75549924.000000,0.002900,0.008700,-0.991800, , , 
10765.000000,540396.000000,75549924.000000, , , ,-0.650391,0.000000,0.000000
10766.000000,540399.000000,75549924.000000,0.037700,0.005800,-0.974400, , , 
10767.000000,540497.000000,75549924.000000, , , ,-0.650391,-0.325195,0.000000
10768.000000,540500.000000,75549924.000000,0.000000,0.014500,-0.997600, , , 
10769.000000,540598.000000,75549924.000000, , , ,-0.975586,0.000000,-0.325195
10770.000000,540599.000000,75549924.000000,0.023200,0.000000,-0.988900, , , 
10771.000000,540699.000000,75549924.000000, , , ,-0.975586,-0.650391,-0.325195
10772.000000,540700.000000,75549924.000000,0.011600,0.017400,-0.959900, , , 
10773.000000,540799.000000,75549924.000000,0.008700,0.043500,-0.954100, , , 
10774.000000,540800.000000,75549924.000000, , , ,-0.650391,-0.325195,-0.325195
10775.000000,540900.000000,75549924.000000,0.017400,0.011600,-0.959900, , , 
10776.000000,540901.000000,75549924.000000, , , ,-0.325195,-0.650391,-0.325195
10777.000000,540992.000000,75549924.000000, , , ,-0.325195,0.000000,-0.325195
10778.000000,540999.000000,75549924.000000,-0.014500,0.002900,-0.988900, , , 
10779.000000,541093.000000,75549924.000000, , , ,-0.325195,0.000000,-0.325195
10780.000000,541100.000000,75549924.000000,0.011600,0.011600,-0.988900, , , 
10781.000000,541194.000000,75549924.000000, , , ,0.000000,-0.325195,0.000000
10782.000000,541199.000000,75549924.000000,-0.002900,0.023200,-0.980200, , , 
10783.000000,541295.000000,75549924.000000, , , ,-0.325195,-0.650391,0.000000
10784.000000,541300.000000,75549924.000000,0.008700,0.008700,-0.957000, , , 
10785.000000,541396.000000,75549924.000000, , , ,-0.325195,-0.975586,-0.325195
10786.000000,541399.000000,75549924.000000,-0.014500,0.017400,-0.954100, , , 
10787.000000,541497.000000,75549924.000000, , , ,-0.325195,-0.325195,0.000000
10788.000000,541500.000000,75549924.000000,-0.005800,-0.002900,-0.968600, , , 
10789.000000,541598.000000,75549924.000000, , , ,-0.325195,0.000000,-0.325195
10790.000000,541599.000000,75549924.000000,-0.011600,0.058000,-0.971500, , , 
10791.000000,541699.000000,75549924.000000, , , ,-0.650391,0.325195,0.000000
10792.000000,541700.000000,75549924.000000,-0.008700,0.029000,-1.006300, , , 
10793.000000,541799.000000,75549924.000000,0.008700,0.023200,-0.957000, , , 
10794.000000,541800.000000,75549924.000000, , , ,-0.650391,-0.975586,0.000000
10795.000000,541900.000000,75549924.000000,-0.034800,0.011600,-0.971500, , , 
10796.000000,541901.000000,75549924.000000, , , ,-0.325195,-0.325195,0.000000
10797.000000,542001.000000,75549924.000000,-0.005800,0.020300,-0.994700,-0.650391,0.000000,-0.325195
10798.000000,542092.000000,75549924.000000, , , ,-0.650391,0.000000,0.325195
10799.000000,542099.000000,75549924.000000,-0.023200,0.020300,-0.980200, , , 
10800.000000,542193.000000,75549924.000000, , , ,-0.650391,-0.325195,-0.325195
10801.000000,542200.000000,75549924.000000,-0.011600,0.017400,-0.974400, , , 
10802.000000,542294.000000,75549924.000000, , , ,-0.325195,0.000000,0.000000
10803.000000,542299.000000,75549924.000000,-0.023200,0.017400,-0.977300, , , 
10804.000000,542395.000000,75549924.000000, , , ,-0.650391,0.000000,-1.300781
10805.000000,542400.000000,75549924.000000,-0.005800,0.017400,-0.986000, , , 
10806.000000,542496.000000,75549924.000000, , , ,0.000000,-0.325195,0.000000
10807.000000,542499.000000,75549924.000000,-0.017400,0.014500,-0.977300, , , 
10808.000000,542597.000000,75549924.000000, , , ,-0.325195,0.000000,-0.325195
10809.000000,542600.000000,75549924.000000,0.008700,0.017400,-0.957000, , , 
10810.000000,542698.000000,75549924.000000, , , ,0.000000,-0.325195,-0.325195
10811.000000,542699.000000,75549924.000000,-0.023200,0.014500,-0.954100, , , 
10812.000000,542799.000000,75549924.000000, , , ,-0.325195,-0.325195,0.000000
10813.000000,542800.000000,75549924.000000,-0.011600,0.026100,-0.965700, , , 
10814.000000,542899.000000,75549924.000000,-0.031900,0.000000,-0.988900, , , 
10815.000000,542900.000000,75549924.000000, , , ,-0.650391,0.000000,-0.650391
10816.000000,543000.000000,75549924.000000,-0.008700,0.000000,-0.986000,-0.325195,-0.325195,0.000000
10817.000000,543100.000000,75549924.000000,-0.008700,0.020300,-0.951200, , , 
10818.000000,543101.000000,75549924.000000, , , ,-0.650391,-0.650391,-0.325195
10819.000000,543192.000000,75549924.000000, , , ,-0.650391,-0.975586,0.000000
10820.000000,543199.000000,75549924.000000,-0.034800,0.008700,-0.971500, , , 
10821.000000,543293.000000,75549924.000000, , , ,-0.650391,0.000000,-0.650391
10822.000000,543300.000000,75549924.000000,-0.020300,0.000000,-0.991800, , , 
10823.000000,543394.000000,75549924.000000, , , ,-0.975586,0.000000,0.000000
10824.000000,543399.000000,75549924.000000,-0.014500,0.014500,-1.006300, , , 
10825.000000,543495.000000,75549924.000000, , , ,-0.325195,0.000000,-0.650391
10826.000000,543500.000000,75549924.000000,-0.011600,0.020300,-0.988900, , , 
10827.000000,543596.000000,75549924.000000, , , ,-0.325195,0.000000,-0.650391
10828.000000,543599.000000,75549924.000000,-0.031900,0.002900,-0.980200, , , 
10829.000000,543697.000000,75549924.000000, , , ,-0.325195,-0.325195,-0.325195
10830.000000,543700.000000,75549924.000000,-0.017400,-0.002900,-0.994700, , , 
10831.000000,543798.000000,75549924.000000, , , ,-0.325195,-0.325195,-0.325195
10832.000000,543799.000000,75549924.000000,-0.008700,0.000000,-0.965700, , , 
10833.000000,543899.000000,75549924.000000, , , ,-0.650391,-0.325195,-0.325195
10834.000000,543900.000000,75549924.000000,-0.034800,0.005800,-0.983100, , , 
10835.000000,543999.000000,75549924.000000,-0.008700,0.005800,-0.983100, , , 
10836.000000,544000.000000,75549924.000000, , , ,0.000000,0.000000,-0.325195
10837.000000,544100.000000,75549924.000000,-0.017400,0.000000,-0.977300, , , 
10838.000000,544101.000000,75549924.000000, , , ,0.000000,0.000000,-0.325195
10839.000000,544192.000000,75549924.000000, , , ,-0.650391,-0.325195,0.000000
10840.000000,544199.000000,75549924.000000,-0.008700,0.002900,-0.957000, , , 
10841.000000,544293.000000,75549924.000000, , , ,-0.325195,-0.325195,0.325195
10842.000000,544300.000000,75549924.000000,-0.017400,0.005800,-0.965700, , , 
10843.000000,544394.000000,75549924.000000, , , ,-1.625977,0.325195,0.000000
10844.000000,544399.000000,75549924.000000,-0.031900,0.005800,-1.000500, , , 
10845.000000,544495.000000,75549924.000000, , , ,-0.650391,0.325195,0.000000
10846.000000,544500.000000,75549924.000000,0.002900,0.026100,-0.997600, , , 
10847.000000,544596.000000,75549924.000000, , , ,-0.325195,0.000000,-0.325195
10848.000000,544599.000000,75549924.000000,-0.031900,0.017400,-0.977300, , , 
10849.000000,544697.000000,75549924.000000, , , ,0.000000,-0.325195,-0.325195
10850.000000,544700.000000,75549924.000000,-0.017400,0.017400,-0.980200, , , 
10851.000000,544798.000000,75549924.000000, , , ,-0.325195,-0.325195,0.000000
10852.000000,544799.000000,75549924.000000,-0.002900,0.029000,-0.945400, , , 
10853.000000,544899.000000,75549924.000000, , , ,-0.650391,-0.325195,0.000000
10854.000000,544900.000000,75549924.000000,-0.029000,0.020300,-0.948300, , , 
10855.000000,544999.000000,75549924.000000,-0.031900,0.008700,-0.965700, , , 
10856.000000,545000.000000,75549924.000000, , , ,-0.650391,-0.975586,0.000000
10857.000000,545100.000000,75549924.000000,-0.037700,-0.005800,-0.997600, , , 
10858.000000,545101.000000,75549924.000000, , , ,-0.325195,0.325195,0.000000
10859.000000,545192.000000,75549924.000000, , , ,-0.975586,-0.650391,0.000000
10860.000000,545199.000000,75549924.000000,-0.011600,0.014500,-1.000500, , , 
10861.000000,545293.000000,75549924.000000, , , ,-0.650391,-0.650391,0.000000
10862.000000,545300.000000,75549924.000000,-0.002900,-0.002900,-0.986000, , , 
10863.000000,545394.000000,75549924.000000, , , ,-0.975586,0.325195,0.000000
10864.000000,545399.000000,75549924.000000,-0.034800,0.011600,-1.006300, , , 
10865.000000,545495.000000,75549924.000000, , , ,-0.650391,0.325195,0.000000
10866.000000,545500.000000,75549924.000000,-0.008700,0.031900,-1.000500, , , 
10867.000000,545596.000000,75549924.000000, , , ,-0.325195,0.325195,-0.325195
10868.000000,545599.000000,75549924.000000,-0.031900,0.002900,-1.015000, , , 
10869.000000,545697.000000,75549924.000000, , , ,-0.650391,0.000000,-0.650391
10870.000000,545700.000000,75549924.000000,-0.014500,-0.011600,-0.994700, , , 
10871.000000,545798.000000,75549924.000000, , , ,-0.975586,0.000000,-0.325195
10872.000000,545799.000000,75549924.000000,-0.014500,0.008700,-0.977300, , , 
10873.000000,545899.000000,75549924.000000, , , ,-0.975586,-0.650391,-0.325195
10874.000000,545900.000000,75549924.000000,-0.014500,0.000000,-0.959900, , , 
10875.000000,545999.000000,75549924.000000,-0.017400,0.023200,-0.951200, , , 
10876.000000,546000.000000,75549924.000000, , , ,-0.975586,-0.650391,-0.650391
10877.000000,546100.000000,75549924.000000,-0.040600,0.000000,-0.977300, , , 
10878.000000,546101.000000,75549924.000000, , , ,-1.300781,0.000000,0.000000
10879.000000,546192.000000,75549924.000000, , , ,-0.325195,0.000000,-0.325195
10880.000000,546199.000000,75549924.000000,-0.020300,0.043500,-1.000500, , , 
10881.000000,546293.000000,75549924.000000, , , ,0.000000,-0.325195,3.577148
10882.000000,546300.000000,75549924.000000,-0.017400,0.026100,-1.006300, , , 
10883.000000,546394.000000,75549924.000000, , , ,-0.325195,0.000000,-0.325195
10884.000000,546399.000000,75549924.000000,-0.037700,0.023200,-1.009200, , , 
10885.000000,546495.000000,75549924.000000, , , ,-0.325195,0.000000,0.000000
10886.000000,546500.000000,75549924.000000,-0.011600,0.052200,-0.977300, , , 
10887.000000,546596.000000,75549924.000000, , , ,0.000000,-0.325195,0.000000
10888.000000,546599.000000,75549924.000000,-0.034800,0.043500,-0.974400, , , 
10889.000000,546697.000000,75549924.000000, , , ,-0.325195,-0.325195,0.325195
10890.000000,546700.000000,75549924.000000,-0.011600,0.029000,-0.977300, , , 
10891.000000,546798.000000,75549924.000000, , , ,-0.650391,0.000000,0.000000
10892.000000,546799.000000,75549924.000000,-0.023200,0.011600,-0.986000, , , 
10893.000000,546899.000000,75549924.000000, , , ,-0.975586,0.000000,0.000000
10894.000000,546900.000000,75549924.000000,-0.034800,0.031900,-0.988900, , , 
10895.000000,546999.000000,75549924.000000,-0.005800,0.063800,-0.974400, , , 
10896.000000,547000.000000,75549924.000000, , , ,-0.325195,0.000000,0.000000
10897.000000,547100.000000,75549924.000000,-0.034800,0.031900,-0.994700, , , 
10898.000000,547101.000000,75549924.000000, , , ,0.000000,0.000000,0.000000
10899.000000,547192.000000,75549924.000000, , , ,-0.650391,0.325195,0.000000
10900.000000,547199.000000,75549924.000000,-0.008700,0.034800,-0.988900, , , 
10901.000000,547293.000000,75549924.000000, , , ,-1.300781,0.000000,0.000000
10902.000000,547300.000000,75549924.000000,-0.023200,0.049300,-0.994700, , , 
10903.000000,547394.000000,75549924.000000, , , ,-0.650391,0.000000,0.000000
10904.000000,547399.000000,75549924.000000,-0.029000,0.034800,-1.000500, , , 
10905.000000,547495.000000,75549924.000000, , , ,-0.325195,0.000000,1.300781
10906.000000,547500.000000,75549924.000000,-0.005800,0.043500,-0.968600, , , 
10907.000000,547596.000000,75549924.000000, , , ,0.000000,0.325195,0.650391
10908.000000,547599.000000,75549924.000000,-0.034800,0.055100,-0.997600, , , 
10909.000000,547697.000000,75549924.000000, , , ,0.000000,0.000000,0.000000
10910.000000,547700.000000,75549924.000000,-0.014500,0.040600,-0.997600, , , 
10911.000000,547798.000000,75549924.000000, , , ,0.000000,-0.325195,0.000000
10912.000000,547799.000000,75549924.000000,-0.020300,0.020300,-0.971500, , , 
10913.000000,547899.000000,75549924.000000, , , ,0.000000,-0.650391,0.000000
10914.000000,547900.000000,75549924.000000,-0.020300,0.031900,-0.954100, , , 
10915.000000,547999.000000,75549924.000000,-0.029000,0.040600,-0.974400, , , 
10916.000000,548000.000000,75549924.000000, , , ,-0.325195,0.000000,0.000000
10917.000000,548100.000000,75549924.000000,-0.020300,0.011600,-0.997600, , , 
10918.000000,548101.000000,75549924.000000, , , ,-0.325195,0.325195,0.000000
10919.000000,548192.000000,75549924.000000, , , ,0.000000,0.325195,-0.325195
10920.000000,548199.000000,75549924.000000,-0.026100,0.023200,-1.003400, , , 
10921.000000,548293.000000,75549924.000000, , , ,0.000000,0.000000,-0.650391
10922.000000,548300.000000,75549924.000000,-0.017400,0.005800,-1.000500, , , 
10923.000000,548394.000000,75549924.000000, , , ,-0.325195,-0.650391,-0.975586
10924.000000,548399.000000,75549924.000000,-0.011600,-0.014500,-0.974400, , , 
10925.000000,548495.000000,75549924.000000, , , ,-0.650391,-0.325195,-0.325195
10926.000000,548500.000000,75549924.000000,-0.020300,0.002900,-0.965700, , , 
10927.000000,548596.000000,75549924.000000, , , ,-1.625977,-0.325195,-0.325195
10928.000000,548599.000000,75549924.000000,-0.005800,0.000000,-0.959900, , , 
10929.000000,548697.000000,75549924.000000, , , ,-1.300781,0.325195,-0.325195
10930.000000,548700.000000,75549924.000000,-0.034800,0.008700,-0.965700, , , 
10931.000000,548798.000000,75549924.000000, , , ,-0.650391,0.975586,-0.325195
10932.000000,548799.000000,75549924.000000,-0.017400,0.005800,-1.012100, , , 
10933.000000,548899.000000,75549924.000000, , , ,-0.325195,-0.325195,0.000000
10934.000000,548900.000000,75549924.000000,-0.020300,0.014500,-0.994700, , , 
10935.000000,548999.000000,75549924.000000,-0.020300,0.023200,-0.977300, , , 
10936.000000,549000.000000,75549924.000000, , , ,0.000000,0.000000,-1.625977
10937.000000,549100.000000,75549924.000000,-0.034800,-0.008700,-0.988900, , , 
10938.000000,549101.000000,75549924.000000, , , ,-0.325195,0.000000,-0.325195
10939.000000,549192.000000,75549924.000000, , , ,-0.975586,0.325195,0.000000
10940.000000,549199.000000,75549924.000000,-0.005800,0.005800,-1.006300, , , 
10941.000000,549293.000000,75549924.000000, , , ,-0.650391,0.000000,0.000000
10942.000000,549300.000000,75549924.000000,-0.026100,0.026100,-0.988900, , , 
10943.000000,549394.000000,75549924.000000, , , ,-0.325195,0.000000,0.000000
10944.000000,549399.000000,75549924.000000,-0.005800,0.005800,-0.997600, , , 
10945.000000,549495.000000,75549924.000000, , , ,0.000000,0.650391,0.000000
10946.000000,549500.000000,75549924.000000,-0.017400,0.046400,-0.991800, , , 
10947.000000,549596.000000,75549924.000000, , , ,-0.325195,0.000000,0.000000
10948.000000,549599.000000,75549924.000000,0.000000,0.020300,-0.980200, , , 
10949.000000,549697.000000,75549924.000000, , , ,-0.650391,-0.325195,0.000000
10950.000000,549700.000000,75549924.000000,-0.011600,0.023200,-0.945400, , , 
10951.000000,549798.000000,75549924.000000, , , ,-0.325195,0.000000,0.000000
10952.000000,549799.000000,75549924.000000,-0.040600,0.034800,-0.986000, , , 
10953.000000,549899.000000,75549924.000000, , , ,-0.650391,0.000000,0.000000
10954.000000,549900.000000,75549924.000000,-0.008700,0.011600,-1.023700, , , 
10955.000000,549999.000000,75549924.000000,-0.017400,0.037700,-0.971500, , , 
10956.000000,550000.000000,75549924.000000, , , ,-0.650391,0.000000,0.000000
10957.000000,550100.000000,75549924.000000,-0.017400,0.031900,-0.980200, , , 
10958.000000,550101.000000,75549924.000000, , , ,0.000000,0.000000,0.000000
10959.000000,550192.000000,75549924.000000, , , ,0.000000,-0.650391,-0.650391
10960.000000,550199.000000,75549924.000000,-0.011600,0.011600,-0.986000, , , 
10961.000000,550293.000000,75549924.000000, , , ,0.000000,0.000000,0.650391
10962.000000,550300.000000,75549924.000000,-0.026100,0.017400,-0.988900, , , 
10963.000000,550394.000000,75549924.000000, , , ,-0.325195,0.325195,0.650391
10964.000000,550399.000000,75549924.000000,-0.017400,0.002900,-1.017900, , , 
10965.000000,550495.000000,75549924.000000, , , ,-0.975586,0.650391,0.000000
10966.000000,550500.000000,75549924.000000,-0.026100,0.002900,-1.015000, , , 
10967.000000,550596.000000,75549924.000000, , , ,-1.300781,0.000000,0.000000
10968.000000,550599.000000,75549924.000000,-0.029000,0.000000,-1.044000, , , 
10969.000000,550697.000000,75549924.000000, , , ,-0.325195,0.000000,-0.325195
10970.000000,550700.000000,75549924.000000,0.000000,0.031900,-1.015000, , , 
10971.000000,550798.000000,75549924.000000, , , ,-0.325195,-0.325195,-0.325195
10972.000000,550799.000000,75549924.000000,-0.011600,0.008700,-0.965700, , , 
10973.000000,550899.000000,75549924.000000, , , ,-0.650391,0.000000,-0.325195
10974.000000,550900.000000,75549924.000000,-0.026100,0.014500,-0.968600, , , 
10975.000000,550999.000000,75549924.000000,-0.014500,0.014500,-0.988900, , , 
10976.000000,551000.000000,75549924.000000, , , ,-0.325195,0.000000,0.000000
10977.000000,551100.000000,75549924.000000,-0.023200,0.005800,-1.009200, , , 
10978.000000,551101.000000,75549924.000000, , , ,-0.975586,-0.650391,0.000000
10979.000000,551192.000000,75549924.000000, , , ,-0.650391,0.325195,0.000000
10980.000000,551199.000000,75549924.000000,-0.026100,0.014500,-1.026600, , , 
10981.000000,551293.000000,75549924.000000, , , ,0.000000,0.325195,-0.325195
10982.000000,551300.000000,75549924.000000,-0.011600,0.005800,-1.012100, , , 
10983.000000,551394.000000,75549924.000000, , , ,-0.650391,0.000000,-0.325195
10984.000000,551399.000000,75549924.000000,-0.020300,0.008700,-1.009200, , , 
10985.000000,551495.000000,75549924.000000, , , ,-0.975586,0.000000,-0.325195
10986.000000,551500.000000,75549924.000000,-0.008700,0.000000,-0.983100, , , 
10987.000000,551596.000000,75549924.000000, , , ,-1.300781,-0.325195,-0.325195
10988.000000,551599.000000,75549924.000000,-0.005800,0.005800,-0.968600, , , 
10989.000000,551697.000000,75549924.000000, , , ,-0.325195,-0.325195,0.000000
10990.000000,551700.000000,75549924.000000,-0.029000,0.011600,-0.983100, , , 
10991.000000,551798.000000,75549924.000000, , , ,-0.975586,0.325195,-0.650391
10992.000000,551799.000000,75549924.000000,-0.029000,0.002900,-1.032400, , , 
10993.000000,551899.000000,75549924.000000, , , ,-0.650391,0.325195,-0.650391
10994.000000,551900.000000,75549924.000000,0.000000,0.011600,-1.044000, , , 
10995.000000,551999.000000,75549924.000000,-0.008700,0.040600,-0.983100, , , 
10996.000000,552000.000000,75549924.000000, , , ,-0.325195,0.000000,-0.325195
10997.000000,552100.000000,75549924.000000,-0.029000,0.023200,-0.962800, , , 
10998.000000,552101.000000,75549924.000000, , , ,-0.325195,0.000000,1.300781
10999.000000,552192.000000,75549924.000000, , , ,-0.325195,0.000000,-0.325195
11000.000000,552199.000000,75549924.000000,-0.017400,0.000000,-0.988900, , , 
11001.000000,552293.000000,75549924.000000, , , ,0.325195,-0.650391,0.000000
11002.000000,552300.000000,75549924.000000,-0.002900,0.046400,-0.977300, , , 
11003.000000,552394.000000,75549924.000000, , , ,0.000000,1.625977,0.325195
11004.000000,552399.000000,75549924.000000,-0.026100,0.014500,-0.988900, , , 
11005.000000,552495.000000,75549924.000000, , , ,-1.300781,0.650391,-0.325195
11006.000000,552500.000000,75549924.000000,-0.049300,0.005800,-1.052700, , , 
11007.000000,552596.000000,75549924.000000, , , ,-1.625977,0.000000,0.000000
11008.000000,552599.000000,75549924.000000,0.005800,-0.005800,-1.052700, , , 
11009.000000,552697.000000,75549924.000000, , , ,-0.650391,0.000000,0.000000
11010.000000,552700.000000,75549924.000000,0.000000,0.029000,-0.994700, , , 
11011.000000,552798.000000,75549924.000000, , , ,-0.325195,-0.325195,0.000000
11012.000000,552799.000000,75549924.000000,0.008700,0.046400,-0.933800, , , 
11013.000000,552899.000000,75549924.000000, , , ,0.000000,-0.650391,0.000000
11014.000000,552900.000000,75549924.000000,-0.008700,0.026100,-0.933800, , , 
11015.000000,552999.000000,75549924.000000,-0.020300,0.002900,-0.991800, , , 
11016.000000,553000.000000,75549924.000000, , , ,-0.650391,0.000000,0.000000
11017.000000,553100.000000,75549924.000000,0.000000,0.023200,-1.035300, , , 
11018.000000,553101.000000,75549924.000000, , , ,-0.975586,0.650391,0.000000
11019.000000,553192.000000,75549924.000000, , , ,-0.325195,0.650391,0.000000
11020.000000,553199.000000,75549924.000000,0.000000,0.043500,-1.026600, , , 
11021.000000,553293.000000,75549924.000000, , , ,-0.650391,0.000000,0.000000
11022.000000,553300.000000,75549924.000000,0.002900,0.031900,-1.006300, , , 
11023.000000,553394.000000,75549924.000000, , , ,0.000000,0.000000,0.000000
11024.000000,553399.000000,75549924.000000,0.011600,0.046400,-0.980200, , , 
11025.000000,553495.000000,75549924.000000, , , ,0.000000,-0.325195,0.000000
11026.000000,553500.000000,75549924.000000,-0.005800,0.020300,-1.000500, , , 
11027.000000,553596.000000,75549924.000000, , , ,0.000000,0.975586,-0.325195
11028.000000,553599.000000,75549924.000000,0.002900,0.023200,-1.012100, , , 
11029.000000,553697.000000,75549924.000000, , , ,0.000000,-0.650391,-0.325195
11030.000000,553700.000000,75549924.000000,0.005800,0.000000,-1.003400, , , 
11031.000000,553798.000000,75549924.000000, , , ,-0.325195,0.650391,0.000000
11032.000000,553799.000000,75549924.000000,-0.017400,0.000000,-1.017900, , , 
11033.000000,553899.000000,75549924.000000, , , ,-0.975586,0.325195,0.000000
11034.000000,553900.000000,75549924.000000,0.014500,0.011600,-1.006300, , , 
11035.000000,553999.000000,75549924.000000,-0.008700,0.029000,-0.997600, , , 
11036.000000,554000.000000,75549924.000000, , , ,-1.300781,0.000000,0.325195
11037.000000,554100.000000,75549924.000000,0.005800,0.014500,-0.994700, , , 
11038.000000,554101.000000,75549924.000000, , , ,-0.975586,0.000000,-0.325195
11039.000000,554192.000000,75549924.000000, , , ,0.000000,0.325195,-0.325195
11040.000000,554199.000000,75549924.000000,0.002900,0.014500,-0.986000, , , 
11041.000000,554293.000000,75549924.000000, , , ,-0.325195,0.000000,-0.325195
11042.000000,554300.000000,75549924.000000,0.000000,0.002900,-0.971500, , , 
11043.000000,554394.000000,75549924.000000, , , ,-0.650391,0.000000,-0.325195
11044.000000,554399.000000,75549924.000000,-0.005800,0.011600,-0.983100, , , 
11045.000000,554495.000000,75549924.000000, , , ,-0.325195,0.325195,-0.325195
11046.000000,554500.000000,75549924.000000,0.000000,0.008700,-1.020800, , , 
11047.000000,554596.000000,75549924.000000, , , ,-0.325195,0.650391,-0.325195
11048.000000,554599.000000,75549924.000000,0.000000,0.008700,-1.020800, , , 
11049.000000,554697.000000,75549924.000000, , , ,-0.975586,0.000000,-0.325195
11050.000000,554700.000000,75549924.000000,0.000000,0.000000,-0.986000, , , 
11051.000000,554798.000000,75549924.000000, , , ,-0.650391,-0.325195,0.000000
11052.000000,554799.000000,75549924.000000,-0.005800,0.008700,-0.994700, , , 
11053.000000,554899.000000,75549924.000000, , , ,-0.650391,0.000000,-0.325195
11054.000000,554900.000000,75549924.000000,0.017400,0.002900,-1.003400, , , 
11055.000000,554999.000000,75549924.000000,0.026100,0.020300,-0.959900, , , 
11056.000000,555000.000000,75549924.000000, , , ,-0.325195,-0.325195,-0.325195
11057.000000,555100.000000,75549924.000000,-0.026100,0.020300,-0.977300, , , 
11058.000000,555101.000000,75549924.000000, , , ,0.000000,-0.650391,-0.325195
11059.000000,555192.000000,75549924.000000, , , ,0.000000,0.325195,-0.325195
11060.000000,555199.000000,75549924.000000,-0.005800,0.000000,-1.049800, , , 
11061.000000,555293.000000,75549924.000000, , , ,-0.325195,0.650391,0.000000
11062.000000,555300.000000,75549924.000000,0.011600,0.005800,-1.038200, , , 
11063.000000,555394.000000,75549924.000000, , , ,-0.325195,0.000000,-0.325195
11064.000000,555399.000000,75549924.000000,0.017400,0.000000,-0.986000, , , 
11065.000000,555495.000000,75549924.000000, , , ,-0.325195,-0.325195,0.000000
11066.000000,555500.000000,75549924.000000,0.005800,0.040600,-0.959900, , , 
11067.000000,555596.000000,75549924.000000, , , ,-0.975586,0.325195,0.000000
11068.000000,555599.000000,75549924.000000,0.000000,0.005800,-1.029500, , , 
11069.000000,555697.000000,75549924.000000, , , ,-0.975586,0.325195,0.325195
11070.000000,555700.000000,75549924.000000,0.014500,0.011600,-1.003400, , , 
11071.000000,555798.000000,75549924.000000, , , ,-0.650391,0.000000,0.000000
11072.000000,555799.000000,75549924.000000,0.011600,0.029000,-1.006300, , , 
11073.000000,555899.000000,75549924.000000, , , ,0.000000,0.325195,-0.325195
11074.000000,555900.000000,75549924.000000,0.000000,0.011600,-0.994700, , , 
11075.000000,555999.000000,75549924.000000,0.017400,0.000000,-1.006300, , , 
11076.000000,556000.000000,75549924.000000, , , ,-0.975586,0.000000,0.000000
11077.000000,556100.000000,75549924.000000,0.029000,0.002900,-1.012100, , , 
11078.000000,556101.000000,75549924.000000, , , ,-0.975586,-0.325195,0.000000
11079.000000,556192.000000,75549924.000000, , , ,-0.975586,0.325195,0.000000
11080.000000,556199.000000,75549924.000000,0.017400,0.026100,-0.997600, , , 
11081.000000,556293.000000,75549924.000000, , , ,-0.650391,-0.650391,0.000000
11082.000000,556300.000000,75549924.000000,0.017400,0.005800,-0.994700, , , 
11083.000000,556394.000000,75549924.000000, , , ,0.000000,0.000000,-0.325195
11084.000000,556399.000000,75549924.000000,0.029000,0.011600,-1.003400, , , 
11085.000000,556495.000000,75549924.000000, , , ,0.000000,0.325195,0.000000
11086.000000,556500.000000,75549924.000000,0.008700,0.017400,-0.988900, , , 
11087.000000,556596.000000,75549924.000000, , , ,-0.325195,0.000000,-0.325195
11088.000000,556599.000000,75549924.000000,0.023200,-0.005800,-0.997600, , , 
11089.000000,556697.000000,75549924.000000, , , ,-0.325195,0.000000,0.000000
11090.000000,556700.000000,75549924.000000,0.011600,0.011600,-1.009200, , , 
11091.000000,556798.000000,75549924.000000, , , ,-0.325195,0.650391,0.000000
11092.000000,556799.000000,75549924.000000,0.017400,0.000000,-1.003400, , , 
11093.000000,556899.000000,75549924.000000, , , ,-0.325195,-0.325195,-0.325195
11094.000000,556900.000000,75549924.000000,0.037700,0.023200,-0.977300, , , 
11095.000000,556999.000000,75549924.000000,0.026100,0.008700,-0.968600, , , 
11096.000000,557000.000000,75549924.000000, , , ,-0.650391,0.000000,0.325195
11097.000000,557100.000000,75549924.000000,0.037700,0.031900,-0.971500, , , 
11098.000000,557101.000000,75549924.000000, , , ,-0.650391,-0.325195,0.325195
11099.000000,557192.000000,75549924.000000, , , ,-0.325195,-0.975586,0.000000
11100.000000,557199.000000,75549924.000000,0.005800,0.000000,-0.980200, , , 
11101.000000,557293.000000,75549924.000000, , , ,-0.650391,0.650391,0.000000
11102.000000,557300.000000,75549924.000000,0.000000,-0.005800,-1.003400, , , 
11103.000000,557394.000000,75549924.000000, , , ,-0.975586,0.650391,-0.650391
11104.000000,557399.000000,75549924.000000,0.014500,0.002900,-1.038200, , , 
11105.000000,557495.000000,75549924.000000, , , ,-0.325195,0.000000,0.000000
11106.000000,557500.000000,75549924.000000,0.029000,0.014500,-1.032400, , , 
11107.000000,557596.000000,75549924.000000, , , ,-0.650391,0.000000,0.000000
11108.000000,557599.000000,75549924.000000,0.043500,0.014500,-0.974400, , , 
11109.000000,557697.000000,75549924.000000, , , ,0.000000,-0.325195,-0.650391
11110.000000,557700.000000,75549924.000000,0.023200,0.002900,-0.951200, , , 
11111.000000,557798.000000,75549924.000000, , , ,0.000000,0.000000,0.000000
11112.000000,557799.000000,75549924.000000,0.026100,0.005800,-0.957000, , , 
11113.000000,557899.000000,75549924.000000, , , ,-0.325195,-0.650391,-0.650391
11114.000000,557900.000000,75549924.000000,0.026100,0.011600,-0.965700, , , 
11115.000000,557999.000000,75549924.000000,0.008700,0.000000,-1.009200, , , 
11116.000000,558000.000000,75549924.000000, , , ,-0.325195,0.650391,-0.325195
11117.000000,558100.000000,75549924.000000,0.031900,0.005800,-1.017900, , , 
11118.000000,558101.000000,75549924.000000, , , ,-0.325195,0.325195,0.000000
11119.000000,558192.000000,75549924.000000, , , ,-0.975586,0.000000,-0.325195
11120.000000,558199.000000,75549924.000000,0.020300,0.002900,-0.986000, , , 
11121.000000,558293.000000,75549924.000000, , , ,-0.975586,0.000000,0.000000
11122.000000,558300.000000,75549924.000000,0.031900,0.011600,-0.974400, , , 
11123.000000,558394.000000,75549924.000000, , , ,-0.975586,0.000000,0.000000
11124.000000,558399.000000,75549924.000000,0.008700,0.029000,-0.962800, , , 
11125.000000,558495.000000,75549924.000000, , , ,-0.650391,-0.325195,0.000000
11126.000000,558500.000000,75549924.000000,0.026100,0.023200,-0.968600, , , 
11127.000000,558596.000000,75549924.000000, , , ,-0.325195,0.000000,-0.975586
11128.000000,558599.000000,75549924.000000,0.026100,0.011600,-0.986000, , , 
11129.000000,558697.000000,75549924.000000, , , ,-0.975586,0.000000,0.000000
11130.000000,558700.000000,75549924.000000,0.005800,0.005800,-1.000500, , , 
11131.000000,558798.000000,75549924.000000, , , ,-1.300781,0.000000,0.000000
11132.000000,558799.000000,75549924.000000,0.014500,0.020300,-0.997600, , , 
11133.000000,558899.000000,75549924.000000, , , ,-0.650391,0.000000,0.000000
11134.000000,558900.000000,75549924.000000,0.008700,0.026100,-0.977300, , , 
11135.000000,558999.000000,75549924.000000,0.020300,0.014500,-0.991800, , , 
11136.000000,559000.000000,75549924.000000, , , ,-0.650391,0.325195,0.000000
11137.000000,559100.000000,75549924.000000,0.023200,0.000000,-0.980200, , , 
11138.000000,559101.000000,75549924.000000, , , ,-0.325195,-0.325195,0.000000
11139.000000,559192.000000,75549924.000000, , , ,0.000000,0.000000,-0.325195
11140.000000,559199.000000,75549924.000000,0.020300,0.026100,-0.980200, , , 
11141.000000,559293.000000,75549924.000000, , , ,0.000000,0.000000,0.000000
11142.000000,559300.000000,75549924.000000,0.017400,0.011600,-0.997600, , , 
11143.000000,559394.000000,75549924.000000, , , ,0.000000,-0.325195,0.000000
11144.000000,559399.000000,75549924.000000,0.023200,0.005800,-1.000500, , , 
11145.000000,559495.000000,75549924.000000, , , ,-0.650391,0.000000,-0.325195
11146.000000,559500.000000,75549924.000000,0.008700,0.011600,-0.991800, , , 
11147.000000,559596.000000,75549924.000000, , , ,0.000000,0.325195,0.000000
11148.000000,559599.000000,75549924.000000,0.002900,0.017400,-0.994700, , , 
11149.000000,559697.000000,75549924.000000, , , ,-0.325195,0.000000,0.000000
11150.000000,559700.000000,75549924.000000,0.029000,0.011600,-0.986000, , , 
11151.000000,559798.000000,75549924.000000, , , ,-0.325195,-0.975586,0.000000
11152.000000,559799.000000,75549924.000000,0.011600,0.023200,-0.988900, , , 
11153.000000,559899.000000,75549924.000000, , , ,-0.650391,-0.650391,0.325195
11154.000000,559900.000000,75549924.000000,0.049300,0.014500,-0.974400, , , 
11155.000000,559999.000000,75549924.000000,-0.005800,0.049300,-0.925100, , , 
11156.000000,560000.000000,75549924.000000, , , ,-0.975586,-0.650391,-0.325195
11157.000000,560100.000000,75549924.000000,-0.026100,0.023200,-1.026600, , , 
11158.000000,560101.000000,75549924.000000, , , ,0.000000,0.000000,-0.325195
11159.000000,560192.000000,75549924.000000, , , ,-0.325195,0.975586,0.650391
11160.000000,560199.000000,75549924.000000,0.069600,0.017400,-1.046900, , , 
11161.000000,560293.000000,75549924.000000, , , ,0.000000,0.325195,1.300781
11162.000000,560300.000000,75549924.000000,0.023200,0.029000,-1.012100, , , 
11163.000000,560394.000000,75549924.000000, , , ,0.000000,-0.975586,0.000000
11164.000000,560399.000000,75549924.000000,0.026100,0.023200,-0.962800, , , 
11165.000000,560495.000000,75549924.000000, , , ,-0.325195,-0.325195,0.000000
11166.000000,560500.000000,75549924.000000,0.034800,0.014500,-0.948300, , , 
11167.000000,560596.000000,75549924.000000, , , ,-0.325195,0.000000,0.000000
11168.000000,560599.000000,75549924.000000,0.005800,0.034800,-0.974400, , , 
11169.000000,560697.000000,75549924.000000, , , ,0.000000,0.000000,0.000000
11170.000000,560700.000000,75549924.000000,0.026100,0.029000,-0.977300, , , 
11171.000000,560798.000000,75549924.000000, , , ,0.000000,-0.650391,0.000000
11172.000000,560799.000000,75549924.000000,0.037700,0.034800,-0.971500, , , 
11173.000000,560899.000000,75549924.000000, , , ,0.325195,0.325195,0.000000
11174.000000,560900.000000,75549924.000000,0.008700,0.008700,-0.986000, , , 
11175.000000,560999.000000,75549924.000000,0.029000,0.017400,-0.986000, , , 
11176.000000,561000.000000,75549924.000000, , , ,0.000000,0.000000,0.000000
11177.000000,561100.000000,75549924.000000,0.011600,-0.005800,-0.980200, , , 
11178.000000,561101.000000,75549924.000000, , , ,0.000000,-0.975586,0.000000
11179.000000,561192.000000,75549924.000000, , , ,0.000000,0.000000,0.000000
11180.000000,561199.000000,75549924.000000,0.023200,0.017400,-0.980200, , , 
11181.000000,561293.000000,75549924.000000, , , ,0.000000,0.000000,0.000000
11182.000000,561300.000000,75549924.000000,0.029000,0.034800,-0.980200, , , 
11183.000000,561394.000000,75549924.000000, , , ,0.325195,-0.325195,0.000000
11184.000000,561399.000000,75549924.000000,0.014500,0.011600,-0.983100, , , 
11185.000000,561495.000000,75549924.000000, , , ,0.000000,0.000000,0.000000
11186.000000,561500.000000,75549924.000000,0.029000,0.017400,-0.974400, , , 
11187.000000,561596.000000,75549924.000000, , , ,0.650391,0.325195,0.000000
11188.000000,561599.000000,75549924.000000,0.026100,0.017400,-0.986000, , , 
11189.000000,561697.000000,75549924.000000, , , ,0.975586,0.000000,0.325195
11190.000000,561700.000000,75549924.000000,0.011600,0.008700,-0.994700, , , 
11191.000000,561798.000000,75549924.000000, , , ,0.325195,-0.650391,0.000000
11192.000000,561799.000000,75549924.000000,0.037700,0.005800,-0.986000, , , 
11193.000000,561899.000000,75549924.000000, , , ,0.975586,0.000000,-2.601563
11194.000000,561900.000000,75549924.000000,0.023200,0.029000,-0.945400, , , 
11195.000000,561999.000000,75549924.000000,0.020300,0.026100,-0.954100, , , 
11196.000000,562000.000000,75549924.000000, , , ,0.650391,-0.975586,-0.650391
11197.000000,562100.000000,75549924.000000,0.000000,-0.011600,-1.029500, , , 
11198.000000,562101.000000,75549924.000000, , , ,0.000000,1.625977,0.000000
11199.000000,562192.000000,75549924.000000, , , ,-0.650391,0.000000,0.000000
11200.000000,562199.000000,75549924.000000,0.029000,0.000000,-1.038200, , , 
11201.000000,562293.000000,75549924.000000, , , ,-0.325195,-0.650391,0.325195
11202.000000,562300.000000,75549924.000000,0.034800,0.037700,-0.951200, , , 
11203.000000,562394.000000,75549924.000000, , , ,0.000000,-0.650391,0.000000
11204.000000,562399.000000,75549924.000000,0.011600,0.008700,-0.951200, , , 
11205.000000,562495.000000,75549924.000000, , , ,0.325195,0.000000,0.000000
11206.000000,562500.000000,75549924.000000,0.011600,0.023200,-0.968600, , , 
11207.000000,562596.000000,75549924.000000, , , ,0.650391,0.325195,0.325195
11208.000000,562599.000000,75549924.000000,0.014500,0.014500,-0.988900, , , 
11209.000000,562697.000000,75549924.000000, , , ,0.650391,0.000000,0.000000
11210.000000,562700.000000,75549924.000000,0.020300,0.011600,-1.012100, , , 
11211.000000,562798.000000,75549924.000000, , , ,0.325195,0.000000,0.325195
11212.000000,562799.000000,75549924.000000,0.043500,-0.002900,-0.977300, , , 
11213.000000,562899.000000,75549924.000000, , , ,0.000000,-0.325195,0.325195
11214.000000,562900.000000,75549924.000000,0.014500,0.008700,-0.997600, , , 
11215.000000,562999.000000,75549924.000000,0.011600,0.000000,-1.009200, , , 
11216.000000,563000.000000,75549924.000000, , , ,0.000000,0.650391,0.650391
11217.000000,563100.000000,75549924.000000,0.017400,0.017400,-0.994700, , , 
11218.000000,563101.000000,75549924.000000, , , ,0.000000,0.325195,0.325195
11219.000000,563192.000000,75549924.000000, , , ,0.000000,0.000000,0.325195
11220.000000,563199.000000,75549924.000000,0.026100,0.011600,-0.991800, , , 
11221.000000,563293.000000,75549924.000000, , , ,-0.650391,-0.975586,0.325195
11222.000000,563300.000000,75549924.000000,0.020300,0.017400,-0.980200, , , 
11223.000000,563394.000000,75549924.000000, , , ,-0.325195,0.000000,1.951172
11224.000000,563399.000000,75549924.000000,0.040600,0.023200,-0.962800, , , 
11225.000000,563495.000000,75549924.000000, , , ,-0.325195,0.975586,0.325195
11226.000000,563500.000000,75549924.000000,-0.005800,0.017400,-1.017900, , , 
11227.000000,563596.000000,75549924.000000, , , ,0.000000,0.975586,0.650391
11228.000000,563601.000000,75549924.000000,0.020300,0.046400,-1.032400, , , 
11229.000000,563696.000000,75549924.000000, , , ,0.325195,0.000000,0.975586
11230.000000,563699.000000,75549924.000000,0.034800,0.023200,-1.015000, , , 
11231.000000,563797.000000,75549924.000000, , , ,0.000000,0.000000,0.975586
11232.000000,563800.000000,75549924.000000,0.014500,0.031900,-0.983100, , , 
11233.000000,563898.000000,75549924.000000, , , ,-0.325195,0.000000,0.650391
11234.000000,563899.000000,75549924.000000,0.005800,0.014500,-0.971500, , , 
11235.000000,563999.000000,75549924.000000, , , ,-0.975586,-0.650391,1.300781
11236.000000,564000.000000,75549924.000000,0.026100,0.008700,-0.977300, , , 
11237.000000,564099.000000,75549924.000000,0.011600,0.040600,-0.965700, , , 
11238.000000,564100.000000,75549924.000000, , , ,-0.975586,0.000000,1.300781
11239.000000,564200.000000,75549924.000000,0.017400,0.046400,-0.968600, , , 
11240.000000,564201.000000,75549924.000000, , , ,-0.325195,0.000000,0.975586
11241.000000,564292.000000,75549924.000000, , , ,0.000000,-0.325195,1.300781
11242.000000,564299.000000,75549924.000000,0.017400,0.031900,-1.003400, , , 
11243.000000,564393.000000,75549924.000000, , , ,0.000000,0.000000,0.650391
11244.000000,564400.000000,75549924.000000,0.026100,0.026100,-1.015000, , , 
11245.000000,564494.000000,75549924.000000, , , ,0.000000,0.000000,0.975586
11246.000000,564499.000000,75549924.000000,0.017400,0.034800,-0.994700, , , 
11247.000000,564595.000000,75549924.000000, , , ,0.000000,0.000000,0.975586
11248.000000,564600.000000,75549924.000000,0.005800,0.043500,-0.991800, , , 
11249.000000,564696.000000,75549924.000000, , , ,0.000000,-1.300781,0.975586
11250.000000,564699.000000,75549924.000000,0.040600,0.017400,-0.959900, , , 
11251.000000,564797.000000,75549924.000000, , , ,0.000000,0.000000,1.300781
11252.000000,564800.000000,75549924.000000,0.000000,0.040600,-0.974400, , , 
11253.000000,564898.000000,75549924.000000, , , ,0.000000,0.325195,0.975586
11254.000000,564900.000000,75549924.000000,0.017400,0.031900,-0.994700, , , 
11255.000000,564998.000000,75549924.000000, , , ,-0.325195,0.000000,0.975586
11256.000000,564999.000000,75549924.000000,0.017400,0.017400,-1.003400, , , 
11257.000000,565099.000000,75549924.000000, , , ,-0.650391,0.000000,0.975586
11258.000000,565100.000000,75549924.000000,0.023200,-0.008700,-0.988900, , , 
11259.000000,565199.000000,75549924.000000,0.011600,0.023200,-0.977300, , , 
11260.000000,565200.000000,75549924.000000, , , ,-0.650391,-0.325195,0.650391
11261.000000,565300.000000,75549924.000000,0.014500,0.017400,-0.988900, , , 
11262.000000,565301.000000,75549924.000000, , , ,0.000000,0.325195,0.975586
11263.000000,565392.000000,75549924.000000, , , ,0.000000,0.000000,0.975586
11264.000000,565399.000000,75549924.000000,0.011600,0.026100,-1.012100, , , 
11265.000000,565493.000000,75549924.000000, , , ,0.000000,0.650391,0.650391
11266.000000,565500.000000,75549924.000000,0.017400,0.011600,-1.015000, , , 
11267.000000,565594.000000,75549924.000000, , , ,-0.325195,0.000000,0.650391
11268.000000,565599.000000,75549924.000000,0.040600,-0.011600,-0.986000, , , 
11269.000000,565695.000000,75549924.000000, , , ,-0.975586,-0.325195,0.975586
11270.000000,565700.000000,75549924.000000,0.014500,0.002900,-0.959900, , , 
11271.000000,565796.000000,75549924.000000, , , ,-0.650391,0.000000,0.325195
11272.000000,565799.000000,75549924.000000,0.000000,0.002900,-0.986000, , , 
11273.000000,565897.000000,75549924.000000, , , ,-1.300781,-0.650391,0.650391
11274.000000,565900.000000,75549924.000000,0.058000,0.000000,-0.954100, , , 
11275.000000,565998.000000,75549924.000000, , , ,-0.975586,-0.325195,0.325195
11276.000000,565999.000000,75549924.000000,0.000000,0.034800,-0.945400, , , 
11277.000000,566099.000000,75549924.000000, , , ,0.325195,0.325195,0.650391
11278.000000,566100.000000,75549924.000000,0.000000,0.026100,-1.009200, , , 
11279.000000,566199.000000,75549924.000000,0.026100,0.011600,-1.020800, , , 
11280.000000,566200.000000,75549924.000000, , , ,0.325195,0.000000,0.325195
11281.000000,566300.000000,75549924.000000,0.011600,-0.026100,-1.026600, , , 
11282.000000,566301.000000,75549924.000000, , , ,-0.650391,0.000000,0.650391
11283.000000,566392.000000,75549924.000000, , , ,-0.975586,0.000000,0.975586
11284.000000,566399.000000,75549924.000000,0.026100,0.002900,-0.965700, , , 
11285.000000,566493.000000,75549924.000000, , , ,-0.650391,0.000000,0.975586
11286.000000,566500.000000,75549924.000000,0.002900,0.017400,-0.991800, , , 
11287.000000,566594.000000,75549924.000000, , , ,-0.650391,0.325195,0.975586
11288.000000,566599.000000,75549924.000000,0.002900,0.011600,-1.026600, , , 
11289.000000,566695.000000,75549924.000000, , , ,-0.650391,0.650391,0.975586
11290.000000,566700.000000,75549924.000000,0.029000,0.011600,-1.017900, , , 
11291.000000,566796.000000,75549924.000000, , , ,-0.975586,0.000000,1.625977
11292.000000,566799.000000,75549924.000000,0.017400,0.023200,-0.991800, , , 
11293.000000,566897.000000,75549924.000000, , , ,-0.975586,-0.325195,1.300781
11294.000000,566900.000000,75549924.000000,0.008700,0.023200,-0.994700, , , 
11295.000000,566998.000000,75549924.000000, , , ,-0.650391,0.000000,0.650391
11296.000000,566999.000000,75549924.000000,0.037700,0.043500,-0.971500, , , 
11297.000000,567099.000000,75549924.000000, , , ,0.000000,-0.325195,0.650391
11298.000000,567100.000000,75549924.000000,0.011600,0.026100,-0.965700, , , 
11299.000000,567199.000000,75549924.000000,0.014500,0.031900,-0.948300, , , 
11300.000000,567200.000000,75549924.000000, , , ,0.000000,-0.975586,0.975586
11301.000000,567300.000000,75549924.000000,0.026100,0.026100,-0.951200, , , 
11302.000000,567301.000000,75549924.000000, , , ,-0.975586,-0.975586,0.975586
11303.000000,567392.000000,75549924.000000, , , ,-0.975586,0.000000,0.975586
11304.000000,567399.000000,75549924.000000,0.011600,0.040600,-0.968600, , , 
11305.000000,567493.000000,75549924.000000, , , ,-0.325195,0.325195,0.650391
11306.000000,567500.000000,75549924.000000,0.037700,0.034800,-0.994700, , , 
11307.000000,567594.000000,75549924.000000, , , ,0.000000,-0.325195,0.650391
11308.000000,567599.000000,75549924.000000,0.029000,0.031900,-1.009200, , , 
11309.000000,567695.000000,75549924.000000, , , ,-0.325195,0.000000,0.975586
11310.000000,567700.000000,75549924.000000,0.026100,0.046400,-0.983100, , , 
11311.000000,567796.000000,75549924.000000, , , ,-0.325195,0.000000,0.975586
11312.000000,567799.000000,75549924.000000,0.029000,0.031900,-0.997600, , , 
11313.000000,567897.000000,75549924.000000, , , ,-0.650391,0.650391,1.300781
11314.000000,567900.000000,75549924.000000,0.000000,0.014500,-1.020800, , , 
11315.000000,567998.000000,75549924.000000, , , ,0.000000,0.000000,0.650391
11316.000000,567999.000000,75549924.000000,0.011600,0.043500,-0.991800, , , 
11317.000000,568099.000000,75549924.000000, , , ,0.000000,0.000000,0.650391
11318.000000,568100.000000,75549924.000000,0.037700,0.020300,-0.994700, , , 
11319.000000,568199.000000,75549924.000000,0.023200,0.023200,-0.974400, , , 
11320.000000,568200.000000,75549924.000000, , , ,-0.325195,0.000000,0.975586
11321.000000,568300.000000,75549924.000000,0.026100,0.031900,-0.957000, , , 
11322.000000,568301.000000,75549924.000000, , , ,-0.325195,-0.325195,0.975586
11323.000000,568392.000000,75549924.000000, , , ,-0.650391,-0.325195,0.975586
11324.000000,568399.000000,75549924.000000,0.014500,0.020300,-0.983100, , , 
11325.000000,568493.000000,75549924.000000, , , ,-1.300781,-0.325195,0.975586
11326.000000,568500.000000,75549924.000000,0.020300,0.017400,-0.974400, , , 
11327.000000,568594.000000,75549924.000000, , , ,-0.650391,0.000000,0.975586
11328.000000,568599.000000,75549924.000000,0.011600,0.014500,-0.997600, , , 
11329.000000,568695.000000,75549924.000000, , , ,-0.325195,0.000000,0.650391
11330.000000,568700.000000,75549924.000000,0.014500,0.029000,-1.015000, , , 
11331.000000,568796.000000,75549924.000000, , , ,0.325195,0.000000,0.325195
11332.000000,568799.000000,75549924.000000,0.023200,0.058000,-1.009200, , , 
11333.000000,568897.000000,75549924.000000, , , ,0.000000,0.000000,0.650391
11334.000000,568900.000000,75549924.000000,0.031900,0.005800,-0.997600, , , 
11335.000000,568998.000000,75549924.000000, , , ,0.000000,-0.325195,0.650391
11336.000000,568999.000000,75549924.000000,0.020300,0.002900,-0.957000, , , 
11337.000000,569099.000000,75549924.000000, , , ,-0.325195,-0.650391,0.975586
11338.000000,569100.000000,75549924.000000,0.008700,-0.002900,-0.965700, , , 
11339.000000,569199.000000,75549924.000000,0.020300,0.000000,-0.986000, , , 
11340.000000,569200.000000,75549924.000000, , , ,-0.975586,-0.325195,0.975586
11341.000000,569300.000000,75549924.000000,0.005800,0.014500,-1.009200, , , 
11342.000000,569301.000000,75549924.000000, , , ,-0.975586,0.325195,0.975586
11343.000000,569392.000000,75549924.000000, , , ,-0.325195,0.975586,0.650391
11344.000000,569399.000000,75549924.000000,0.005800,0.005800,-1.038200, , , 
11345.000000,569493.000000,75549924.000000, , , ,0.000000,0.000000,0.325195
11346.000000,569500.000000,75549924.000000,0.029000,0.017400,-1.003400, , , 
11347.000000,569594.000000,75549924.000000, , , ,0.325195,0.000000,0.325195
11348.000000,569599.000000,75549924.000000,0.017400,0.008700,-0.983100, , , 
11349.000000,569695.000000,75549924.000000, , , ,-0.975586,-0.325195,0.650391
11350.000000,569700.000000,75549924.000000,0.020300,-0.020300,-0.983100, , , 
11351.000000,569796.000000,75549924.000000, , , ,-1.625977,0.000000,0.650391
11352.000000,569799.000000,75549924.000000,0.023200,0.000000,-0.959900, , , 
11353.000000,569897.000000,75549924.000000, , , ,-0.325195,-0.650391,0.975586
11354.000000,569900.000000,75549924.000000,0.017400,0.029000,-0.965700, , , 
11355.000000,569998.000000,75549924.000000, , , ,-0.650391,-0.325195,0.650391
11356.000000,569999.000000,75549924.000000,0.011600,0.026100,-0.977300, , , 
11357.000000,570099.000000,75549924.000000, , , ,0.000000,0.975586,0.650391
11358.000000,570100.000000,75549924.000000,0.008700,0.011600,-1.015000, , , 
11359.000000,570199.000000,75549924.000000,0.026100,0.002900,-1.017900, , , 
11360.000000,570200.000000,75549924.000000, , , ,-0.325195,0.325195,0.325195
11361.000000,570300.000000,75549924.000000,0.014500,0.014500,-0.986000, , , 
11362.000000,570301.000000,75549924.000000, , , ,0.000000,-0.325195,0.325195
11363.000000,570392.000000,75549924.000000, , , ,-0.650391,0.000000,0.650391
11364.000000,570399.000000,75549924.000000,0.023200,0.005800,-0.994700, , , 
11365.000000,570493.000000,75549924.000000, , , ,-0.975586,0.000000,0.650391
11366.000000,570500.000000,75549924.000000,0.029000,0.000000,-0.983100, , , 
11367.000000,570594.000000,75549924.000000, , , ,-0.975586,0.000000,0.975586
11368.000000,570599.000000,75549924.000000,0.029000,0.000000,-0.957000, , , 
11369.000000,570695.000000,75549924.000000, , , ,-0.650391,0.000000,0.975586
11370.000000,570700.000000,75549924.000000,0.008700,0.017400,-0.977300, , , 
11371.000000,570796.000000,75549924.000000, , , ,-0.975586,0.000000,0.325195
11372.000000,570799.000000,75549924.000000,0.023200,0.020300,-1.000500, , , 
11373.000000,570897.000000,75549924.000000, , , ,-0.650391,0.325195,0.650391
11374.000000,570900.000000,75549924.000000,0.026100,0.031900,-1.012100, , , 
11375.000000,570998.000000,75549924.000000, , , ,-0.325195,0.000000,0.650391
11376.000000,570999.000000,75549924.000000,0.014500,0.026100,-0.994700, , , 
11377.000000,571099.000000,75549924.000000, , , ,-0.325195,0.000000,1.300781
11378.000000,571100.000000,75549924.000000,0.020300,0.023200,-0.980200, , , 
11379.000000,571199.000000,75549924.000000,0.046400,0.005800,-0.971500, , , 
11380.000000,571200.000000,75549924.000000, , , ,-0.975586,-0.650391,0.650391
11381.000000,571300.000000,75549924.000000,0.014500,0.040600,-0.965700, , , 
11382.000000,571301.000000,75549924.000000, , , ,-0.650391,0.000000,0.000000
11383.000000,571392.000000,75549924.000000, , , ,-0.650391,-0.325195,0.975586
11384.000000,571399.000000,75549924.000000,0.020300,0.026100,-0.983100, , , 
11385.000000,571493.000000,75549924.000000, , , ,-0.975586,-0.325195,0.975586
11386.000000,571500.000000,75549924.000000,0.000000,0.017400,-0.980200, , , 
11387.000000,571594.000000,75549924.000000, , , ,-0.975586,0.000000,0.975586
11388.000000,571599.000000,75549924.000000,0.011600,0.034800,-1.020800, , , 
11389.000000,571695.000000,75549924.000000, , , ,-0.650391,0.325195,0.975586
11390.000000,571700.000000,75549924.000000,0.049300,0.049300,-0.988900, , , 
11391.000000,571796.000000,75549924.000000, , , ,-0.650391,0.000000,1.625977
11392.000000,571799.000000,75549924.000000,0.008700,0.058000,-0.968600, , , 
11393.000000,571897.000000,75549924.000000, , , ,-0.325195,-0.650391,0.650391
11394.000000,571900.000000,75549924.000000,0.034800,0.066700,-0.945400, , , 
11395.000000,571998.000000,75549924.000000, , , ,0.000000,-0.325195,1.300781
11396.000000,571999.000000,75549924.000000,-0.014500,0.046400,-0.974400, , , 
11397.000000,572099.000000,75549924.000000, , , ,0.000000,0.000000,1.300781
11398.000000,572100.000000,75549924.000000,0.023200,0.069600,-0.980200, , , 
11399.000000,572199.000000,75549924.000000,0.011600,0.052200,-0.986000, , , 
11400.000000,572200.000000,75549924.000000, , , ,0.325195,0.000000,1.300781
11401.000000,572300.000000,75549924.000000,0.005800,0.040600,-0.994700, , , 
11402.000000,572301.000000,75549924.000000, , , ,0.000000,0.000000,1.300781
11403.000000,572392.000000,75549924.000000, , , ,-0.650391,0.000000,1.300781
11404.000000,572399.000000,75549924.000000,0.020300,0.046400,-0.991800, , , 
11405.000000,572493.000000,75549924.000000, , , ,-0.650391,0.000000,1.300781
11406.000000,572500.000000,75549924.000000,0.014500,0.023200,-0.980200, , , 
11407.000000,572594.000000,75549924.000000, , , ,-0.975586,-0.325195,1.951172
11408.000000,572599.000000,75549924.000000,0.029000,0.040600,-0.977300, , , 
11409.000000,572695.000000,75549924.000000, , , ,-0.650391,-0.325195,1.625977
11410.000000,572700.000000,75549924.000000,0.002900,0.046400,-0.983100, , , 
11411.000000,572796.000000,75549924.000000, , , ,-0.975586,0.000000,1.300781
11412.000000,572799.000000,75549924.000000,0.017400,0.043500,-1.009200, , , 
11413.000000,572897.000000,75549924.000000, , , ,-0.650391,0.000000,1.300781
11414.000000,572900.000000,75549924.000000,0.031900,0.043500,-0.994700, , , 
11415.000000,572998.000000,75549924.000000, , , ,-0.650391,0.000000,1.300781
11416.000000,572999.000000,75549924.000000,0.023200,0.031900,-0.962800, , , 
11417.000000,573099.000000,75549924.000000, , , ,-1.300781,-0.325195,1.300781
11418.000000,573100.000000,75549924.000000,0.023200,0.055100,-0.957000, , , 
11419.000000,573199.000000,75549924.000000,0.008700,0.072500,-1.006300, , , 
11420.000000,573200.000000,75549924.000000, , , ,-0.650391,0.000000,0.975586
11421.000000,573300.000000,75549924.000000,0.031900,0.052200,-0.962800, , , 
11422.000000,573301.000000,75549924.000000, , , ,-0.325195,-1.300781,1.300781
11423.000000,573392.000000,75549924.000000, , , ,0.000000,-0.650391,1.300781
11424.000000,573399.000000,75549924.000000,0.017400,0.046400,-0.954100, , , 
11425.000000,573493.000000,75549924.000000, , , ,-0.325195,0.000000,1.300781
11426.000000,573500.000000,75549924.000000,0.005800,0.037700,-0.965700, , , 
11427.000000,573594.000000,75549924.000000, , , ,0.000000,-0.650391,1.300781
11428.000000,573599.000000,75549924.000000,0.031900,0.049300,-0.959900, , , 
11429.000000,573695.000000,75549924.000000, , , ,0.000000,-0.975586,0.975586
11430.000000,573700.000000,75549924.000000,0.034800,0.063800,-0.925100, , , 
11431.000000,573796.000000,75549924.000000, , , ,-0.325195,-1.300781,0.975586
11432.000000,573799.000000,75549924.000000,0.043500,0.043500,-0.930900, , , 
11433.000000,573897.000000,75549924.000000, , , ,-0.325195,-0.975586,0.975586
11434.000000,573900.000000,75549924.000000,0.000000,0.043500,-0.930900, , , 
11435.000000,573998.000000,75549924.000000, , , ,0.000000,0.325195,1.300781
11436.000000,573999.000000,75549924.000000,0.005800,0.046400,-1.009200, , , 
11437.000000,574099.000000,75549924.000000, , , ,0.000000,0.000000,0.650391
11438.000000,574100.000000,75549924.000000,0.020300,0.043500,-1.035300, , , 
11439.000000,574199.000000,75549924.000000,0.026100,0.011600,-1.000500, , , 
11440.000000,574200.000000,75549924.000000, , , ,0.000000,-0.325195,0.325195
11441.000000,574300.000000,75549924.000000,0.014500,0.008700,-0.974400, , , 
11442.000000,574301.000000,75549924.000000, , , ,-0.650391,-0.325195,0.650391
11443.000000,574392.000000,75549924.000000, , , ,-0.650391,1.300781,0.975586
11444.000000,574399.000000,75549924.000000,0.008700,0.017400,-1.020800, , , 
11445.000000,574493.000000,75549924.000000, , , ,-0.325195,0.650391,0.975586
11446.000000,574500.000000,75549924.000000,0.037700,0.017400,-1.015000, , , 
11447.000000,574594.000000,75549924.000000, , , ,-0.325195,0.000000,0.650391
11448.000000,574599.000000,75549924.000000,0.008700,0.029000,-0.994700, , , 
11449.000000,574695.000000,75549924.000000, , , ,0.000000,0.000000,0.325195
11450.000000,574700.000000,75549924.000000,0.005800,0.020300,-0.988900, , , 
11451.000000,574796.000000,75549924.000000, , , ,-0.325195,0.000000,0.975586
11452.000000,574799.000000,75549924.000000,0.014500,0.014500,-0.988900, , , 
11453.000000,574897.000000,75549924.000000, , , ,-0.650391,-0.650391,0.650391
11454.000000,574900.000000,75549924.000000,0.029000,0.029000,-0.968600, , , 
11455.000000,574998.000000,75549924.000000, , , ,-0.650391,0.000000,0.650391
11456.000000,574999.000000,75549924.000000,0.000000,0.017400,-0.971500, , , 
11457.000000,575099.000000,75549924.000000, , , ,-0.975586,0.000000,0.975586
11458.000000,575100.000000,75549924.000000,0.002900,0.017400,-1.009200, , , 
11459.000000,575199.000000,75549924.000000,0.017400,0.034800,-1.012100, , , 
11460.000000,575200.000000,75549924.000000, , , ,0.000000,0.650391,0.325195
11461.000000,575300.000000,75549924.000000,0.014500,0.043500,-0.971500, , , 
11462.000000,575301.000000,75549924.000000, , , ,-0.325195,0.000000,0.650391
11463.000000,575392.000000,75549924.000000, , , ,0.000000,-0.975586,0.650391
11464.000000,575399.000000,75549924.000000,0.002900,-0.002900,-0.983100, , , 
11465.000000,575493.000000,75549924.000000, , , ,0.650391,-1.300781,0.650391
11466.000000,575500.000000,75549924.000000,0.000000,0.031900,-0.957000, , , 
11467.000000,575594.000000,75549924.000000, , , ,0.650391,1.625977,1.625977
11468.000000,575599.000000,75549924.000000,-0.023200,0.052200,-0.994700, , , 
11469.000000,575695.000000,75549924.000000, , , ,-0.325195,0.650391,-0.650391
11470.000000,575700.000000,75549924.000000,0.026100,-0.046400,-1.035300, , , 
11471.000000,575796.000000,75549924.000000, , , ,-0.975586,0.000000,9.105469
11472.000000,575799.000000,75549924.000000,0.026100,0.000000,-0.983100, , , 
11473.000000,575897.000000,75549924.000000, , , ,-0.325195,-0.650391,1.300781
11474.000000,575900.000000,75549924.000000,0.000000,0.060900,-0.971500, , , 
11475.000000,575998.000000,75549924.000000, , , ,-0.325195,0.000000,0.975586
11476.000000,576000.000000,75549924.000000,0.023200,0.040600,-1.003400, , , 
11477.000000,576098.000000,75549924.000000, , , ,-0.650391,0.650391,0.975586
11478.000000,576099.000000,75549924.000000,0.000000,0.005800,-0.994700, , , 
11479.000000,576199.000000,75549924.000000, , , ,-0.650391,-0.325195,0.650391
11480.000000,576200.000000,75549924.000000,0.026100,0.011600,-0.968600, , , 
11481.000000,576299.000000,75549924.000000,0.000000,0.011600,-0.942500, , , 
11482.000000,576300.000000,75549924.000000, , , ,-0.325195,-0.975586,0.650391
11483.000000,576400.000000,75549924.000000,0.005800,0.005800,-0.954100, , , 
11484.000000,576401.000000,75549924.000000, , , ,-0.975586,-0.650391,0.650391
11485.000000,576492.000000,75549924.000000, , , ,-0.650391,0.325195,0.975586
11486.000000,576499.000000,75549924.000000,0.011600,0.023200,-0.988900, , , 
11487.000000,576593.000000,75549924.000000, , , ,-0.650391,0.000000,0.650391
11488.000000,576600.000000,75549924.000000,-0.011600,0.020300,-1.006300, , , 
11489.000000,576694.000000,75549924.000000, , , ,0.000000,-0.325195,0.325195
11490.000000,576699.000000,75549924.000000,0.014500,0.023200,-0.988900, , , 
11491.000000,576795.000000,75549924.000000, , , ,0.000000,0.000000,0.325195
11492.000000,576800.000000,75549924.000000,0.008700,0.005800,-0.957000, , , 
11493.000000,576896.000000,75549924.000000, , , ,-0.325195,-0.325195,0.975586
11494.000000,576899.000000,75549924.000000,0.008700,0.014500,-0.948300, , , 
11495.000000,576997.000000,75549924.000000, , , ,-0.325195,0.650391,0.975586
11496.000000,577000.000000,75549924.000000,-0.005800,0.029000,-0.974400, , , 
11497.000000,577098.000000,75549924.000000, , , ,-0.650391,-0.650391,0.975586
11498.000000,577099.000000,75549924.000000,0.002900,0.014500,-1.009200, , , 
11499.000000,577199.000000,75549924.000000, , , ,-0.325195,0.650391,0.650391
11500.000000,577200.000000,75549924.000000,0.005800,0.005800,-0.994700, , , 
11501.000000,577299.000000,75549924.000000,0.014500,0.029000,-0.994700, , , 
11502.000000,577300.000000,75549924.000000, , , ,-0.325195,0.000000,0.325195
11503.000000,577400.000000,75549924.000000,-0.011600,0.026100,-0.986000, , , 
11504.000000,577401.000000,75549924.000000, , , ,-0.650391,0.325195,0.650391
11505.000000,577492.000000,75549924.000000, , , ,-0.325195,0.325195,0.975586
11506.000000,577499.000000,75549924.000000,0.002900,-0.020300,-0.997600, , , 
11507.000000,577593.000000,75549924.000000, , , ,-0.325195,-0.325195,0.650391
11508.000000,577600.000000,75549924.000000,-0.002900,0.023200,-0.959900, , , 
11509.000000,577694.000000,75549924.000000, , , ,0.000000,-0.325195,0.650391
11510.000000,577699.000000,75549924.000000,0.002900,0.046400,-0.959900, , , 
11511.000000,577795.000000,75549924.000000, , , ,-0.325195,0.000000,0.325195
11512.000000,577800.000000,75549924.000000,-0.026100,0.011600,-1.000500, , , 
11513.000000,577896.000000,75549924.000000, , , ,0.000000,0.000000,1.300781
11514.000000,577899.000000,75549924.000000,0.023200,0.029000,-0.983100, , , 
11515.000000,577997.000000,75549924.000000, , , ,-0.325195,-0.975586,0.975586
11516.000000,578000.000000,75549924.000000,0.005800,0.034800,-0.959900, , , 
11517.000000,578098.000000,75549924.000000, , , ,-0.650391,-0.325195,0.975586
11518.000000,578099.000000,75549924.000000,0.000000,0.017400,-0.965700, , , 
11519.000000,578199.000000,75549924.000000, , , ,-1.300781,0.000000,0.975586
11520.000000,578200.000000,75549924.000000,0.002900,0.029000,-0.971500, , , 
11521.000000,578299.000000,75549924.000000,0.011600,0.043500,-0.942500, , , 
11522.000000,578300.000000,75549924.000000, , , ,-0.650391,-1.625977,0.975586
11523.000000,578400.000000,75549924.000000,-0.020300,0.029000,-0.933800, , , 
11524.000000,578401.000000,75549924.000000, , , ,-0.325195,-0.975586,1.300781
11525.000000,578492.000000,75549924.000000, , , ,-1.300781,0.975586,5.853516
11526.000000,578499.000000,75549924.000000,-0.017400,0.005800,-1.003400, , , 
11527.000000,578593.000000,75549924.000000, , , ,0.000000,-0.650391,0.975586
11528.000000,578600.000000,75549924.000000,0.017400,0.084100,-1.017900, , , 
11529.000000,578694.000000,75549924.000000, , , ,0.000000,-0.325195,1.300781
11530.000000,578699.000000,75549924.000000,-0.034800,0.055100,-1.032400, , , 
11531.000000,578795.000000,75549924.000000, , , ,0.000000,0.000000,1.300781
11532.000000,578800.000000,75549924.000000,0.023200,0.029000,-0.951200, , , 
11533.000000,578896.000000,75549924.000000, , , ,0.000000,-1.625977,0.650391
11534.000000,578899.000000,75549924.000000,-0.005800,0.026100,-0.930900, , , 
11535.000000,578997.000000,75549924.000000, , , ,-0.650391,0.000000,1.300781
11536.000000,579000.000000,75549924.000000,-0.014500,0.014500,-0.965700, , , 
11537.000000,579098.000000,75549924.000000, , , ,-1.300781,0.000000,1.300781
11538.000000,579099.000000,75549924.000000,-0.002900,0.034800,-0.997600, , , 
11539.000000,579199.000000,75549924.000000, , , ,-0.325195,0.000000,0.650391
11540.000000,579200.000000,75549924.000000,-0.002900,0.037700,-0.997600, , , 
11541.000000,579299.000000,75549924.000000,-0.011600,0.005800,-1.020800, , , 
11542.000000,579300.000000,75549924.000000, , , ,-0.325195,0.325195,0.650391
11543.000000,579400.000000,75549924.000000,-0.011600,0.011600,-1.000500, , , 
11544.000000,579401.000000,75549924.000000, , , ,-1.300781,0.000000,0.975586
11545.000000,579492.000000,75549924.000000, , , ,-1.300781,0.325195,0.975586
11546.000000,579499.000000,75549924.000000,-0.011600,0.014500,-0.980200, , , 
11547.000000,579593.000000,75549924.000000, , , ,-0.650391,0.000000,0.975586
11548.000000,579600.000000,75549924.000000,-0.008700,0.029000,-0.986000, , , 
11549.000000,579694.000000,75549924.000000, , , ,-0.325195,-0.975586,0.650391
11550.000000,579699.000000,75549924.000000,0.000000,0.031900,-0.951200, , , 
11551.000000,579795.000000,75549924.000000, , , ,-0.325195,-0.325195,0.325195
11552.000000,579800.000000,75549924.000000,-0.020300,0.020300,-0.980200, , , 
11553.000000,579896.000000,75549924.000000, , , ,0.000000,0.000000,0.325195
11554.000000,579899.000000,75549924.000000,0.000000,0.017400,-1.000500, , , 
11555.000000,579997.000000,75549924.000000, , , ,0.000000,0.000000,0.650391
11556.000000,580000.000000,75549924.000000,-0.002900,0.002900,-0.974400, , , 
11557.000000,580098.000000,75549924.000000, , , ,0.000000,-0.325195,0.650391
11558.000000,580099.000000,75549924.000000,-0.008700,-0.011600,-0.962800, , , 
11559.000000,580199.000000,75549924.000000, , , ,-0.650391,0.000000,0.975586
11560.000000,580200.000000,75549924.000000,-0.026100,0.023200,-0.968600, , , 
11561.000000,580299.000000,75549924.000000,0.000000,0.040600,-0.986000, , , 
11562.000000,580300.000000,75549924.000000, , , ,-0.650391,0.325195,1.625977
11563.000000,580400.000000,75549924.000000,0.014500,0.060900,-0.939600, , , 
11564.000000,580401.000000,75549924.000000, , , ,-0.975586,-0.975586,1.625977
11565.000000,580492.000000,75549924.000000, , , ,-0.650391,-0.325195,1.625977
11566.000000,580499.000000,75549924.000000,-0.034800,0.084100,-0.991800, , , 
11567.000000,580593.000000,75549924.000000, , , ,-0.650391,0.325195,1.625977
11568.000000,580600.000000,75549924.000000,0.000000,0.052200,-1.017900, , , 
11569.000000,580694.000000,75549924.000000, , , ,-0.975586,-0.325195,1.625977
11570.000000,580699.000000,75549924.000000,0.034800,0.060900,-0.942500, , , 
11571.000000,580795.000000,75549924.000000, , , ,-0.975586,-0.975586,1.625977
11572.000000,580800.000000,75549924.000000,-0.037700,0.078300,-0.954100, , , 
11573.000000,580896.000000,75549924.000000, , , ,-0.325195,0.000000,1.300781
11574.000000,580899.000000,75549924.000000,0.002900,0.063800,-0.965700, , , 
11575.000000,580997.000000,75549924.000000, , , ,-1.300781,-0.325195,1.300781
11576.000000,581000.000000,75549924.000000,0.000000,0.052200,-0.965700, , , 
11577.000000,581098.000000,75549924.000000, , , ,-0.975586,-0.325195,0.975586
11578.000000,581099.000000,75549924.000000,-0.014500,0.058000,-0.965700, , , 
11579.000000,581199.000000,75549924.000000, , , ,-0.325195,0.325195,1.625977
11580.000000,581200.000000,75549924.000000,-0.005800,0.069600,-0.986000, , , 
11581.000000,581299.000000,75549924.000000,0.002900,0.052200,-0.971500, , , 
11582.000000,581300.000000,75549924.000000, , , ,0.000000,-0.650391,0.650391
11583.000000,581400.000000,75549924.000000,-0.017400,0.040600,-0.971500, , , 
11584.000000,581401.000000,75549924.000000, , , ,0.000000,0.000000,0.000000
11585.000000,581492.000000,75549924.000000, , , ,0.325195,0.325195,0.975586
11586.000000,581499.000000,75549924.000000,-0.011600,0.031900,-1.023700, , , 
11587.000000,581593.000000,75549924.000000, , , ,-0.325195,0.000000,0.975586
11588.000000,581600.000000,75549924.000000,0.000000,0.000000,-0.997600, , , 
11589.000000,581694.000000,75549924.000000, , , ,0.000000,0.325195,0.650391
11590.000000,581701.000000,75549924.000000,-0.017400,0.031900,-1.000500, , , 
11591.000000,581794.000000,75549924.000000, , , ,0.000000,0.000000,0.650391
11592.000000,581799.000000,75549924.000000,0.005800,0.020300,-0.986000, , , 
11593.000000,581895.000000,75549924.000000, , , ,0.000000,0.000000,0.650391
11594.000000,581900.000000,75549924.000000,-0.017400,0.023200,-0.959900, , , 
11595.000000,581996.000000,75549924.000000, , , ,-0.650391,0.000000,0.975586
11596.000000,581999.000000,75549924.000000,0.000000,0.017400,-0.980200, , , 
11597.000000,582097.000000,75549924.000000, , , ,-0.650391,-0.325195,0.650391
11598.000000,582100.000000,75549924.000000,-0.014500,0.029000,-0.997600, , , 
11599.000000,582198.000000,75549924.000000, , , ,0.000000,0.000000,0.975586
11600.000000,582199.000000,75549924.000000,-0.017400,0.029000,-0.962800, , , 
11601.000000,582299.000000,75549924.000000, , , ,-0.325195,-0.325195,1.300781
11602.000000,582300.000000,75549924.000000,-0.014500,0.034800,-0.971500, , , 
11603.000000,582399.000000,75549924.000000,-0.020300,0.023200,-0.997600, , , 
11604.000000,582400.000000,75549924.000000, , , ,-0.975586,0.000000,1.300781
11605.000000,582500.000000,75549924.000000,-0.011600,0.043500,-0.991800, , , 
11606.000000,582501.000000,75549924.000000, , , ,-0.975586,0.000000,1.300781
11607.000000,582592.000000,75549924.000000, , , ,-0.975586,-0.650391,0.975586
11608.000000,582599.000000,75549924.000000,-0.023200,0.052200,-1.000500, , , 
11609.000000,582693.000000,75549924.000000, , , ,-0.975586,0.000000,0.975586
11610.000000,582700.000000,75549924.000000,-0.011600,0.040600,-0.986000, , , 
11611.000000,582794.000000,75549924.000000, , , ,-0.650391,0.000000,0.975586
11612.000000,582799.000000,75549924.000000,-0.023200,0.052200,-1.009200, , , 
11613.000000,582895.000000,75549924.000000, , , ,0.000000,0.325195,1.300781
11614.000000,582900.000000,75549924.000000,-0.005800,0.066700,-0.997600, , , 
11615.000000,582996.000000,75549924.000000, , , ,0.650391,-0.650391,0.650391
11616.000000,582999.000000,75549924.000000,0.000000,0.037700,-0.977300, , , 
11617.000000,583097.000000,75549924.000000, , , ,0.325195,-1.300781,0.650391
11618.000000,583100.000000,75549924.000000,-0.005800,0.011600,-0.925100, , , 
11619.000000,583198.000000,75549924.000000, , , ,-0.650391,0.000000,0.975586
11620.000000,583199.000000,75549924.000000,-0.034800,0.014500,-0.968600, , , 
11621.000000,583299.000000,75549924.000000, , , ,-0.975586,0.325195,1.625977
11622.000000,583300.000000,75549924.000000,-0.014500,0.014500,-1.032400, , , 
11623.000000,583399.000000,75549924.000000,-0.011600,0.040600,-0.997600, , , 
11624.000000,583400.000000,75549924.000000, , , ,-0.325195,-0.325195,0.975586
11625.000000,583500.000000,75549924.000000,-0.017400,0.031900,-0.991800, , , 
11626.000000,583501.000000,75549924.000000, , , ,0.000000,-0.325195,0.650391
11627.000000,583592.000000,75549924.000000, , , ,0.000000,0.325195,0.325195
11628.000000,583599.000000,75549924.000000,-0.023200,0.049300,-1.006300, , , 
11629.000000,583693.000000,75549924.000000, , , ,0.650391,0.000000,0.975586
11630.000000,583700.000000,75549924.000000,-0.005800,0.052200,-1.000500, , , 
11631.000000,583794.000000,75549924.000000, , , ,0.000000,-0.325195,0.650391
11632.000000,583799.000000,75549924.000000,0.000000,0.002900,-0.942500, , , 
11633.000000,583895.000000,75549924.000000, , , ,0.650391,0.000000,0.325195
11634.000000,583900.000000,75549924.000000,-0.058000,0.029000,-0.977300, , , 
11635.000000,583996.000000,75549924.000000, , , ,0.325195,0.000000,1.951172
11636.000000,583999.000000,75549924.000000,-0.005800,0.014500,-0.980200, , , 
11637.000000,584097.000000,75549924.000000, , , ,-0.325195,-1.300781,0.975586
11638.000000,584100.000000,75549924.000000,-0.011600,0.017400,-0.954100, , , 
11639.000000,584198.000000,75549924.000000, , , ,-0.325195,0.325195,1.951172
11640.000000,584199.000000,75549924.000000,-0.049300,0.023200,-1.009200, , , 
11641.000000,584299.000000,75549924.000000, , , ,-0.325195,0.325195,1.300781
11642.000000,584300.000000,75549924.000000,-0.014500,-0.005800,-1.052700, , , 
11643.000000,584399.000000,75549924.000000,-0.002900,0.026100,-1.003400, , , 
11644.000000,584400.000000,75549924.000000, , , ,-0.650391,-0.325195,1.300781
11645.000000,584500.000000,75549924.000000,-0.043500,0.049300,-0.994700, , , 
11646.000000,584501.000000,75549924.000000, , , ,0.000000,0.000000,0.325195
11647.000000,584592.000000,75549924.000000, , , ,-0.975586,0.650391,0.975586
11648.000000,584599.000000,75549924.000000,0.049300,0.060900,-0.957000, , , 
11649.000000,584693.000000,75549924.000000, , , ,-0.325195,-0.975586,0.325195
11650.000000,584700.000000,75549924.000000,-0.008700,0.020300,-0.939600, , , 
11651.000000,584794.000000,75549924.000000, , , ,0.325195,0.650391,0.000000
11652.000000,584799.000000,75549924.000000,-0.049300,-0.017400,-1.026600, , , 
11653.000000,584895.000000,75549924.000000, , , ,-0.325195,-0.325195,0.650391
11654.000000,584900.000000,75549924.000000,-0.029000,-0.017400,-1.009200, , , 
11655.000000,584996.000000,75549924.000000, , , ,0.000000,0.325195,0.325195
11656.000000,584999.000000,75549924.000000,-0.014500,0.000000,-1.015000, , , 
11657.000000,585097.000000,75549924.000000, , , ,-0.650391,0.325195,0.000000
11658.000000,585100.000000,75549924.000000,-0.031900,0.002900,-1.017900, , , 
11659.000000,585198.000000,75549924.000000, , , ,-1.951172,1.625977,0.650391
11660.000000,585199.000000,75549924.000000,0.011600,-0.011600,-0.965700, , , 
11661.000000,585299.000000,75549924.000000, , , ,-0.975586,-1.300781,1.300781
11662.000000,585300.000000,75549924.000000,0.008700,0.000000,-0.916400, , , 
11663.000000,585399.000000,75549924.000000,-0.020300,0.008700,-0.928000, , , 
11664.000000,585400.000000,75549924.000000, , , ,0.000000,-0.325195,0.650391
11665.000000,585500.000000,75549924.000000,-0.037700,0.014500,-0.986000, , , 
11666.000000,585501.000000,75549924.000000, , , ,0.325195,0.000000,0.000000
11667.000000,585601.000000,75549924.000000,0.005800,-0.031900,-1.006300,0.000000,2.276367,4.552734
11668.000000,585692.000000,75549924.000000, , , ,-1.625977,0.975586,0.325195
11669.000000,585699.000000,75549924.000000,-0.075400,0.020300,-1.020800, , , 
11670.000000,585793.000000,75549924.000000, , , ,-2.276367,1.625977,3.577148
11671.000000,585800.000000,75549924.000000,-0.014500,-0.011600,-1.020800, , , 
11672.000000,585894.000000,75549924.000000, , , ,-0.975586,-0.650391,0.000000
11673.000000,585900.000000,75549924.000000,0.008700,0.034800,-0.977300, , , 
11674.000000,585994.000000,75549924.000000, , , ,-0.325195,-0.325195,0.650391
11675.000000,585999.000000,75549924.000000,-0.017400,0.020300,-0.930900, , , 
11676.000000,586095.000000,75549924.000000, , , ,-0.325195,0.000000,0.325195
11677.000000,586100.000000,75549924.000000,-0.023200,0.000000,-0.971500, , , 
11678.000000,586196.000000,75549924.000000, , , ,0.000000,-0.325195,0.325195
11679.000000,586199.000000,75549924.000000,-0.023200,0.002900,-0.968600, , , 
11680.000000,586297.000000,75549924.000000, , , ,-0.325195,0.325195,0.975586
11681.000000,586300.000000,75549924.000000,-0.034800,-0.002900,-1.017900, , , 
11682.000000,586398.000000,75549924.000000, , , ,-0.650391,0.325195,2.276367
11683.000000,586399.000000,75549924.000000,-0.005800,0.008700,-1.012100, , , 
11684.000000,586499.000000,75549924.000000, , , ,0.325195,0.325195,0.325195
11685.000000,586500.000000,75549924.000000,-0.017400,0.011600,-0.994700, , , 
11686.000000,586599.000000,75549924.000000,-0.020300,0.000000,-1.020800, , , 
11687.000000,586600.000000,75549924.000000, , , ,-0.325195,-0.650391,0.975586
11688.000000,586700.000000,75549924.000000,-0.026100,-0.005800,-1.023700, , , 
11689.000000,586701.000000,75549924.000000, , , ,-1.625977,0.975586,0.650391
11690.000000,586801.000000,75549924.000000,0.000000,0.023200,-1.003400, , , 
11691.000000,586802.000000,75549924.000000, , , ,-0.325195,0.000000,0.650391
11692.000000,586892.000000,75549924.000000, , , ,0.000000,-1.300781,0.325195
11693.000000,586899.000000,75549924.000000,0.002900,0.014500,-0.933800, , , 
11694.000000,586993.000000,75549924.000000, , , ,0.000000,-0.650391,0.650391
11695.000000,587000.000000,75549924.000000,-0.026100,0.014500,-0.919300, , , 
11696.000000,587094.000000,75549924.000000, , , ,0.000000,0.000000,0.650391
11697.000000,587099.000000,75549924.000000,-0.023200,0.014500,-0.974400, , , 
11698.000000,587195.000000,75549924.000000, , , ,-0.975586,0.000000,0.975586
11699.000000,587200.000000,75549924.000000,-0.014500,0.026100,-0.994700, , , 
11700.000000,587296.000000,75549924.000000, , , ,-1.300781,0.325195,0.975586
11701.000000,587299.000000,75549924.000000,-0.017400,0.008700,-1.017900, , , 
11702.000000,587397.000000,75549924.000000, , , ,-1.300781,0.000000,1.300781
11703.000000,587400.000000,75549924.000000,-0.005800,0.023200,-1.012100, , , 
11704.000000,587498.000000,75549924.000000, , , ,-0.975586,0.000000,0.975586
11705.000000,587499.000000,75549924.000000,-0.029000,0.023200,-0.994700, , , 
11706.000000,587599.000000,75549924.000000, , , ,-0.650391,0.650391,1.300781
11707.000000,587600.000000,75549924.000000,-0.029000,0.040600,-1.029500, , , 
11708.000000,587699.000000,75549924.000000,-0.008700,0.029000,-1.026600, , , 
11709.000000,587700.000000,75549924.000000, , , ,-0.975586,0.650391,1.300781
11710.000000,587800.000000,75549924.000000,-0.011600,0.043500,-0.994700, , , 
11711.000000,587801.000000,75549924.000000, , , ,0.000000,0.325195,1.300781
11712.000000,587892.000000,75549924.000000, , , ,0.000000,-0.650391,0.975586
11713.000000,587899.000000,75549924.000000,-0.011600,0.046400,-0.965700, , , 
11714.000000,587993.000000,75549924.000000, , , ,0.000000,-0.650391,0.975586
11715.000000,588000.000000,75549924.000000,-0.005800,0.037700,-0.933800, , , 
11716.000000,588094.000000,75549924.000000, , , ,-0.325195,-0.325195,1.625977
11717.000000,588099.000000,75549924.000000,-0.020300,0.034800,-0.965700, , , 
11718.000000,588195.000000,75549924.000000, , , ,-0.650391,0.000000,1.625977
11719.000000,588200.000000,75549924.000000,-0.017400,0.026100,-0.962800, , , 
11720.000000,588296.000000,75549924.000000, , , ,0.000000,-0.975586,1.625977
11721.000000,588299.000000,75549924.000000,0.005800,0.049300,-0.936700, , , 
11722.000000,588397.000000,75549924.000000, , , ,-0.325195,-1.300781,1.300781
11723.000000,588400.000000,75549924.000000,-0.034800,0.049300,-0.945400, , , 
11724.000000,588498.000000,75549924.000000, , , ,0.000000,0.975586,1.625977
11725.000000,588499.000000,75549924.000000,-0.037700,0.040600,-1.003400, , , 
11726.000000,588599.000000,75549924.000000, , , ,-0.975586,0.650391,0.975586
11727.000000,588600.000000,75549924.000000,-0.005800,0.034800,-1.035300, , , 
11728.000000,588699.000000,75549924.000000,-0.023200,0.029000,-1.029500, , , 
11729.000000,588700.000000,75549924.000000, , , ,-0.975586,0.325195,0.975586
11730.000000,588800.000000,75549924.000000,0.008700,0.031900,-0.977300, , , 
11731.000000,588801.000000,75549924.000000, , , ,0.325195,0.000000,0.650391
11732.000000,588892.000000,75549924.000000, , , ,0.000000,-0.975586,0.650391
11733.000000,588899.000000,75549924.000000,-0.008700,0.020300,-0.942500, , , 
11734.000000,588993.000000,75549924.000000, , , ,0.000000,-0.325195,0.650391
11735.000000,589000.000000,75549924.000000,-0.020300,0.002900,-0.974400, , , 
11736.000000,589094.000000,75549924.000000, , , ,0.000000,0.650391,0.650391
11737.000000,589099.000000,75549924.000000,-0.008700,0.011600,-1.009200, , , 
11738.000000,589195.000000,75549924.000000, , , ,-0.325195,0.000000,1.300781
11739.000000,589200.000000,75549924.000000,-0.008700,0.020300,-0.997600, , , 
11740.000000,589296.000000,75549924.000000, , , ,-0.325195,-0.325195,1.300781
11741.000000,589299.000000,75549924.000000,-0.002900,0.000000,-0.957000, , , 
11742.000000,589397.000000,75549924.000000, , , ,-0.975586,0.000000,0.325195
11743.000000,589400.000000,75549924.000000,-0.034800,0.008700,-1.003400, , , 
11744.000000,589498.000000,75549924.000000, , , ,-0.650391,0.000000,0.975586
11745.000000,589499.000000,75549924.000000,0.005800,0.046400,-1.006300, , , 
11746.000000,589599.000000,75549924.000000, , , ,0.000000,-0.650391,0.650391
11747.000000,589600.000000,75549924.000000,0.002900,0.008700,-0.962800, , , 
11748.000000,589699.000000,75549924.000000,-0.031900,0.000000,-0.986000, , , 
11749.000000,589700.000000,75549924.000000, , , ,-0.975586,0.000000,0.975586
11750.000000,589800.000000,75549924.000000,0.002900,0.026100,-0.983100, , , 
11751.000000,589801.000000,75549924.000000, , , ,-0.325195,0.000000,0.975586
11752.000000,589892.000000,75549924.000000, , , ,-0.975586,-0.325195,0.975586
11753.000000,589899.000000,75549924.000000,0.000000,0.029000,-0.980200, , , 
11754.000000,589993.000000,75549924.000000, , , ,-0.650391,0.000000,0.975586
11755.000000,590000.000000,75549924.000000,-0.014500,0.040600,-0.974400, , , 
11756.000000,590094.000000,75549924.000000, , , ,-0.650391,0.325195,0.975586
11757.000000,590099.000000,75549924.000000,-0.011600,0.031900,-0.983100, , , 
11758.000000,590195.000000,75549924.000000, , , ,-0.650391,-0.650391,1.300781
11759.000000,590200.000000,75549924.000000,-0.011600,0.034800,-0.994700, , , 
11760.000000,590296.000000,75549924.000000, , , ,0.000000,0.000000,0.975586
11761.000000,590300.000000,75549924.000000,-0.008700,0.031900,-0.977300, , , 
11762.000000,590396.000000,75549924.000000, , , ,0.000000,0.000000,1.300781
11763.000000,590399.000000,75549924.000000,-0.008700,0.040600,-0.991800, , , 
11764.000000,590497.000000,75549924.000000, , , ,-0.325195,0.000000,0.975586
11765.000000,590500.000000,75549924.000000,-0.008700,0.029000,-0.983100, , , 
11766.000000,590598.000000,75549924.000000, , , ,0.000000,0.000000,1.300781
11767.000000,590599.000000,75549924.000000,-0.005800,0.034800,-0.962800, , , 
11768.000000,590699.000000,75549924.000000, , , ,-0.650391,-0.975586,1.300781
11769.000000,590700.000000,75549924.000000,0.008700,0.029000,-0.933800, , , 
11770.000000,590799.000000,75549924.000000,-0.046400,0.017400,-0.983100, , , 
11771.000000,590800.000000,75549924.000000, , , ,-1.300781,0.000000,1.300781
11772.000000,590900.000000,75549924.000000,0.005800,0.031900,-1.020800, , , 
11773.000000,590901.000000,75549924.000000, , , ,-0.975586,0.650391,1.625977
11774.000000,590992.000000,75549924.000000, , , ,-1.951172,0.000000,0.975586
11775.000000,590999.000000,75549924.000000,-0.011600,0.002900,-1.015000, , , 
11776.000000,591093.000000,75549924.000000, , , ,-2.276367,0.325195,1.300781
11777.000000,591100.000000,75549924.000000,-0.023200,0.026100,-1.017900, , , 
11778.000000,591194.000000,75549924.000000, , , ,-0.975586,0.975586,0.975586
11779.000000,591199.000000,75549924.000000,-0.008700,0.058000,-1.052700, , , 
11780.000000,591295.000000,75549924.000000, , , ,0.000000,0.325195,0.975586
11781.000000,591300.000000,75549924.000000,0.000000,0.046400,-1.009200, , , 
11782.000000,591396.000000,75549924.000000, , , ,0.325195,0.000000,0.325195
11783.000000,591399.000000,75549924.000000,-0.002900,0.029000,-0.957000, , , 
11784.000000,591497.000000,75549924.000000, , , ,0.325195,0.325195,0.650391
11785.000000,591500.000000,75549924.000000,-0.029000,0.005800,-1.009200, , , 
11786.000000,591598.000000,75549924.000000, , , ,-0.975586,0.000000,0.325195
11787.000000,591599.000000,75549924.000000,-0.002900,-0.011600,-0.997600, , , 
11788.000000,591699.000000,75549924.000000, , , ,-0.975586,0.000000,0.650391
11789.000000,591700.000000,75549924.000000,0.002900,0.008700,-0.980200, , , 
11790.000000,591799.000000,75549924.000000,-0.017400,0.020300,-0.957000, , , 
11791.000000,591800.000000,75549924.000000, , , ,0.000000,-0.325195,0.325195
11792.000000,591900.000000,75549924.000000,-0.005800,-0.005800,-0.959900, , , 
11793.000000,591901.000000,75549924.000000, , , ,-0.325195,-0.325195,0.000000
11794.000000,591992.000000,75549924.000000, , , ,-0.325195,0.000000,0.325195
11795.000000,591999.000000,75549924.000000,-0.020300,-0.005800,-1.017900, , , 
11796.000000,592093.000000,75549924.000000, , , ,0.000000,0.650391,0.325195
11797.000000,592100.000000,75549924.000000,-0.002900,-0.017400,-1.023700, , , 
11798.000000,592194.000000,75549924.000000, , , ,-0.650391,0.000000,0.000000
11799.000000,592200.000000,75549924.000000,0.000000,-0.005800,-0.965700, , , 
11800.000000,592294.000000,75549924.000000, , , ,-1.300781,-0.650391,0.000000
11801.000000,592299.000000,75549924.000000,-0.005800,-0.014500,-0.945400, , , 
11802.000000,592395.000000,75549924.000000, , , ,-1.300781,-0.325195,0.325195
11803.000000,592400.000000,75549924.000000,-0.017400,-0.020300,-0.948300, , , 
11804.000000,592496.000000,75549924.000000, , , ,-0.975586,0.325195,0.000000
11805.000000,592499.000000,75549924.000000,-0.011600,-0.002900,-0.991800, , , 
11806.000000,592597.000000,75549924.000000, , , ,-0.975586,0.325195,0.000000
11807.000000,592600.000000,75549924.000000,-0.029000,-0.031900,-1.023700, , , 
11808.000000,592698.000000,75549924.000000, , , ,-1.625977,0.000000,0.000000
11809.000000,592699.000000,75549924.000000,0.002900,-0.031900,-1.009200, , , 
11810.000000,592799.000000,75549924.000000, , , ,-1.625977,0.000000,0.000000
11811.000000,592800.000000,75549924.000000,-0.026100,-0.011600,-0.991800, , , 
11812.000000,592899.000000,75549924.000000,0.000000,-0.034800,-0.959900, , , 
11813.000000,592900.000000,75549924.000000, , , ,-1.625977,0.000000,0.000000
11814.000000,593000.000000,75549924.000000,-0.014500,-0.011600,-0.948300, , , 
11815.000000,593001.000000,75549924.000000, , , ,-1.625977,-0.650391,0.000000
11816.000000,593092.000000,75549924.000000, , , ,-0.975586,0.325195,0.000000
11817.000000,593099.000000,75549924.000000,-0.017400,0.000000,-0.994700, , , 
11818.000000,593193.000000,75549924.000000, , , ,-0.650391,0.000000,0.000000
11819.000000,593200.000000,75549924.000000,-0.008700,-0.011600,-1.003400, , , 
11820.000000,593294.000000,75549924.000000, , , ,-0.650391,0.000000,-0.325195
11821.000000,593299.000000,75549924.000000,-0.017400,-0.020300,-0.994700, , , 
11822.000000,593395.000000,75549924.000000, , , ,-0.650391,-0.650391,0.000000
11823.000000,593400.000000,75549924.000000,-0.014500,-0.017400,-0.971500, , , 
11824.000000,593496.000000,75549924.000000, , , ,-0.975586,0.000000,0.000000
11825.000000,593499.000000,75549924.000000,-0.014500,-0.014500,-0.997600, , , 
11826.000000,593597.000000,75549924.000000, , , ,-1.300781,0.000000,0.000000
11827.000000,593600.000000,75549924.000000,0.002900,-0.031900,-0.986000, , , 
11828.000000,593698.000000,75549924.000000, , , ,-1.300781,-0.325195,0.000000
11829.000000,593699.000000,75549924.000000,-0.005800,-0.017400,-0.945400, , , 
11830.000000,593799.000000,75549924.000000, , , ,-1.625977,-0.325195,0.000000
11831.000000,593800.000000,75549924.000000,-0.023200,-0.011600,-0.986000, , , 
11832.000000,593899.000000,75549924.000000,0.000000,-0.020300,-1.009200, , , 
11833.000000,593900.000000,75549924.000000, , , ,-1.951172,0.000000,0.000000
11834.000000,594000.000000,75549924.000000,-0.017400,-0.008700,-0.997600, , , 
11835.000000,594001.000000,75549924.000000, , , ,-2.276367,0.000000,0.000000
11836.000000,594092.000000,75549924.000000, , , ,-2.601563,0.325195,0.325195
11837.000000,594099.000000,75549924.000000,-0.011600,0.002900,-1.015000, , , 
11838.000000,594193.000000,75549924.000000, , , ,-1.625977,0.325195,0.000000
11839.000000,594200.000000,75549924.000000,-0.011600,0.031900,-1.009200, , , 
11840.000000,594294.000000,75549924.000000, , , ,-0.975586,0.000000,-0.325195
11841.000000,594299.000000,75549924.000000,-0.002900,0.020300,-0.997600, , , 
11842.000000,594395.000000,75549924.000000, , , ,-0.650391,-0.325195,0.000000
11843.000000,594400.000000,75549924.000000,-0.002900,0.011600,-0.977300, , , 
11844.000000,594496.000000,75549924.000000, , , ,-1.300781,-0.325195,0.000000
11845.000000,594499.000000,75549924.000000,-0.014500,-0.002900,-0.965700, , , 
11846.000000,594597.000000,75549924.000000, , , ,-1.951172,0.000000,0.000000
11847.000000,594600.000000,75549924.000000,-0.002900,0.000000,-0.974400, , , 
11848.000000,594698.000000,75549924.000000, , , ,-1.300781,0.000000,0.000000
11849.000000,594699.000000,75549924.000000,-0.002900,0.023200,-0.968600, , , 
11850.000000,594799.000000,75549924.000000, , , ,-1.625977,0.000000,0.000000
11851.000000,594800.000000,75549924.000000,-0.011600,0.037700,-0.983100, , , 
11852.000000,594899.000000,75549924.000000,-0.037700,0.023200,-1.035300, , , 
11853.000000,594900.000000,75549924.000000, , , ,-0.650391,0.975586,0.000000
11854.000000,595000.000000,75549924.000000,0.000000,0.017400,-1.003400, , , 
11855.000000,595001.000000,75549924.000000, , , ,-0.650391,0.000000,-0.325195
11856.000000,595092.000000,75549924.000000, , , ,0.000000,-0.325195,-0.325195
11857.000000,595099.000000,75549924.000000,-0.026100,0.014500,-0.986000, , , 
11858.000000,595193.000000,75549924.000000, , , ,-0.650391,0.325195,0.000000
11859.000000,595200.000000,75549924.000000,-0.005800,-0.011600,-1.006300, , , 
11860.000000,595294.000000,75549924.000000, , , ,-0.975586,0.000000,0.000000
11861.000000,595299.000000,75549924.000000,-0.005800,0.023200,-0.986000, , , 
11862.000000,595395.000000,75549924.000000, , , ,-0.650391,0.000000,0.000000
11863.000000,595400.000000,75549924.000000,-0.017400,0.023200,-0.994700, , , 
11864.000000,595496.000000,75549924.000000, , , ,-0.650391,0.000000,0.000000
11865.000000,595499.000000,75549924.000000,0.002900,0.034800,-0.971500, , , 
11866.000000,595597.000000,75549924.000000, , , ,0.000000,-0.325195,0.000000
11867.000000,595600.000000,75549924.000000,-0.011600,0.008700,-0.977300, , , 
11868.000000,595698.000000,75549924.000000, , , ,0.000000,0.000000,0.325195
11869.000000,595699.000000,75549924.000000,-0.005800,0.011600,-0.986000, , , 
11870.000000,595799.000000,75549924.000000, , , ,-0.325195,0.000000,0.000000
11871.000000,595800.000000,75549924.000000,-0.008700,0.020300,-0.968600, , , 
11872.000000,595899.000000,75549924.000000,-0.014500,0.011600,-0.994700, , , 
11873.000000,595900.000000,75549924.000000, , , ,-0.975586,0.000000,0.000000
11874.000000,596000.000000,75549924.000000,-0.002900,0.011600,-0.991800, , , 
11875.000000,596001.000000,75549924.000000, , , ,-0.975586,0.000000,0.000000
11876.000000,596092.000000,75549924.000000, , , ,-1.300781,0.000000,0.000000
11877.000000,596099.000000,75549924.000000,-0.014500,0.020300,-1.009200, , , 
11878.000000,596193.000000,75549924.000000, , , ,-0.650391,0.000000,0.000000
11879.000000,596200.000000,75549924.000000,-0.011600,0.017400,-1.006300, , , 
11880.000000,596294.000000,75549924.000000, , , ,-0.650391,1.300781,0.000000
11881.000000,596299.000000,75549924.000000,-0.023200,0.040600,-1.023700, , , 
11882.000000,596395.000000,75549924.000000, , , ,-0.650391,0.975586,0.000000
11883.000000,596400.000000,75549924.000000,-0.014500,0.034800,-1.049800, , , 
11884.000000,596496.000000,75549924.000000, , , ,-0.325195,0.325195,0.000000
11885.000000,596499.000000,75549924.000000,-0.005800,0.023200,-1.017900, , , 
11886.000000,596597.000000,75549924.000000, , , ,-0.325195,-0.325195,0.000000
11887.000000,596600.000000,75549924.000000,-0.002900,0.005800,-0.968600, , , 
11888.000000,596698.000000,75549924.000000, , , ,-0.650391,0.000000,0.000000
11889.000000,596699.000000,75549924.000000,-0.017400,0.017400,-0.980200, , , 
11890.000000,596799.000000,75549924.000000, , , ,-0.650391,0.325195,0.000000
11891.000000,596800.000000,75549924.000000,-0.008700,0.046400,-0.988900, , , 
11892.000000,596899.000000,75549924.000000,-0.020300,0.043500,-1.020800, , , 
11893.000000,596900.000000,75549924.000000, , , ,-0.325195,0.000000,0.000000
11894.000000,597000.000000,75549924.000000,-0.002900,0.031900,-0.980200, , , 
11895.000000,597001.000000,75549924.000000, , , ,-0.325195,0.000000,0.000000
11896.000000,597092.000000,75549924.000000, , , ,-0.650391,-1.300781,0.000000
11897.000000,597099.000000,75549924.000000,0.002900,0.020300,-0.939600, , , 
11898.000000,597193.000000,75549924.000000, , , ,-0.325195,0.000000,0.000000
11899.000000,597200.000000,75549924.000000,-0.040600,0.008700,-0.988900, , , 
11900.000000,597294.000000,75549924.000000, , , ,-0.975586,0.975586,0.000000
11901.000000,597299.000000,75549924.000000,0.000000,0.029000,-1.012100, , , 
11902.000000,597395.000000,75549924.000000, , , ,0.000000,-0.650391,0.000000
11903.000000,597400.000000,75549924.000000,0.000000,0.049300,-0.971500, , , 
11904.000000,597496.000000,75549924.000000, , , ,0.650391,0.000000,0.000000
11905.000000,597499.000000,75549924.000000,-0.029000,0.029000,-0.991800, , , 
11906.000000,597597.000000,75549924.000000, , , ,0.000000,0.000000,-0.650391
11907.000000,597600.000000,75549924.000000,-0.002900,0.005800,-0.997600, , , 
11908.000000,597698.000000,75549924.000000, , , ,-0.325195,0.325195,-0.325195
11909.000000,597699.000000,75549924.000000,-0.008700,-0.005800,-0.994700, , , 
11910.000000,597799.000000,75549924.000000, , , ,-0.325195,-0.325195,0.000000
11911.000000,597800.000000,75549924.000000,-0.005800,0.020300,-0.983100, , , 
11912.000000,597899.000000,75549924.000000,0.002900,0.017400,-0.977300, , , 
11913.000000,597900.000000,75549924.000000, , , ,-0.650391,0.000000,-0.325195
11914.000000,598000.000000,75549924.000000,-0.005800,0.008700,-0.954100, , , 
11915.000000,598001.000000,75549924.000000, , , ,-0.325195,-0.325195,0.000000
11916.000000,598092.000000,75549924.000000, , , ,-1.300781,0.000000,-0.325195
11917.000000,598099.000000,75549924.000000,-0.011600,0.005800,-0.974400, , , 
11918.000000,598193.000000,75549924.000000, , , ,-0.975586,0.000000,-0.325195
11919.000000,598200.000000,75549924.000000,-0.002900,0.026100,-1.026600, , , 
11920.000000,598294.000000,75549924.000000, , , ,-0.650391,0.000000,-0.325195
11921.000000,598299.000000,75549924.000000,0.011600,0.026100,-1.012100, , , 
11922.000000,598395.000000,75549924.000000, , , ,-0.325195,0.000000,0.000000
11923.000000,598400.000000,75549924.000000,0.000000,0.029000,-0.974400, , , 
11924.000000,598496.000000,75549924.000000, , , ,0.325195,0.000000,0.000000
11925.000000,598499.000000,75549924.000000,-0.002900,0.034800,-1.006300, , , 
11926.000000,598597.000000,75549924.000000, , , ,0.000000,-0.325195,-0.325195
11927.000000,598600.000000,75549924.000000,0.040600,0.014500,-0.959900, , , 
11928.000000,598698.000000,75549924.000000, , , ,-0.650391,-0.975586,0.000000
11929.000000,598699.000000,75549924.000000,0.000000,0.014500,-0.939600, , , 
11930.000000,598799.000000,75549924.000000, , , ,-0.650391,0.000000,0.000000
11931.000000,598800.000000,75549924.000000,-0.008700,0.026100,-1.017900, , , 
11932.000000,598899.000000,75549924.000000,0.029000,0.031900,-1.015000, , , 
11933.000000,598900.000000,75549924.000000, , , ,0.000000,0.325195,-0.325195
11934.000000,599000.000000,75549924.000000,0.008700,0.029000,-0.997600, , , 
11935.000000,599001.000000,75549924.000000, , , ,-0.325195,-0.325195,0.000000
11936.000000,599092.000000,75549924.000000, , , ,0.000000,0.000000,0.000000
11937.000000,599099.000000,75549924.000000,0.005800,0.020300,-0.977300, , , 
11938.000000,599193.000000,75549924.000000, , , ,-0.325195,-0.325195,0.000000
11939.000000,599200.000000,75549924.000000,0.005800,0.008700,-0.925100, , , 
11940.000000,599294.000000,75549924.000000, , , ,-0.650391,-0.325195,0.000000
11941.000000,599299.000000,75549924.000000,0.011600,0.029000,-0.974400, , , 
11942.000000,599395.000000,75549924.000000, , , ,-0.975586,0.000000,0.000000
11943.000000,599400.000000,75549924.000000,0.000000,0.017400,-0.997600, , , 
11944.000000,599496.000000,75549924.000000, , , ,-0.325195,0.650391,0.000000
11945.000000,599499.000000,75549924.000000,0.000000,0.008700,-1.017900, , , 
11946.000000,599597.000000,75549924.000000, , , ,0.000000,-0.325195,-0.325195
11947.000000,599600.000000,75549924.000000,0.014500,0.008700,-0.991800, , , 
11948.000000,599698.000000,75549924.000000, , , ,0.000000,0.000000,-0.650391
11949.000000,599699.000000,75549924.000000,0.011600,0.011600,-0.980200, , , 
11950.000000,599799.000000,75549924.000000, , , ,0.000000,-0.650391,0.000000
11951.000000,599800.000000,75549924.000000,0.034800,-0.005800,-0.957000, , , 
11952.000000,599899.000000,75549924.000000,-0.017400,-0.011600,-0.962800, , , 
11953.000000,599900.000000,75549924.000000, , , ,0.325195,0.000000,-0.325195
11954.000000,600000.000000,75549924.000000,0.026100,-0.017400,-0.986000, , , 
11955.000000,600001.000000,75549924.000000, , , ,-1.300781,0.000000,0.000000
11956.000000,600092.000000,75549924.000000, , , ,-1.300781,0.000000,-0.325195
11957.000000,600099.000000,75549924.000000,-0.011600,-0.002900,-1.020800, , , 
11958.000000,600193.000000,75549924.000000, , , ,-0.650391,0.650391,-0.325195
11959.000000,600200.000000,75549924.000000,0.020300,0.002900,-1.015000, , , 
11960.000000,600294.000000,75549924.000000, , , ,-0.325195,-0.975586,-0.325195
11961.000000,600299.000000,75549924.000000,0.020300,0.023200,-0.980200, , , 
11962.000000,600395.000000,75549924.000000, , , ,0.000000,0.000000,-0.325195
11963.000000,600400.000000,75549924.000000,0.000000,0.011600,-0.974400, , , 
11964.000000,600496.000000,75549924.000000, , , ,-0.650391,-0.325195,-0.650391
11965.000000,600499.000000,75549924.000000,0.005800,-0.008700,-0.957000, , , 
11966.000000,600597.000000,75549924.000000, , , ,-0.650391,0.325195,-0.325195
11967.000000,600600.000000,75549924.000000,0.017400,0.000000,-0.997600, , , 
11968.000000,600698.000000,75549924.000000, , , ,-1.300781,-0.325195,-0.325195
11969.000000,600699.000000,75549924.000000,0.008700,0.000000,-0.988900, , , 
11970.000000,600799.000000,75549924.000000, , , ,-0.650391,0.000000,0.000000
11971.000000,600800.000000,75549924.000000,0.005800,0.026100,-0.994700, , , 
11972.000000,600899.000000,75549924.000000,0.014500,0.026100,-0.994700, , , 
11973.000000,600900.000000,75549924.000000, , , ,0.000000,0.000000,-0.325195
11974.000000,601000.000000,75549924.000000,0.020300,0.008700,-0.939600, , , 
11975.000000,601001.000000,75549924.000000, , , ,-0.650391,-0.650391,0.000000
11976.000000,601092.000000,75549924.000000, , , ,-0.650391,0.000000,-0.325195
11977.000000,601099.000000,75549924.000000,-0.005800,0.008700,-0.980200, , , 
11978.000000,601193.000000,75549924.000000, , , ,-0.325195,0.325195,-0.325195
11979.000000,601200.000000,75549924.000000,0.000000,0.008700,-1.017900, , , 
11980.000000,601294.000000,75549924.000000, , , ,-0.650391,0.325195,0.000000
11981.000000,601299.000000,75549924.000000,0.023200,0.023200,-1.012100, , , 
11982.000000,601395.000000,75549924.000000, , , ,0.000000,-0.325195,0.000000
11983.000000,601400.000000,75549924.000000,0.031900,0.005800,-0.954100, , , 
11984.000000,601496.000000,75549924.000000, , , ,-0.650391,-0.975586,0.000000
11985.000000,601499.000000,75549924.000000,-0.002900,0.002900,-0.942500, , , 
11986.000000,601597.000000,75549924.000000, , , ,-1.300781,0.325195,0.000000
11987.000000,601600.000000,75549924.000000,0.000000,0.005800,-1.009200, , , 
11988.000000,601698.000000,75549924.000000, , , ,-1.625977,0.325195,0.000000
11989.000000,601699.000000,75549924.000000,0.020300,0.017400,-1.020800, , , 
11990.000000,601799.000000,75549924.000000, , , ,-0.975586,0.000000,0.325195
11991.000000,601800.000000,75549924.000000,0.008700,0.052200,-0.991800, , , 
11992.000000,601899.000000,75549924.000000,0.014500,0.023200,-0.994700, , , 
11993.000000,601900.000000,75549924.000000, , , ,-0.325195,0.650391,0.000000
11994.000000,602000.000000,75549924.000000,-0.008700,0.026100,-0.957000, , , 
11995.000000,602001.000000,75549924.000000, , , ,0.000000,-0.650391,0.000000
11996.000000,602092.000000,75549924.000000, , , ,0.000000,0.000000,0.325195
11997.000000,602099.000000,75549924.000000,0.014500,0.014500,-0.997600, , , 
11998.000000,602193.000000,75549924.000000, , , ,-0.325195,-0.650391,-0.975586
11999.000000,602200.000000,75549924.000000,0.017400,0.023200,-0.974400, , , 
12000.000000,602294.000000,75549924.000000, , , ,-0.650391,0.000000,-0.325195
12001.000000,602299.000000,75549924.000000,0.005800,0.008700,-0.959900, , , 
12002.000000,602395.000000,75549924.000000, , , ,-0.650391,-0.325195,0.000000
12003.000000,602400.000000,75549924.000000,0.023200,0.017400,-0.945400, , , 
12004.000000,602496.000000,75549924.000000, , , ,0.000000,-0.325195,0.000000
12005.000000,602499.000000,75549924.000000,-0.023200,0.026100,-0.991800, , , 
12006.000000,602597.000000,75549924.000000, , , ,-0.325195,0.975586,-0.325195
12007.000000,602600.000000,75549924.000000,-0.017400,0.000000,-1.073000, , , 
12008.000000,602698.000000,75549924.000000, , , ,-1.625977,-0.325195,0.000000
12009.000000,602699.000000,75549924.000000,0.034800,0.011600,-1.020800, , , 
12010.000000,602799.000000,75549924.000000, , , ,0.000000,-0.650391,-0.325195
12011.000000,602800.000000,75549924.000000,0.000000,0.029000,-0.945400, , , 
12012.000000,602899.000000,75549924.000000,-0.011600,0.014500,-0.974400, , , 
12013.000000,602900.000000,75549924.000000, , , ,-0.325195,0.000000,-0.325195
12014.000000,603000.000000,75549924.000000,0.002900,0.011600,-1.026600, , , 
12015.000000,603001.000000,75549924.000000, , , ,0.000000,0.650391,-0.325195
12016.000000,603092.000000,75549924.000000, , , ,0.000000,0.000000,-0.325195
12017.000000,603099.000000,75549924.000000,0.008700,0.020300,-1.015000, , , 
12018.000000,603193.000000,75549924.000000, , , ,0.000000,0.000000,-0.325195
12019.000000,603200.000000,75549924.000000,0.005800,0.008700,-0.994700, , , 
12020.000000,603294.000000,75549924.000000, , , ,0.000000,-0.650391,0.000000
12021.000000,603299.000000,75549924.000000,0.014500,0.014500,-0.930900, , , 
12022.000000,603395.000000,75549924.000000, , , ,-0.975586,-0.650391,0.000000
12023.000000,603400.000000,75549924.000000,0.005800,0.000000,-0.925100, , , 
12024.000000,603496.000000,75549924.000000, , , ,-2.276367,-0.975586,0.000000
12025.000000,603499.000000,75549924.000000,0.008700,-0.011600,-0.928000, , , 
12026.000000,603597.000000,75549924.000000, , , ,-1.625977,-0.650391,0.325195
12027.000000,603600.000000,75549924.000000,-0.014500,0.029000,-0.954100, , , 
12028.000000,603698.000000,75549924.000000, , , ,-2.601563,0.000000,0.325195
12029.000000,603699.000000,75549924.000000,-0.002900,0.046400,-1.029500, , , 
12030.000000,603799.000000,75549924.000000, , , ,-2.276367,-0.650391,0.000000
12031.000000,603800.000000,75549924.000000,-0.002900,0.043500,-0.994700, , , 
12032.000000,603899.000000,75549924.000000,-0.023200,0.023200,-1.012100, , , 
12033.000000,603900.000000,75549924.000000, , , ,-1.300781,0.325195,0.000000
12034.000000,604000.000000,75549924.000000,0.023200,0.040600,-1.017900, , , 
12035.000000,604001.000000,75549924.000000, , , ,-0.650391,0.650391,0.000000
12036.000000,604092.000000,75549924.000000, , , ,-0.325195,0.000000,-0.325195
12037.000000,604099.000000,75549924.000000,0.000000,0.046400,-0.986000, , , 
12038.000000,604193.000000,75549924.000000, , , ,-0.325195,0.000000,0.000000
12039.000000,604200.000000,75549924.000000,-0.002900,0.008700,-0.986000, , , 
12040.000000,604294.000000,75549924.000000, , , ,-0.325195,0.000000,0.000000
12041.000000,604299.000000,75549924.000000,0.002900,0.014500,-0.994700, , , 
12042.000000,604395.000000,75549924.000000, , , ,-0.975586,0.000000,-0.650391
12043.000000,604400.000000,75549924.000000,-0.002900,0.026100,-0.991800, , , 
12044.000000,604496.000000,75549924.000000, , , ,0.000000,0.000000,0.000000
12045.000000,604499.000000,75549924.000000,-0.002900,0.026100,-0.986000, , , 
12046.000000,604597.000000,75549924.000000, , , ,0.000000,0.000000,-0.650391
12047.000000,604600.000000,75549924.000000,-0.002900,0.008700,-0.991800, , , 
12048.000000,604698.000000,75549924.000000, , , ,0.000000,-0.325195,-0.650391
12049.000000,604699.000000,75549924.000000,0.002900,0.011600,-0.968600, , , 
12050.000000,604799.000000,75549924.000000, , , ,0.000000,0.325195,0.000000
12051.000000,604800.000000,75549924.000000,-0.014500,0.014500,-0.983100, , , 
12052.000000,604899.000000,75549924.000000,0.014500,0.002900,-0.980200, , , 
12053.000000,604900.000000,75549924.000000, , , ,-0.975586,-0.650391,-0.325195
12054.000000,605000.000000,75549924.000000,-0.008700,0.040600,-0.930900, , , 
12055.000000,605001.000000,75549924.000000, , , ,-0.975586,-0.650391,0.000000
12056.000000,605092.000000,75549924.000000, , , ,0.325195,0.000000,0.000000
12057.000000,605099.000000,75549924.000000,-0.020300,0.052200,-1.009200, , , 
12058.000000,605193.000000,75549924.000000, , , ,-0.325195,0.000000,0.000000
12059.000000,605200.000000,75549924.000000,0.002900,0.037700,-1.023700, , , 
12060.000000,605294.000000,75549924.000000, , , ,-0.650391,-0.650391,0.325195
12061.000000,605299.000000,75549924.000000,0.008700,0.052200,-0.977300, , , 
12062.000000,605395.000000,75549924.000000, , , ,-0.325195,-0.325195,0.000000
12063.000000,605400.000000,75549924.000000,0.000000,0.040600,-0.962800, , , 
12064.000000,605496.000000,75549924.000000, , , ,-1.300781,0.000000,0.000000
12065.000000,605499.000000,75549924.000000,-0.008700,0.040600,-0.994700, , , 
12066.000000,605597.000000,75549924.000000, , , ,-0.975586,0.650391,0.325195
12067.000000,605600.000000,75549924.000000,0.002900,0.066700,-1.009200, , , 
12068.000000,605698.000000,75549924.000000, , , ,0.000000,-0.650391,0.000000
12069.000000,605699.000000,75549924.000000,0.000000,0.066700,-0.974400, , , 
12070.000000,605799.000000,75549924.000000, , , ,-0.325195,0.000000,0.325195
12071.000000,605800.000000,75549924.000000,0.011600,0.066700,-0.965700, , , 
12072.000000,605899.000000,75549924.000000,-0.023200,0.055100,-0.980200, , , 
12073.000000,605900.000000,75549924.000000, , , ,-0.325195,0.000000,0.000000
12074.000000,606000.000000,75549924.000000,0.000000,0.055100,-1.009200, , , 
12075.000000,606001.000000,75549924.000000, , , ,0.000000,0.325195,0.000000
12076.000000,606092.000000,75549924.000000, , , ,0.000000,-0.650391,0.000000
12077.000000,606099.000000,75549924.000000,0.014500,0.060900,-0.965700, , , 
12078.000000,606193.000000,75549924.000000, , , ,0.000000,-0.325195,0.000000
12079.000000,606200.000000,75549924.000000,-0.017400,0.043500,-0.986000, , , 
12080.000000,606294.000000,75549924.000000, , , ,-0.325195,-0.325195,0.000000
12081.000000,606299.000000,75549924.000000,0.020300,0.031900,-0.954100, , , 
12082.000000,606395.000000,75549924.000000, , , ,-0.975586,0.000000,0.325195
12083.000000,606400.000000,75549924.000000,-0.020300,0.029000,-0.983100, , , 
12084.000000,606496.000000,75549924.000000, , , ,-0.650391,0.975586,0.325195
12085.000000,606499.000000,75549924.000000,-0.011600,0.063800,-1.006300, , , 
12086.000000,606597.000000,75549924.000000, , , ,-0.650391,0.325195,0.325195
12087.000000,606600.000000,75549924.000000,0.000000,0.055100,-1.023700, , , 
12088.000000,606698.000000,75549924.000000, , , ,-0.650391,-0.325195,0.325195
12089.000000,606699.000000,75549924.000000,0.000000,0.058000,-1.003400, , , 
12090.000000,606799.000000,75549924.000000, , , ,-0.650391,-0.325195,0.000000
12091.000000,606800.000000,75549924.000000,-0.011600,0.055100,-0.971500, , , 
12092.000000,606899.000000,75549924.000000,-0.002900,0.040600,-1.006300, , , 
12093.000000,606900.000000,75549924.000000, , , ,-0.650391,0.325195,0.000000
12094.000000,607000.000000,75549924.000000,0.017400,0.037700,-0.962800, , , 
12095.000000,607001.000000,75549924.000000, , , ,-0.650391,-0.325195,0.000000
12096.000000,607092.000000,75549924.000000, , , ,0.000000,0.000000,0.650391
12097.000000,607099.000000,75549924.000000,-0.008700,0.052200,-0.948300, , , 
12098.000000,607193.000000,75549924.000000, , , ,0.325195,0.000000,0.000000
12099.000000,607200.000000,75549924.000000,-0.008700,0.055100,-0.991800, , , 
12100.000000,607294.000000,75549924.000000, , , ,0.325195,0.000000,0.000000
12101.000000,607299.000000,75549924.000000,0.000000,0.043500,-0.997600, , , 
12102.000000,607395.000000,75549924.000000, , , ,0.000000,0.000000,0.000000
12103.000000,607400.000000,75549924.000000,-0.005800,0.037700,-0.977300, , , 
12104.000000,607496.000000,75549924.000000, , , ,0.325195,-0.325195,0.000000
12105.000000,607499.000000,75549924.000000,-0.014500,0.031900,-0.971500, , , 
12106.000000,607597.000000,75549924.000000, , , ,0.975586,0.000000,0.000000
12107.000000,607600.000000,75549924.000000,-0.005800,0.037700,-0.983100, , , 
12108.000000,607698.000000,75549924.000000, , , ,0.650391,0.000000,0.000000
12109.000000,607699.000000,75549924.000000,0.005800,0.020300,-0.994700, , , 
12110.000000,607799.000000,75549924.000000, , , ,0.325195,-0.975586,0.000000
12111.000000,607800.000000,75549924.000000,0.005800,0.002900,-0.968600, , , 
12112.000000,607899.000000,75549924.000000,-0.023200,0.023200,-1.003400, , , 
12113.000000,607900.000000,75549924.000000, , , ,0.000000,0.325195,0.000000
12114.000000,608000.000000,75549924.000000,0.005800,0.002900,-1.012100, , , 
12115.000000,608001.000000,75549924.000000, , , ,-0.650391,0.000000,0.000000
12116.000000,608092.000000,75549924.000000, , , ,-0.650391,-0.650391,0.000000
12117.000000,608099.000000,75549924.000000,0.008700,0.029000,-0.957000, , , 
12118.000000,608193.000000,75549924.000000, , , ,-0.975586,0.000000,0.000000
12119.000000,608200.000000,75549924.000000,-0.014500,0.020300,-0.986000, , , 
12120.000000,608294.000000,75549924.000000, , , ,-0.975586,0.325195,0.325195
12121.000000,608299.000000,75549924.000000,0.000000,0.020300,-0.980200, , , 
12122.000000,608395.000000,75549924.000000, , , ,-1.300781,0.000000,0.000000
12123.000000,608400.000000,75549924.000000,-0.008700,0.043500,-0.986000, , , 
12124.000000,608496.000000,75549924.000000, , , ,-0.650391,0.000000,0.650391
12125.000000,608499.000000,75549924.000000,0.000000,0.040600,-0.988900, , , 
12126.000000,608597.000000,75549924.000000, , , ,0.325195,-0.325195,0.000000
12127.000000,608600.000000,75549924.000000,0.008700,0.052200,-0.959900, , , 
12128.000000,608698.000000,75549924.000000, , , ,0.325195,0.000000,0.325195
12129.000000,608699.000000,75549924.000000,-0.008700,0.029000,-0.983100, , , 
12130.000000,608799.000000,75549924.000000, , , ,0.325195,0.000000,0.000000
12131.000000,608800.000000,75549924.000000,-0.017400,0.034800,-0.980200, , , 
12132.000000,608899.000000,75549924.000000,-0.008700,0.011600,-1.003400, , , 
12133.000000,608900.000000,75549924.000000, , , ,0.975586,-0.325195,0.000000
12134.000000,609000.000000,75549924.000000,0.008700,0.005800,-1.012100, , , 
12135.000000,609001.000000,75549924.000000, , , ,-0.650391,0.325195,0.000000
12136.000000,609092.000000,75549924.000000, , , ,0.000000,-0.325195,0.000000
12137.000000,609099.000000,75549924.000000,-0.002900,0.020300,-0.977300, , , 
12138.000000,609193.000000,75549924.000000, , , ,0.650391,-0.650391,0.000000
12139.000000,609200.000000,75549924.000000,0.011600,0.026100,-0.948300, , , 
12140.000000,609294.000000,75549924.000000, , , ,0.650391,-0.325195,-0.325195
12141.000000,609299.000000,75549924.000000,-0.029000,0.000000,-0.983100, , , 
12142.000000,609395.000000,75549924.000000, , , ,0.325195,0.325195,0.000000
12143.000000,609400.000000,75549924.000000,0.023200,-0.014500,-1.000500, , , 
12144.000000,609496.000000,75549924.000000, , , ,0.325195,0.000000,-0.650391
12145.000000,609499.000000,75549924.000000,0.000000,-0.026100,-0.988900, , , 
12146.000000,609597.000000,75549924.000000, , , ,1.300781,-0.650391,-0.975586
12147.000000,609600.000000,75549924.000000,-0.002900,-0.017400,-0.962800, , , 
12148.000000,609698.000000,75549924.000000, , , ,0.975586,-0.325195,-0.975586
12149.000000,609699.000000,75549924.000000,-0.011600,-0.043500,-0.988900, , , 
12150.000000,609799.000000,75549924.000000, , , ,0.325195,0.325195,-1.300781
12151.000000,609800.000000,75549924.000000,-0.011600,-0.069600,-1.012100, , , 
12152.000000,609899.000000,75549924.000000,0.000000,-0.049300,-0.974400, , , 
12153.000000,609900.000000,75549924.000000, , , ,0.975586,0.000000,-0.975586
12154.000000,610000.000000,75549924.000000,0.000000,-0.066700,-0.988900, , , 
12155.000000,610001.000000,75549924.000000, , , ,0.650391,0.000000,-1.300781
12156.000000,610092.000000,75549924.000000, , , ,0.000000,0.000000,-1.625977
12157.000000,610099.000000,75549924.000000,0.000000,-0.063800,-0.988900, , , 
12158.000000,610193.000000,75549924.000000, , , ,0.000000,-0.650391,-0.650391
12159.000000,610200.000000,75549924.000000,0.014500,-0.055100,-0.948300, , , 
12160.000000,610294.000000,75549924.000000, , , ,-0.325195,-0.325195,-0.650391
12161.000000,610299.000000,75549924.000000,-0.011600,-0.069600,-0.977300, , , 
12162.000000,610395.000000,75549924.000000, , , ,0.000000,-0.325195,-0.650391
12163.000000,610400.000000,75549924.000000,0.008700,-0.052200,-0.959900, , , 
12164.000000,610496.000000,75549924.000000, , , ,-0.975586,-0.650391,-0.650391
12165.000000,610499.000000,75549924.000000,-0.002900,-0.060900,-0.997600, , , 
12166.000000,610597.000000,75549924.000000, , , ,-0.650391,0.325195,-0.650391
12167.000000,610600.000000,75549924.000000,0.002900,-0.049300,-1.015000, , , 
12168.000000,610698.000000,75549924.000000, , , ,-0.650391,0.000000,-0.325195
12169.000000,610699.000000,75549924.000000,0.000000,-0.046400,-0.997600, , , 
12170.000000,610799.000000,75549924.000000, , , ,-0.650391,0.000000,-0.650391
12171.000000,610800.000000,75549924.000000,-0.002900,-0.046400,-1.000500, , , 
12172.000000,610899.000000,75549924.000000,0.011600,-0.046400,-0.936700, , , 
12173.000000,610900.000000,75549924.000000, , , ,-0.975586,-0.975586,-0.650391
12174.000000,611000.000000,75549924.000000,-0.029000,-0.034800,-0.954100, , , 
12175.000000,611001.000000,75549924.000000, , , ,-0.325195,0.000000,-0.650391
12176.000000,611092.000000,75549924.000000, , , ,0.000000,0.975586,-0.650391
12177.000000,611099.000000,75549924.000000,0.000000,-0.043500,-1.026600, , , 
12178.000000,611193.000000,75549924.000000, , , ,-0.650391,0.325195,-0.325195
12179.000000,611200.000000,75549924.000000,-0.011600,-0.043500,-1.035300, , , 
12180.000000,611294.000000,75549924.000000, , , ,-0.325195,0.000000,0.000000
12181.000000,611299.000000,75549924.000000,0.023200,-0.037700,-1.000500, , , 
12182.000000,611395.000000,75549924.000000, , , ,-0.325195,-0.975586,-0.325195
12183.000000,611400.000000,75549924.000000,0.008700,-0.034800,-0.925100, , , 
12184.000000,611496.000000,75549924.000000, , , ,0.000000,-0.650391,-0.325195
12185.000000,611499.000000,75549924.000000,0.008700,-0.031900,-0.936700, , , 
12186.000000,611597.000000,75549924.000000, , , ,-0.325195,0.000000,-0.325195
12187.000000,611600.000000,75549924.000000,-0.014500,-0.029000,-0.980200, , , 
12188.000000,611698.000000,75549924.000000, , , ,-0.325195,0.975586,0.000000
12189.000000,611699.000000,75549924.000000,0.002900,-0.043500,-1.012100, , , 
12190.000000,611799.000000,75549924.000000, , , ,-0.325195,0.000000,0.000000
12191.000000,611800.000000,75549924.000000,0.005800,-0.026100,-1.000500, , , 
12192.000000,611899.000000,75549924.000000,-0.002900,-0.026100,-0.974400, , , 
12193.000000,611900.000000,75549924.000000, , , ,0.000000,-0.325195,-0.325195
12194.000000,612000.000000,75549924.000000,0.005800,-0.005800,-0.971500, , , 
12195.000000,612001.000000,75549924.000000, , , ,-0.325195,-0.325195,-0.975586
12196.000000,612092.000000,75549924.000000, , , ,-0.325195,0.000000,-0.325195
12197.000000,612099.000000,75549924.000000,-0.020300,-0.017400,-1.026600, , , 
12198.000000,612193.000000,75549924.000000, , , ,-0.650391,0.650391,-0.325195
12199.000000,612200.000000,75549924.000000,0.005800,-0.029000,-1.020800, , , 
12200.000000,612294.000000,75549924.000000, , , ,-0.650391,-0.325195,0.000000
12201.000000,612299.000000,75549924.000000,-0.008700,-0.023200,-0.983100, , , 
12202.000000,612395.000000,75549924.000000, , , ,-0.975586,0.000000,0.000000
12203.000000,612400.000000,75549924.000000,-0.008700,-0.017400,-0.971500, , , 
12204.000000,612496.000000,75549924.000000, , , ,-0.650391,-0.325195,0.325195
12205.000000,612499.000000,75549924.000000,0.005800,-0.014500,-0.968600, , , 
12206.000000,612597.000000,75549924.000000, , , ,-0.325195,0.325195,0.000000
12207.000000,612600.000000,75549924.000000,-0.011600,0.000000,-1.009200, , , 
12208.000000,612698.000000,75549924.000000, , , ,0.000000,0.000000,0.000000
12209.000000,612699.000000,75549924.000000,0.023200,-0.017400,-0.980200, , , 
12210.000000,612799.000000,75549924.000000, , , ,-0.975586,-0.650391,0.000000
12211.000000,612800.000000,75549924.000000,-0.011600,-0.023200,-0.959900, , , 
12212.000000,612899.000000,75549924.000000,0.000000,-0.011600,-0.983100, , , 
12213.000000,612900.000000,75549924.000000, , , ,-0.325195,-0.325195,0.000000
12214.000000,613000.000000,75549924.000000,0.000000,0.002900,-0.994700, , , 
12215.000000,613001.000000,75549924.000000, , , ,-1.300781,0.000000,0.000000
12216.000000,613092.000000,75549924.000000, , , ,-0.975586,0.325195,0.000000
12217.000000,613099.000000,75549924.000000,0.008700,0.005800,-1.006300, , , 
12218.000000,613193.000000,75549924.000000, , , ,0.000000,-1.300781,0.000000
12219.000000,613200.000000,75549924.000000,0.020300,-0.005800,-0.945400, , , 
12220.000000,613294.000000,75549924.000000, , , ,0.000000,-0.325195,0.000000
12221.000000,613299.000000,75549924.000000,-0.020300,-0.017400,-0.954100, , , 
12222.000000,613395.000000,75549924.000000, , , ,-0.650391,0.000000,0.000000
12223.000000,613400.000000,75549924.000000,-0.002900,-0.017400,-1.009200, , , 
12224.000000,613496.000000,75549924.000000, , , ,-0.325195,0.000000,0.000000
12225.000000,613499.000000,75549924.000000,0.002900,0.020300,-1.000500, , , 
12226.000000,613597.000000,75549924.000000, , , ,0.000000,0.000000,0.000000
12227.000000,613600.000000,75549924.000000,0.000000,0.000000,-0.991800, , , 
12228.000000,613698.000000,75549924.000000, , , ,-0.325195,-0.975586,0.000000
12229.000000,613699.000000,75549924.000000,0.000000,-0.014500,-0.954100, , , 
12230.000000,613799.000000,75549924.000000, , , ,-0.325195,0.000000,0.000000
12231.000000,613800.000000,75549924.000000,-0.008700,-0.014500,-0.974400, , , 
12232.000000,613899.000000,75549924.000000,-0.005800,-0.017400,-1.000500, , , 
12233.000000,613900.000000,75549924.000000, , , ,-0.650391,0.000000,0.000000
12234.000000,614000.000000,75549924.000000,0.008700,-0.005800,-0.977300, , , 
12235.000000,614001.000000,75549924.000000, , , ,-0.650391,0.000000,0.000000
12236.000000,614092.000000,75549924.000000, , , ,-0.650391,0.000000,0.000000
12237.000000,614099.000000,75549924.000000,-0.011600,0.008700,-0.986000, , , 
12238.000000,614193.000000,75549924.000000, , , ,-0.325195,0.000000,0.325195
12239.000000,614200.000000,75549924.000000,-0.017400,-0.014500,-1.015000, , , 
12240.000000,614294.000000,75549924.000000, , , ,-0.650391,0.000000,0.000000
12241.000000,614299.000000,75549924.000000,0.011600,-0.020300,-0.983100, , , 
12242.000000,614395.000000,75549924.000000, , , ,-0.325195,0.000000,0.000000
12243.000000,614400.000000,75549924.000000,-0.011600,-0.014500,-0.980200, , , 
12244.000000,614496.000000,75549924.000000, , , ,0.000000,0.000000,0.000000
12245.000000,614499.000000,75549924.000000,0.005800,-0.029000,-0.986000, , , 
12246.000000,614597.000000,75549924.000000, , , ,-0.325195,-0.325195,-0.325195
12247.000000,614600.000000,75549924.000000,-0.005800,-0.029000,-0.980200, , , 
12248.000000,614698.000000,75549924.000000, , , ,0.000000,0.000000,-0.325195
12249.000000,614699.000000,75549924.000000,-0.005800,-0.049300,-0.991800, , , 
12250.000000,614799.000000,75549924.000000, , , ,0.325195,-0.650391,-0.650391
12251.000000,614800.000000,75549924.000000,0.011600,-0.043500,-0.965700, , , 
12252.000000,614899.000000,75549924.000000,-0.002900,-0.063800,-0.997600, , , 
12253.000000,614900.000000,75549924.000000, , , ,0.325195,-0.325195,-0.975586
12254.000000,615000.000000,75549924.000000,-0.017400,-0.081200,-1.000500, , , 
12255.000000,615001.000000,75549924.000000, , , ,-0.325195,0.000000,-0.650391
12256.000000,615092.000000,75549924.000000, , , ,-0.650391,-0.650391,-0.650391
12257.000000,615099.000000,75549924.000000,0.005800,-0.058000,-0.962800, , , 
12258.000000,615193.000000,75549924.000000, , , ,-1.300781,0.000000,-0.325195
12259.000000,615200.000000,75549924.000000,-0.020300,-0.063800,-0.986000, , , 
12260.000000,615294.000000,75549924.000000, , , ,-0.650391,0.000000,-0.650391
12261.000000,615299.000000,75549924.000000,0.011600,-0.040600,-0.974400, , , 
12262.000000,615395.000000,75549924.000000, , , ,0.000000,0.000000,-0.650391
12263.000000,615400.000000,75549924.000000,-0.005800,-0.055100,-0.980200, , , 
12264.000000,615496.000000,75549924.000000, , , ,-0.650391,0.650391,-0.650391
12265.000000,615499.000000,75549924.000000,-0.005800,-0.066700,-1.003400, , , 
12266.000000,615597.000000,75549924.000000, , , ,-1.300781,0.000000,-0.325195
12267.000000,615600.000000,75549924.000000,0.000000,-0.046400,-0.997600, , , 
12268.000000,615698.000000,75549924.000000, , , ,-0.650391,-0.325195,-0.325195
12269.000000,615699.000000,75549924.000000,0.017400,-0.034800,-0.977300, , , 
12270.000000,615799.000000,75549924.000000, , , ,-0.650391,-0.975586,-0.325195
12271.000000,615800.000000,75549924.000000,-0.002900,-0.031900,-0.939600, , , 
12272.000000,615899.000000,75549924.000000,-0.014500,-0.037700,-0.983100, , , 
12273.000000,615900.000000,75549924.000000, , , ,-0.650391,0.000000,-0.325195
12274.000000,616000.000000,75549924.000000,0.002900,-0.017400,-1.049800, , , 
12275.000000,616001.000000,75549924.000000, , , ,-0.325195,0.975586,-0.325195
12276.000000,616092.000000,75549924.000000, , , ,-0.325195,0.000000,0.325195
12277.000000,616099.000000,75549924.000000,0.020300,-0.040600,-1.012100, , , 
12278.000000,616193.000000,75549924.000000, , , ,-0.325195,-0.650391,-0.325195
12279.000000,616200.000000,75549924.000000,0.000000,-0.026100,-0.977300, , , 
12280.000000,616294.000000,75549924.000000, , , ,0.000000,0.000000,0.000000
12281.000000,616299.000000,75549924.000000,-0.008700,-0.029000,-0.965700, , , 
12282.000000,616395.000000,75549924.000000, , , ,0.000000,0.000000,-0.325195
12283.000000,616400.000000,75549924.000000,0.011600,-0.040600,-0.971500, , , 
12284.000000,616496.000000,75549924.000000, , , ,-0.650391,-0.325195,0.000000
12285.000000,616499.000000,75549924.000000,-0.002900,-0.026100,-1.000500, , , 
12286.000000,616597.000000,75549924.000000, , , ,-1.300781,0.000000,-0.325195
12287.000000,616600.000000,75549924.000000,0.000000,-0.046400,-0.991800, , , 
12288.000000,616698.000000,75549924.000000, , , ,-0.325195,0.000000,-0.325195
12289.000000,616699.000000,75549924.000000,-0.011600,-0.023200,-0.968600, , , 
12290.000000,616799.000000,75549924.000000, , , ,-0.325195,0.000000,-0.650391
12291.000000,616800.000000,75549924.000000,0.000000,-0.023200,-0.983100, , , 
12292.000000,616899.000000,75549924.000000,0.000000,-0.023200,-0.971500, , , 
12293.000000,616900.000000,75549924.000000, , , ,-0.975586,0.000000,-0.325195
12294.000000,617000.000000,75549924.000000,0.000000,-0.031900,-0.994700, , , 
12295.000000,617001.000000,75549924.000000, , , ,-0.975586,0.000000,0.000000
12296.000000,617092.000000,75549924.000000, , , ,-0.975586,0.000000,0.000000
12297.000000,617099.000000,75549924.000000,0.000000,-0.014500,-0.986000, , , 
12298.000000,617193.000000,75549924.000000, , , ,-0.975586,0.000000,0.000000
12299.000000,617200.000000,75549924.000000,0.000000,-0.005800,-0.988900, , , 
12300.000000,617294.000000,75549924.000000, , , ,-0.975586,0.000000,0.000000
12301.000000,617299.000000,75549924.000000,0.014500,-0.020300,-0.991800, , , 
12302.000000,617395.000000,75549924.000000, , , ,-0.975586,-0.325195,0.325195
12303.000000,617400.000000,75549924.000000,0.008700,-0.002900,-0.968600, , , 
12304.000000,617496.000000,75549924.000000, , , ,-0.325195,0.000000,0.000000
12305.000000,617499.000000,75549924.000000,-0.011600,0.000000,-0.991800, , , 
12306.000000,617597.000000,75549924.000000, , , ,-0.650391,0.000000,0.650391
12307.000000,617600.000000,75549924.000000,0.000000,-0.005800,-0.991800, , , 
12308.000000,617698.000000,75549924.000000, , , ,-0.325195,0.000000,0.000000
12309.000000,617699.000000,75549924.000000,0.000000,0.000000,-0.971500, , , 
12310.000000,617799.000000,75549924.000000, , , ,-0.650391,0.325195,0.325195
12311.000000,617800.000000,75549924.000000,-0.008700,0.000000,-0.986000, , , 
12312.000000,617899.000000,75549924.000000,-0.008700,0.000000,-0.991800, , , 
12313.000000,617900.000000,75549924.000000, , , ,-0.650391,-0.325195,0.000000
12314.000000,618000.000000,75549924.000000,0.002900,-0.005800,-0.991800, , , 
12315.000000,618001.000000,75549924.000000, , , ,-0.325195,0.000000,0.000000
12316.000000,618092.000000,75549924.000000, , , ,-0.975586,0.000000,0.000000
12317.000000,618099.000000,75549924.000000,0.005800,-0.020300,-0.994700, , , 
12318.000000,618193.000000,75549924.000000, , , ,-0.650391,0.000000,0.000000
12319.000000,618200.000000,75549924.000000,0.002900,-0.002900,-0.954100, , , 
12320.000000,618294.000000,75549924.000000, , , ,0.000000,-0.650391,0.000000
12321.000000,618299.000000,75549924.000000,-0.002900,0.000000,-0.954100, , , 
12322.000000,618395.000000,75549924.000000, , , ,0.000000,0.000000,0.000000
12323.000000,618400.000000,75549924.000000,-0.005800,0.005800,-0.997600, , , 
12324.000000,618496.000000,75549924.000000, , , ,0.000000,0.000000,0.000000
12325.000000,618499.000000,75549924.000000,0.000000,-0.023200,-0.991800, , , 
12326.000000,618597.000000,75549924.000000, , , ,0.000000,0.000000,-0.325195
12327.000000,618600.000000,75549924.000000,0.002900,-0.020300,-0.983100, , , 
12328.000000,618698.000000,75549924.000000, , , ,-0.650391,0.000000,0.000000
12329.000000,618699.000000,75549924.000000,-0.008700,-0.037700,-0.986000, , , 
12330.000000,618799.000000,75549924.000000, , , ,-0.325195,-0.325195,0.000000
12331.000000,618800.000000,75549924.000000,0.000000,-0.037700,-0.986000, , , 
12332.000000,618899.000000,75549924.000000,0.000000,-0.017400,-1.015000, , , 
12333.000000,618900.000000,75549924.000000, , , ,-0.325195,0.325195,-0.325195
12334.000000,619000.000000,75549924.000000,0.014500,-0.026100,-0.948300, , , 
12335.000000,619001.000000,75549924.000000, , , ,-0.650391,0.000000,-0.325195
12336.000000,619092.000000,75549924.000000, , , ,-1.625977,-0.975586,-0.325195
12337.000000,619099.000000,75549924.000000,-0.008700,-0.043500,-0.977300, , , 
12338.000000,619193.000000,75549924.000000, , , ,-1.951172,0.325195,0.325195
12339.000000,619200.000000,75549924.000000,-0.002900,-0.023200,-0.997600, , , 
12340.000000,619294.000000,75549924.000000, , , ,-0.975586,0.975586,0.000000
12341.000000,619299.000000,75549924.000000,-0.002900,-0.020300,-1.003400, , , 
12342.000000,619395.000000,75549924.000000, , , ,-0.325195,0.000000,-0.650391
12343.000000,619400.000000,75549924.000000,0.000000,-0.020300,-0.988900, , , 
12344.000000,619496.000000,75549924.000000, , , ,0.000000,-0.325195,-0.650391
12345.000000,619499.000000,75549924.000000,0.005800,-0.020300,-0.971500, , , 
12346.000000,619597.000000,75549924.000000, , , ,0.975586,0.000000,-0.650391
12347.000000,619600.000000,75549924.000000,-0.014500,-0.011600,-1.006300, , , 
12348.000000,619698.000000,75549924.000000, , , ,0.000000,0.325195,-0.325195
12349.000000,619699.000000,75549924.000000,0.005800,-0.040600,-0.994700, , , 
12350.000000,619799.000000,75549924.000000, , , ,-0.650391,-0.325195,-0.325195
12351.000000,619800.000000,75549924.000000,0.000000,-0.023200,-0.962800, , , 
12352.000000,619899.000000,75549924.000000,-0.002900,-0.049300,-0.971500, , , 
12353.000000,619900.000000,75549924.000000, , , ,-0.650391,-0.650391,-0.325195
12354.000000,620000.000000,75549924.000000,-0.008700,-0.029000,-0.965700, , , 
12355.000000,620001.000000,75549924.000000, , , ,-0.650391,0.000000,-0.325195
12356.000000,620092.000000,75549924.000000, , , ,-0.975586,0.000000,-0.325195
12357.000000,620099.000000,75549924.000000,0.014500,-0.014500,-0.962800, , , 
12358.000000,620193.000000,75549924.000000, , , ,-0.325195,0.000000,-0.325195
12359.000000,620200.000000,75549924.000000,-0.008700,-0.023200,-1.015000, , , 
12360.000000,620294.000000,75549924.000000, , , ,-0.650391,0.325195,0.000000
12361.000000,620299.000000,75549924.000000,0.014500,-0.026100,-1.015000, , , 
12362.000000,620395.000000,75549924.000000, , , ,-0.650391,0.000000,0.000000
12363.000000,620400.000000,75549924.000000,0.002900,-0.011600,-1.000500, , , 
12364.000000,620496.000000,75549924.000000, , , ,-0.325195,-1.300781,-0.325195
12365.000000,620499.000000,75549924.000000,0.020300,-0.005800,-0.930900, , , 
12366.000000,620597.000000,75549924.000000, , , ,-0.325195,-0.325195,0.000000
12367.000000,620600.000000,75549924.000000,-0.026100,-0.037700,-0.971500, , , 
12368.000000,620698.000000,75549924.000000, , , ,-0.650391,0.975586,0.000000
12369.000000,620699.000000,75549924.000000,-0.002900,-0.020300,-1.052700, , , 
12370.000000,620799.000000,75549924.000000, , , ,-0.975586,0.650391,0.000000
12371.000000,620800.000000,75549924.000000,0.017400,-0.002900,-1.038200, , , 
12372.000000,620899.000000,75549924.000000,0.014500,-0.005800,-0.951200, , , 
12373.000000,620900.000000,75549924.000000, , , ,-0.975586,-0.975586,0.000000
12374.000000,621000.000000,75549924.000000,0.000000,0.000000,-0.951200, , , 
12375.000000,621001.000000,75549924.000000, , , ,-0.650391,-0.650391,0.000000
12376.000000,621092.000000,75549924.000000, , , ,0.000000,-0.650391,0.000000
12377.000000,621099.000000,75549924.000000,0.005800,-0.011600,-0.948300, , , 
12378.000000,621193.000000,75549924.000000, , , ,0.000000,-0.325195,0.000000
12379.000000,621200.000000,75549924.000000,0.008700,-0.011600,-0.962800, , , 
12380.000000,621294.000000,75549924.000000, , , ,-0.650391,-0.325195,0.000000
12381.000000,621299.000000,75549924.000000,0.008700,-0.017400,-0.980200, , , 
12382.000000,621395.000000,75549924.000000, , , ,0.000000,0.000000,0.000000
12383.000000,621400.000000,75549924.000000,0.002900,-0.011600,-0.988900, , , 
12384.000000,621496.000000,75549924.000000, , , ,0.650391,0.000000,-0.325195
12385.000000,621499.000000,75549924.000000,0.017400,-0.026100,-0.986000, , , 
12386.000000,621597.000000,75549924.000000, , , ,0.325195,-0.325195,-0.325195
12387.000000,621600.000000,75549924.000000,-0.002900,-0.037700,-0.971500, , , 
12388.000000,621698.000000,75549924.000000, , , ,-0.325195,0.000000,-0.650391
12389.000000,621699.000000,75549924.000000,0.014500,-0.046400,-1.015000, , , 
12390.000000,621799.000000,75549924.000000, , , ,-0.325195,0.000000,-0.325195
12391.000000,621800.000000,75549924.000000,-0.020300,-0.040600,-1.038200, , , 
12392.000000,621899.000000,75549924.000000,0.029000,-0.052200,-1.017900, , , 
12393.000000,621900.000000,75549924.000000, , , ,-0.975586,0.325195,-0.325195
12394.000000,622000.000000,75549924.000000,0.020300,-0.037700,-0.957000, , , 
12395.000000,622001.000000,75549924.000000, , , ,-0.650391,-0.650391,-0.325195
12396.000000,622092.000000,75549924.000000, , , ,-0.975586,-0.325195,0.000000
12397.000000,622099.000000,75549924.000000,0.008700,-0.011600,-0.948300, , , 
12398.000000,622193.000000,75549924.000000, , , ,0.000000,-0.325195,0.000000
12399.000000,622200.000000,75549924.000000,0.008700,0.000000,-0.954100, , , 
12400.000000,622294.000000,75549924.000000, , , ,0.000000,0.000000,0.000000
12401.000000,622299.000000,75549924.000000,-0.011600,-0.017400,-0.986000, , , 
12402.000000,622395.000000,75549924.000000, , , ,0.000000,0.000000,0.000000
12403.000000,622400.000000,75549924.000000,0.005800,-0.005800,-1.006300, , , 
12404.000000,622496.000000,75549924.000000, , , ,-0.325195,-0.325195,0.000000
12405.000000,622499.000000,75549924.000000,0.008700,-0.008700,-1.000500, , , 
12406.000000,622597.000000,75549924.000000, , , ,-0.975586,0.000000,0.325195
12407.000000,622600.000000,75549924.000000,-0.005800,0.014500,-0.997600, , , 
12408.000000,622698.000000,75549924.000000, , , ,-1.625977,-0.650391,0.000000
12409.000000,622699.000000,75549924.000000,0.029000,-0.008700,-0.951200, , , 
12410.000000,622799.000000,75549924.000000, , , ,-1.300781,-0.650391,0.650391
12411.000000,622800.000000,75549924.000000,-0.011600,-0.005800,-0.959900, , , 
12412.000000,622899.000000,75549924.000000,-0.002900,0.011600,-0.988900, , , 
12413.000000,622900.000000,75549924.000000, , , ,-0.975586,0.000000,0.000000
12414.000000,623000.000000,75549924.000000,0.011600,0.026100,-0.997600, , , 
12415.000000,623001.000000,75549924.000000, , , ,0.325195,0.000000,0.000000
12416.000000,623092.000000,75549924.000000, , , ,0.000000,-0.650391,0.000000
12417.000000,623099.000000,75549924.000000,0.000000,-0.002900,-0.980200, , , 
12418.000000,623193.000000,75549924.000000, , , ,0.325195,0.000000,0.000000
12419.000000,623200.000000,75549924.000000,0.002900,-0.002900,-0.945400, , , 
12420.000000,623294.000000,75549924.000000, , , ,0.650391,-0.325195,0.000000
12421.000000,623299.000000,75549924.000000,0.000000,0.005800,-0.968600, , , 
12422.000000,623395.000000,75549924.000000, , , ,0.650391,-0.325195,0.000000
12423.000000,623400.000000,75549924.000000,0.005800,-0.002900,-0.983100, , , 
12424.000000,623496.000000,75549924.000000, , , ,0.325195,0.000000,0.000000
12425.000000,623499.000000,75549924.000000,0.005800,-0.014500,-0.968600, , , 
12426.000000,623597.000000,75549924.000000, , , ,0.000000,0.000000,0.000000
12427.000000,623600.000000,75549924.000000,-0.005800,-0.037700,-1.000500, , , 
12428.000000,623698.000000,75549924.000000, , , ,0.000000,0.000000,0.000000
12429.000000,623701.000000,75549924.000000,0.011600,-0.020300,-0.971500, , , 
12430.000000,623798.000000,75549924.000000, , , ,0.325195,-0.975586,0.000000
12431.000000,623799.000000,75549924.000000,0.014500,0.000000,-0.957000, , , 
12432.000000,623899.000000,75549924.000000, , , ,0.650391,0.000000,-0.325195
12433.000000,623900.000000,75549924.000000,-0.011600,-0.026100,-0.974400, , , 
12434.000000,623999.000000,75549924.000000,-0.002900,-0.058000,-0.997600, , , 
12435.000000,624000.000000,75549924.000000, , , ,0.000000,0.000000,0.000000
12436.000000,624100.000000,75549924.000000,0.000000,-0.046400,-1.046900, , , 
12437.000000,624101.000000,75549924.000000, , , ,-0.975586,0.325195,0.000000
12438.000000,624192.000000,75549924.000000, , , ,-0.975586,0.325195,0.325195
12439.000000,624199.000000,75549924.000000,0.000000,0.000000,-1.012100, , , 
12440.000000,624293.000000,75549924.000000, , , ,0.000000,0.000000,0.325195
12441.000000,624300.000000,75549924.000000,0.017400,0.014500,-0.980200, , , 
12442.000000,624394.000000,75549924.000000, , , ,0.325195,0.000000,0.325195
12443.000000,624399.000000,75549924.000000,0.005800,-0.008700,-0.988900, , , 
12444.000000,624495.000000,75549924.000000, , , ,0.000000,-0.325195,0.325195
12445.000000,624500.000000,75549924.000000,0.017400,-0.020300,-0.974400, , , 
12446.000000,624596.000000,75549924.000000, , , ,0.000000,0.000000,0.000000
12447.000000,624599.000000,75549924.000000,-0.002900,-0.017400,-1.003400, , , 
12448.000000,624697.000000,75549924.000000, , , ,0.000000,0.975586,0.325195
12449.000000,624700.000000,75549924.000000,0.031900,-0.011600,-1.003400, , , 
12450.000000,624798.000000,75549924.000000, , , ,0.000000,0.325195,0.000000
12451.000000,624799.000000,75549924.000000,-0.002900,-0.017400,-0.997600, , , 
12452.000000,624899.000000,75549924.000000, , , ,-0.325195,0.000000,0.000000
12453.000000,624900.000000,75549924.000000,0.034800,-0.017400,-0.997600, , , 
12454.000000,624999.000000,75549924.000000,0.031900,-0.037700,-1.015000, , , 
12455.000000,625000.000000,75549924.000000, , , ,-0.650391,0.325195,0.000000
12456.000000,625100.000000,75549924.000000,0.069600,-0.026100,-0.954100, , , 
12457.000000,625101.000000,75549924.000000, , , ,-1.951172,-0.650391,0.325195
12458.000000,625192.000000,75549924.000000, , , ,-0.650391,-0.325195,0.325195
12459.000000,625199.000000,75549924.000000,0.037700,-0.017400,-0.983100, , , 
12460.000000,625293.000000,75549924.000000, , , ,-0.325195,1.300781,0.000000
12461.000000,625300.000000,75549924.000000,0.052200,-0.011600,-1.032400, , , 
12462.000000,625394.000000,75549924.000000, , , ,-0.325195,0.000000,0.000000
12463.000000,625399.000000,75549924.000000,0.066700,-0.037700,-1.029500, , , 
12464.000000,625495.000000,75549924.000000, , , ,-0.650391,0.000000,0.000000
12465.000000,625500.000000,75549924.000000,0.069600,-0.049300,-0.994700, , , 
12466.000000,625596.000000,75549924.000000, , , ,-1.625977,-0.325195,-0.650391
12467.000000,625599.000000,75549924.000000,0.049300,-0.011600,-1.012100, , , 
12468.000000,625697.000000,75549924.000000, , , ,-0.975586,0.000000,0.325195
12469.000000,625700.000000,75549924.000000,0.052200,0.000000,-1.000500, , , 
12470.000000,625798.000000,75549924.000000, , , ,-0.650391,0.000000,0.000000
12471.000000,625799.000000,75549924.000000,0.049300,-0.002900,-0.986000, , , 
12472.000000,625899.000000,75549924.000000, , , ,0.000000,-0.325195,0.325195
12473.000000,625900.000000,75549924.000000,0.063800,-0.008700,-0.957000, , , 
12474.000000,625999.000000,75549924.000000,0.055100,-0.020300,-0.965700, , , 
12475.000000,626000.000000,75549924.000000, , , ,0.000000,0.000000,0.000000
12476.000000,626100.000000,75549924.000000,0.066700,-0.040600,-1.006300, , , 
12477.000000,626101.000000,75549924.000000, , , ,0.000000,0.000000,0.325195
12478.000000,626192.000000,75549924.000000, , , ,-0.325195,0.325195,0.325195
12479.000000,626199.000000,75549924.000000,0.060900,-0.020300,-1.000500, , , 
12480.000000,626293.000000,75549924.000000, , , ,-0.975586,0.000000,0.650391
12481.000000,626300.000000,75549924.000000,0.078300,-0.005800,-0.983100, , , 
12482.000000,626394.000000,75549924.000000, , , ,-0.325195,0.000000,0.650391
12483.000000,626399.000000,75549924.000000,0.055100,-0.005800,-1.006300, , , 
12484.000000,626495.000000,75549924.000000, , , ,0.000000,0.325195,0.650391
12485.000000,626500.000000,75549924.000000,0.072500,0.011600,-1.006300, , , 
12486.000000,626596.000000,75549924.000000, , , ,-0.650391,0.650391,0.325195
12487.000000,626599.000000,75549924.000000,0.069600,0.002900,-1.032400, , , 
12488.000000,626697.000000,75549924.000000, , , ,-1.300781,0.000000,0.650391
12489.000000,626700.000000,75549924.000000,0.075400,-0.008700,-1.003400, , , 
12490.000000,626798.000000,75549924.000000, , , ,-1.300781,-0.325195,1.300781
12491.000000,626799.000000,75549924.000000,0.078300,0.008700,-0.968600, , , 
12492.000000,626899.000000,75549924.000000, , , ,0.000000,0.000000,0.650391
12493.000000,626900.000000,75549924.000000,0.060900,0.008700,-0.983100, , , 
12494.000000,626999.000000,75549924.000000,0.081200,0.011600,-1.012100, , , 
12495.000000,627000.000000,75549924.000000, , , ,-0.650391,0.000000,0.325195
12496.000000,627100.000000,75549924.000000,0.078300,-0.023200,-0.997600, , , 
12497.000000,627101.000000,75549924.000000, , , ,-1.300781,0.000000,0.325195
12498.000000,627192.000000,75549924.000000, , , ,-0.975586,0.000000,0.650391
12499.000000,627199.000000,75549924.000000,0.072500,0.023200,-0.988900, , , 
12500.000000,627293.000000,75549924.000000, , , ,-0.975586,0.325195,0.650391
12501.000000,627300.000000,75549924.000000,0.069600,0.000000,-1.009200, , , 
12502.000000,627394.000000,75549924.000000, , , ,0.000000,0.000000,0.000000
12503.000000,627399.000000,75549924.000000,0.084100,0.031900,-1.006300, , , 
12504.000000,627495.000000,75549924.000000, , , ,-0.325195,0.000000,0.975586
12505.000000,627500.000000,75549924.000000,0.072500,0.005800,-1.000500, , , 
12506.000000,627596.000000,75549924.000000, , , ,-0.325195,-0.325195,0.650391
12507.000000,627599.000000,75549924.000000,0.089900,0.029000,-0.974400, , , 
12508.000000,627697.000000,75549924.000000, , , ,-1.951172,-0.325195,0.000000
12509.000000,627700.000000,75549924.000000,0.066700,-0.023200,-0.974400, , , 
12510.000000,627798.000000,75549924.000000, , , ,-1.625977,0.000000,0.650391
12511.000000,627799.000000,75549924.000000,0.072500,0.066700,-0.988900, , , 
12512.000000,627899.000000,75549924.000000, , , ,0.000000,0.650391,0.650391
12513.000000,627900.000000,75549924.000000,0.084100,0.040600,-1.044000, , , 
12514.000000,627999.000000,75549924.000000,0.098600,0.026100,-0.977300, , , 
12515.000000,628000.000000,75549924.000000, , , ,-0.325195,-0.650391,0.325195
12516.000000,628100.000000,75549924.000000,0.069600,0.055100,-0.954100, , , 
12517.000000,628101.000000,75549924.000000, , , ,0.000000,-0.325195,0.650391
12518.000000,628192.000000,75549924.000000, , , ,-0.325195,0.000000,0.975586
12519.000000,628199.000000,75549924.000000,0.060900,0.014500,-0.974400, , , 
12520.000000,628293.000000,75549924.000000, , , ,0.000000,0.325195,0.325195
12521.000000,628300.000000,75549924.000000,0.087000,0.043500,-0.994700, , , 
12522.000000,628394.000000,75549924.000000, , , ,-0.325195,0.000000,0.975586
12523.000000,628399.000000,75549924.000000,0.075400,0.034800,-0.986000, , , 
12524.000000,628495.000000,75549924.000000, , , ,-0.650391,0.000000,0.975586
12525.000000,628500.000000,75549924.000000,0.055100,0.005800,-0.997600, , , 
12526.000000,628596.000000,75549924.000000, , , ,-1.300781,0.000000,0.975586
12527.000000,628599.000000,75549924.000000,0.066700,0.026100,-1.012100, , , 
12528.000000,628697.000000,75549924.000000, , , ,-1.625977,0.325195,0.975586
12529.000000,628700.000000,75549924.000000,0.072500,0.049300,-1.023700, , , 
12530.000000,628798.000000,75549924.000000, , , ,-0.975586,0.325195,0.325195
12531.000000,628799.000000,75549924.000000,0.072500,0.031900,-1.003400, , , 
12532.000000,628899.000000,75549924.000000, , , ,-0.975586,-0.325195,0.975586
12533.000000,628900.000000,75549924.000000,0.072500,0.008700,-0.974400, , , 
12534.000000,628999.000000,75549924.000000,0.084100,0.043500,-0.933800, , , 
12535.000000,629000.000000,75549924.000000, , , ,-0.975586,-0.975586,0.975586
12536.000000,629100.000000,75549924.000000,0.060900,0.043500,-0.957000, , , 
12537.000000,629101.000000,75549924.000000, , , ,0.000000,-0.650391,0.650391
12538.000000,629192.000000,75549924.000000, , , ,0.000000,0.000000,0.000000
12539.000000,629199.000000,75549924.000000,0.072500,0.029000,-0.991800, , , 
12540.000000,629293.000000,75549924.000000, , , ,-0.325195,-0.325195,0.000000
12541.000000,629300.000000,75549924.000000,0.066700,-0.031900,-0.977300, , , 
12542.000000,629394.000000,75549924.000000, , , ,-0.650391,-0.650391,0.975586
12543.000000,629399.000000,75549924.000000,0.066700,-0.026100,-0.977300, , , 
12544.000000,629495.000000,75549924.000000, , , ,0.000000,-0.325195,0.325195
12545.000000,629500.000000,75549924.000000,0.069600,0.017400,-0.936700, , , 
12546.000000,629596.000000,75549924.000000, , , ,0.325195,-1.300781,0.650391
12547.000000,629599.000000,75549924.000000,0.084100,0.020300,-0.945400, , , 
12548.000000,629697.000000,75549924.000000, , , ,0.975586,-0.650391,0.000000
12549.000000,629700.000000,75549924.000000,0.063800,0.023200,-0.957000, , , 
12550.000000,629798.000000,75549924.000000, , , ,0.650391,0.000000,0.000000
12551.000000,629799.000000,75549924.000000,0.052200,0.000000,-1.038200, , , 
12552.000000,629899.000000,75549924.000000, , , ,-0.975586,0.975586,0.975586
12553.000000,629900.000000,75549924.000000,0.055100,-0.040600,-1.061400, , , 
12554.000000,629999.000000,75549924.000000,0.058000,-0.026100,-1.032400, , , 
12555.000000,630000.000000,75549924.000000, , , ,-1.951172,0.325195,0.650391
12556.000000,630100.000000,75549924.000000,0.040600,0.000000,-1.035300, , , 
12557.000000,630101.000000,75549924.000000, , , ,-2.276367,0.650391,0.000000
12558.000000,630192.000000,75549924.000000, , , ,-1.625977,0.975586,0.000000
12559.000000,630199.000000,75549924.000000,0.069600,0.026100,-1.046900, , , 
12560.000000,630293.000000,75549924.000000, , , ,-1.300781,0.000000,1.300781
12561.000000,630300.000000,75549924.000000,0.066700,0.017400,-1.003400, , , 
12562.000000,630394.000000,75549924.000000, , , ,-0.975586,0.000000,0.650391
12563.000000,630399.000000,75549924.000000,0.034800,0.034800,-0.971500, , , 
12564.000000,630495.000000,75549924.000000, , , ,-0.650391,0.000000,1.625977
12565.000000,630500.000000,75549924.000000,0.046400,0.037700,-0.977300, , , 
12566.000000,630596.000000,75549924.000000, , , ,-0.650391,-0.325195,0.975586
12567.000000,630599.000000,75549924.000000,0.066700,0.052200,-0.951200, , , 
12568.000000,630697.000000,75549924.000000, , , ,-0.325195,-0.325195,0.975586
12569.000000,630700.000000,75549924.000000,0.043500,0.066700,-0.954100, , , 
12570.000000,630798.000000,75549924.000000, , , ,-0.325195,0.000000,1.300781
12571.000000,630799.000000,75549924.000000,0.040600,0.063800,-1.000500, , , 
12572.000000,630899.000000,75549924.000000, , , ,0.000000,0.325195,0.650391
12573.000000,630900.000000,75549924.000000,0.043500,0.058000,-1.029500, , , 
12574.000000,630999.000000,75549924.000000,0.037700,0.023200,-1.104900, , , 
12575.000000,631000.000000,75549924.000000, , , ,-0.975586,1.300781,0.650391
12576.000000,631100.000000,75549924.000000,0.049300,0.014500,-1.052700, , , 
12577.000000,631101.000000,75549924.000000, , , ,-1.300781,0.325195,0.650391
12578.000000,631192.000000,75549924.000000, , , ,-1.625977,0.000000,0.650391
12579.000000,631199.000000,75549924.000000,0.037700,0.049300,-1.003400, , , 
12580.000000,631293.000000,75549924.000000, , , ,-0.975586,0.325195,0.650391
12581.000000,631300.000000,75549924.000000,0.055100,0.049300,-0.980200, , , 
12582.000000,631394.000000,75549924.000000, , , ,0.000000,0.000000,0.650391
12583.000000,631399.000000,75549924.000000,0.049300,0.031900,-0.968600, , , 
12584.000000,631495.000000,75549924.000000, , , ,0.000000,-0.325195,0.325195
12585.000000,631500.000000,75549924.000000,0.037700,0.029000,-0.983100, , , 
12586.000000,631596.000000,75549924.000000, , , ,-0.650391,0.000000,1.300781
12587.000000,631599.000000,75549924.000000,0.043500,0.005800,-0.974400, , , 
12588.000000,631697.000000,75549924.000000, , , ,-1.300781,-0.325195,0.650391
12589.000000,631700.000000,75549924.000000,0.034800,0.029000,-0.977300, , , 
12590.000000,631798.000000,75549924.000000, , , ,-0.325195,0.325195,0.975586
12591.000000,631801.000000,75549924.000000,0.020300,0.066700,-1.015000, , , 
12592.000000,631898.000000,75549924.000000, , , ,0.650391,0.000000,0.325195
12593.000000,631899.000000,75549924.000000,0.046400,0.037700,-1.012100, , , 
12594.000000,631999.000000,75549924.000000, , , ,0.000000,-0.975586,0.325195
12595.000000,632000.000000,75549924.000000,0.040600,0.029000,-0.954100, , , 
12596.000000,632099.000000,75549924.000000,0.034800,0.063800,-0.936700, , , 
12597.000000,632100.000000,75549924.000000, , , ,0.000000,-0.650391,0.650391
12598.000000,632200.000000,75549924.000000,0.029000,0.040600,-0.957000, , , 
12599.000000,632201.000000,75549924.000000, , , ,0.325195,-0.975586,0.000000
12600.000000,632292.000000,75549924.000000, , , ,0.325195,0.000000,0.650391
12601.000000,632299.000000,75549924.000000,0.017400,0.037700,-0.977300, , , 
12602.000000,632393.000000,75549924.000000, , , ,-0.650391,0.000000,1.300781
12603.000000,632400.000000,75549924.000000,0.020300,0.008700,-0.997600, , , 
12604.000000,632494.000000,75549924.000000, , , ,-1.625977,-0.325195,0.650391
12605.000000,632500.000000,75549924.000000,0.040600,0.029000,-0.974400, , , 
12606.000000,632594.000000,75549924.000000, , , ,-0.325195,-0.650391,0.975586
12607.000000,632599.000000,75549924.000000,0.029000,0.049300,-0.933800, , , 
12608.000000,632695.000000,75549924.000000, , , ,0.000000,0.000000,0.325195
12609.000000,632700.000000,75549924.000000,0.017400,0.017400,-0.959900, , , 
12610.000000,632796.000000,75549924.000000, , , ,-0.650391,0.000000,0.325195
12611.000000,632799.000000,75549924.000000,0.023200,0.014500,-0.994700, , , 
12612.000000,632897.000000,75549924.000000, , , ,0.000000,0.000000,0.000000
12613.000000,632900.000000,75549924.000000,0.020300,0.034800,-1.012100, , , 
12614.000000,632998.000000,75549924.000000, , , ,0.000000,0.000000,0.325195
12615.000000,632999.000000,75549924.000000,0.008700,0.017400,-1.009200, , , 
12616.000000,633099.000000,75549924.000000, , , ,-0.325195,0.000000,0.325195
12617.000000,633100.000000,75549924.000000,0.037700,0.026100,-0.977300, , , 
12618.000000,633199.000000,75549924.000000,0.014500,0.029000,-0.988900, , , 
12619.000000,633200.000000,75549924.000000, , , ,0.000000,0.000000,1.300781
12620.000000,633300.000000,75549924.000000,0.026100,0.037700,-0.974400, , , 
12621.000000,633301.000000,75549924.000000, , , ,-0.325195,-0.650391,0.650391
12622.000000,633392.000000,75549924.000000, , , ,0.000000,0.000000,1.300781
12623.000000,633399.000000,75549924.000000,0.020300,0.060900,-0.977300, , , 
12624.000000,633493.000000,75549924.000000, , , ,0.000000,0.325195,0.975586
12625.000000,633500.000000,75549924.000000,0.029000,0.049300,-1.012100, , , 
12626.000000,633594.000000,75549924.000000, , , ,-0.325195,-0.650391,0.975586
12627.000000,633599.000000,75549924.000000,0.031900,0.055100,-0.974400, , , 
12628.000000,633695.000000,75549924.000000, , , ,-0.325195,-0.325195,0.975586
12629.000000,633700.000000,75549924.000000,0.014500,0.052200,-0.965700, , , 
12630.000000,633796.000000,75549924.000000, , , ,-0.650391,0.000000,1.300781
12631.000000,633799.000000,75549924.000000,0.017400,0.052200,-0.962800, , , 
12632.000000,633897.000000,75549924.000000, , , ,0.000000,0.000000,0.975586
12633.000000,633900.000000,75549924.000000,0.020300,0.046400,-0.986000, , , 
12634.000000,633998.000000,75549924.000000, , , ,0.650391,-0.975586,0.000000
12635.000000,633999.000000,75549924.000000,0.017400,0.046400,-0.962800, , , 
12636.000000,634099.000000,75549924.000000, , , ,0.325195,0.000000,0.650391
12637.000000,634100.000000,75549924.000000,0.008700,0.008700,-0.965700, , , 
12638.000000,634199.000000,75549924.000000,-0.014500,0.014500,-1.035300, , , 
12639.000000,634200.000000,75549924.000000, , , ,-0.650391,0.650391,0.975586
12640.000000,634300.000000,75549924.000000,0.017400,0.014500,-1.078800, , , 
12641.000000,634301.000000,75549924.000000, , , ,-0.650391,1.300781,0.650391
12642.000000,634392.000000,75549924.000000, , , ,0.000000,-0.650391,0.000000
12643.000000,634399.000000,75549924.000000,0.040600,0.023200,-0.986000, , , 
12644.000000,634493.000000,75549924.000000, , , ,0.000000,-0.650391,0.000000
12645.000000,634500.000000,75549924.000000,0.000000,-0.002900,-0.936700, , , 
12646.000000,634594.000000,75549924.000000, , , ,0.000000,0.000000,0.650391
12647.000000,634599.000000,75549924.000000,0.008700,-0.017400,-0.948300, , , 
12648.000000,634695.000000,75549924.000000, , , ,-0.650391,0.325195,0.325195
12649.000000,634700.000000,75549924.000000,0.002900,-0.008700,-0.988900, , , 
12650.000000,634796.000000,75549924.000000, , , ,-1.625977,0.000000,0.325195
12651.000000,634799.000000,75549924.000000,0.002900,0.000000,-1.009200, , , 
12652.000000,634897.000000,75549924.000000, , , ,-1.300781,0.000000,0.650391
12653.000000,634900.000000,75549924.000000,0.040600,0.000000,-0.980200, , , 
12654.000000,634998.000000,75549924.000000, , , ,-0.325195,0.000000,0.325195
12655.000000,634999.000000,75549924.000000,0.014500,0.029000,-0.962800, , , 
12656.000000,635099.000000,75549924.000000, , , ,0.000000,-0.650391,0.000000
12657.000000,635100.000000,75549924.000000,0.000000,0.026100,-0.957000, , , 
12658.000000,635199.000000,75549924.000000,0.000000,0.011600,-0.986000, , , 
12659.000000,635200.000000,75549924.000000, , , ,0.325195,0.000000,0.000000
12660.000000,635300.000000,75549924.000000,0.000000,0.000000,-0.994700, , , 
12661.000000,635301.000000,75549924.000000, , , ,0.650391,0.000000,0.650391
12662.000000,635392.000000,75549924.000000, , , ,0.000000,0.650391,0.650391
12663.000000,635399.000000,75549924.000000,0.000000,-0.005800,-1.029500, , , 
12664.000000,635493.000000,75549924.000000, , , ,-0.975586,0.000000,0.325195
12665.000000,635500.000000,75549924.000000,0.011600,0.000000,-1.026600, , , 
12666.000000,635594.000000,75549924.000000, , , ,-0.650391,0.000000,0.000000
12667.000000,635599.000000,75549924.000000,0.000000,0.011600,-0.983100, , , 
12668.000000,635695.000000,75549924.000000, , , ,0.325195,-0.325195,0.000000
12669.000000,635700.000000,75549924.000000,0.005800,0.017400,-0.957000, , , 
12670.000000,635796.000000,75549924.000000, , , ,0.975586,-0.325195,0.000000
12671.000000,635799.000000,75549924.000000,0.008700,0.011600,-0.959900, , , 
12672.000000,635897.000000,75549924.000000, , , ,0.325195,0.000000,0.000000
12673.000000,635900.000000,75549924.000000,0.017400,0.000000,-1.000500, , , 
12674.000000,635998.000000,75549924.000000, , , ,-0.325195,0.650391,0.000000
12675.000000,635999.000000,75549924.000000,0.031900,-0.034800,-1.012100, , , 
12676.000000,636099.000000,75549924.000000, , , ,-0.325195,-0.975586,0.325195
12677.000000,636100.000000,75549924.000000,0.037700,0.011600,-0.951200, , , 
12678.000000,636199.000000,75549924.000000,-0.002900,-0.011600,-1.000500, , , 
12679.000000,636200.000000,75549924.000000, , , ,-1.300781,0.325195,0.325195
12680.000000,636300.000000,75549924.000000,0.043500,-0.008700,-1.000500, , , 
12681.000000,636301.000000,75549924.000000, , , ,-1.300781,0.000000,0.325195
12682.000000,636392.000000,75549924.000000, , , ,-0.325195,-0.325195,0.000000
12683.000000,636399.000000,75549924.000000,0.029000,0.011600,-0.954100, , , 
12684.000000,636493.000000,75549924.000000, , , ,0.000000,0.325195,0.325195
12685.000000,636500.000000,75549924.000000,0.023200,0.002900,-1.006300, , , 
12686.000000,636594.000000,75549924.000000, , , ,-0.975586,0.000000,0.650391
12687.000000,636599.000000,75549924.000000,0.037700,0.000000,-1.023700, , , 
12688.000000,636695.000000,75549924.000000, , , ,-0.650391,-0.325195,0.000000
12689.000000,636700.000000,75549924.000000,0.040600,0.023200,-0.974400, , , 
12690.000000,636796.000000,75549924.000000, , , ,-0.325195,0.000000,0.650391
12691.000000,636799.000000,75549924.000000,0.017400,0.000000,-1.000500, , , 
12692.000000,636897.000000,75549924.000000, , , ,0.000000,0.650391,0.325195
12693.000000,636900.000000,75549924.000000,0.026100,0.000000,-1.023700, , , 
12694.000000,636998.000000,75549924.000000, , , ,-1.300781,0.000000,0.650391
12695.000000,636999.000000,75549924.000000,0.029000,-0.002900,-1.012100, , , 
12696.000000,637099.000000,75549924.000000, , , ,-1.625977,0.000000,0.650391
12697.000000,637100.000000,75549924.000000,0.031900,0.017400,-0.977300, , , 
12698.000000,637199.000000,75549924.000000,0.034800,0.005800,-0.957000, , , 
12699.000000,637200.000000,75549924.000000, , , ,-1.625977,0.000000,0.650391
12700.000000,637300.000000,75549924.000000,0.031900,0.037700,-0.965700, , , 
12701.000000,637301.000000,75549924.000000, , , ,-1.300781,-0.975586,0.975586
12702.000000,637392.000000,75549924.000000, , , ,0.000000,-0.325195,0.650391
12703.000000,637399.000000,75549924.000000,0.023200,0.052200,-0.945400, , , 
12704.000000,637493.000000,75549924.000000, , , ,0.975586,0.000000,0.650391
12705.000000,637500.000000,75549924.000000,0.011600,0.055100,-0.968600, , , 
12706.000000,637594.000000,75549924.000000, , , ,0.975586,0.000000,0.650391
12707.000000,637601.000000,75549924.000000,0.029000,0.029000,-1.006300, , , 
12708.000000,637694.000000,75549924.000000, , , ,0.325195,0.325195,1.300781
12709.000000,637699.000000,75549924.000000,0.029000,0.031900,-0.971500, , , 
12710.000000,637795.000000,75549924.000000, , , ,0.000000,0.000000,0.975586
12711.000000,637800.000000,75549924.000000,0.011600,0.002900,-1.023700, , , 
12712.000000,637896.000000,75549924.000000, , , ,-0.975586,-0.650391,1.300781
12713.000000,637900.000000,75549924.000000,0.031900,0.029000,-0.957000, , , 
12714.000000,637996.000000,75549924.000000, , , ,0.000000,0.000000,0.975586
12715.000000,637999.000000,75549924.000000,0.014500,0.066700,-0.962800, , , 
12716.000000,638097.000000,75549924.000000, , , ,0.000000,0.000000,0.975586
12717.000000,638100.000000,75549924.000000,0.020300,0.031900,-1.009200, , , 
12718.000000,638198.000000,75549924.000000, , , ,-0.325195,0.325195,0.975586
12719.000000,638199.000000,75549924.000000,0.023200,0.011600,-1.006300, , , 
12720.000000,638299.000000,75549924.000000, , , ,-0.650391,0.325195,0.000000
12721.000000,638300.000000,75549924.000000,0.031900,-0.020300,-1.026600, , , 
12722.000000,638399.000000,75549924.000000,0.043500,0.005800,-1.000500, , , 
12723.000000,638400.000000,75549924.000000, , , ,-1.951172,0.000000,1.625977
12724.000000,638500.000000,75549924.000000,0.026100,0.026100,-0.922200, , , 
12725.000000,638501.000000,75549924.000000, , , ,-0.975586,-0.975586,1.300781
12726.000000,638592.000000,75549924.000000, , , ,-0.325195,0.000000,0.000000
12727.000000,638599.000000,75549924.000000,-0.002900,0.049300,-0.997600, , , 
12728.000000,638693.000000,75549924.000000, , , ,0.000000,0.325195,0.325195
12729.000000,638700.000000,75549924.000000,0.023200,0.014500,-1.015000, , , 
12730.000000,638794.000000,75549924.000000, , , ,0.000000,0.000000,0.325195
12731.000000,638799.000000,75549924.000000,0.023200,0.000000,-0.971500, , , 
12732.000000,638895.000000,75549924.000000, , , ,-0.650391,-0.325195,0.325195
12733.000000,638900.000000,75549924.000000,0.002900,0.000000,-0.991800, , , 
12734.000000,638996.000000,75549924.000000, , , ,0.000000,0.650391,1.300781
12735.000000,638999.000000,75549924.000000,0.011600,0.000000,-1.009200, , , 
12736.000000,639097.000000,75549924.000000, , , ,0.325195,-0.650391,0.325195
12737.000000,639100.000000,75549924.000000,0.023200,-0.008700,-0.983100, , , 
12738.000000,639198.000000,75549924.000000, , , ,-1.300781,0.000000,0.650391
12739.000000,639199.000000,75549924.000000,0.029000,-0.008700,-0.977300, , , 
12740.000000,639299.000000,75549924.000000, , , ,-1.300781,-0.650391,0.650391
12741.000000,639300.000000,75549924.000000,0.020300,0.052200,-0.922200, , , 
12742.000000,639399.000000,75549924.000000,0.014500,0.055100,-0.957000, , , 
12743.000000,639400.000000,75549924.000000, , , ,0.975586,0.000000,0.650391
12744.000000,639500.000000,75549924.000000,0.008700,-0.002900,-1.032400, , , 
12745.000000,639501.000000,75549924.000000, , , ,0.650391,0.325195,0.325195
12746.000000,639592.000000,75549924.000000, , , ,-0.975586,0.000000,0.325195
12747.000000,639599.000000,75549924.000000,0.023200,-0.002900,-1.052700, , , 
12748.000000,639693.000000,75549924.000000, , , ,-1.300781,-0.325195,0.650391
12749.000000,639700.000000,75549924.000000,0.008700,0.005800,-0.991800, , , 
12750.000000,639794.000000,75549924.000000, , , ,-0.975586,-0.325195,0.650391
12751.000000,639799.000000,75549924.000000,0.026100,0.002900,-0.951200, , , 
12752.000000,639895.000000,75549924.000000, , , ,-0.975586,-0.325195,0.975586
12753.000000,639900.000000,75549924.000000,0.023200,0.023200,-0.936700, , , 
12754.000000,639996.000000,75549924.000000, , , ,0.000000,0.000000,0.325195
12755.000000,639999.000000,75549924.000000,0.000000,0.014500,-0.986000, , , 
12756.000000,640097.000000,75549924.000000, , , ,-0.325195,0.000000,0.325195
12757.000000,640100.000000,75549924.000000,0.011600,0.011600,-1.003400, , , 
12758.000000,640198.000000,75549924.000000, , , ,0.000000,-0.325195,0.650391
12759.000000,640199.000000,75549924.000000,0.008700,0.008700,-0.997600, , , 
12760.000000,640299.000000,75549924.000000, , , ,-0.325195,0.325195,2.276367
12761.000000,640300.000000,75549924.000000,-0.002900,-0.008700,-1.029500, , , 
12762.000000,640399.000000,75549924.000000,0.034800,-0.002900,-0.988900, , , 
12763.000000,640400.000000,75549924.000000, , , ,-1.625977,0.000000,1.300781
12764.000000,640500.000000,75549924.000000,-0.005800,0.029000,-0.974400, , , 
12765.000000,640501.000000,75549924.000000, , , ,-0.975586,0.000000,0.975586
12766.000000,640592.000000,75549924.000000, , , ,-0.325195,0.000000,0.975586
12767.000000,640599.000000,75549924.000000,0.017400,0.029000,-1.000500, , , 
12768.000000,640693.000000,75549924.000000, , , ,0.000000,-0.325195,0.325195
12769.000000,640700.000000,75549924.000000,0.017400,0.026100,-0.939600, , , 
12770.000000,640794.000000,75549924.000000, , , ,-0.325195,-0.975586,0.650391
12771.000000,640799.000000,75549924.000000,-0.008700,0.026100,-0.971500, , , 
12772.000000,640895.000000,75549924.000000, , , ,-0.325195,0.975586,0.975586
12773.000000,640900.000000,75549924.000000,-0.014500,0.008700,-1.041100, , , 
12774.000000,640996.000000,75549924.000000, , , ,-0.325195,0.000000,0.650391
12775.000000,640999.000000,75549924.000000,0.029000,0.023200,-1.015000, , , 
12776.000000,641097.000000,75549924.000000, , , ,-1.300781,-0.325195,0.650391
12777.000000,641100.000000,75549924.000000,0.000000,-0.008700,-0.968600, , , 
12778.000000,641198.000000,75549924.000000, , , ,-2.276367,-0.325195,0.975586
12779.000000,641199.000000,75549924.000000,0.008700,0.011600,-0.968600, , , 
12780.000000,641299.000000,75549924.000000, , , ,-1.625977,0.325195,0.650391
12781.000000,641300.000000,75549924.000000,0.000000,0.058000,-0.983100, , , 
12782.000000,641399.000000,75549924.000000,0.000000,0.046400,-0.997600, , , 
12783.000000,641400.000000,75549924.000000, , , ,0.000000,0.000000,0.650391
12784.000000,641500.000000,75549924.000000,0.014500,0.023200,-0.997600, , , 
12785.000000,641501.000000,75549924.000000, , , ,0.325195,0.000000,0.325195
12786.000000,641592.000000,75549924.000000, , , ,-0.325195,0.325195,0.325195
12787.000000,641599.000000,75549924.000000,-0.002900,0.000000,-0.997600, , , 
12788.000000,641693.000000,75549924.000000, , , ,-0.325195,0.000000,0.975586
12789.000000,641700.000000,75549924.000000,0.014500,0.017400,-0.977300, , , 
12790.000000,641794.000000,75549924.000000, , , ,0.650391,0.000000,0.650391
12791.000000,641799.000000,75549924.000000,0.000000,0.000000,-0.965700, , , 
12792.000000,641895.000000,75549924.000000, , , ,-0.325195,0.000000,0.325195
12793.000000,641900.000000,75549924.000000,0.000000,-0.011600,-0.994700, , , 
12794.000000,641996.000000,75549924.000000, , , ,-0.650391,0.000000,0.325195
12795.000000,641999.000000,75549924.000000,0.011600,-0.005800,-0.968600, , , 
12796.000000,642097.000000,75549924.000000, , , ,-0.650391,0.000000,0.325195
12797.000000,642100.000000,75549924.000000,0.000000,0.014500,-0.980200, , , 
12798.000000,642198.000000,75549924.000000, , , ,-0.325195,0.650391,0.650391
12799.000000,642199.000000,75549924.000000,0.002900,0.020300,-1.017900, , , 
12800.000000,642299.000000,75549924.000000, , , ,0.000000,0.000000,0.650391
12801.000000,642300.000000,75549924.000000,0.017400,0.014500,-0.980200, , , 
12802.000000,642399.000000,75549924.000000,0.000000,0.008700,-0.983100, , , 
12803.000000,642400.000000,75549924.000000, , , ,-0.650391,-0.325195,0.650391
12804.000000,642500.000000,75549924.000000,0.008700,-0.008700,-1.015000, , , 
12805.000000,642501.000000,75549924.000000, , , ,-1.625977,0.000000,0.325195
12806.000000,642592.000000,75549924.000000, , , ,-1.951172,0.000000,1.300781
12807.000000,642599.000000,75549924.000000,-0.002900,0.005800,-0.994700, , , 
12808.000000,642693.000000,75549924.000000, , , ,-1.625977,-0.325195,0.650391
12809.000000,642700.000000,75549924.000000,0.034800,0.026100,-0.930900, , , 
12810.000000,642794.000000,75549924.000000, , , ,0.000000,-0.325195,0.975586
12811.000000,642799.000000,75549924.000000,-0.011600,0.034800,-0.948300, , , 
12812.000000,642895.000000,75549924.000000, , , ,-0.650391,0.650391,0.650391
12813.000000,642900.000000,75549924.000000,0.005800,0.020300,-1.020800, , , 
12814.000000,642996.000000,75549924.000000, , , ,-0.325195,0.000000,0.975586
12815.000000,642999.000000,75549924.000000,0.014500,0.026100,-1.026600, , , 
12816.000000,643097.000000,75549924.000000, , , ,0.000000,0.000000,0.650391
12817.000000,643100.000000,75549924.000000,0.005800,0.026100,-0.965700, , , 
12818.000000,643198.000000,75549924.000000, , , ,0.000000,0.325195,0.325195
12819.000000,643199.000000,75549924.000000,-0.002900,0.000000,-0.986000, , , 
12820.000000,643299.000000,75549924.000000, , , ,-0.975586,-0.325195,0.650391
12821.000000,643300.000000,75549924.000000,0.037700,0.000000,-0.986000, , , 
12822.000000,643399.000000,75549924.000000,0.002900,0.043500,-0.933800, , , 
12823.000000,643400.000000,75549924.000000, , , ,0.325195,-0.975586,0.650391
12824.000000,643500.000000,75549924.000000,0.005800,0.014500,-0.988900, , , 
12825.000000,643501.000000,75549924.000000, , , ,0.650391,0.000000,0.975586
12826.000000,643600.000000,75549924.000000,-0.008700,0.020300,-1.023700, , , 
12827.000000,643601.000000,75549924.000000, , , ,0.000000,0.325195,0.325195
12828.000000,643692.000000,75549924.000000, , , ,0.325195,0.000000,0.325195
12829.000000,643699.000000,75549924.000000,0.017400,0.017400,-1.009200, , , 
12830.000000,643793.000000,75549924.000000, , , ,-0.325195,0.000000,0.000000
12831.000000,643800.000000,75549924.000000,0.011600,0.000000,-1.017900, , , 
12832.000000,643894.000000,75549924.000000, , , ,-1.625977,0.975586,0.650391
12833.000000,643899.000000,75549924.000000,0.000000,-0.034800,-1.055600, , , 
12834.000000,643995.000000,75549924.000000, , , ,-3.251953,-0.325195,1.300781
12835.000000,644000.000000,75549924.000000,0.029000,0.002900,-0.962800, , , 
12836.000000,644096.000000,75549924.000000, , , ,-1.625977,-0.975586,0.975586
12837.000000,644099.000000,75549924.000000,-0.008700,0.055100,-0.939600, , , 
12838.000000,644197.000000,75549924.000000, , , ,0.650391,0.000000,0.325195
12839.000000,644200.000000,75549924.000000,0.017400,0.078300,-0.933800, , , 
12840.000000,644298.000000,75549924.000000, , , ,1.625977,-0.650391,0.000000
12841.000000,644299.000000,75549924.000000,-0.002900,0.029000,-0.948300, , , 
12842.000000,644399.000000,75549924.000000, , , ,-0.975586,1.300781,0.325195
12843.000000,644400.000000,75549924.000000,-0.011600,-0.034800,-1.064300, , , 
12844.000000,644499.000000,75549924.000000,0.029000,-0.014500,-1.035300, , , 
12845.000000,644500.000000,75549924.000000, , , ,-2.926758,0.000000,1.300781
12846.000000,644600.000000,75549924.000000,0.011600,0.040600,-0.959900, , , 
12847.000000,644601.000000,75549924.000000, , , ,-1.300781,-0.650391,0.000000
12848.000000,644692.000000,75549924.000000, , , ,0.325195,-0.650391,0.325195
12849.000000,644699.000000,75549924.000000,0.000000,0.037700,-0.930900, , , 
12850.000000,644793.000000,75549924.000000, , , ,0.650391,0.000000,-0.325195
12851.000000,644800.000000,75549924.000000,0.014500,-0.002900,-0.936700, , , 
12852.000000,644894.000000,75549924.000000, , , ,1.300781,-0.650391,0.000000
12853.000000,644899.000000,75549924.000000,0.014500,0.017400,-0.957000, , , 
12854.000000,644995.000000,75549924.000000, , , ,0.975586,0.000000,0.000000
12855.000000,645000.000000,75549924.000000,-0.020300,-0.029000,-1.000500, , , 
12856.000000,645096.000000,75549924.000000, , , ,-1.951172,0.650391,0.650391
12857.000000,645099.000000,75549924.000000,0.005800,-0.043500,-1.061400, , , 
12858.000000,645197.000000,75549924.000000, , , ,-2.601563,0.650391,2.276367
12859.000000,645200.000000,75549924.000000,0.008700,0.011600,-1.015000, , , 
12860.000000,645298.000000,75549924.000000, , , ,-1.951172,0.000000,0.975586
12861.000000,645299.000000,75549924.000000,0.008700,0.031900,-0.971500, , , 
12862.000000,645399.000000,75549924.000000, , , ,-0.325195,0.000000,0.325195
12863.000000,645400.000000,75549924.000000,0.023200,0.037700,-0.968600, , , 
12864.000000,645499.000000,75549924.000000,0.000000,0.000000,-0.968600, , , 
12865.000000,645500.000000,75549924.000000, , , ,-0.325195,0.000000,0.325195
12866.000000,645600.000000,75549924.000000,0.000000,-0.008700,-1.015000, , , 
12867.000000,645601.000000,75549924.000000, , , ,-0.975586,0.000000,0.975586
12868.000000,645692.000000,75549924.000000, , , ,-2.276367,-0.650391,0.975586
12869.000000,645699.000000,75549924.000000,0.029000,0.026100,-0.965700, , , 
12870.000000,645793.000000,75549924.000000, , , ,-1.300781,-0.650391,0.650391
12871.000000,645800.000000,75549924.000000,0.002900,0.052200,-0.957000, , , 
12872.000000,645894.000000,75549924.000000, , , ,-0.325195,0.000000,0.650391
12873.000000,645899.000000,75549924.000000,0.000000,0.055100,-0.977300, , , 
12874.000000,645995.000000,75549924.000000, , , ,0.000000,0.325195,0.650391
12875.000000,646000.000000,75549924.000000,0.000000,0.037700,-1.012100, , , 
12876.000000,646096.000000,75549924.000000, , , ,0.000000,0.325195,0.650391
12877.000000,646099.000000,75549924.000000,-0.002900,0.023200,-1.020800, , , 
12878.000000,646197.000000,75549924.000000, , , ,-0.650391,0.000000,1.951172
12879.000000,646200.000000,75549924.000000,0.017400,0.026100,-1.009200, , , 
12880.000000,646298.000000,75549924.000000, , , ,-0.325195,-0.650391,0.975586
12881.000000,646299.000000,75549924.000000,0.011600,0.023200,-0.971500, , , 
12882.000000,646399.000000,75549924.000000, , , ,0.000000,0.000000,0.325195
12883.000000,646400.000000,75549924.000000,-0.014500,0.029000,-0.986000, , , 
12884.000000,646499.000000,75549924.000000,0.011600,0.014500,-1.003400, , , 
12885.000000,646500.000000,75549924.000000, , , ,-0.325195,0.000000,0.650391
12886.000000,646600.000000,75549924.000000,0.017400,0.034800,-0.977300, , , 
12887.000000,646601.000000,75549924.000000, , , ,-0.975586,-0.325195,0.650391
12888.000000,646692.000000,75549924.000000, , , ,-0.650391,-0.325195,1.300781
12889.000000,646699.000000,75549924.000000,-0.008700,0.029000,-0.983100, , , 
12890.000000,646793.000000,75549924.000000, , , ,-0.650391,-0.325195,0.975586
12891.000000,646800.000000,75549924.000000,0.017400,0.049300,-0.962800, , , 
12892.000000,646894.000000,75549924.000000, , , ,0.000000,0.000000,0.975586
12893.000000,646899.000000,75549924.000000,0.000000,0.037700,-0.962800, , , 
12894.000000,646995.000000,75549924.000000, , , ,0.000000,0.000000,0.650391
12895.000000,647000.000000,75549924.000000,0.005800,0.026100,-0.986000, , , 
12896.000000,647096.000000,75549924.000000, , , ,-0.975586,0.000000,0.650391
12897.000000,647099.000000,75549924.000000,0.017400,0.037700,-1.000500, , , 
12898.000000,647197.000000,75549924.000000, , , ,-0.650391,-0.325195,0.975586
12899.000000,647200.000000,75549924.000000,0.023200,0.037700,-0.959900, , , 
12900.000000,647298.000000,75549924.000000, , , ,-0.325195,-0.650391,0.650391
12901.000000,647299.000000,75549924.000000,-0.002900,0.029000,-0.939600, , , 
12902.000000,647399.000000,75549924.000000, , , ,-0.650391,0.650391,0.975586
12903.000000,647400.000000,75549924.000000,-0.005800,0.020300,-1.029500, , , 
12904.000000,647499.000000,75549924.000000,0.014500,0.020300,-1.026600, , , 
12905.000000,647500.000000,75549924.000000, , , ,-0.650391,0.000000,0.325195
12906.000000,647600.000000,75549924.000000,0.011600,0.017400,-1.003400, , , 
12907.000000,647601.000000,75549924.000000, , , ,-0.650391,0.000000,0.325195
12908.000000,647692.000000,75549924.000000, , , ,-0.325195,-0.325195,0.325195
12909.000000,647699.000000,75549924.000000,0.031900,0.014500,-0.968600, , , 
12910.000000,647793.000000,75549924.000000, , , ,-0.325195,-0.325195,0.650391
12911.000000,647800.000000,75549924.000000,0.002900,0.026100,-0.974400, , , 
12912.000000,647894.000000,75549924.000000, , , ,0.000000,0.000000,0.325195
12913.000000,647899.000000,75549924.000000,0.000000,0.008700,-1.023700, , , 
12914.000000,647995.000000,75549924.000000, , , ,-0.975586,0.650391,0.975586
12915.000000,648000.000000,75549924.000000,0.026100,-0.002900,-1.006300, , , 
12916.000000,648096.000000,75549924.000000, , , ,-0.325195,-0.650391,0.325195
12917.000000,648099.000000,75549924.000000,0.017400,0.046400,-0.939600, , , 
12918.000000,648197.000000,75549924.000000, , , ,-0.325195,0.000000,0.000000
12919.000000,648200.000000,75549924.000000,-0.011600,-0.005800,-0.983100, , , 
12920.000000,648298.000000,75549924.000000, , , ,-1.951172,-0.325195,0.325195
12921.000000,648299.000000,75549924.000000,0.014500,-0.005800,-0.980200, , , 
12922.000000,648399.000000,75549924.000000, , , ,0.000000,-0.975586,0.325195
12923.000000,648400.000000,75549924.000000,0.011600,0.055100,-0.933800, , , 
12924.000000,648499.000000,75549924.000000, , , ,0.975586,0.975586,0.650391
12925.000000,648500.000000,75549924.000000,-0.014500,0.002900,-0.997600, , , 
12926.000000,648599.000000,75549924.000000,0.000000,-0.031900,-1.009200, , , 
12927.000000,648600.000000,75549924.000000, , , ,-0.650391,0.325195,0.650391
12928.000000,648700.000000,75549924.000000,0.008700,0.023200,-1.020800, , , 
12929.000000,648701.000000,75549924.000000, , , ,-0.325195,0.000000,0.650391
12930.000000,648792.000000,75549924.000000, , , ,0.325195,0.650391,0.975586
12931.000000,648799.000000,75549924.000000,0.005800,0.014500,-1.012100, , , 
12932.000000,648893.000000,75549924.000000, , , ,-0.650391,-0.325195,0.325195
12933.000000,648900.000000,75549924.000000,0.014500,0.005800,-0.977300, , , 
12934.000000,648994.000000,75549924.000000, , , ,-0.975586,0.000000,0.975586
12935.000000,648999.000000,75549924.000000,0.002900,0.005800,-0.962800, , , 
12936.000000,649095.000000,75549924.000000, , , ,-1.625977,-0.325195,1.300781
12937.000000,649100.000000,75549924.000000,0.011600,0.020300,-0.954100, , , 
12938.000000,649196.000000,75549924.000000, , , ,-0.975586,-0.325195,0.975586
12939.000000,649199.000000,75549924.000000,0.011600,0.034800,-0.954100, , , 
12940.000000,649297.000000,75549924.000000, , , ,-0.325195,0.650391,0.325195
12941.000000,649300.000000,75549924.000000,-0.005800,0.026100,-1.029500, , , 
12942.000000,649398.000000,75549924.000000, , , ,-0.650391,0.325195,0.000000
12943.000000,649399.000000,75549924.000000,0.017400,0.026100,-1.035300, , , 
12944.000000,649499.000000,75549924.000000, , , ,0.000000,-0.325195,0.325195
12945.000000,649500.000000,75549924.000000,0.011600,0.034800,-0.968600, , , 
12946.000000,649599.000000,75549924.000000,0.008700,0.026100,-0.954100, , , 
12947.000000,649600.000000,75549924.000000, , , ,0.000000,-0.325195,0.975586
12948.000000,649700.000000,75549924.000000,0.020300,0.017400,-0.977300, , , 
12949.000000,649701.000000,75549924.000000, , , ,0.000000,0.000000,0.650391
12950.000000,649792.000000,75549924.000000, , , ,-0.650391,0.000000,0.650391
12951.000000,649799.000000,75549924.000000,0.011600,0.008700,-1.009200, , , 
12952.000000,649893.000000,75549924.000000, , , ,-0.975586,0.000000,0.975586
12953.000000,649900.000000,75549924.000000,0.000000,0.040600,-1.003400, , , 
12954.000000,649994.000000,75549924.000000, , , ,-0.975586,-0.975586,0.650391
12955.000000,649999.000000,75549924.000000,0.011600,0.034800,-0.977300, , , 
12956.000000,650095.000000,75549924.000000, , , ,0.000000,0.000000,0.975586
12957.000000,650100.000000,75549924.000000,0.000000,0.046400,-0.997600, , , 
12958.000000,650196.000000,75549924.000000, , , ,0.000000,0.325195,0.650391
12959.000000,650199.000000,75549924.000000,0.005800,0.031900,-1.012100, , , 
12960.000000,650297.000000,75549924.000000, , , ,0.000000,-0.325195,0.650391
12961.000000,650300.000000,75549924.000000,0.020300,0.031900,-0.959900, , , 
12962.000000,650398.000000,75549924.000000, , , ,0.000000,0.000000,1.300781
12963.000000,650399.000000,75549924.000000,-0.008700,0.029000,-0.965700, , , 
12964.000000,650499.000000,75549924.000000, , , ,-1.300781,0.000000,0.650391
12965.000000,650500.000000,75549924.000000,0.023200,0.000000,-1.006300, , , 
12966.000000,650599.000000,75549924.000000,0.000000,0.005800,-1.012100, , , 
12967.000000,650600.000000,75549924.000000, , , ,-1.625977,0.000000,0.975586
12968.000000,650700.000000,75549924.000000,0.002900,0.011600,-1.000500, , , 
12969.000000,650701.000000,75549924.000000, , , ,-1.625977,0.000000,0.975586
12970.000000,650792.000000,75549924.000000, , , ,0.000000,-0.325195,0.325195
12971.000000,650799.000000,75549924.000000,0.017400,0.058000,-0.951200, , , 
12972.000000,650893.000000,75549924.000000, , , ,1.625977,0.000000,0.325195
12973.000000,650900.000000,75549924.000000,-0.008700,-0.002900,-0.977300, , , 
12974.000000,650994.000000,75549924.000000, , , ,-0.650391,0.325195,0.000000
12975.000000,650999.000000,75549924.000000,0.017400,-0.020300,-1.017900, , , 
12976.000000,651095.000000,75549924.000000, , , ,-1.951172,-0.975586,0.650391
12977.000000,651100.000000,75549924.000000,0.063800,0.002900,-0.928000, , , 
12978.000000,651196.000000,75549924.000000, , , ,-1.300781,-0.650391,0.975586
12979.000000,651199.000000,75549924.000000,-0.029000,0.020300,-0.962800, , , 
12980.000000,651297.000000,75549924.000000, , , ,-1.625977,0.325195,0.650391
12981.000000,651300.000000,75549924.000000,0.017400,0.008700,-1.032400, , , 
12982.000000,651398.000000,75549924.000000, , , ,-1.300781,0.000000,0.325195
12983.000000,651399.000000,75549924.000000,0.020300,0.037700,-1.003400, , , 
12984.000000,651499.000000,75549924.000000, , , ,-0.650391,-0.975586,0.650391
12985.000000,651500.000000,75549924.000000,0.011600,0.005800,-0.959900, , , 
12986.000000,651599.000000,75549924.000000,0.014500,0.069600,-0.939600, , , 
12987.000000,651600.000000,75549924.000000, , , ,0.650391,-0.325195,0.650391
12988.000000,651700.000000,75549924.000000,0.005800,0.037700,-0.957000, , , 
12989.000000,651701.000000,75549924.000000, , , ,1.300781,-0.650391,0.325195
12990.000000,651792.000000,75549924.000000, , , ,0.000000,0.325195,0.975586
12991.000000,651799.000000,75549924.000000,-0.005800,0.017400,-1.012100, , , 
12992.000000,651893.000000,75549924.000000, , , ,-1.300781,0.650391,0.975586
12993.000000,651900.000000,75549924.000000,-0.002900,0.005800,-1.070100, , , 
12994.000000,651994.000000,75549924.000000, , , ,-1.625977,0.650391,1.300781
12995.000000,651999.000000,75549924.000000,0.020300,0.040600,-1.044000, , , 
12996.000000,652095.000000,75549924.000000, , , ,-0.650391,-0.325195,0.975586
12997.000000,652100.000000,75549924.000000,0.031900,0.049300,-0.948300, , , 
12998.000000,652196.000000,75549924.000000, , , ,0.325195,-0.650391,0.650391
12999.000000,652199.000000,75549924.000000,0.000000,0.052200,-0.916400, , , 
13000.000000,652297.000000,75549924.000000, , , ,0.325195,0.325195,0.650391
13001.000000,652300.000000,75549924.000000,-0.002900,0.023200,-1.012100, , , 
13002.000000,652398.000000,75549924.000000, , , ,0.650391,0.325195,0.650391
13003.000000,652399.000000,75549924.000000,0.020300,0.008700,-1.020800, , , 
13004.000000,652499.000000,75549924.000000, , , ,-0.325195,0.000000,0.650391
13005.000000,652500.000000,75549924.000000,0.011600,-0.011600,-1.012100, , , 
13006.000000,652599.000000,75549924.000000,0.008700,0.014500,-0.980200, , , 
13007.000000,652600.000000,75549924.000000, , , ,-1.300781,0.000000,0.975586
13008.000000,652700.000000,75549924.000000,0.005800,0.008700,-0.965700, , , 
13009.000000,652701.000000,75549924.000000, , , ,-0.975586,0.000000,0.650391
13010.000000,652792.000000,75549924.000000, , , ,-0.975586,0.325195,0.325195
13011.000000,652799.000000,75549924.000000,0.014500,0.060900,-0.988900, , , 
13012.000000,652893.000000,75549924.000000, , , ,0.325195,-0.325195,0.650391
13013.000000,652900.000000,75549924.000000,0.014500,0.034800,-0.959900, , , 
13014.000000,652994.000000,75549924.000000, , , ,-0.325195,0.325195,0.650391
13015.000000,652999.000000,75549924.000000,-0.002900,-0.002900,-1.012100, , , 
13016.000000,653095.000000,75549924.000000, , , ,-2.601563,-0.650391,0.650391
13017.000000,653100.000000,75549924.000000,0.023200,0.000000,-1.015000, , , 
13018.000000,653196.000000,75549924.000000, , , ,-1.300781,0.000000,0.975586
13019.000000,653199.000000,75549924.000000,-0.008700,0.029000,-0.983100, , , 
13020.000000,653297.000000,75549924.000000, , , ,0.000000,0.000000,0.650391
13021.000000,653300.000000,75549924.000000,0.026100,0.031900,-0.948300, , , 
13022.000000,653398.000000,75549924.000000, , , ,0.000000,0.000000,0.325195
13023.000000,653399.000000,75549924.000000,-0.008700,0.011600,-0.974400, , , 
13024.000000,653499.000000,75549924.000000, , , ,0.000000,0.000000,0.325195
13025.000000,653500.000000,75549924.000000,0.002900,-0.011600,-1.015000, , , 
13026.000000,653599.000000,75549924.000000,0.017400,0.000000,-1.015000, , , 
13027.000000,653600.000000,75549924.000000, , , ,-0.650391,0.325195,0.975586
13028.000000,653700.000000,75549924.000000,0.026100,0.017400,-0.974400, , , 
13029.000000,653701.000000,75549924.000000, , , ,0.000000,-0.325195,0.000000
13030.000000,653792.000000,75549924.000000, , , ,0.000000,-0.325195,0.325195
13031.000000,653799.000000,75549924.000000,0.000000,-0.002900,-0.942500, , , 
13032.000000,653893.000000,75549924.000000, , , ,0.000000,0.325195,0.000000
13033.000000,653900.000000,75549924.000000,0.005800,-0.008700,-0.988900, , , 
13034.000000,653994.000000,75549924.000000, , , ,0.000000,0.000000,0.650391
13035.000000,653999.000000,75549924.000000,-0.002900,-0.011600,-1.009200, , , 
13036.000000,654095.000000,75549924.000000, , , ,-0.975586,0.000000,0.650391
13037.000000,654100.000000,75549924.000000,0.005800,-0.031900,-1.017900, , , 
13038.000000,654196.000000,75549924.000000, , , ,-2.276367,0.000000,0.325195
13039.000000,654199.000000,75549924.000000,0.029000,-0.017400,-0.971500, , , 
13040.000000,654297.000000,75549924.000000, , , ,-0.325195,-1.300781,0.325195
13041.000000,654300.000000,75549924.000000,0.000000,0.049300,-0.925100, , , 
13042.000000,654398.000000,75549924.000000, , , ,0.975586,0.650391,0.000000
13043.000000,654399.000000,75549924.000000,0.005800,0.014500,-1.020800, , , 
13044.000000,654499.000000,75549924.000000, , , ,-0.650391,0.975586,0.325195
13045.000000,654500.000000,75549924.000000,-0.011600,-0.017400,-1.055600, , , 
13046.000000,654599.000000,75549924.000000,0.029000,-0.005800,-1.020800, , , 
13047.000000,654600.000000,75549924.000000, , , ,-1.951172,0.000000,0.650391
13048.000000,654700.000000,75549924.000000,0.005800,0.043500,-0.945400, , , 
13049.000000,654701.000000,75549924.000000, , , ,-1.300781,-0.650391,0.975586
13050.000000,654792.000000,75549924.000000, , , ,0.000000,-0.325195,0.975586
13051.000000,654799.000000,75549924.000000,0.008700,0.049300,-0.945400, , , 
13052.000000,654893.000000,75549924.000000, , , ,0.000000,0.650391,0.975586
13053.000000,654900.000000,75549924.000000,0.020300,0.055100,-0.957000, , , 
13054.000000,654994.000000,75549924.000000, , , ,0.000000,0.000000,0.975586
13055.000000,654999.000000,75549924.000000,0.000000,0.043500,-0.991800, , , 
13056.000000,655095.000000,75549924.000000, , , ,0.325195,0.325195,0.975586
13057.000000,655100.000000,75549924.000000,0.000000,0.040600,-0.997600, , , 
13058.000000,655196.000000,75549924.000000, , , ,0.000000,-0.325195,1.300781
13059.000000,655199.000000,75549924.000000,0.031900,0.043500,-0.991800, , , 
13060.000000,655297.000000,75549924.000000, , , ,-0.975586,0.000000,1.300781
13061.000000,655300.000000,75549924.000000,0.005800,0.029000,-1.017900, , , 
13062.000000,655398.000000,75549924.000000, , , ,-1.625977,0.325195,0.975586
13063.000000,655401.000000,75549924.000000,0.002900,0.020300,-1.032400, , , 
13064.000000,655498.000000,75549924.000000, , , ,-0.975586,0.000000,0.650391
13065.000000,655499.000000,75549924.000000,0.020300,0.040600,-0.994700, , , 
13066.000000,655599.000000,75549924.000000, , , ,-0.325195,0.000000,0.325195
13067.000000,655600.000000,75549924.000000,-0.014500,0.020300,-0.974400, , , 
13068.000000,655699.000000,75549924.000000,0.011600,0.005800,-1.015000, , , 
13069.000000,655700.000000,75549924.000000, , , ,-0.975586,0.650391,0.325195
13070.000000,655800.000000,75549924.000000,0.020300,0.020300,-0.965700, , , 
13071.000000,655801.000000,75549924.000000, , , ,-0.650391,-0.325195,0.650391
13072.000000,655892.000000,75549924.000000, , , ,0.000000,-0.975586,0.325195
13073.000000,655899.000000,75549924.000000,0.002900,0.026100,-0.930900, , , 
13074.000000,655993.000000,75549924.000000, , , ,0.325195,0.000000,0.325195
13075.000000,656000.000000,75549924.000000,-0.008700,-0.005800,-0.968600, , , 
13076.000000,656094.000000,75549924.000000, , , ,-1.300781,0.000000,0.325195
13077.000000,656099.000000,75549924.000000,-0.017400,-0.011600,-1.032400, , , 
13078.000000,656195.000000,75549924.000000, , , ,-1.300781,-0.650391,0.325195
13079.000000,656200.000000,75549924.000000,0.029000,-0.002900,-0.997600, , , 
13080.000000,656296.000000,75549924.000000, , , ,-0.975586,-0.325195,0.650391
13081.000000,656299.000000,75549924.000000,0.002900,0.014500,-0.954100, , , 
13082.000000,656397.000000,75549924.000000, , , ,-0.325195,-0.325195,0.975586
13083.000000,656400.000000,75549924.000000,0.002900,0.020300,-0.933800, , , 
13084.000000,656498.000000,75549924.000000, , , ,-0.650391,0.325195,0.000000
13085.000000,656499.000000,75549924.000000,-0.005800,0.005800,-0.980200, , , 
13086.000000,656599.000000,75549924.000000, , , ,-0.975586,0.000000,0.325195
13087.000000,656600.000000,75549924.000000,0.008700,0.005800,-1.046900, , , 
13088.000000,656699.000000,75549924.000000,0.017400,0.023200,-0.991800, , , 
13089.000000,656700.000000,75549924.000000, , , ,-0.325195,-0.325195,0.325195
13090.000000,656800.000000,75549924.000000,0.011600,0.000000,-0.930900, , , 
13091.000000,656801.000000,75549924.000000, , , ,0.000000,-0.650391,0.325195
13092.000000,656892.000000,75549924.000000, , , ,0.000000,-0.325195,0.000000
13093.000000,656899.000000,75549924.000000,-0.011600,-0.005800,-0.991800, , , 
13094.000000,656993.000000,75549924.000000, , , ,-1.300781,0.000000,0.325195
13095.000000,657000.000000,75549924.000000,-0.002900,-0.002900,-1.029500, , , 
13096.000000,657094.000000,75549924.000000, , , ,-1.625977,0.000000,0.975586
13097.000000,657099.000000,75549924.000000,0.026100,0.008700,-1.012100, , , 
13098.000000,657195.000000,75549924.000000, , , ,-0.650391,-0.650391,0.650391
13099.000000,657200.000000,75549924.000000,0.017400,0.040600,-0.959900, , , 
13100.000000,657296.000000,75549924.000000, , , ,0.000000,-0.325195,0.325195
13101.000000,657299.000000,75549924.000000,0.002900,0.031900,-0.936700, , , 
13102.000000,657397.000000,75549924.000000, , , ,0.000000,0.000000,0.650391
13103.000000,657400.000000,75549924.000000,-0.008700,-0.008700,-0.983100, , , 
13104.000000,657498.000000,75549924.000000, , , ,-0.650391,0.650391,0.650391
13105.000000,657499.000000,75549924.000000,-0.002900,0.000000,-1.038200, , , 
13106.000000,657599.000000,75549924.000000, , , ,-2.601563,0.000000,0.975586
13107.000000,657600.000000,75549924.000000,0.017400,0.008700,-1.026600, , , 
13108.000000,657699.000000,75549924.000000,0.005800,0.020300,-0.997600, , , 
13109.000000,657700.000000,75549924.000000, , , ,-1.625977,0.000000,0.650391
13110.000000,657800.000000,75549924.000000,0.000000,0.026100,-0.954100, , , 
13111.000000,657801.000000,75549924.000000, , , ,-1.625977,-0.650391,1.300781
13112.000000,657892.000000,75549924.000000, , , ,-1.625977,0.000000,0.325195
13113.000000,657899.000000,75549924.000000,0.005800,0.043500,-0.980200, , , 
13114.000000,657993.000000,75549924.000000, , , ,0.000000,0.000000,0.325195
13115.000000,658000.000000,75549924.000000,0.005800,0.066700,-0.962800, , , 
13116.000000,658094.000000,75549924.000000, , , ,0.000000,-0.325195,1.300781
13117.000000,658099.000000,75549924.000000,0.011600,0.031900,-0.951200, , , 
13118.000000,658195.000000,75549924.000000, , , ,-0.325195,-0.325195,0.975586
13119.000000,658200.000000,75549924.000000,-0.023200,0.043500,-0.968600, , , 
13120.000000,658296.000000,75549924.000000, , , ,-0.975586,0.650391,1.300781
13121.000000,658299.000000,75549924.000000,0.000000,0.034800,-1.046900, , , 
13122.000000,658397.000000,75549924.000000, , , ,-1.300781,0.000000,1.300781
13123.000000,658400.000000,75549924.000000,0.008700,0.046400,-1.058500, , , 
13124.000000,658498.000000,75549924.000000, , , ,-0.650391,0.000000,1.300781
13125.000000,658499.000000,75549924.000000,0.002900,0.084100,-1.006300, , , 
13126.000000,658599.000000,75549924.000000, , , ,0.000000,-1.625977,0.975586
13127.000000,658600.000000,75549924.000000,0.020300,0.078300,-0.910600, , , 
13128.000000,658699.000000,75549924.000000,-0.020300,0.043500,-0.945400, , , 
13129.000000,658700.000000,75549924.000000, , , ,-1.300781,0.000000,0.975586
13130.000000,658800.000000,75549924.000000,0.011600,0.063800,-1.041100, , , 
13131.000000,658801.000000,75549924.000000, , , ,-0.325195,0.975586,-0.325195
13132.000000,658892.000000,75549924.000000, , , ,-0.325195,0.000000,1.300781
13133.000000,658899.000000,75549924.000000,0.034800,0.066700,-0.957000, , , 
13134.000000,658993.000000,75549924.000000, , , ,0.000000,-0.325195,0.975586
13135.000000,659000.000000,75549924.000000,-0.011600,0.046400,-0.965700, , , 
13136.000000,659094.000000,75549924.000000, , , ,-0.650391,0.000000,0.975586
13137.000000,659099.000000,75549924.000000,0.017400,0.052200,-0.986000, , , 
13138.000000,659195.000000,75549924.000000, , , ,0.000000,0.000000,0.650391
13139.000000,659200.000000,75549924.000000,0.000000,0.052200,-0.986000, , , 
13140.000000,659296.000000,75549924.000000, , , ,-0.325195,0.000000,0.650391
13141.000000,659299.000000,75549924.000000,0.011600,0.034800,-1.009200, , , 
13142.000000,659397.000000,75549924.000000, , , ,-0.325195,-0.650391,0.650391
13143.000000,659400.000000,75549924.000000,0.005800,0.043500,-0.983100, , , 
13144.000000,659498.000000,75549924.000000, , , ,0.000000,0.000000,0.325195
13145.000000,659501.000000,75549924.000000,0.005800,0.046400,-0.977300, , , 
13146.000000,659598.000000,75549924.000000, , , ,-0.650391,0.000000,0.325195
13147.000000,659599.000000,75549924.000000,0.020300,0.040600,-0.980200, , , 
13148.000000,659699.000000,75549924.000000, , , ,0.000000,-0.650391,0.650391
13149.000000,659700.000000,75549924.000000,0.008700,0.046400,-0.957000, , , 
13150.000000,659799.000000,75549924.000000,0.002900,0.029000,-0.959900, , , 
13151.000000,659800.000000,75549924.000000, , , ,0.325195,-0.650391,0.325195
13152.000000,659900.000000,75549924.000000,-0.020300,0.005800,-1.029500, , , 
13153.000000,659901.000000,75549924.000000, , , ,-0.650391,0.000000,0.650391
13154.000000,659992.000000,75549924.000000, , , ,-0.975586,0.975586,0.975586
13155.000000,659999.000000,75549924.000000,0.000000,0.020300,-1.041100, , , 
13156.000000,660093.000000,75549924.000000, , , ,-1.300781,0.000000,0.650391
13157.000000,660100.000000,75549924.000000,0.020300,0.034800,-1.026600, , , 
13158.000000,660194.000000,75549924.000000, , , ,-0.325195,0.000000,0.650391
13159.000000,660199.000000,75549924.000000,0.008700,0.037700,-0.962800, , , 
13160.000000,660295.000000,75549924.000000, , , ,0.000000,0.000000,0.650391
13161.000000,660300.000000,75549924.000000,0.005800,0.052200,-0.968600, , , 
13162.000000,660396.000000,75549924.000000, , , ,0.325195,0.325195,0.975586
13163.000000,660399.000000,75549924.000000,0.000000,0.029000,-1.009200, , , 
13164.000000,660497.000000,75549924.000000, , , ,0.000000,0.000000,0.975586
13165.000000,660500.000000,75549924.000000,0.014500,0.008700,-0.977300, , , 
13166.000000,660598.000000,75549924.000000, , , ,-0.650391,-0.650391,0.650391
13167.000000,660599.000000,75549924.000000,0.011600,0.026100,-0.939600, , , 
13168.000000,660699.000000,75549924.000000, , , ,-0.975586,0.000000,0.650391
13169.000000,660700.000000,75549924.000000,0.002900,0.029000,-0.994700, , , 
13170.000000,660799.000000,75549924.000000,0.000000,0.040600,-1.035300, , , 
13171.000000,660800.000000,75549924.000000, , , ,-0.325195,0.000000,0.000000
13172.000000,660900.000000,75549924.000000,0.014500,0.029000,-0.983100, , , 
13173.000000,660901.000000,75549924.000000, , , ,0.000000,-0.325195,0.650391
13174.000000,660992.000000,75549924.000000, , , ,-0.325195,-0.325195,0.325195
13175.000000,660999.000000,75549924.000000,0.000000,0.011600,-0.974400, , , 
13176.000000,661093.000000,75549924.000000, , , ,-0.975586,0.000000,1.951172
13177.000000,661100.000000,75549924.000000,0.005800,0.031900,-0.971500, , , 
13178.000000,661194.000000,75549924.000000, , , ,-0.975586,0.000000,1.625977
13179.000000,661199.000000,75549924.000000,0.017400,0.040600,-0.986000, , , 
13180.000000,661295.000000,75549924.000000, , , ,-0.325195,-0.650391,0.325195
13181.000000,661300.000000,75549924.000000,0.008700,0.040600,-0.968600, , , 
13182.000000,661396.000000,75549924.000000, , , ,-0.650391,0.000000,0.650391
13183.000000,661399.000000,75549924.000000,0.008700,0.043500,-0.991800, , , 
13184.000000,661497.000000,75549924.000000, , , ,-0.325195,0.000000,0.325195
13185.000000,661500.000000,75549924.000000,0.011600,0.023200,-0.988900, , , 
13186.000000,661598.000000,75549924.000000, , , ,-0.650391,-0.325195,0.650391
13187.000000,661599.000000,75549924.000000,0.005800,0.023200,-0.997600, , , 
13188.000000,661699.000000,75549924.000000, , , ,-0.650391,0.000000,0.325195
13189.000000,661700.000000,75549924.000000,0.020300,0.014500,-1.000500, , , 
13190.000000,661799.000000,75549924.000000,0.002900,0.034800,-0.986000, , , 
13191.000000,661800.000000,75549924.000000, , , ,-0.975586,0.000000,0.325195
13192.000000,661900.000000,75549924.000000,0.014500,0.040600,-0.965700, , , 
13193.000000,661901.000000,75549924.000000, , , ,-0.650391,0.325195,0.325195
13194.000000,661992.000000,75549924.000000, , , ,-0.325195,-0.325195,0.325195
13195.000000,661999.000000,75549924.000000,0.000000,0.011600,-0.957000, , , 
13196.000000,662093.000000,75549924.000000, , , ,-0.325195,-1.300781,0.975586
13197.000000,662100.000000,75549924.000000,0.005800,0.011600,-0.968600, , , 
13198.000000,662194.000000,75549924.000000, , , ,0.000000,0.000000,0.325195
13199.000000,662199.000000,75549924.000000,0.014500,0.023200,-1.003400, , , 
13200.000000,662295.000000,75549924.000000, , , ,-0.325195,0.325195,0.650391
13201.000000,662300.000000,75549924.000000,0.000000,0.011600,-1.017900, , , 
13202.000000,662396.000000,75549924.000000, , , ,0.000000,-0.325195,0.325195
13203.000000,662400.000000,75549924.000000,0.029000,0.029000,-1.003400, , , 
13204.000000,662496.000000,75549924.000000, , , ,0.000000,0.000000,0.325195
13205.000000,662499.000000,75549924.000000,0.002900,0.011600,-0.983100, , , 
13206.000000,662597.000000,75549924.000000, , , ,-0.650391,0.325195,0.650391
13207.000000,662600.000000,75549924.000000,0.005800,0.000000,-1.009200, , , 
13208.000000,662698.000000,75549924.000000, , , ,-0.975586,-0.325195,0.650391
13209.000000,662699.000000,75549924.000000,0.020300,0.020300,-0.983100, , , 
13210.000000,662799.000000,75549924.000000, , , ,-1.300781,-0.650391,0.325195
13211.000000,662800.000000,75549924.000000,0.005800,0.020300,-0.936700, , , 
13212.000000,662899.000000,75549924.000000,-0.011600,0.046400,-0.994700, , , 
13213.000000,662900.000000,75549924.000000, , , ,-0.325195,0.325195,2.276367
13214.000000,663000.000000,75549924.000000,0.014500,0.037700,-1.055600, , , 
13215.000000,663001.000000,75549924.000000, , , ,0.000000,0.650391,0.650391
13216.000000,663092.000000,75549924.000000, , , ,-0.325195,0.000000,0.650391
13217.000000,663099.000000,75549924.000000,0.008700,0.005800,-1.020800, , , 
13218.000000,663193.000000,75549924.000000, , , ,-0.650391,-0.650391,0.325195
13219.000000,663200.000000,75549924.000000,0.014500,0.023200,-0.933800, , , 
13220.000000,663294.000000,75549924.000000, , , ,-0.650391,0.000000,0.650391
13221.000000,663299.000000,75549924.000000,0.000000,0.017400,-0.971500, , , 
13222.000000,663395.000000,75549924.000000, , , ,-0.325195,0.000000,0.000000
13223.000000,663400.000000,75549924.000000,0.008700,0.020300,-1.000500, , , 
13224.000000,663496.000000,75549924.000000, , , ,-0.325195,-0.650391,0.000000
13225.000000,663499.000000,75549924.000000,0.026100,0.026100,-0.974400, , , 
13226.000000,663597.000000,75549924.000000, , , ,-0.325195,-0.325195,0.650391
13227.000000,663600.000000,75549924.000000,0.000000,0.017400,-0.968600, , , 
13228.000000,663698.000000,75549924.000000, , , ,-0.975586,0.000000,0.650391
13229.000000,663699.000000,75549924.000000,0.011600,0.014500,-0.991800, , , 
13230.000000,663799.000000,75549924.000000, , , ,-0.650391,-0.325195,0.650391
13231.000000,663800.000000,75549924.000000,0.014500,0.031900,-0.974400, , , 
13232.000000,663899.000000,75549924.000000,0.017400,0.020300,-0.986000, , , 
13233.000000,663900.000000,75549924.000000, , , ,-0.650391,-0.325195,0.325195
13234.000000,664000.000000,75549924.000000,0.026100,0.055100,-0.959900, , , 
13235.000000,664001.000000,75549924.000000, , , ,0.325195,-0.650391,0.975586
13236.000000,664092.000000,75549924.000000, , , ,1.300781,0.325195,2.276367
13237.000000,664099.000000,75549924.000000,-0.017400,0.029000,-0.986000, , , 
13238.000000,664193.000000,75549924.000000, , , ,0.325195,0.325195,0.000000
13239.000000,664200.000000,75549924.000000,0.008700,-0.020300,-1.049800, , , 
13240.000000,664294.000000,75549924.000000, , , ,-0.650391,0.000000,0.650391
13241.000000,664299.000000,75549924.000000,0.023200,-0.002900,-1.023700, , , 
13242.000000,664395.000000,75549924.000000, , , ,-1.300781,0.000000,0.325195
13243.000000,664400.000000,75549924.000000,0.005800,0.017400,-0.986000, , , 
13244.000000,664496.000000,75549924.000000, , , ,0.000000,0.000000,0.325195
13245.000000,664499.000000,75549924.000000,0.014500,0.026100,-0.974400, , , 
13246.000000,664597.000000,75549924.000000, , , ,0.000000,0.000000,0.325195
13247.000000,664600.000000,75549924.000000,-0.002900,0.005800,-0.959900, , , 
13248.000000,664698.000000,75549924.000000, , , ,-0.325195,0.325195,0.325195
13249.000000,664699.000000,75549924.000000,0.000000,-0.005800,-1.006300, , , 
13250.000000,664799.000000,75549924.000000, , , ,0.000000,-0.325195,0.325195
13251.000000,664800.000000,75549924.000000,0.031900,0.000000,-0.988900, , , 
13252.000000,664899.000000,75549924.000000,0.017400,-0.005800,-0.919300, , , 
13253.000000,664900.000000,75549924.000000, , , ,-0.975586,-1.300781,0.000000
13254.000000,665000.000000,75549924.000000,-0.014500,0.000000,-0.991800, , , 
13255.000000,665001.000000,75549924.000000, , , ,-0.650391,0.000000,0.000000
13256.000000,665092.000000,75549924.000000, , , ,-0.325195,0.650391,0.000000
13257.000000,665099.000000,75549924.000000,0.002900,-0.023200,-1.081700, , , 
13258.000000,665193.000000,75549924.000000, , , ,-2.276367,0.325195,0.325195
13259.000000,665200.000000,75549924.000000,0.002900,-0.031900,-1.081700, , , 
13260.000000,665294.000000,75549924.000000, , , ,-1.625977,0.000000,0.000000
13261.000000,665299.000000,75549924.000000,0.034800,-0.008700,-1.012100, , , 
13262.000000,665395.000000,75549924.000000, , , ,-1.300781,-1.300781,0.000000
13263.000000,665400.000000,75549924.000000,0.017400,0.014500,-0.910600, , , 
13264.000000,665496.000000,75549924.000000, , , ,-0.975586,0.000000,0.000000
13265.000000,665499.000000,75549924.000000,-0.002900,0.023200,-0.933800, , , 
13266.000000,665597.000000,75549924.000000, , , ,-0.325195,0.650391,0.000000
13267.000000,665600.000000,75549924.000000,0.000000,0.000000,-1.017900, , , 
13268.000000,665698.000000,75549924.000000, , , ,-0.975586,0.325195,0.000000
13269.000000,665699.000000,75549924.000000,0.017400,-0.017400,-1.020800, , , 
13270.000000,665799.000000,75549924.000000, , , ,-0.650391,0.000000,-0.650391
13271.000000,665800.000000,75549924.000000,0.011600,-0.008700,-0.994700, , , 
13272.000000,665899.000000,75549924.000000,0.008700,-0.005800,-0.986000, , , 
13273.000000,665900.000000,75549924.000000, , , ,-1.300781,0.000000,0.000000
13274.000000,666000.000000,75549924.000000,0.008700,0.011600,-0.974400, , , 
13275.000000,666001.000000,75549924.000000, , , ,-1.300781,0.000000,0.000000
13276.000000,666092.000000,75549924.000000, , , ,-0.975586,0.000000,0.325195
13277.000000,666099.000000,75549924.000000,0.026100,0.002900,-0.983100, , , 
13278.000000,666193.000000,75549924.000000, , , ,-1.300781,-0.650391,0.000000
13279.000000,666200.000000,75549924.000000,0.005800,0.011600,-0.962800, , , 
13280.000000,666294.000000,75549924.000000, , , ,-0.975586,0.000000,0.000000
13281.000000,666299.000000,75549924.000000,0.014500,0.023200,-0.994700, , , 
13282.000000,666395.000000,75549924.000000, , , ,-1.300781,0.000000,0.650391
13283.000000,666400.000000,75549924.000000,0.002900,0.020300,-1.000500, , , 
13284.000000,666496.000000,75549924.000000, , , ,-0.975586,-0.650391,0.650391
13285.000000,666499.000000,75549924.000000,0.031900,0.026100,-0.980200, , , 
13286.000000,666597.000000,75549924.000000, , , ,-0.650391,0.000000,0.325195
13287.000000,666600.000000,75549924.000000,0.014500,0.029000,-0.971500, , , 
13288.000000,666698.000000,75549924.000000, , , ,-0.975586,-0.325195,0.000000
13289.000000,666699.000000,75549924.000000,0.005800,0.002900,-0.954100, , , 
13290.000000,666799.000000,75549924.000000, , , ,-0.975586,0.000000,0.325195
13291.000000,666800.000000,75549924.000000,-0.005800,0.023200,-0.983100, , , 
13292.000000,666899.000000,75549924.000000,0.037700,0.020300,-0.983100, , , 
13293.000000,666900.000000,75549924.000000, , , ,0.000000,0.000000,0.000000
13294.000000,667000.000000,75549924.000000,0.011600,0.002900,-0.942500, , , 
13295.000000,667001.000000,75549924.000000, , , ,0.000000,-0.975586,0.000000
13296.000000,667092.000000,75549924.000000, , , ,0.000000,-0.325195,0.000000
13297.000000,667099.000000,75549924.000000,-0.011600,0.000000,-0.977300, , , 
13298.000000,667193.000000,75549924.000000, , , ,0.000000,0.000000,0.000000
13299.000000,667200.000000,75549924.000000,0.002900,-0.017400,-1.032400, , , 
13300.000000,667294.000000,75549924.000000, , , ,-0.650391,0.000000,0.000000
13301.000000,667299.000000,75549924.000000,0.011600,-0.026100,-1.023700, , , 
13302.000000,667395.000000,75549924.000000, , , ,-0.975586,-0.325195,0.000000
13303.000000,667400.000000,75549924.000000,0.017400,-0.002900,-0.959900, , , 
13304.000000,667496.000000,75549924.000000, , , ,-0.650391,-0.650391,0.000000
13305.000000,667501.000000,75549924.000000,0.008700,-0.014500,-0.945400, , , 
13306.000000,667596.000000,75549924.000000, , , ,-0.650391,0.000000,0.000000
13307.000000,667599.000000,75549924.000000,0.000000,-0.014500,-0.974400, , , 
13308.000000,667697.000000,75549924.000000, , , ,0.000000,0.000000,-0.325195
13309.000000,667700.000000,75549924.000000,0.034800,-0.002900,-0.994700, , , 
13310.000000,667798.000000,75549924.000000, , , ,0.000000,-0.975586,-0.650391
13311.000000,667799.000000,75549924.000000,0.002900,-0.011600,-0.959900, , , 
13312.000000,667899.000000,75549924.000000, , , ,0.000000,0.325195,0.325195
13313.000000,667900.000000,75549924.000000,0.017400,-0.017400,-0.980200, , , 
13314.000000,667999.000000,75549924.000000,0.008700,-0.037700,-1.015000, , , 
13315.000000,668000.000000,75549924.000000, , , ,0.000000,0.000000,0.000000
13316.000000,668100.000000,75549924.000000,0.002900,0.000000,-0.983100, , , 
13317.000000,668101.000000,75549924.000000, , , ,0.000000,0.000000,-0.325195
13318.000000,668192.000000,75549924.000000, , , ,0.000000,0.000000,0.000000
13319.000000,668199.000000,75549924.000000,0.014500,-0.005800,-0.980200, , , 
13320.000000,668293.000000,75549924.000000, , , ,-0.325195,0.000000,0.000000
13321.000000,668300.000000,75549924.000000,0.000000,-0.017400,-0.974400, , , 
13322.000000,668394.000000,75549924.000000, , , ,-0.325195,0.000000,0.650391
13323.000000,668399.000000,75549924.000000,0.000000,-0.008700,-0.991800, , , 
13324.000000,668495.000000,75549924.000000, , , ,-0.325195,-0.325195,0.650391
13325.000000,668500.000000,75549924.000000,0.029000,0.000000,-0.977300, , , 
13326.000000,668596.000000,75549924.000000, , , ,0.000000,-0.650391,0.325195
13327.000000,668599.000000,75549924.000000,-0.002900,0.023200,-0.971500, , , 
13328.000000,668697.000000,75549924.000000, , , ,0.650391,0.000000,0.000000
13329.000000,668700.000000,75549924.000000,0.005800,0.000000,-0.997600, , , 
13330.000000,668798.000000,75549924.000000, , , ,0.000000,0.000000,0.000000
13331.000000,668799.000000,75549924.000000,0.005800,-0.023200,-1.003400, , , 
13332.000000,668899.000000,75549924.000000, , , ,-0.325195,0.000000,0.000000
13333.000000,668900.000000,75549924.000000,0.008700,-0.020300,-1.000500, , , 
13334.000000,668999.000000,75549924.000000,0.023200,-0.008700,-0.971500, , , 
13335.000000,669000.000000,75549924.000000, , , ,0.000000,0.000000,0.000000
13336.000000,669100.000000,75549924.000000,0.000000,-0.005800,-0.951200, , , 
13337.000000,669101.000000,75549924.000000, , , ,0.000000,-0.325195,0.000000
13338.000000,669192.000000,75549924.000000, , , ,0.000000,0.650391,0.000000
13339.000000,669199.000000,75549924.000000,0.000000,-0.017400,-0.994700, , , 
13340.000000,669293.000000,75549924.000000, , , ,-0.650391,-0.650391,0.325195
13341.000000,669300.000000,75549924.000000,0.020300,-0.002900,-0.936700, , , 
13342.000000,669394.000000,75549924.000000, , , ,0.000000,0.000000,0.000000
13343.000000,669399.000000,75549924.000000,-0.020300,-0.011600,-0.986000, , , 
13344.000000,669495.000000,75549924.000000, , , ,-0.975586,0.325195,0.000000
13345.000000,669500.000000,75549924.000000,0.000000,-0.011600,-1.041100, , , 
13346.000000,669596.000000,75549924.000000, , , ,0.000000,-0.325195,-0.325195
13347.000000,669599.000000,75549924.000000,0.020300,-0.017400,-1.003400, , , 
13348.000000,669697.000000,75549924.000000, , , ,0.650391,0.000000,-0.650391
13349.000000,669700.000000,75549924.000000,-0.002900,-0.026100,-0.994700, , , 
13350.000000,669798.000000,75549924.000000, , , ,-0.650391,0.325195,0.000000
13351.000000,669799.000000,75549924.000000,0.014500,-0.058000,-1.000500, , , 
13352.000000,669899.000000,75549924.000000, , , ,-1.300781,0.000000,0.000000
13353.000000,669900.000000,75549924.000000,-0.008700,-0.040600,-0.980200, , , 
13354.000000,669999.000000,75549924.000000,0.002900,-0.029000,-0.997600, , , 
13355.000000,670000.000000,75549924.000000, , , ,-0.650391,0.000000,0.000000
13356.000000,670100.000000,75549924.000000,0.011600,-0.034800,-0.983100, , , 
13357.000000,670101.000000,75549924.000000, , , ,-0.325195,-0.325195,-0.325195
13358.000000,670192.000000,75549924.000000, , , ,-0.650391,-0.975586,-0.325195
13359.000000,670199.000000,75549924.000000,0.008700,-0.023200,-0.951200, , , 
13360.000000,670293.000000,75549924.000000, , , ,-0.325195,0.000000,0.000000
13361.000000,670300.000000,75549924.000000,-0.011600,-0.023200,-0.957000, , , 
13362.000000,670394.000000,75549924.000000, , , ,-0.650391,0.000000,0.000000
13363.000000,670399.000000,75549924.000000,0.017400,-0.049300,-0.986000, , , 
13364.000000,670495.000000,75549924.000000, , , ,-0.325195,-0.650391,0.000000
13365.000000,670500.000000,75549924.000000,0.000000,-0.040600,-0.968600, , , 
13366.000000,670596.000000,75549924.000000, , , ,-0.650391,-0.325195,-0.650391
13367.000000,670599.000000,75549924.000000,0.020300,-0.005800,-0.954100, , , 
13368.000000,670697.000000,75549924.000000, , , ,-0.325195,-0.325195,0.000000
13369.000000,670700.000000,75549924.000000,0.000000,-0.026100,-0.971500, , , 
13370.000000,670798.000000,75549924.000000, , , ,-0.650391,0.000000,0.000000
13371.000000,670799.000000,75549924.000000,0.011600,-0.023200,-0.988900, , , 
13372.000000,670899.000000,75549924.000000, , , ,0.000000,-0.325195,-0.325195
13373.000000,670900.000000,75549924.000000,0.000000,-0.031900,-1.000500, , , 
13374.000000,670999.000000,75549924.000000,0.026100,-0.060900,-1.026600, , , 
13375.000000,671000.000000,75549924.000000, , , ,-0.650391,0.000000,-0.325195
13376.000000,671100.000000,75549924.000000,0.008700,-0.011600,-1.012100, , , 
13377.000000,671101.000000,75549924.000000, , , ,0.000000,0.000000,-0.650391
13378.000000,671192.000000,75549924.000000, , , ,-0.650391,0.000000,-0.650391
13379.000000,671199.000000,75549924.000000,0.002900,-0.078300,-0.991800, , , 
13380.000000,671293.000000,75549924.000000, , , ,-1.951172,0.000000,0.000000
13381.000000,671300.000000,75549924.000000,0.005800,-0.034800,-0.986000, , , 
13382.000000,671394.000000,75549924.000000, , , ,-0.325195,-0.325195,-0.325195
13383.000000,671399.000000,75549924.000000,0.026100,-0.029000,-0.974400, , , 
13384.000000,671495.000000,75549924.000000, , , ,-0.325195,-0.975586,-0.650391
13385.000000,671500.000000,75549924.000000,-0.005800,-0.052200,-0.980200, , , 
13386.000000,671596.000000,75549924.000000, , , ,-0.975586,0.000000,-0.325195
13387.000000,671599.000000,75549924.000000,0.037700,-0.058000,-1.000500, , , 
13388.000000,671697.000000,75549924.000000, , , ,-0.325195,-1.300781,-0.650391
13389.000000,671700.000000,75549924.000000,0.017400,-0.043500,-0.916400, , , 
13390.000000,671798.000000,75549924.000000, , , ,0.000000,0.000000,0.000000
13391.000000,671799.000000,75549924.000000,-0.029000,-0.055100,-1.003400, , , 
13392.000000,671899.000000,75549924.000000, , , ,-0.325195,1.625977,-0.650391
13393.000000,671900.000000,75549924.000000,0.000000,-0.075400,-1.087500, , , 
13394.000000,671999.000000,75549924.000000,0.031900,-0.066700,-1.006300, , , 
13395.000000,672000.000000,75549924.000000, , , ,-1.300781,0.000000,-0.650391
13396.000000,672100.000000,75549924.000000,0.002900,-0.063800,-0.916400, , , 
13397.000000,672101.000000,75549924.000000, , , ,-1.300781,-1.300781,-0.325195
13398.000000,672192.000000,75549924.000000, , , ,-1.300781,-0.650391,-0.325195
13399.000000,672199.000000,75549924.000000,0.008700,-0.046400,-0.942500, , , 
13400.000000,672293.000000,75549924.000000, , , ,-0.650391,-0.325195,0.000000
13401.000000,672300.000000,75549924.000000,0.002900,-0.023200,-0.936700, , , 
13402.000000,672394.000000,75549924.000000, , , ,0.000000,0.000000,0.000000
13403.000000,672399.000000,75549924.000000,0.026100,-0.008700,-0.965700, , , 
13404.000000,672495.000000,75549924.000000, , , ,0.000000,-0.325195,0.000000
13405.000000,672500.000000,75549924.000000,0.002900,-0.026100,-0.977300, , , 
13406.000000,672596.000000,75549924.000000, , , ,-0.650391,0.000000,0.000000
13407.000000,672599.000000,75549924.000000,0.005800,-0.017400,-1.012100, , , 
13408.000000,672697.000000,75549924.000000, , , ,-1.300781,0.325195,0.325195
13409.000000,672700.000000,75549924.000000,0.002900,-0.014500,-1.064300, , , 
13410.000000,672798.000000,75549924.000000, , , ,-0.975586,-0.325195,0.325195
13411.000000,672799.000000,75549924.000000,0.011600,0.000000,-0.994700, , , 
13412.000000,672899.000000,75549924.000000, , , ,0.000000,-0.975586,0.000000
13413.000000,672900.000000,75549924.000000,0.011600,-0.005800,-0.936700, , , 
13414.000000,672999.000000,75549924.000000,-0.008700,-0.008700,-0.942500, , , 
13415.000000,673000.000000,75549924.000000, , , ,0.000000,-0.325195,0.000000
13416.000000,673100.000000,75549924.000000,-0.008700,-0.034800,-0.986000, , , 
13417.000000,673101.000000,75549924.000000, , , ,0.000000,-0.325195,0.000000
13418.000000,673192.000000,75549924.000000, , , ,-0.975586,0.325195,0.000000
13419.000000,673199.000000,75549924.000000,0.017400,-0.037700,-1.006300, , , 
13420.000000,673293.000000,75549924.000000, , , ,-1.951172,-0.325195,0.000000
13421.000000,673300.000000,75549924.000000,0.000000,-0.023200,-1.012100, , , 
13422.000000,673394.000000,75549924.000000, , , ,-0.975586,0.000000,0.000000
13423.000000,673399.000000,75549924.000000,0.005800,-0.002900,-0.971500, , , 
13424.000000,673495.000000,75549924.000000, , , ,-0.650391,-0.325195,0.000000
13425.000000,673500.000000,75549924.000000,0.008700,-0.017400,-0.962800, , , 
13426.000000,673596.000000,75549924.000000, , , ,-0.650391,0.000000,-0.325195
13427.000000,673599.000000,75549924.000000,-0.008700,-0.031900,-0.991800, , , 
13428.000000,673697.000000,75549924.000000, , , ,-1.300781,0.325195,0.000000
13429.000000,673700.000000,75549924.000000,0.005800,-0.043500,-0.997600, , , 
13430.000000,673798.000000,75549924.000000, , , ,-1.300781,-0.975586,0.000000
13431.000000,673799.000000,75549924.000000,0.034800,0.011600,-0.930900, , , 
13432.000000,673899.000000,75549924.000000, , , ,-0.975586,-0.325195,-0.325195
13433.000000,673900.000000,75549924.000000,-0.029000,-0.014500,-0.994700, , , 
13434.000000,673999.000000,75549924.000000,0.063800,-0.023200,-0.954100, , , 
13435.000000,674000.000000,75549924.000000, , , ,-0.650391,0.650391,0.000000
13436.000000,674100.000000,75549924.000000,-0.034800,0.002900,-0.962800, , , 
13437.000000,674101.000000,75549924.000000, , , ,-0.650391,-0.650391,0.000000
13438.000000,674192.000000,75549924.000000, , , ,-0.650391,0.650391,0.650391
13439.000000,674199.000000,75549924.000000,-0.008700,-0.011600,-1.015000, , , 
13440.000000,674293.000000,75549924.000000, , , ,-0.650391,-0.325195,0.000000
13441.000000,674300.000000,75549924.000000,-0.005800,0.000000,-1.006300, , , 
13442.000000,674394.000000,75549924.000000, , , ,-1.300781,-0.975586,0.000000
13443.000000,674399.000000,75549924.000000,0.000000,0.017400,-0.980200, , , 
13444.000000,674495.000000,75549924.000000, , , ,-0.650391,0.975586,-0.975586
13445.000000,674500.000000,75549924.000000,0.005800,0.031900,-1.023700, , , 
13446.000000,674596.000000,75549924.000000, , , ,0.000000,-0.325195,0.650391
13447.000000,674599.000000,75549924.000000,0.040600,0.020300,-0.930900, , , 
13448.000000,674697.000000,75549924.000000, , , ,0.000000,-0.325195,0.000000
13449.000000,674700.000000,75549924.000000,-0.020300,0.008700,-0.959900, , , 
13450.000000,674798.000000,75549924.000000, , , ,-0.325195,-0.975586,0.325195
13451.000000,674799.000000,75549924.000000,0.026100,-0.011600,-0.997600, , , 
13452.000000,674899.000000,75549924.000000, , , ,-0.325195,0.000000,0.650391
13453.000000,674900.000000,75549924.000000,0.000000,-0.029000,-0.916400, , , 
13454.000000,674999.000000,75549924.000000,-0.005800,-0.002900,-1.006300, , , 
13455.000000,675000.000000,75549924.000000, , , ,-0.650391,0.650391,0.000000
13456.000000,675100.000000,75549924.000000,0.043500,0.020300,-0.942500, , , 
13457.000000,675101.000000,75549924.000000, , , ,-0.325195,0.000000,0.000000
13458.000000,675192.000000,75549924.000000, , , ,0.000000,-2.276367,-0.325195
13459.000000,675199.000000,75549924.000000,-0.002900,0.017400,-0.916400, , , 
13460.000000,675293.000000,75549924.000000, , , ,-0.650391,0.650391,0.325195
13461.000000,675300.000000,75549924.000000,-0.034800,-0.063800,-1.041100, , , 
13462.000000,675394.000000,75549924.000000, , , ,-0.975586,0.975586,-0.325195
13463.000000,675401.000000,75549924.000000,0.026100,0.014500,-1.055600, , , 
13464.000000,675494.000000,75549924.000000, , , ,0.000000,-1.300781,-0.975586
13465.000000,675499.000000,75549924.000000,0.040600,0.011600,-0.951200, , , 
13466.000000,675595.000000,75549924.000000, , , ,0.325195,-1.951172,0.000000
13467.000000,675600.000000,75549924.000000,0.000000,0.002900,-0.870000, , , 
13468.000000,675696.000000,75549924.000000, , , ,0.325195,0.325195,0.000000
13469.000000,675699.000000,75549924.000000,-0.029000,0.000000,-0.983100, , , 
13470.000000,675797.000000,75549924.000000, , , ,0.325195,1.300781,0.000000
13471.000000,675800.000000,75549924.000000,0.002900,0.020300,-1.055600, , , 
13472.000000,675898.000000,75549924.000000, , , ,0.325195,0.650391,0.000000
13473.000000,675899.000000,75549924.000000,0.034800,-0.002900,-1.058500, , , 
13474.000000,675999.000000,75549924.000000, , , ,0.000000,0.000000,0.325195
13475.000000,676000.000000,75549924.000000,-0.002900,-0.014500,-1.029500, , , 
13476.000000,676099.000000,75549924.000000,0.008700,-0.040600,-1.026600, , , 
13477.000000,676100.000000,75549924.000000, , , ,-0.975586,0.000000,0.000000
13478.000000,676200.000000,75549924.000000,0.029000,-0.026100,-0.965700, , , 
13479.000000,676201.000000,75549924.000000, , , ,-1.951172,-0.975586,0.000000
13480.000000,676292.000000,75549924.000000, , , ,-1.625977,-1.300781,0.000000
13481.000000,676299.000000,75549924.000000,0.005800,-0.005800,-0.916400, , , 
13482.000000,676393.000000,75549924.000000, , , ,-0.650391,0.000000,-0.325195
13483.000000,676400.000000,75549924.000000,-0.008700,-0.014500,-0.971500, , , 
13484.000000,676494.000000,75549924.000000, , , ,-0.650391,0.000000,-0.650391
13485.000000,676499.000000,75549924.000000,0.017400,-0.029000,-0.994700, , , 
13486.000000,676595.000000,75549924.000000, , , ,0.000000,0.000000,-0.325195
13487.000000,676600.000000,75549924.000000,-0.002900,-0.017400,-1.009200, , , 
13488.000000,676696.000000,75549924.000000, , , ,0.000000,-0.325195,0.000000
13489.000000,676699.000000,75549924.000000,0.020300,-0.026100,-0.962800, , , 
13490.000000,676797.000000,75549924.000000, , , ,0.000000,-0.325195,-0.975586
13491.000000,676800.000000,75549924.000000,-0.020300,-0.014500,-0.968600, , , 
13492.000000,676898.000000,75549924.000000, , , ,0.000000,0.000000,0.000000
13493.000000,676899.000000,75549924.000000,0.020300,0.000000,-1.006300, , , 
13494.000000,676999.000000,75549924.000000, , , ,0.975586,-1.300781,0.000000
13495.000000,677000.000000,75549924.000000,0.017400,0.005800,-0.930900, , , 
13496.000000,677099.000000,75549924.000000,-0.020300,-0.058000,-0.965700, , , 
13497.000000,677100.000000,75549924.000000, , , ,0.000000,-0.325195,0.000000
13498.000000,677200.000000,75549924.000000,0.000000,-0.049300,-1.006300, , , 
13499.000000,677201.000000,75549924.000000, , , ,-1.951172,0.975586,0.325195
13500.000000,677292.000000,75549924.000000, , , ,-0.650391,-0.650391,-0.325195
13501.000000,677299.000000,75549924.000000,0.026100,-0.023200,-0.954100, , , 
13502.000000,677393.000000,75549924.000000, , , ,0.000000,-1.300781,-0.975586
13503.000000,677400.000000,75549924.000000,0.002900,-0.026100,-0.916400, , , 
13504.000000,677494.000000,75549924.000000, , , ,0.000000,0.000000,-0.975586
13505.000000,677499.000000,75549924.000000,-0.017400,-0.055100,-0.962800, , , 
13506.000000,677595.000000,75549924.000000, , , ,-0.325195,0.650391,-0.325195
13507.000000,677600.000000,75549924.000000,0.000000,-0.069600,-0.991800, , , 
13508.000000,677696.000000,75549924.000000, , , ,-0.325195,-0.325195,0.325195
13509.000000,677699.000000,75549924.000000,-0.002900,-0.052200,-0.988900, , , 
13510.000000,677797.000000,75549924.000000, , , ,-0.325195,0.000000,-0.325195
13511.000000,677800.000000,75549924.000000,0.000000,-0.046400,-1.003400, , , 
13512.000000,677898.000000,75549924.000000, , , ,-0.650391,0.000000,-0.650391
13513.000000,677899.000000,75549924.000000,0.000000,-0.040600,-0.971500, , , 
13514.000000,677999.000000,75549924.000000, , , ,-0.650391,-0.975586,-0.325195
13515.000000,678000.000000,75549924.000000,-0.005800,-0.029000,-0.948300, , , 
13516.000000,678099.000000,75549924.000000,0.002900,-0.037700,-0.959900, , , 
13517.000000,678100.000000,75549924.000000, , , ,-1.300781,-0.325195,0.000000
13518.000000,678200.000000,75549924.000000,0.000000,-0.026100,-0.939600, , , 
13519.000000,678201.000000,75549924.000000, , , ,-1.300781,0.000000,0.000000
13520.000000,678292.000000,75549924.000000, , , ,-0.650391,-0.975586,0.975586
13521.000000,678299.000000,75549924.000000,0.008700,0.000000,-0.942500, , , 
13522.000000,678393.000000,75549924.000000, , , ,-0.975586,0.000000,-0.650391
13523.000000,678400.000000,75549924.000000,-0.005800,-0.029000,-0.965700, , , 
13524.000000,678494.000000,75549924.000000, , , ,-1.625977,0.000000,-0.325195
13525.000000,678499.000000,75549924.000000,-0.017400,-0.023200,-1.023700, , , 
13526.000000,678595.000000,75549924.000000, , , ,-1.625977,0.000000,0.000000
13527.000000,678600.000000,75549924.000000,0.008700,-0.020300,-1.015000, , , 
13528.000000,678696.000000,75549924.000000, , , ,-0.650391,-0.650391,-0.325195
13529.000000,678699.000000,75549924.000000,-0.005800,-0.008700,-0.942500, , , 
13530.000000,678797.000000,75549924.000000, , , ,0.000000,-0.325195,-0.325195
13531.000000,678800.000000,75549924.000000,-0.011600,-0.014500,-0.968600, , , 
13532.000000,678898.000000,75549924.000000, , , ,-0.650391,0.650391,0.325195
13533.000000,678899.000000,75549924.000000,-0.020300,-0.026100,-1.003400, , , 
13534.000000,678999.000000,75549924.000000, , , ,-0.325195,-0.325195,-0.325195
13535.000000,679000.000000,75549924.000000,0.014500,-0.008700,-0.983100, , , 
13536.000000,679099.000000,75549924.000000,-0.002900,-0.008700,-0.954100, , , 
13537.000000,679100.000000,75549924.000000, , , ,0.000000,-0.325195,0.000000
13538.000000,679200.000000,75549924.000000,-0.014500,-0.034800,-0.974400, , , 
13539.000000,679201.000000,75549924.000000, , , ,0.000000,0.000000,-0.325195
13540.000000,679292.000000,75549924.000000, , , ,-0.975586,0.000000,-0.325195
13541.000000,679299.000000,75549924.000000,-0.008700,-0.037700,-0.994700, , , 
13542.000000,679393.000000,75549924.000000, , , ,-0.650391,0.000000,-0.325195
13543.000000,679400.000000,75549924.000000,0.011600,-0.029000,-0.986000, , , 
13544.000000,679494.000000,75549924.000000, , , ,-0.975586,-0.325195,0.000000
13545.000000,679499.000000,75549924.000000,-0.014500,-0.008700,-0.968600, , , 
13546.000000,679595.000000,75549924.000000, , , ,-0.975586,-0.325195,0.000000
13547.000000,679600.000000,75549924.000000,0.002900,-0.017400,-0.968600, , , 
13548.000000,679696.000000,75549924.000000, , , ,-0.325195,0.000000,0.000000
13549.000000,679699.000000,75549924.000000,-0.023200,-0.026100,-0.977300, , , 
13550.000000,679797.000000,75549924.000000, , , ,-0.325195,-0.325195,0.000000
13551.000000,679800.000000,75549924.000000,0.000000,-0.011600,-0.959900, , , 
13552.000000,679898.000000,75549924.000000, , , ,-0.325195,-0.325195,-0.325195
13553.000000,679899.000000,75549924.000000,-0.002900,-0.011600,-0.968600, , , 
13554.000000,679999.000000,75549924.000000, , , ,-0.325195,-0.325195,0.000000
13555.000000,680000.000000,75549924.000000,-0.014500,-0.020300,-0.991800, , , 
13556.000000,680099.000000,75549924.000000,-0.014500,-0.031900,-0.991800, , , 
13557.000000,680100.000000,75549924.000000, , , ,-1.300781,0.000000,0.000000
13558.000000,680200.000000,75549924.000000,0.020300,-0.002900,-0.965700, , , 
13559.000000,680201.000000,75549924.000000, , , ,-1.625977,-0.650391,0.325195
13560.000000,680292.000000,75549924.000000, , , ,-0.650391,-0.325195,0.650391
13561.000000,680299.000000,75549924.000000,-0.029000,0.017400,-0.945400, , , 
13562.000000,680393.000000,75549924.000000, , , ,0.000000,0.000000,0.000000
13563.000000,680400.000000,75549924.000000,-0.017400,-0.011600,-0.986000, , , 
13564.000000,680494.000000,75549924.000000, , , ,0.000000,0.650391,0.000000
13565.000000,680499.000000,75549924.000000,0.005800,-0.034800,-1.020800, , , 
13566.000000,680595.000000,75549924.000000, , , ,-0.650391,0.325195,-0.325195
13567.000000,680600.000000,75549924.000000,-0.002900,-0.037700,-1.003400, , , 
13568.000000,680696.000000,75549924.000000, , , ,-0.325195,0.000000,-0.325195
13569.000000,680699.000000,75549924.000000,-0.002900,-0.014500,-0.962800, , , 
13570.000000,680797.000000,75549924.000000, , , ,-0.325195,-0.325195,0.000000
13571.000000,680800.000000,75549924.000000,-0.008700,-0.034800,-0.965700, , , 
13572.000000,680898.000000,75549924.000000, , , ,-0.975586,0.325195,0.000000
13573.000000,680899.000000,75549924.000000,-0.026100,-0.034800,-0.994700, , , 
13574.000000,680999.000000,75549924.000000, , , ,-0.975586,-0.325195,0.000000
13575.000000,681000.000000,75549924.000000,0.000000,-0.008700,-0.988900, , , 
13576.000000,681099.000000,75549924.000000,-0.011600,-0.011600,-0.986000, , , 
13577.000000,681100.000000,75549924.000000, , , ,0.000000,0.000000,0.000000
13578.000000,681200.000000,75549924.000000,-0.017400,-0.014500,-0.965700, , , 
13579.000000,681201.000000,75549924.000000, , , ,0.000000,-0.325195,0.000000
13580.000000,681292.000000,75549924.000000, , , ,-0.975586,0.000000,0.325195
13581.000000,681299.000000,75549924.000000,-0.011600,-0.023200,-0.988900, , , 
13582.000000,681393.000000,75549924.000000, , , ,-1.300781,0.000000,0.325195
13583.000000,681400.000000,75549924.000000,-0.017400,0.000000,-1.006300, , , 
13584.000000,681494.000000,75549924.000000, , , ,-0.975586,-0.325195,0.000000
13585.000000,681499.000000,75549924.000000,0.000000,0.000000,-0.977300, , , 
13586.000000,681595.000000,75549924.000000, , , ,-0.650391,0.000000,-0.325195
13587.000000,681600.000000,75549924.000000,-0.017400,-0.005800,-0.968600, , , 
13588.000000,681696.000000,75549924.000000, , , ,-0.325195,-0.325195,-0.650391
13589.000000,681699.000000,75549924.000000,-0.017400,-0.020300,-0.994700, , , 
13590.000000,681797.000000,75549924.000000, , , ,-0.325195,-0.650391,-0.325195
13591.000000,681800.000000,75549924.000000,-0.014500,-0.014500,-0.986000, , , 
13592.000000,681898.000000,75549924.000000, , , ,-0.650391,-0.325195,-0.650391
13593.000000,681899.000000,75549924.000000,0.002900,-0.043500,-0.965700, , , 
13594.000000,681999.000000,75549924.000000, , , ,-0.325195,-1.300781,-0.325195
13595.000000,682000.000000,75549924.000000,-0.037700,-0.029000,-0.904800, , , 
13596.000000,682099.000000,75549924.000000,-0.008700,-0.023200,-0.954100, , , 
13597.000000,682100.000000,75549924.000000, , , ,-0.650391,0.000000,-0.325195
13598.000000,682200.000000,75549924.000000,-0.002900,-0.040600,-1.020800, , , 
13599.000000,682201.000000,75549924.000000, , , ,-0.975586,0.000000,-0.325195
13600.000000,682292.000000,75549924.000000, , , ,-1.300781,0.000000,-0.325195
13601.000000,682299.000000,75549924.000000,-0.011600,-0.023200,-1.032400, , , 
13602.000000,682393.000000,75549924.000000, , , ,-0.650391,0.325195,-0.325195
13603.000000,682400.000000,75549924.000000,-0.011600,-0.017400,-1.026600, , , 
13604.000000,682494.000000,75549924.000000, , , ,0.000000,0.000000,-0.325195
13605.000000,682499.000000,75549924.000000,-0.020300,-0.008700,-0.997600, , , 
13606.000000,682595.000000,75549924.000000, , , ,0.000000,0.000000,0.000000
13607.000000,682600.000000,75549924.000000,-0.014500,-0.034800,-0.980200, , , 
13608.000000,682696.000000,75549924.000000, , , ,-0.325195,0.000000,0.000000
13609.000000,682700.000000,75549924.000000,0.008700,-0.017400,-0.957000, , , 
13610.000000,682796.000000,75549924.000000, , , ,-0.325195,-0.975586,0.000000
13611.000000,682799.000000,75549924.000000,-0.002900,0.000000,-0.933800, , , 
13612.000000,682897.000000,75549924.000000, , , ,0.000000,-0.325195,0.000000
13613.000000,682900.000000,75549924.000000,-0.029000,0.002900,-0.959900, , , 
13614.000000,682998.000000,75549924.000000, , , ,-0.325195,0.325195,0.000000
13615.000000,682999.000000,75549924.000000,-0.017400,-0.005800,-1.023700, , , 
13616.000000,683099.000000,75549924.000000, , , ,0.000000,0.000000,0.000000
13617.000000,683100.000000,75549924.000000,-0.026100,-0.017400,-1.041100, , , 
13618.000000,683199.000000,75549924.000000,0.000000,-0.026100,-1.012100, , , 
13619.000000,683200.000000,75549924.000000, , , ,-0.975586,0.000000,0.000000
13620.000000,683300.000000,75549924.000000,-0.017400,-0.002900,-0.945400, , , 
13621.000000,683301.000000,75549924.000000, , , ,-0.650391,-0.650391,0.000000
13622.000000,683392.000000,75549924.000000, , , ,0.000000,0.000000,0.000000
13623.000000,683399.000000,75549924.000000,-0.031900,-0.005800,-0.962800, , , 
13624.000000,683493.000000,75549924.000000, , , ,0.325195,0.000000,-0.325195
13625.000000,683500.000000,75549924.000000,-0.008700,-0.014500,-1.009200, , , 
13626.000000,683594.000000,75549924.000000, , , ,0.000000,0.650391,0.000000
13627.000000,683599.000000,75549924.000000,-0.023200,-0.040600,-1.029500, , , 
13628.000000,683695.000000,75549924.000000, , , ,-0.650391,0.000000,-0.325195
13629.000000,683700.000000,75549924.000000,-0.005800,-0.052200,-1.020800, , , 
13630.000000,683796.000000,75549924.000000, , , ,-1.625977,-0.325195,0.000000
13631.000000,683799.000000,75549924.000000,0.000000,-0.008700,-0.942500, , , 
13632.000000,683897.000000,75549924.000000, , , ,-0.650391,-1.300781,0.000000
13633.000000,683900.000000,75549924.000000,-0.020300,0.000000,-0.939600, , , 
13634.000000,683998.000000,75549924.000000, , , ,0.000000,0.000000,0.000000
13635.000000,683999.000000,75549924.000000,-0.014500,-0.014500,-0.986000, , , 
13636.000000,684099.000000,75549924.000000, , , ,-0.650391,0.000000,0.000000
13637.000000,684100.000000,75549924.000000,-0.011600,-0.029000,-1.006300, , , 
13638.000000,684199.000000,75549924.000000,-0.023200,-0.020300,-1.009200, , , 
13639.000000,684200.000000,75549924.000000, , , ,-1.951172,-0.325195,0.000000
13640.000000,684300.000000,75549924.000000,-0.014500,0.014500,-0.986000, , , 
13641.000000,684301.000000,75549924.000000, , , ,-1.300781,0.000000,0.000000
13642.000000,684392.000000,75549924.000000, , , ,-0.650391,-0.975586,0.325195
13643.000000,684399.000000,75549924.000000,-0.017400,0.000000,-0.980200, , , 
13644.000000,684493.000000,75549924.000000, , , ,-0.325195,-0.325195,0.000000
13645.000000,684500.000000,75549924.000000,0.000000,0.011600,-0.974400, , , 
13646.000000,684594.000000,75549924.000000, , , ,-0.650391,-0.650391,0.000000
13647.000000,684599.000000,75549924.000000,-0.008700,0.000000,-0.945400, , , 
13648.000000,684695.000000,75549924.000000, , , ,0.000000,-0.650391,0.000000
13649.000000,684700.000000,75549924.000000,-0.014500,0.011600,-0.948300, , , 
13650.000000,684796.000000,75549924.000000, , , ,0.000000,0.000000,0.000000
13651.000000,684799.000000,75549924.000000,-0.008700,-0.008700,-0.991800, , , 
13652.000000,684897.000000,75549924.000000, , , ,-0.325195,0.000000,0.000000
13653.000000,684900.000000,75549924.000000,-0.023200,-0.011600,-1.009200, , , 
13654.000000,684998.000000,75549924.000000, , , ,-0.650391,0.000000,0.000000
13655.000000,684999.000000,75549924.000000,-0.011600,-0.020300,-1.017900, , , 
13656.000000,685099.000000,75549924.000000, , , ,-0.975586,-0.325195,0.325195
13657.000000,685100.000000,75549924.000000,-0.014500,-0.005800,-0.980200, , , 
13658.000000,685199.000000,75549924.000000,-0.023200,-0.008700,-0.994700, , , 
13659.000000,685200.000000,75549924.000000, , , ,-0.650391,0.000000,0.000000
13660.000000,685300.000000,75549924.000000,-0.011600,-0.002900,-1.020800, , , 
13661.000000,685301.000000,75549924.000000, , , ,0.000000,0.000000,0.000000
13662.000000,685392.000000,75549924.000000, , , ,-0.650391,0.000000,0.000000
13663.000000,685399.000000,75549924.000000,0.000000,-0.011600,-0.968600, , , 
13664.000000,685493.000000,75549924.000000, , , ,-0.650391,0.000000,-0.325195
13665.000000,685500.000000,75549924.000000,-0.020300,-0.026100,-0.962800, , , 
13666.000000,685594.000000,75549924.000000, , , ,-0.650391,0.000000,0.000000
13667.000000,685599.000000,75549924.000000,-0.014500,-0.005800,-0.986000, , , 
13668.000000,685695.000000,75549924.000000, , , ,0.000000,-0.325195,0.000000
13669.000000,685700.000000,75549924.000000,-0.008700,-0.017400,-0.994700, , , 
13670.000000,685796.000000,75549924.000000, , , ,0.325195,-0.325195,-0.325195
13671.000000,685799.000000,75549924.000000,-0.011600,-0.017400,-0.986000, , , 
13672.000000,685897.000000,75549924.000000, , , ,0.000000,0.000000,0.000000
13673.000000,685900.000000,75549924.000000,-0.029000,-0.043500,-1.003400, , , 
13674.000000,685998.000000,75549924.000000, , , ,-1.300781,0.325195,0.000000
13675.000000,685999.000000,75549924.000000,-0.008700,-0.046400,-1.029500, , , 
13676.000000,686099.000000,75549924.000000, , , ,-1.625977,0.000000,0.000000
13677.000000,686100.000000,75549924.000000,0.000000,-0.026100,-0.986000, , , 
13678.000000,686199.000000,75549924.000000,-0.017400,-0.020300,-0.948300, , , 
13679.000000,686200.000000,75549924.000000, , , ,-1.300781,0.000000,-0.325195
13680.000000,686300.000000,75549924.000000,-0.011600,-0.014500,-0.980200, , , 
13681.000000,686301.000000,75549924.000000, , , ,-1.951172,0.325195,0.325195
13682.000000,686392.000000,75549924.000000, , , ,-1.951172,0.000000,0.000000
13683.000000,686399.000000,75549924.000000,-0.017400,-0.043500,-0.988900, , , 
13684.000000,686493.000000,75549924.000000, , , ,-2.601563,-0.975586,0.000000
13685.000000,686500.000000,75549924.000000,-0.005800,-0.026100,-0.980200, , , 
13686.000000,686594.000000,75549924.000000, , , ,-2.601563,-0.650391,-0.325195
13687.000000,686599.000000,75549924.000000,-0.005800,-0.017400,-0.962800, , , 
13688.000000,686695.000000,75549924.000000, , , ,-1.951172,-0.325195,-0.325195
13689.000000,686700.000000,75549924.000000,-0.014500,-0.011600,-0.965700, , , 
13690.000000,686796.000000,75549924.000000, , , ,-1.951172,-0.325195,-0.650391
13691.000000,686799.000000,75549924.000000,-0.008700,-0.014500,-0.983100, , , 
13692.000000,686897.000000,75549924.000000, , , ,-1.951172,0.000000,-0.325195
13693.000000,686900.000000,75549924.000000,-0.020300,-0.008700,-1.012100, , , 
13694.000000,686998.000000,75549924.000000, , , ,-1.625977,0.325195,-0.325195
13695.000000,686999.000000,75549924.000000,-0.014500,-0.014500,-1.038200, , , 
13696.000000,687099.000000,75549924.000000, , , ,-1.951172,0.325195,-0.325195
13697.000000,687100.000000,75549924.000000,0.005800,0.002900,-1.009200, , , 
13698.000000,687199.000000,75549924.000000,-0.005800,0.011600,-0.986000, , , 
13699.000000,687200.000000,75549924.000000, , , ,-0.975586,0.325195,-0.325195
13700.000000,687300.000000,75549924.000000,-0.011600,0.002900,-0.951200, , , 
13701.000000,687301.000000,75549924.000000, , , ,-0.975586,-0.650391,-0.325195
13702.000000,687392.000000,75549924.000000, , , ,-0.975586,-0.325195,0.000000
13703.000000,687399.000000,75549924.000000,0.000000,0.000000,-0.945400, , , 
13704.000000,687493.000000,75549924.000000, , , ,-0.650391,-0.650391,-0.325195
13705.000000,687500.000000,75549924.000000,-0.020300,0.020300,-0.945400, , , 
13706.000000,687594.000000,75549924.000000, , , ,-0.650391,-0.325195,0.000000
13707.000000,687599.000000,75549924.000000,-0.008700,0.014500,-0.954100, , , 
13708.000000,687695.000000,75549924.000000, , , ,-0.650391,0.000000,0.000000
13709.000000,687700.000000,75549924.000000,-0.008700,0.023200,-0.983100, , , 
13710.000000,687796.000000,75549924.000000, , , ,-0.975586,-0.325195,0.000000
13711.000000,687799.000000,75549924.000000,-0.002900,0.014500,-0.974400, , , 
13712.000000,687897.000000,75549924.000000, , , ,0.000000,-0.325195,-0.325195
13713.000000,687900.000000,75549924.000000,0.000000,0.023200,-0.968600, , , 
13714.000000,687998.000000,75549924.000000, , , ,0.000000,0.000000,-0.325195
13715.000000,687999.000000,75549924.000000,-0.023200,0.008700,-0.988900, , , 
13716.000000,688099.000000,75549924.000000, , , ,-0.325195,1.300781,0.000000
13717.000000,688100.000000,75549924.000000,-0.023200,-0.008700,-1.055600, , , 
13718.000000,688199.000000,75549924.000000,0.005800,-0.008700,-1.029500, , , 
13719.000000,688200.000000,75549924.000000, , , ,-1.625977,-0.325195,-0.325195
13720.000000,688300.000000,75549924.000000,-0.029000,-0.014500,-1.006300, , , 
13721.000000,688301.000000,75549924.000000, , , ,-0.650391,0.000000,-0.325195
13722.000000,688392.000000,75549924.000000, , , ,-0.975586,0.000000,-0.650391
13723.000000,688399.000000,75549924.000000,0.005800,0.000000,-0.977300, , , 
13724.000000,688493.000000,75549924.000000, , , ,0.000000,-0.650391,-0.975586
13725.000000,688500.000000,75549924.000000,0.005800,-0.005800,-0.922200, , , 
13726.000000,688594.000000,75549924.000000, , , ,0.000000,-0.975586,-0.975586
13727.000000,688599.000000,75549924.000000,-0.017400,-0.017400,-0.928000, , , 
13728.000000,688695.000000,75549924.000000, , , ,0.000000,0.000000,-0.325195
13729.000000,688700.000000,75549924.000000,-0.005800,-0.026100,-0.965700, , , 
13730.000000,688796.000000,75549924.000000, , , ,-0.975586,0.325195,-0.650391
13731.000000,688799.000000,75549924.000000,-0.037700,-0.043500,-1.041100, , , 
13732.000000,688897.000000,75549924.000000, , , ,-1.951172,0.650391,-0.650391
13733.000000,688900.000000,75549924.000000,0.011600,-0.037700,-1.055600, , , 
13734.000000,688998.000000,75549924.000000, , , ,-1.951172,0.000000,-0.325195
13735.000000,688999.000000,75549924.000000,0.000000,-0.005800,-1.000500, , , 
13736.000000,689099.000000,75549924.000000, , , ,-0.975586,-0.650391,-0.975586
13737.000000,689100.000000,75549924.000000,-0.011600,-0.002900,-0.945400, , , 
13738.000000,689199.000000,75549924.000000,-0.005800,0.023200,-0.904800, , , 
13739.000000,689200.000000,75549924.000000, , , ,0.650391,-0.325195,0.000000
13740.000000,689300.000000,75549924.000000,-0.020300,-0.029000,-0.939600, , , 
13741.000000,689301.000000,75549924.000000, , , ,0.650391,-0.325195,-0.650391
13742.000000,689392.000000,75549924.000000, , , ,-1.300781,0.325195,-0.975586
13743.000000,689399.000000,75549924.000000,-0.023200,-0.060900,-1.029500, , , 
13744.000000,689493.000000,75549924.000000, , , ,-2.601563,0.325195,-0.650391
13745.000000,689500.000000,75549924.000000,0.000000,-0.031900,-1.055600, , , 
13746.000000,689594.000000,75549924.000000, , , ,-1.300781,0.000000,-0.975586
13747.000000,689599.000000,75549924.000000,-0.005800,0.000000,-1.006300, , , 
13748.000000,689695.000000,75549924.000000, , , ,0.325195,-0.325195,-0.650391
13749.000000,689700.000000,75549924.000000,-0.005800,-0.008700,-0.939600, , , 
13750.000000,689796.000000,75549924.000000, , , ,0.325195,-0.650391,-0.975586
13751.000000,689799.000000,75549924.000000,-0.011600,-0.011600,-0.945400, , , 
13752.000000,689897.000000,75549924.000000, , , ,0.000000,0.000000,-0.975586
13753.000000,689900.000000,75549924.000000,-0.023200,-0.040600,-0.991800, , , 
13754.000000,689998.000000,75549924.000000, , , ,-0.975586,0.000000,-0.975586
13755.000000,689999.000000,75549924.000000,-0.008700,-0.031900,-1.020800, , , 
13756.000000,690099.000000,75549924.000000, , , ,-1.300781,0.000000,0.000000
13757.000000,690100.000000,75549924.000000,-0.014500,-0.017400,-1.020800, , , 
13758.000000,690199.000000,75549924.000000,-0.011600,-0.008700,-0.986000, , , 
13759.000000,690200.000000,75549924.000000, , , ,-0.975586,0.000000,-0.325195
13760.000000,690300.000000,75549924.000000,-0.005800,0.017400,-0.968600, , , 
13761.000000,690301.000000,75549924.000000, , , ,-0.650391,-0.650391,-0.325195
13762.000000,690392.000000,75549924.000000, , , ,-0.325195,0.325195,0.000000
13763.000000,690399.000000,75549924.000000,-0.023200,0.011600,-1.003400, , , 
13764.000000,690493.000000,75549924.000000, , , ,-0.325195,0.000000,-0.325195
13765.000000,690500.000000,75549924.000000,-0.014500,-0.005800,-1.029500, , , 
13766.000000,690594.000000,75549924.000000, , , ,0.000000,0.000000,-0.325195
13767.000000,690599.000000,75549924.000000,-0.002900,0.000000,-0.997600, , , 
13768.000000,690695.000000,75549924.000000, , , ,-0.975586,-0.325195,-0.325195
13769.000000,690700.000000,75549924.000000,-0.017400,-0.005800,-0.980200, , , 
13770.000000,690796.000000,75549924.000000, , , ,-1.625977,0.325195,0.000000
13771.000000,690799.000000,75549924.000000,-0.014500,-0.002900,-1.020800, , , 
13772.000000,690897.000000,75549924.000000, , , ,-1.300781,0.000000,0.000000
13773.000000,690900.000000,75549924.000000,0.000000,0.014500,-0.994700, , , 
13774.000000,690998.000000,75549924.000000, , , ,-0.650391,-0.650391,-0.650391
13775.000000,690999.000000,75549924.000000,-0.005800,0.011600,-0.959900, , , 
13776.000000,691099.000000,75549924.000000, , , ,0.325195,-0.975586,-0.325195
13777.000000,691100.000000,75549924.000000,0.002900,0.008700,-0.936700, , , 
13778.000000,691199.000000,75549924.000000,-0.026100,0.000000,-0.959900, , , 
13779.000000,691200.000000,75549924.000000, , , ,0.975586,0.000000,-1.300781
13780.000000,691300.000000,75549924.000000,-0.008700,-0.023200,-1.023700, , , 
13781.000000,691301.000000,75549924.000000, , , ,0.325195,0.000000,-0.650391
13782.000000,691392.000000,75549924.000000, , , ,0.325195,0.650391,-0.650391
13783.000000,691399.000000,75549924.000000,-0.014500,-0.026100,-1.035300, , , 
13784.000000,691493.000000,75549924.000000, , , ,-0.650391,0.325195,-0.325195
13785.000000,691500.000000,75549924.000000,-0.017400,-0.040600,-1.058500, , , 
13786.000000,691594.000000,75549924.000000, , , ,-0.975586,0.650391,-0.325195
13787.000000,691599.000000,75549924.000000,-0.002900,-0.017400,-1.035300, , , 
13788.000000,691695.000000,75549924.000000, , , ,-0.975586,0.000000,-0.975586
13789.000000,691700.000000,75549924.000000,-0.011600,-0.014500,-1.003400, , , 
13790.000000,691796.000000,75549924.000000, , , ,-0.975586,0.000000,0.000000
13791.000000,691799.000000,75549924.000000,0.002900,-0.011600,-0.965700, , , 
13792.000000,691897.000000,75549924.000000, , , ,0.000000,-0.650391,-0.650391
13793.000000,691900.000000,75549924.000000,-0.008700,-0.002900,-0.939600, , , 
13794.000000,691998.000000,75549924.000000, , , ,0.000000,-0.650391,-0.325195
13795.000000,691999.000000,75549924.000000,-0.017400,-0.008700,-0.959900, , , 
13796.000000,692099.000000,75549924.000000, , , ,-0.325195,0.325195,-0.650391
13797.000000,692100.000000,75549924.000000,-0.029000,-0.026100,-1.026600, , , 
13798.000000,692199.000000,75549924.000000,-0.017400,-0.023200,-1.035300, , , 
13799.000000,692200.000000,75549924.000000, , , ,0.000000,0.650391,-0.975586
13800.000000,692300.000000,75549924.000000,0.002900,-0.040600,-1.026600, , , 
13801.000000,692301.000000,75549924.000000, , , ,-1.300781,0.000000,-1.625977
13802.000000,692392.000000,75549924.000000, , , ,-1.951172,0.000000,-0.975586
13803.000000,692399.000000,75549924.000000,-0.002900,-0.029000,-0.968600, , , 
13804.000000,692493.000000,75549924.000000, , , ,-0.975586,-0.325195,-0.975586
13805.000000,692500.000000,75549924.000000,-0.023200,-0.017400,-0.945400, , , 
13806.000000,692594.000000,75549924.000000, , , ,-0.650391,0.000000,-1.300781
13807.000000,692599.000000,75549924.000000,-0.005800,-0.014500,-0.986000, , , 
13808.000000,692695.000000,75549924.000000, , , ,0.325195,-0.325195,-0.975586
13809.000000,692700.000000,75549924.000000,-0.005800,-0.037700,-0.991800, , , 
13810.000000,692796.000000,75549924.000000, , , ,0.325195,0.650391,-1.625977
13811.000000,692799.000000,75549924.000000,0.000000,-0.026100,-1.003400, , , 
13812.000000,692897.000000,75549924.000000, , , ,0.000000,0.325195,-0.975586
13813.000000,692900.000000,75549924.000000,-0.002900,-0.060900,-1.026600, , , 
13814.000000,692998.000000,75549924.000000, , , ,-1.300781,0.650391,-0.975586
13815.000000,692999.000000,75549924.000000,-0.014500,-0.052200,-1.041100, , , 
13816.000000,693099.000000,75549924.000000, , , ,-1.625977,0.000000,-0.650391
13817.000000,693100.000000,75549924.000000,-0.002900,-0.029000,-1.015000, , , 
13818.000000,693199.000000,75549924.000000,-0.002900,-0.008700,-0.977300, , , 
13819.000000,693200.000000,75549924.000000, , , ,-0.325195,0.000000,-0.975586
13820.000000,693300.000000,75549924.000000,-0.005800,-0.002900,-0.968600, , , 
13821.000000,693301.000000,75549924.000000, , , ,-0.975586,-0.325195,-0.325195
13822.000000,693392.000000,75549924.000000, , , ,-0.650391,0.000000,-0.325195
13823.000000,693399.000000,75549924.000000,-0.002900,-0.014500,-1.000500, , , 
13824.000000,693493.000000,75549924.000000, , , ,-0.650391,0.000000,-0.650391
13825.000000,693500.000000,75549924.000000,-0.011600,-0.031900,-1.029500, , , 
13826.000000,693594.000000,75549924.000000, , , ,-0.975586,-0.975586,-0.650391
13827.000000,693599.000000,75549924.000000,0.029000,0.008700,-0.957000, , , 
13828.000000,693695.000000,75549924.000000, , , ,0.000000,-0.325195,-0.650391
13829.000000,693700.000000,75549924.000000,-0.023200,0.000000,-0.951200, , , 
13830.000000,693796.000000,75549924.000000, , , ,-0.975586,0.650391,-0.325195
13831.000000,693799.000000,75549924.000000,0.000000,-0.017400,-1.006300, , , 
13832.000000,693897.000000,75549924.000000, , , ,0.000000,0.000000,-0.650391
13833.000000,693900.000000,75549924.000000,0.017400,0.005800,-1.006300, , , 
13834.000000,693998.000000,75549924.000000, , , ,0.325195,-0.650391,-0.975586
13835.000000,693999.000000,75549924.000000,-0.002900,-0.029000,-0.974400, , , 
13836.000000,694099.000000,75549924.000000, , , ,-0.650391,0.000000,-0.325195
13837.000000,694100.000000,75549924.000000,0.000000,-0.020300,-0.986000, , , 
13838.000000,694199.000000,75549924.000000,0.002900,-0.020300,-1.009200, , , 
13839.000000,694200.000000,75549924.000000, , , ,-0.975586,0.000000,-0.650391
13840.000000,694300.000000,75549924.000000,0.008700,-0.002900,-0.986000, , , 
13841.000000,694301.000000,75549924.000000, , , ,-0.325195,0.000000,0.000000
13842.000000,694392.000000,75549924.000000, , , ,0.325195,-0.325195,-0.650391
13843.000000,694399.000000,75549924.000000,0.026100,-0.005800,-0.959900, , , 
13844.000000,694493.000000,75549924.000000, , , ,0.000000,-0.325195,-0.650391
13845.000000,694500.000000,75549924.000000,-0.002900,-0.011600,-0.971500, , , 
13846.000000,694594.000000,75549924.000000, , , ,-0.325195,-0.325195,-0.325195
13847.000000,694599.000000,75549924.000000,0.020300,-0.029000,-0.986000, , , 
13848.000000,694695.000000,75549924.000000, , , ,-0.325195,0.000000,-0.650391
13849.000000,694700.000000,75549924.000000,-0.002900,-0.026100,-1.017900, , , 
13850.000000,694796.000000,75549924.000000, , , ,-0.325195,0.650391,0.325195
13851.000000,694799.000000,75549924.000000,0.023200,-0.023200,-1.015000, , , 
13852.000000,694897.000000,75549924.000000, , , ,-0.325195,0.000000,-0.975586
13853.000000,694900.000000,75549924.000000,0.017400,-0.011600,-0.971500, , , 
13854.000000,694998.000000,75549924.000000, , , ,0.000000,-0.975586,-0.650391
13855.000000,694999.000000,75549924.000000,0.017400,-0.011600,-0.933800, , , 
13856.000000,695099.000000,75549924.000000, , , ,0.000000,-0.325195,0.000000
13857.000000,695100.000000,75549924.000000,0.000000,-0.014500,-0.954100, , , 
13858.000000,695199.000000,75549924.000000,0.008700,-0.008700,-0.991800, , , 
13859.000000,695200.000000,75549924.000000, , , ,0.000000,-0.650391,-0.650391
13860.000000,695300.000000,75549924.000000,0.002900,-0.040600,-1.015000, , , 
13861.000000,695301.000000,75549924.000000, , , ,0.000000,0.325195,0.975586
13862.000000,695392.000000,75549924.000000, , , ,-0.325195,0.000000,-0.325195
13863.000000,695399.000000,75549924.000000,0.008700,-0.023200,-1.006300, , , 
13864.000000,695493.000000,75549924.000000, , , ,-1.300781,0.000000,-0.325195
13865.000000,695500.000000,75549924.000000,0.011600,-0.029000,-1.012100, , , 
13866.000000,695594.000000,75549924.000000, , , ,-0.975586,0.000000,0.000000
13867.000000,695599.000000,75549924.000000,0.008700,-0.002900,-0.974400, , , 
13868.000000,695695.000000,75549924.000000, , , ,-0.975586,0.000000,-0.325195
13869.000000,695700.000000,75549924.000000,0.011600,-0.002900,-0.991800, , , 
13870.000000,695796.000000,75549924.000000, , , ,-1.625977,-0.325195,0.000000
13871.000000,695799.000000,75549924.000000,0.017400,0.000000,-0.986000, , , 
13872.000000,695897.000000,75549924.000000, , , ,-0.650391,-0.650391,-0.325195
13873.000000,695900.000000,75549924.000000,0.026100,0.005800,-0.945400, , , 
13874.000000,695998.000000,75549924.000000, , , ,-0.325195,-0.325195,-0.325195
13875.000000,695999.000000,75549924.000000,0.002900,-0.002900,-0.971500, , , 
13876.000000,696099.000000,75549924.000000, , , ,-0.650391,0.000000,-0.650391
13877.000000,696100.000000,75549924.000000,0.000000,-0.026100,-1.020800, , , 
13878.000000,696199.000000,75549924.000000,0.017400,-0.014500,-1.009200, , , 
13879.000000,696200.000000,75549924.000000, , , ,-0.975586,-0.325195,-0.325195
13880.000000,696300.000000,75549924.000000,0.000000,-0.014500,-1.000500, , , 
13881.000000,696301.000000,75549924.000000, , , ,-0.325195,0.000000,-0.325195
13882.000000,696392.000000,75549924.000000, , , ,-0.975586,0.000000,-0.325195
13883.000000,696399.000000,75549924.000000,0.014500,-0.011600,-0.974400, , , 
13884.000000,696493.000000,75549924.000000, , , ,-0.325195,-0.325195,0.000000
13885.000000,696500.000000,75549924.000000,0.011600,-0.011600,-0.983100, , , 
13886.000000,696594.000000,75549924.000000, , , ,-0.650391,-0.325195,-1.625977
13887.000000,696599.000000,75549924.000000,-0.002900,-0.005800,-0.965700, , , 
13888.000000,696695.000000,75549924.000000, , , ,0.000000,0.000000,0.000000
13889.000000,696700.000000,75549924.000000,0.011600,-0.002900,-0.959900, , , 
13890.000000,696796.000000,75549924.000000, , , ,0.000000,0.000000,-0.650391
13891.000000,696799.000000,75549924.000000,-0.002900,-0.023200,-0.965700, , , 
13892.000000,696897.000000,75549924.000000, , , ,-0.325195,0.000000,-0.325195
13893.000000,696900.000000,75549924.000000,0.002900,-0.031900,-1.023700, , , 
13894.000000,696998.000000,75549924.000000, , , ,-0.325195,0.325195,-0.325195
13895.000000,696999.000000,75549924.000000,0.020300,-0.014500,-0.991800, , , 
13896.000000,697099.000000,75549924.000000, , , ,0.000000,-0.325195,-0.325195
13897.000000,697100.000000,75549924.000000,0.002900,-0.020300,-0.965700, , , 
13898.000000,697199.000000,75549924.000000,0.000000,-0.029000,-0.991800, , , 
13899.000000,697200.000000,75549924.000000, , , ,-0.650391,0.000000,-0.325195
13900.000000,697300.000000,75549924.000000,0.014500,-0.011600,-1.006300, , , 
13901.000000,697301.000000,75549924.000000, , , ,-0.975586,0.000000,0.000000
13902.000000,697392.000000,75549924.000000, , , ,-0.975586,-0.325195,-0.650391
13903.000000,697399.000000,75549924.000000,0.011600,0.000000,-0.980200, , , 
13904.000000,697493.000000,75549924.000000, , , ,0.000000,-0.325195,-0.650391
13905.000000,697500.000000,75549924.000000,0.005800,0.000000,-0.957000, , , 
13906.000000,697594.000000,75549924.000000, , , ,0.650391,-0.650391,0.000000
13907.000000,697600.000000,75549924.000000,-0.002900,0.000000,-0.971500, , , 
13908.000000,697694.000000,75549924.000000, , , ,-0.650391,0.650391,-0.650391
13909.000000,697699.000000,75549924.000000,-0.002900,-0.040600,-1.038200, , , 
13910.000000,697795.000000,75549924.000000, , , ,-1.300781,0.000000,-0.325195
13911.000000,697800.000000,75549924.000000,0.020300,-0.029000,-1.015000, , , 
13912.000000,697896.000000,75549924.000000, , , ,-0.650391,-0.325195,0.000000
13913.000000,697899.000000,75549924.000000,0.002900,0.000000,-0.971500, , , 
13914.000000,697997.000000,75549924.000000, , , ,-0.650391,-0.325195,-0.975586
13915.000000,698000.000000,75549924.000000,0.000000,-0.008700,-0.977300, , , 
13916.000000,698098.000000,75549924.000000, , , ,-0.975586,0.000000,-0.975586
13917.000000,698099.000000,75549924.000000,0.011600,-0.014500,-0.968600, , , 
13918.000000,698199.000000,75549924.000000, , , ,-0.650391,0.000000,-0.650391
13919.000000,698200.000000,75549924.000000,0.000000,-0.008700,-0.988900, , , 
13920.000000,698299.000000,75549924.000000,0.017400,-0.017400,-0.986000, , , 
13921.000000,698300.000000,75549924.000000, , , ,-0.650391,-0.325195,-0.650391
13922.000000,698400.000000,75549924.000000,0.011600,-0.031900,-0.986000, , , 
13923.000000,698401.000000,75549924.000000, , , ,-1.300781,-0.325195,-0.650391
13924.000000,698492.000000,75549924.000000, , , ,-1.300781,0.000000,-0.325195
13925.000000,698499.000000,75549924.000000,0.014500,-0.029000,-0.974400, , , 
13926.000000,698593.000000,75549924.000000, , , ,-0.975586,0.000000,-0.650391
13927.000000,698600.000000,75549924.000000,-0.011600,-0.005800,-0.991800, , , 
13928.000000,698694.000000,75549924.000000, , , ,-1.300781,0.000000,-0.975586
13929.000000,698699.000000,75549924.000000,0.014500,-0.026100,-0.991800, , , 
13930.000000,698795.000000,75549924.000000, , , ,-0.650391,0.000000,-0.650391
13931.000000,698800.000000,75549924.000000,-0.002900,-0.017400,-1.003400, , , 
13932.000000,698896.000000,75549924.000000, , , ,-0.650391,0.000000,-0.650391
13933.000000,698899.000000,75549924.000000,0.002900,-0.037700,-0.988900, , , 
13934.000000,698997.000000,75549924.000000, , , ,-1.300781,-0.325195,-0.975586
13935.000000,699000.000000,75549924.000000,0.023200,-0.020300,-0.977300, , , 
13936.000000,699098.000000,75549924.000000, , , ,0.000000,-0.650391,-0.650391
13937.000000,699099.000000,75549924.000000,0.011600,-0.008700,-0.948300, , , 
13938.000000,699199.000000,75549924.000000, , , ,0.000000,0.000000,-0.325195
13939.000000,699200.000000,75549924.000000,0.002900,-0.020300,-0.980200, , , 
13940.000000,699299.000000,75549924.000000,-0.008700,-0.005800,-0.994700, , , 
13941.000000,699300.000000,75549924.000000, , , ,-0.325195,0.000000,-0.650391
13942.000000,699400.000000,75549924.000000,0.011600,-0.014500,-0.997600, , , 
13943.000000,699401.000000,75549924.000000, , , ,-0.325195,0.000000,-0.975586
13944.000000,699492.000000,75549924.000000, , , ,-0.325195,-0.325195,-0.650391
13945.000000,699499.000000,75549924.000000,0.000000,-0.011600,-0.951200, , , 
13946.000000,699593.000000,75549924.000000, , , ,-0.650391,-0.650391,-0.325195
13947.000000,699600.000000,75549924.000000,-0.002900,-0.014500,-0.980200, , , 
13948.000000,699694.000000,75549924.000000, , , ,-0.650391,0.325195,-0.325195
13949.000000,699699.000000,75549924.000000,0.002900,-0.020300,-0.997600, , , 
13950.000000,699795.000000,75549924.000000, , , ,-0.650391,-0.325195,-0.650391
13951.000000,699800.000000,75549924.000000,-0.005800,0.000000,-0.974400, , , 
13952.000000,699896.000000,75549924.000000, , , ,-0.975586,0.000000,-0.975586
13953.000000,699899.000000,75549924.000000,0.000000,-0.020300,-1.029500, , , 
13954.000000,699997.000000,75549924.000000, , , ,-0.650391,0.650391,-0.325195
13955.000000,700000.000000,75549924.000000,0.002900,-0.017400,-1.020800, , , 
13956.000000,700098.000000,75549924.000000, , , ,-0.975586,0.000000,0.000000
13957.000000,700099.000000,75549924.000000,0.005800,-0.005800,-0.974400, , , 
13958.000000,700199.000000,75549924.000000, , , ,-0.650391,-0.325195,-0.325195
13959.000000,700200.000000,75549924.000000,0.000000,-0.014500,-0.954100, , , 
13960.000000,700299.000000,75549924.000000,0.000000,0.000000,-0.968600, , , 
13961.000000,700300.000000,75549924.000000, , , ,-1.300781,0.000000,-0.325195
13962.000000,700400.000000,75549924.000000,0.005800,-0.005800,-0.983100, , , 
13963.000000,700401.000000,75549924.000000, , , ,-0.325195,0.000000,-0.650391
13964.000000,700492.000000,75549924.000000, , , ,0.000000,-0.325195,-0.650391
13965.000000,700499.000000,75549924.000000,0.000000,0.000000,-0.983100, , , 
13966.000000,700593.000000,75549924.000000, , , ,0.000000,0.000000,-0.650391
13967.000000,700600.000000,75549924.000000,0.000000,0.008700,-0.983100, , , 
13968.000000,700694.000000,75549924.000000, , , ,0.000000,0.325195,-0.325195
13969.000000,700699.000000,75549924.000000,0.000000,-0.020300,-1.009200, , , 
13970.000000,700795.000000,75549924.000000, , , ,-1.625977,-0.975586,-0.325195
13971.000000,700800.000000,75549924.000000,-0.002900,-0.017400,-0.977300, , , 
13972.000000,700896.000000,75549924.000000, , , ,-0.975586,0.000000,-0.650391
13973.000000,700899.000000,75549924.000000,0.000000,0.000000,-0.959900, , , 
13974.000000,700997.000000,75549924.000000, , , ,-0.650391,0.325195,-0.325195
13975.000000,701000.000000,75549924.000000,-0.014500,-0.011600,-1.020800, , , 
13976.000000,701098.000000,75549924.000000, , , ,-0.650391,0.000000,-0.650391
13977.000000,701099.000000,75549924.000000,0.020300,-0.005800,-1.000500, , , 
13978.000000,701199.000000,75549924.000000, , , ,0.000000,-0.975586,-0.650391
13979.000000,701200.000000,75549924.000000,0.017400,0.000000,-0.936700, , , 
13980.000000,701299.000000,75549924.000000,-0.008700,0.014500,-0.948300, , , 
13981.000000,701300.000000,75549924.000000, , , ,0.000000,-0.975586,-0.650391
13982.000000,701400.000000,75549924.000000,0.000000,0.014500,-0.974400, , , 
13983.000000,701401.000000,75549924.000000, , , ,0.000000,-0.325195,-0.650391
13984.000000,701492.000000,75549924.000000, , , ,-0.325195,0.000000,-0.650391
13985.000000,701499.000000,75549924.000000,0.000000,-0.008700,-1.017900, , , 
13986.000000,701593.000000,75549924.000000, , , ,-0.650391,0.000000,-0.325195
13987.000000,701600.000000,75549924.000000,0.002900,-0.005800,-1.017900, , , 
13988.000000,701694.000000,75549924.000000, , , ,0.000000,0.000000,-0.650391
13989.000000,701699.000000,75549924.000000,-0.002900,0.020300,-0.977300, , , 
13990.000000,701795.000000,75549924.000000, , , ,-0.650391,0.000000,-0.325195
13991.000000,701800.000000,75549924.000000,0.002900,-0.014500,-0.991800, , , 
13992.000000,701896.000000,75549924.000000, , , ,-0.650391,0.000000,-0.650391
13993.000000,701899.000000,75549924.000000,0.000000,0.000000,-0.988900, , , 
13994.000000,701997.000000,75549924.000000, , , ,-0.650391,0.000000,-0.325195
13995.000000,702000.000000,75549924.000000,0.020300,0.008700,-0.977300, , , 
13996.000000,702098.000000,75549924.000000, , , ,-0.650391,-0.325195,-0.325195
13997.000000,702099.000000,75549924.000000,-0.005800,-0.002900,-0.988900, , , 
13998.000000,702199.000000,75549924.000000, , , ,-0.325195,0.000000,-0.325195
13999.000000,702200.000000,75549924.000000,0.005800,0.002900,-0.980200, , , 
14000.000000,702299.000000,75549924.000000,0.008700,-0.011600,-0.965700, , , 
14001.000000,702300.000000,75549924.000000, , , ,-0.975586,-0.325195,-0.325195
14002.000000,702400.000000,75549924.000000,-0.011600,0.000000,-0.997600, , , 
14003.000000,702401.000000,75549924.000000, , , ,-1.300781,0.000000,-0.325195
14004.000000,702492.000000,75549924.000000, , , ,-1.300781,0.000000,-0.325195
14005.000000,702499.000000,75549924.000000,0.000000,-0.002900,-1.009200, , , 
14006.000000,702593.000000,75549924.000000, , , ,-0.325195,0.000000,-0.650391
14007.000000,702600.000000,75549924.000000,0.020300,0.000000,-0.997600, , , 
14008.000000,702694.000000,75549924.000000, , , ,0.000000,0.000000,-0.650391
14009.000000,702699.000000,75549924.000000,0.002900,0.020300,-0.983100, , , 
14010.000000,702795.000000,75549924.000000, , , ,0.650391,-0.650391,-0.325195
14011.000000,702800.000000,75549924.000000,0.008700,0.014500,-0.954100, , , 
14012.000000,702896.000000,75549924.000000, , , ,0.000000,0.000000,-0.650391
14013.000000,702899.000000,75549924.000000,-0.008700,-0.020300,-1.006300, , , 
14014.000000,702997.000000,75549924.000000, , , ,-1.300781,0.325195,-1.300781
14015.000000,703000.000000,75549924.000000,0.011600,-0.026100,-1.032400, , , 
14016.000000,703098.000000,75549924.000000, , , ,-0.975586,-0.650391,-0.650391
14017.000000,703099.000000,75549924.000000,0.023200,0.000000,-0.971500, , , 
14018.000000,703199.000000,75549924.000000, , , ,0.000000,0.000000,-0.975586
14019.000000,703200.000000,75549924.000000,-0.014500,-0.011600,-0.980200, , , 
14020.000000,703299.000000,75549924.000000,0.000000,-0.023200,-0.997600, , , 
14021.000000,703300.000000,75549924.000000, , , ,-0.325195,0.325195,-0.975586
14022.000000,703400.000000,75549924.000000,0.008700,-0.031900,-1.000500, , , 
14023.000000,703401.000000,75549924.000000, , , ,-0.650391,0.000000,-0.975586
14024.000000,703492.000000,75549924.000000, , , ,-0.650391,-0.650391,-0.975586
14025.000000,703499.000000,75549924.000000,0.000000,-0.034800,-0.965700, , , 
14026.000000,703593.000000,75549924.000000, , , ,-0.975586,-0.650391,-0.650391
14027.000000,703600.000000,75549924.000000,0.002900,-0.049300,-0.954100, , , 
14028.000000,703694.000000,75549924.000000, , , ,-0.325195,-0.325195,-0.325195
14029.000000,703699.000000,75549924.000000,0.002900,-0.020300,-0.974400, , , 
14030.000000,703795.000000,75549924.000000, , , ,-0.975586,0.000000,-0.650391
14031.000000,703800.000000,75549924.000000,-0.002900,-0.008700,-0.977300, , , 
14032.000000,703896.000000,75549924.000000, , , ,-0.975586,0.000000,-0.650391
14033.000000,703899.000000,75549924.000000,-0.017400,-0.008700,-1.000500, , , 
14034.000000,703997.000000,75549924.000000, , , ,-0.650391,0.000000,-0.325195
14035.000000,704000.000000,75549924.000000,0.002900,-0.005800,-1.000500, , , 
14036.000000,704098.000000,75549924.000000, , , ,-0.650391,-0.325195,-0.650391
14037.000000,704099.000000,75549924.000000,0.005800,-0.020300,-0.986000, , , 
14038.000000,704199.000000,75549924.000000, , , ,-0.325195,0.000000,0.325195
14039.000000,704200.000000,75549924.000000,0.005800,0.000000,-0.983100, , , 
14040.000000,704299.000000,75549924.000000,0.008700,0.017400,-0.957000, , , 
14041.000000,704300.000000,75549924.000000, , , ,-0.325195,-0.325195,0.000000
14042.000000,704400.000000,75549924.000000,-0.011600,-0.008700,-0.968600, , , 
14043.000000,704401.000000,75549924.000000, , , ,-0.325195,0.000000,0.000000
14044.000000,704492.000000,75549924.000000, , , ,-0.975586,0.000000,-0.650391
14045.000000,704499.000000,75549924.000000,-0.002900,-0.020300,-1.020800, , , 
14046.000000,704593.000000,75549924.000000, , , ,-0.650391,0.000000,-0.650391
14047.000000,704600.000000,75549924.000000,0.014500,0.005800,-1.032400, , , 
14048.000000,704694.000000,75549924.000000, , , ,-0.325195,0.000000,-0.650391
14049.000000,704699.000000,75549924.000000,0.000000,0.000000,-0.988900, , , 
14050.000000,704795.000000,75549924.000000, , , ,-0.650391,0.000000,-0.325195
14051.000000,704800.000000,75549924.000000,0.000000,0.000000,-0.986000, , , 
14052.000000,704896.000000,75549924.000000, , , ,-0.650391,-0.325195,-0.325195
14053.000000,704899.000000,75549924.000000,0.023200,0.000000,-0.957000, , , 
14054.000000,704997.000000,75549924.000000, , , ,0.000000,-1.300781,-0.325195
14055.000000,705000.000000,75549924.000000,-0.002900,0.008700,-0.933800, , , 
14056.000000,705098.000000,75549924.000000, , , ,0.650391,0.325195,-0.650391
14057.000000,705099.000000,75549924.000000,0.000000,0.002900,-1.003400, , , 
14058.000000,705199.000000,75549924.000000, , , ,0.000000,0.325195,-0.975586
14059.000000,705200.000000,75549924.000000,-0.008700,-0.020300,-1.046900, , , 
14060.000000,705299.000000,75549924.000000,0.014500,-0.026100,-1.044000, , , 
14061.000000,705300.000000,75549924.000000, , , ,-0.650391,0.325195,-0.650391
14062.000000,705400.000000,75549924.000000,0.000000,-0.031900,-0.988900, , , 
14063.000000,705401.000000,75549924.000000, , , ,0.000000,0.000000,-0.650391
14064.000000,705492.000000,75549924.000000, , , ,-0.325195,-0.975586,-0.325195
14065.000000,705499.000000,75549924.000000,0.008700,-0.026100,-0.951200, , , 
14066.000000,705593.000000,75549924.000000, , , ,-0.650391,-0.650391,-0.650391
14067.000000,705600.000000,75549924.000000,-0.017400,-0.011600,-0.968600, , , 
14068.000000,705694.000000,75549924.000000, , , ,-0.975586,-0.650391,-0.650391
14069.000000,705699.000000,75549924.000000,0.014500,-0.020300,-0.977300, , , 
14070.000000,705795.000000,75549924.000000, , , ,-0.650391,-0.650391,-0.650391
14071.000000,705800.000000,75549924.000000,0.000000,-0.008700,-0.959900, , , 
14072.000000,705896.000000,75549924.000000, , , ,0.000000,0.000000,-0.650391
14073.000000,705899.000000,75549924.000000,-0.002900,-0.020300,-0.983100, , , 
14074.000000,705997.000000,75549924.000000, , , ,-0.325195,0.325195,-0.325195
14075.000000,706000.000000,75549924.000000,0.000000,-0.026100,-1.026600, , , 
14076.000000,706098.000000,75549924.000000, , , ,-1.300781,0.325195,-0.975586
14077.000000,706099.000000,75549924.000000,-0.002900,-0.040600,-1.026600, , , 
14078.000000,706199.000000,75549924.000000, , , ,-1.951172,0.000000,-0.975586
14079.000000,706200.000000,75549924.000000,0.005800,-0.029000,-1.012100, , , 
14080.000000,706299.000000,75549924.000000,0.023200,0.000000,-0.951200, , , 
14081.000000,706300.000000,75549924.000000, , , ,-1.300781,-0.325195,0.000000
14082.000000,706400.000000,75549924.000000,0.000000,0.000000,-0.925100, , , 
14083.000000,706401.000000,75549924.000000, , , ,-0.325195,-0.650391,-0.650391
14084.000000,706492.000000,75549924.000000, , , ,0.000000,-0.650391,-0.650391
14085.000000,706499.000000,75549924.000000,0.005800,0.011600,-0.933800, , , 
14086.000000,706593.000000,75549924.000000, , , ,0.000000,0.000000,-0.650391
14087.000000,706600.000000,75549924.000000,0.000000,-0.023200,-0.959900, , , 
14088.000000,706694.000000,75549924.000000, , , ,0.000000,-0.325195,0.000000
14089.000000,706699.000000,75549924.000000,-0.002900,-0.023200,-0.971500, , , 
14090.000000,706795.000000,75549924.000000, , , ,0.000000,0.000000,-0.325195
14091.000000,706800.000000,75549924.000000,0.000000,-0.026100,-1.009200, , , 
14092.000000,706896.000000,75549924.000000, , , ,-0.975586,0.000000,-0.650391
14093.000000,706899.000000,75549924.000000,0.002900,-0.037700,-1.023700, , , 
14094.000000,706997.000000,75549924.000000, , , ,-0.650391,0.325195,-0.650391
14095.000000,707000.000000,75549924.000000,0.005800,-0.008700,-1.032400, , , 
14096.000000,707098.000000,75549924.000000, , , ,-0.650391,0.325195,-0.650391
14097.000000,707099.000000,75549924.000000,-0.005800,-0.020300,-1.015000, , , 
14098.000000,707199.000000,75549924.000000, , , ,-0.325195,0.000000,-0.650391
14099.000000,707200.000000,75549924.000000,0.005800,-0.011600,-0.991800, , , 
14100.000000,707299.000000,75549924.000000,0.011600,0.002900,-0.959900, , , 
14101.000000,707300.000000,75549924.000000, , , ,-0.325195,-0.650391,-0.325195
14102.000000,707400.000000,75549924.000000,0.020300,-0.017400,-0.928000, , , 
14103.000000,707401.000000,75549924.000000, , , ,0.000000,-0.650391,-0.975586
14104.000000,707492.000000,75549924.000000, , , ,0.325195,-1.300781,-0.650391
14105.000000,707499.000000,75549924.000000,-0.011600,-0.005800,-0.907700, , , 
14106.000000,707593.000000,75549924.000000, , , ,0.000000,0.975586,-0.650391
14107.000000,707600.000000,75549924.000000,-0.014500,-0.020300,-1.017900, , , 
14108.000000,707694.000000,75549924.000000, , , ,-0.650391,0.650391,-0.325195
14109.000000,707699.000000,75549924.000000,0.005800,-0.026100,-1.061400, , , 
14110.000000,707795.000000,75549924.000000, , , ,-0.325195,0.000000,-0.325195
14111.000000,707800.000000,75549924.000000,0.011600,-0.011600,-1.000500, , , 
14112.000000,707896.000000,75549924.000000, , , ,-0.325195,0.000000,-0.650391
14113.000000,707899.000000,75549924.000000,0.000000,-0.017400,-0.962800, , , 
14114.000000,707997.000000,75549924.000000, , , ,0.000000,0.000000,-0.325195
14115.000000,708000.000000,75549924.000000,-0.011600,-0.002900,-0.986000, , , 
14116.000000,708098.000000,75549924.000000, , , ,-0.325195,0.325195,-0.975586
14117.000000,708099.000000,75549924.000000,0.008700,-0.023200,-1.006300, , , 
14118.000000,708199.000000,75549924.000000, , , ,-1.951172,-0.325195,-0.325195
14119.000000,708200.000000,75549924.000000,0.005800,-0.040600,-1.012100, , , 
14120.000000,708299.000000,75549924.000000,0.000000,0.000000,-0.988900, , , 
14121.000000,708300.000000,75549924.000000, , , ,-1.625977,0.000000,-0.325195
14122.000000,708400.000000,75549924.000000,0.008700,-0.014500,-0.983100, , , 
14123.000000,708401.000000,75549924.000000, , , ,-1.300781,0.000000,-0.650391
14124.000000,708492.000000,75549924.000000, , , ,-0.975586,-0.325195,-0.650391
14125.000000,708499.000000,75549924.000000,0.002900,-0.005800,-0.974400, , , 
14126.000000,708593.000000,75549924.000000, , , ,0.000000,0.000000,-0.650391
14127.000000,708600.000000,75549924.000000,0.000000,0.000000,-0.971500, , , 
14128.000000,708694.000000,75549924.000000, , , ,-0.650391,0.000000,-0.650391
14129.000000,708699.000000,75549924.000000,0.011600,-0.020300,-0.965700, , , 
14130.000000,708795.000000,75549924.000000, , , ,0.000000,-1.625977,-0.325195
14131.000000,708800.000000,75549924.000000,0.005800,-0.008700,-0.933800, , , 
14132.000000,708896.000000,75549924.000000, , , ,0.325195,-0.975586,-0.650391
14133.000000,708899.000000,75549924.000000,0.002900,0.011600,-0.939600, , , 
14134.000000,708997.000000,75549924.000000, , , ,0.650391,0.000000,-0.650391
14135.000000,709000.000000,75549924.000000,-0.017400,-0.008700,-0.994700, , , 
14136.000000,709098.000000,75549924.000000, , , ,-0.325195,0.975586,0.000000
14137.000000,709099.000000,75549924.000000,0.000000,-0.037700,-1.058500, , , 
14138.000000,709199.000000,75549924.000000, , , ,-0.650391,0.000000,-0.975586
14139.000000,709200.000000,75549924.000000,0.020300,-0.017400,-1.032400, , , 
14140.000000,709299.000000,75549924.000000,0.000000,-0.020300,-0.948300, , , 
14141.000000,709300.000000,75549924.000000, , , ,-0.975586,0.000000,-0.325195
14142.000000,709400.000000,75549924.000000,-0.011600,0.000000,-0.974400, , , 
14143.000000,709401.000000,75549924.000000, , , ,-0.325195,0.000000,-0.650391
14144.000000,709492.000000,75549924.000000, , , ,0.000000,0.325195,-0.650391
14145.000000,709499.000000,75549924.000000,0.008700,-0.011600,-0.991800, , , 
14146.000000,709593.000000,75549924.000000, , , ,-0.650391,0.000000,-0.325195
14147.000000,709600.000000,75549924.000000,0.011600,-0.017400,-1.000500, , , 
14148.000000,709694.000000,75549924.000000, , , ,-0.975586,-0.325195,0.000000
14149.000000,709699.000000,75549924.000000,0.005800,-0.005800,-0.991800, , , 
14150.000000,709795.000000,75549924.000000, , , ,-0.325195,-0.325195,0.000000
14151.000000,709800.000000,75549924.000000,0.002900,0.005800,-0.962800, , , 
14152.000000,709896.000000,75549924.000000, , , ,-0.325195,0.000000,-0.975586
14153.000000,709899.000000,75549924.000000,-0.005800,-0.005800,-1.006300, , , 
14154.000000,709997.000000,75549924.000000, , , ,-0.650391,0.000000,-0.650391
14155.000000,710000.000000,75549924.000000,0.014500,-0.020300,-0.988900, , , 
14156.000000,710098.000000,75549924.000000, , , ,-0.650391,-0.650391,-0.325195
14157.000000,710099.000000,75549924.000000,0.000000,-0.002900,-0.957000, , , 
14158.000000,710199.000000,75549924.000000, , , ,0.000000,-0.650391,-0.325195
14159.000000,710200.000000,75549924.000000,0.000000,0.000000,-0.980200, , , 
14160.000000,710299.000000,75549924.000000,0.000000,-0.005800,-0.983100, , , 
14161.000000,710300.000000,75549924.000000, , , ,0.000000,-0.325195,-0.650391
14162.000000,710400.000000,75549924.000000,-0.008700,0.005800,-0.991800, , , 
14163.000000,710401.000000,75549924.000000, , , ,0.000000,-0.325195,-0.325195
14164.000000,710492.000000,75549924.000000, , , ,-0.325195,0.325195,-0.650391
14165.000000,710499.000000,75549924.000000,0.029000,-0.005800,-0.991800, , , 
14166.000000,710593.000000,75549924.000000, , , ,-1.300781,0.325195,-0.325195
14167.000000,710600.000000,75549924.000000,0.014500,-0.008700,-0.983100, , , 
14168.000000,710694.000000,75549924.000000, , , ,-0.650391,0.000000,0.000000
14169.000000,710699.000000,75549924.000000,-0.002900,0.008700,-0.994700, , , 
14170.000000,710795.000000,75549924.000000, , , ,-0.650391,0.000000,0.000000
14171.000000,710800.000000,75549924.000000,0.002900,0.008700,-1.003400, , , 
14172.000000,710896.000000,75549924.000000, , , ,-0.325195,0.000000,-0.650391
14173.000000,710899.000000,75549924.000000,0.014500,0.008700,-0.977300, , , 
14174.000000,710997.000000,75549924.000000, , , ,-0.975586,-0.325195,-0.325195
14175.000000,711000.000000,75549924.000000,0.000000,0.000000,-0.980200, , , 
14176.000000,711098.000000,75549924.000000, , , ,-0.325195,0.000000,-0.975586
14177.000000,711099.000000,75549924.000000,0.005800,0.000000,-0.977300, , , 
14178.000000,711199.000000,75549924.000000, , , ,0.000000,-0.325195,-0.325195
14179.000000,711200.000000,75549924.000000,0.011600,0.002900,-0.939600, , , 
14180.000000,711299.000000,75549924.000000,-0.020300,-0.008700,-0.980200, , , 
14181.000000,711300.000000,75549924.000000, , , ,0.325195,-0.325195,-0.975586
14182.000000,711400.000000,75549924.000000,0.002900,-0.040600,-1.023700, , , 
14183.000000,711401.000000,75549924.000000, , , ,-0.325195,0.325195,-1.300781
14184.000000,711492.000000,75549924.000000, , , ,-0.975586,0.000000,-0.650391
14185.000000,711499.000000,75549924.000000,0.000000,-0.034800,-1.023700, , , 
14186.000000,711593.000000,75549924.000000, , , ,-0.975586,-0.325195,-0.650391
14187.000000,711600.000000,75549924.000000,0.011600,-0.029000,-0.977300, , , 
14188.000000,711694.000000,75549924.000000, , , ,-0.650391,0.000000,-0.650391
14189.000000,711699.000000,75549924.000000,-0.008700,-0.008700,-0.971500, , , 
14190.000000,711795.000000,75549924.000000, , , ,-0.650391,0.325195,-0.650391
14191.000000,711800.000000,75549924.000000,0.000000,-0.020300,-1.000500, , , 
14192.000000,711896.000000,75549924.000000, , , ,-0.650391,0.000000,-0.325195
14193.000000,711899.000000,75549924.000000,0.011600,-0.017400,-0.974400, , , 
14194.000000,711997.000000,75549924.000000, , , ,-0.650391,0.000000,-0.975586
14195.000000,712000.000000,75549924.000000,-0.002900,-0.005800,-0.957000, , , 
14196.000000,712098.000000,75549924.000000, , , ,0.000000,0.325195,-0.650391
14197.000000,712099.000000,75549924.000000,-0.005800,-0.017400,-1.000500, , , 
14198.000000,712199.000000,75549924.000000, , , ,0.000000,-0.325195,-0.650391
14199.000000,712200.000000,75549924.000000,0.008700,-0.026100,-0.974400, , , 
14200.000000,712299.000000,75549924.000000,-0.008700,-0.020300,-0.997600, , , 
14201.000000,712300.000000,75549924.000000, , , ,-0.975586,0.000000,-0.650391
14202.000000,712400.000000,75549924.000000,-0.008700,-0.029000,-1.000500, , , 
14203.000000,712401.000000,75549924.000000, , , ,-0.650391,0.325195,-0.650391
14204.000000,712492.000000,75549924.000000, , , ,-0.975586,0.000000,-0.650391
14205.000000,712499.000000,75549924.000000,-0.002900,-0.011600,-0.991800, , , 
14206.000000,712593.000000,75549924.000000, , , ,-0.650391,0.000000,-0.650391
14207.000000,712600.000000,75549924.000000,0.011600,-0.014500,-0.962800, , , 
14208.000000,712694.000000,75549924.000000, , , ,0.000000,-0.325195,-0.650391
14209.000000,712699.000000,75549924.000000,-0.011600,-0.011600,-0.968600, , , 
14210.000000,712795.000000,75549924.000000, , , ,-0.325195,0.650391,-0.975586
14211.000000,712800.000000,75549924.000000,0.000000,-0.005800,-0.997600, , , 
14212.000000,712896.000000,75549924.000000, , , ,-0.650391,0.325195,0.000000
14213.000000,712899.000000,75549924.000000,0.008700,-0.026100,-1.017900, , , 
14214.000000,712997.000000,75549924.000000, , , ,-0.650391,0.000000,-0.975586
14215.000000,713000.000000,75549924.000000,0.000000,-0.020300,-0.994700, , , 
14216.000000,713098.000000,75549924.000000, , , ,-0.650391,-0.325195,-0.650391
14217.000000,713099.000000,75549924.000000,0.014500,-0.005800,-0.959900, , , 
14218.000000,713199.000000,75549924.000000, , , ,-0.650391,-0.325195,-1.300781
14219.000000,713200.000000,75549924.000000,-0.002900,-0.017400,-0.951200, , , 
14220.000000,713299.000000,75549924.000000,0.002900,-0.008700,-0.959900, , , 
14221.000000,713300.000000,75549924.000000, , , ,-0.325195,-0.325195,-0.325195
14222.000000,713400.000000,75549924.000000,0.000000,-0.002900,-1.012100, , , 
14223.000000,713401.000000,75549924.000000, , , ,-0.325195,0.325195,-0.650391
14224.000000,713492.000000,75549924.000000, , , ,-0.325195,0.000000,-0.650391
14225.000000,713499.000000,75549924.000000,0.000000,-0.023200,-1.012100, , , 
14226.000000,713593.000000,75549924.000000, , , ,0.000000,0.650391,-0.975586
14227.000000,713600.000000,75549924.000000,-0.002900,-0.017400,-1.026600, , , 
14228.000000,713694.000000,75549924.000000, , , ,-0.975586,-0.325195,-0.650391
14229.000000,713699.000000,75549924.000000,0.017400,-0.023200,-0.997600, , , 
14230.000000,713795.000000,75549924.000000, , , ,-0.650391,0.325195,-0.325195
14231.000000,713800.000000,75549924.000000,-0.002900,-0.017400,-0.977300, , , 
14232.000000,713896.000000,75549924.000000, , , ,-0.975586,-0.325195,-0.650391
14233.000000,713899.000000,75549924.000000,0.008700,-0.014500,-0.977300, , , 
14234.000000,713997.000000,75549924.000000, , , ,-0.325195,-0.325195,-0.650391
14235.000000,714000.000000,75549924.000000,0.000000,-0.005800,-0.988900, , , 
14236.000000,714098.000000,75549924.000000, , , ,-0.325195,0.000000,-0.650391
14237.000000,714099.000000,75549924.000000,-0.002900,-0.031900,-0.965700, , , 
14238.000000,714199.000000,75549924.000000, , , ,-0.325195,-0.975586,-0.650391
14239.000000,714200.000000,75549924.000000,0.002900,-0.014500,-0.983100, , , 
14240.000000,714299.000000,75549924.000000,0.002900,-0.008700,-0.986000, , , 
14241.000000,714300.000000,75549924.000000, , , ,-0.975586,-0.325195,-0.650391
14242.000000,714400.000000,75549924.000000,0.000000,0.005800,-0.977300, , , 
14243.000000,714401.000000,75549924.000000, , , ,-0.975586,-0.325195,-0.325195
14244.000000,714492.000000,75549924.000000, , , ,-0.325195,0.325195,-0.650391
14245.000000,714499.000000,75549924.000000,0.000000,-0.014500,-0.991800, , , 
14246.000000,714593.000000,75549924.000000, , , ,-0.650391,-0.325195,-0.650391
14247.000000,714600.000000,75549924.000000,-0.005800,-0.017400,-0.988900, , , 
14248.000000,714694.000000,75549924.000000, , , ,-0.650391,-0.325195,-0.650391
14249.000000,714699.000000,75549924.000000,0.008700,0.000000,-0.971500, , , 
14250.000000,714795.000000,75549924.000000, , , ,-0.325195,-0.325195,-0.650391
14251.000000,714800.000000,75549924.000000,0.000000,-0.014500,-0.983100, , , 
14252.000000,714896.000000,75549924.000000, , , ,-0.650391,0.000000,-0.325195
14253.000000,714899.000000,75549924.000000,-0.008700,-0.002900,-0.997600, , , 
14254.000000,714997.000000,75549924.000000, , , ,-0.325195,0.000000,-0.650391
14255.000000,715000.000000,75549924.000000,0.008700,0.020300,-0.997600, , , 
14256.000000,715098.000000,75549924.000000, , , ,-0.325195,-0.650391,0.000000
14257.000000,715099.000000,75549924.000000,0.000000,-0.017400,-0.986000, , , 
14258.000000,715199.000000,75549924.000000, , , ,-0.650391,0.000000,-0.325195
14259.000000,715200.000000,75549924.000000,0.000000,-0.008700,-0.974400, , , 
14260.000000,715299.000000,75549924.000000,0.002900,-0.002900,-0.977300, , , 
14261.000000,715300.000000,75549924.000000, , , ,-0.325195,0.325195,-0.325195
14262.000000,715400.000000,75549924.000000,-0.005800,-0.005800,-0.991800, , , 
14263.000000,715401.000000,75549924.000000, , , ,0.000000,0.000000,0.000000
14264.000000,715492.000000,75549924.000000, , , ,0.000000,0.000000,-0.650391
14265.000000,715499.000000,75549924.000000,0.002900,0.011600,-0.991800, , , 
14266.000000,715593.000000,75549924.000000, , , ,0.325195,0.000000,-0.650391
14267.000000,715600.000000,75549924.000000,-0.017400,-0.014500,-1.023700, , , 
14268.000000,715694.000000,75549924.000000, , , ,-0.325195,0.000000,-0.650391
14269.000000,715699.000000,75549924.000000,0.005800,-0.026100,-0.988900, , , 
14270.000000,715795.000000,75549924.000000, , , ,0.000000,-0.650391,0.000000
14271.000000,715800.000000,75549924.000000,0.008700,0.014500,-0.916400, , , 
14272.000000,715896.000000,75549924.000000, , , ,-0.325195,0.000000,-0.650391
14273.000000,715899.000000,75549924.000000,-0.017400,-0.026100,-0.959900, , , 
14274.000000,715997.000000,75549924.000000, , , ,-1.300781,0.000000,-0.325195
14275.000000,716000.000000,75549924.000000,-0.002900,-0.055100,-1.017900, , , 
14276.000000,716098.000000,75549924.000000, , , ,-0.650391,0.000000,-0.650391
14277.000000,716099.000000,75549924.000000,0.002900,-0.014500,-1.006300, , , 
14278.000000,716199.000000,75549924.000000, , , ,-0.325195,0.000000,-0.650391
14279.000000,716200.000000,75549924.000000,0.002900,-0.014500,-0.986000, , , 
14280.000000,716299.000000,75549924.000000,-0.014500,-0.014500,-0.971500, , , 
14281.000000,716300.000000,75549924.000000, , , ,0.000000,-0.325195,-0.650391
14282.000000,716400.000000,75549924.000000,-0.002900,-0.029000,-0.994700, , , 
14283.000000,716401.000000,75549924.000000, , , ,-0.325195,0.000000,-0.975586
14284.000000,716492.000000,75549924.000000, , , ,-0.650391,0.000000,-0.975586
14285.000000,716499.000000,75549924.000000,0.011600,-0.046400,-0.994700, , , 
14286.000000,716593.000000,75549924.000000, , , ,0.000000,-0.650391,-0.975586
14287.000000,716600.000000,75549924.000000,0.002900,-0.002900,-0.951200, , , 
14288.000000,716694.000000,75549924.000000, , , ,-0.325195,0.000000,-0.650391
14289.000000,716699.000000,75549924.000000,-0.005800,-0.014500,-0.965700, , , 
14290.000000,716795.000000,75549924.000000, , , ,-0.650391,0.000000,-0.975586
14291.000000,716800.000000,75549924.000000,0.002900,-0.026100,-0.994700, , , 
14292.000000,716896.000000,75549924.000000, , , ,-0.325195,-0.325195,-0.975586
14293.000000,716899.000000,75549924.000000,0.000000,-0.040600,-1.003400, , , 
14294.000000,716997.000000,75549924.000000, , , ,-0.650391,0.000000,-0.975586
14295.000000,717000.000000,75549924.000000,-0.014500,-0.040600,-1.032400, , , 
14296.000000,717098.000000,75549924.000000, , , ,-0.650391,0.000000,-0.975586
14297.000000,717099.000000,75549924.000000,0.000000,-0.026100,-0.986000, , , 
14298.000000,717199.000000,75549924.000000, , , ,0.000000,0.000000,-0.650391
14299.000000,717200.000000,75549924.000000,0.000000,-0.011600,-0.991800, , , 
14300.000000,717299.000000,75549924.000000,0.008700,-0.023200,-0.974400, , , 
14301.000000,717300.000000,75549924.000000, , , ,-0.325195,0.000000,-0.650391
14302.000000,717400.000000,75549924.000000,0.000000,-0.020300,-0.980200, , , 
14303.000000,717401.000000,75549924.000000, , , ,-0.325195,-0.650391,-0.975586
14304.000000,717492.000000,75549924.000000, , , ,-0.975586,0.000000,-0.650391
14305.000000,717499.000000,75549924.000000,-0.008700,-0.011600,-1.003400, , , 
14306.000000,717593.000000,75549924.000000, , , ,-0.975586,0.650391,-0.650391
14307.000000,717600.000000,75549924.000000,0.000000,-0.020300,-1.041100, , , 
14308.000000,717694.000000,75549924.000000, , , ,-1.300781,0.000000,-0.325195
14309.000000,717699.000000,75549924.000000,0.020300,-0.008700,-0.986000, , , 
14310.000000,717795.000000,75549924.000000, , , ,-1.300781,-0.325195,0.000000
14311.000000,717800.000000,75549924.000000,0.008700,0.011600,-0.930900, , , 
14312.000000,717896.000000,75549924.000000, , , ,-0.650391,-0.650391,-0.325195
14313.000000,717899.000000,75549924.000000,0.002900,0.023200,-0.928000, , , 
14314.000000,717997.000000,75549924.000000, , , ,-0.325195,-0.325195,-0.650391
14315.000000,718000.000000,75549924.000000,-0.002900,-0.002900,-0.954100, , , 
14316.000000,718098.000000,75549924.000000, , , ,-0.650391,-0.325195,-0.650391
14317.000000,718099.000000,75549924.000000,0.002900,-0.023200,-1.000500, , , 
14318.000000,718199.000000,75549924.000000, , , ,-0.975586,0.000000,-0.325195
14319.000000,718200.000000,75549924.000000,0.000000,-0.008700,-0.997600, , , 
14320.000000,718299.000000,75549924.000000,0.002900,0.000000,-0.991800, , , 
14321.000000,718300.000000,75549924.000000, , , ,-0.650391,0.000000,-0.325195
14322.000000,718400.000000,75549924.000000,0.000000,0.000000,-1.003400, , , 
14323.000000,718401.000000,75549924.000000, , , ,0.000000,0.000000,-0.325195
14324.000000,718492.000000,75549924.000000, , , ,0.000000,0.000000,-0.650391
14325.000000,718499.000000,75549924.000000,0.020300,-0.008700,-0.997600, , , 
14326.000000,718593.000000,75549924.000000, , , ,-0.650391,-0.325195,-0.650391
14327.000000,718600.000000,75549924.000000,0.002900,-0.005800,-0.986000, , , 
14328.000000,718694.000000,75549924.000000, , , ,-0.650391,0.000000,-0.325195
14329.000000,718699.000000,75549924.000000,0.000000,-0.026100,-0.991800, , , 
14330.000000,718795.000000,75549924.000000, , , ,-0.650391,-0.325195,-0.650391
14331.000000,718800.000000,75549924.000000,0.017400,-0.005800,-0.991800, , , 
14332.000000,718896.000000,75549924.000000, , , ,-0.650391,0.000000,-0.975586
14333.000000,718899.000000,75549924.000000,0.008700,-0.005800,-0.991800, , , 
14334.000000,718997.000000,75549924.000000, , , ,-0.325195,-0.650391,-1.300781
14335.000000,719000.000000,75549924.000000,0.002900,-0.008700,-0.965700, , , 
14336.000000,719098.000000,75549924.000000, , , ,-0.325195,0.000000,-1.300781
14337.000000,719099.000000,75549924.000000,0.000000,-0.011600,-0.980200, , , 
14338.000000,719199.000000,75549924.000000, , , ,-0.650391,0.000000,0.000000
14339.000000,719200.000000,75549924.000000,0.008700,-0.014500,-0.974400, , , 
14340.000000,719299.000000,75549924.000000,-0.005800,-0.008700,-0.991800, , , 
14341.000000,719300.000000,75549924.000000, , , ,0.000000,0.000000,-0.325195
14342.000000,719400.000000,75549924.000000,0.005800,-0.014500,-1.003400, , , 
14343.000000,719401.000000,75549924.000000, , , ,-0.325195,0.325195,-0.325195
14344.000000,719492.000000,75549924.000000, , , ,-0.325195,-0.325195,-0.650391
14345.000000,719499.000000,75549924.000000,0.000000,-0.020300,-0.986000, , , 
14346.000000,719593.000000,75549924.000000, , , ,0.000000,-0.325195,-0.650391
14347.000000,719600.000000,75549924.000000,0.000000,-0.008700,-0.962800, , , 
14348.000000,719694.000000,75549924.000000, , , ,0.000000,0.000000,-0.650391
14349.000000,719699.000000,75549924.000000,0.000000,-0.017400,-0.988900, , , 
14350.000000,719795.000000,75549924.000000, , , ,-0.325195,-0.325195,-0.650391
14351.000000,719800.000000,75549924.000000,0.000000,-0.034800,-0.983100, , , 
14352.000000,719896.000000,75549924.000000, , , ,-0.975586,0.000000,-0.650391
14353.000000,719899.000000,75549924.000000,0.008700,-0.037700,-0.980200, , , 
14354.000000,719997.000000,75549924.000000, , , ,-0.975586,0.325195,-0.650391
14355.000000,720000.000000,75549924.000000,-0.002900,-0.008700,-0.997600, , , 
14356.000000,720098.000000,75549924.000000, , , ,-0.325195,0.000000,-0.650391
14357.000000,720099.000000,75549924.000000,0.011600,-0.002900,-0.980200, , , 
14358.000000,720199.000000,75549924.000000, , , ,-0.325195,0.000000,-0.650391
14359.000000,720200.000000,75549924.000000,0.000000,-0.014500,-0.971500, , , 
14360.000000,720299.000000,75549924.000000,0.011600,-0.031900,-0.994700, , , 
14361.000000,720300.000000,75549924.000000, , , ,-0.325195,0.000000,-0.650391
14362.000000,720400.000000,75549924.000000,-0.002900,-0.034800,-0.965700, , , 
14363.000000,720401.000000,75549924.000000, , , ,-0.325195,-0.325195,-0.650391
14364.000000,720492.000000,75549924.000000, , , ,-0.650391,0.000000,-0.650391
14365.000000,720499.000000,75549924.000000,0.000000,-0.011600,-0.971500, , , 
14366.000000,720593.000000,75549924.000000, , , ,-0.325195,-0.325195,-0.650391
14367.000000,720600.000000,75549924.000000,0.000000,-0.017400,-0.962800, , , 
14368.000000,720694.000000,75549924.000000, , , ,-0.325195,0.000000,-0.650391
14369.000000,720699.000000,75549924.000000,0.011600,-0.017400,-1.000500, , , 
14370.000000,720795.000000,75549924.000000, , , ,0.000000,-0.325195,-0.975586
14371.000000,720800.000000,75549924.000000,0.002900,0.000000,-1.003400, , , 
14372.000000,720896.000000,75549924.000000, , , ,0.000000,0.000000,-0.975586
14373.000000,720899.000000,75549924.000000,-0.005800,-0.034800,-0.991800, , , 
14374.000000,720997.000000,75549924.000000, , , ,-0.975586,0.000000,-0.650391
14375.000000,721000.000000,75549924.000000,0.000000,-0.034800,-1.032400, , , 
14376.000000,721098.000000,75549924.000000, , , ,-0.975586,0.000000,-0.650391
14377.000000,721099.000000,75549924.000000,0.011600,-0.037700,-1.012100, , , 
14378.000000,721199.000000,75549924.000000, , , ,-0.325195,-0.325195,0.000000
14379.000000,721200.000000,75549924.000000,0.005800,-0.014500,-0.951200, , , 
14380.000000,721299.000000,75549924.000000,-0.005800,-0.011600,-0.954100, , , 
14381.000000,721300.000000,75549924.000000, , , ,-0.650391,-0.325195,-0.650391
14382.000000,721400.000000,75549924.000000,0.008700,-0.020300,-0.974400, , , 
14383.000000,721401.000000,75549924.000000, , , ,-0.650391,-0.325195,-0.650391
14384.000000,721492.000000,75549924.000000, , , ,0.000000,0.000000,-0.975586
14385.000000,721499.000000,75549924.000000,-0.002900,-0.026100,-0.980200, , , 
14386.000000,721593.000000,75549924.000000, , , ,-0.325195,0.000000,-0.975586
14387.000000,721600.000000,75549924.000000,-0.005800,-0.011600,-1.009200, , , 
14388.000000,721694.000000,75549924.000000, , , ,-0.650391,0.000000,-0.325195
14389.000000,721699.000000,75549924.000000,0.011600,-0.037700,-0.980200, , , 
14390.000000,721795.000000,75549924.000000, , , ,-0.975586,-0.650391,-0.650391
14391.000000,721800.000000,75549924.000000,0.005800,-0.017400,-0.951200, , , 
14392.000000,721896.000000,75549924.000000, , , ,-1.300781,-0.975586,0.000000
14393.000000,721899.000000,75549924.000000,-0.005800,0.000000,-0.962800, , , 
14394.000000,721997.000000,75549924.000000, , , ,-0.325195,-0.325195,-0.650391
14395.000000,722000.000000,75549924.000000,-0.005800,0.008700,-0.988900, , , 
14396.000000,722098.000000,75549924.000000, , , ,-0.325195,0.000000,-0.650391
14397.000000,722099.000000,75549924.000000,0.005800,-0.005800,-1.009200, , , 
14398.000000,722199.000000,75549924.000000, , , ,-0.325195,0.000000,-0.650391
14399.000000,722200.000000,75549924.000000,0.000000,-0.002900,-1.000500, , , 
14400.000000,722299.000000,75549924.000000,0.011600,0.000000,-0.980200, , , 
14401.000000,722300.000000,75549924.000000, , , ,0.000000,-0.325195,-0.650391
14402.000000,722400.000000,75549924.000000,0.000000,-0.029000,-1.000500, , , 
14403.000000,722401.000000,75549924.000000, , , ,-1.300781,0.650391,0.000000
14404.000000,722492.000000,75549924.000000, , , ,-1.300781,0.000000,0.000000
14405.000000,722499.000000,75549924.000000,0.017400,-0.008700,-0.983100, , , 
14406.000000,722593.000000,75549924.000000, , , ,-0.975586,0.325195,-0.650391
14407.000000,722600.000000,75549924.000000,0.000000,0.011600,-1.020800, , , 
14408.000000,722694.000000,75549924.000000, , , ,-0.650391,-0.325195,-0.650391
14409.000000,722699.000000,75549924.000000,0.005800,-0.008700,-0.997600, , , 
14410.000000,722795.000000,75549924.000000, , , ,0.000000,-0.325195,-0.650391
14411.000000,722800.000000,75549924.000000,0.000000,-0.014500,-0.980200, , , 
14412.000000,722896.000000,75549924.000000, , , ,-0.650391,-0.650391,-0.650391
14413.000000,722899.000000,75549924.000000,0.011600,-0.008700,-0.942500, , , 
14414.000000,722997.000000,75549924.000000, , , ,0.000000,0.000000,-0.325195
14415.000000,723000.000000,75549924.000000,-0.005800,-0.020300,-1.000500, , , 
14416.000000,723098.000000,75549924.000000, , , ,-0.325195,-0.650391,-0.650391
14417.000000,723099.000000,75549924.000000,0.020300,-0.017400,-0.980200, , , 
14418.000000,723199.000000,75549924.000000, , , ,0.000000,-0.325195,0.000000
14419.000000,723200.000000,75549924.000000,-0.005800,-0.014500,-0.959900, , , 
14420.000000,723299.000000,75549924.000000,0.008700,-0.023200,-0.983100, , , 
14421.000000,723300.000000,75549924.000000, , , ,-0.650391,-0.650391,-0.325195
14422.000000,723400.000000,75549924.000000,0.000000,-0.029000,-0.991800, , , 
14423.000000,723401.000000,75549924.000000, , , ,-0.650391,0.000000,0.000000
14424.000000,723492.000000,75549924.000000, , , ,-0.650391,0.000000,-0.975586
14425.000000,723499.000000,75549924.000000,0.002900,-0.017400,-0.980200, , , 
14426.000000,723593.000000,75549924.000000, , , ,-0.650391,0.000000,-0.325195
14427.000000,723600.000000,75549924.000000,-0.002900,-0.014500,-0.997600, , , 
14428.000000,723694.000000,75549924.000000, , , ,-0.650391,0.325195,-0.325195
14429.000000,723699.000000,75549924.000000,0.005800,-0.008700,-1.009200, , , 
14430.000000,723795.000000,75549924.000000, , , ,-1.625977,-0.325195,-0.325195
14431.000000,723800.000000,75549924.000000,0.000000,-0.017400,-0.983100, , , 
14432.000000,723896.000000,75549924.000000, , , ,-0.975586,-0.650391,-0.650391
14433.000000,723899.000000,75549924.000000,-0.005800,-0.002900,-0.971500, , , 
14434.000000,723997.000000,75549924.000000, , , ,-0.325195,0.000000,-0.650391
14435.000000,724000.000000,75549924.000000,-0.008700,-0.011600,-0.980200, , , 
14436.000000,724098.000000,75549924.000000, , , ,-0.650391,0.000000,-0.975586
14437.000000,724099.000000,75549924.000000,0.000000,-0.020300,-0.991800, , , 
14438.000000,724199.000000,75549924.000000, , , ,-0.325195,-0.325195,-0.650391
14439.000000,724200.000000,75549924.000000,0.008700,-0.017400,-0.968600, , , 
14440.000000,724299.000000,75549924.000000,0.000000,-0.005800,-0.933800, , , 
14441.000000,724300.000000,75549924.000000, , , ,0.000000,-0.650391,-0.325195
14442.000000,724400.000000,75549924.000000,0.005800,-0.023200,-0.954100, , , 
14443.000000,724401.000000,75549924.000000, , , ,-0.650391,-0.650391,-0.650391
14444.000000,724492.000000,75549924.000000, , , ,0.000000,0.000000,-0.650391
14445.000000,724499.000000,75549924.000000,-0.017400,-0.014500,-0.991800, , , 
14446.000000,724593.000000,75549924.000000, , , ,0.000000,0.000000,-0.975586
14447.000000,724600.000000,75549924.000000,0.000000,-0.037700,-1.067200, , , 
14448.000000,724694.000000,75549924.000000, , , ,-0.975586,0.000000,-0.975586
14449.000000,724699.000000,75549924.000000,0.008700,-0.043500,-1.017900, , , 
14450.000000,724795.000000,75549924.000000, , , ,-0.650391,0.000000,-0.650391
14451.000000,724800.000000,75549924.000000,-0.005800,-0.034800,-0.962800, , , 
14452.000000,724896.000000,75549924.000000, , , ,-0.650391,0.325195,-0.975586
14453.000000,724899.000000,75549924.000000,-0.002900,-0.037700,-1.003400, , , 
14454.000000,724997.000000,75549924.000000, , , ,-0.650391,0.000000,-0.650391
14455.000000,725000.000000,75549924.000000,0.023200,-0.040600,-0.986000, , , 
14456.000000,725098.000000,75549924.000000, , , ,-0.975586,-0.650391,-0.650391
14457.000000,725099.000000,75549924.000000,0.002900,-0.031900,-0.957000, , , 
14458.000000,725199.000000,75549924.000000, , , ,-0.975586,-0.325195,-0.975586
14459.000000,725200.000000,75549924.000000,0.005800,-0.034800,-0.974400, , , 
14460.000000,725299.000000,75549924.000000,0.000000,-0.020300,-0.980200, , , 
14461.000000,725300.000000,75549924.000000, , , ,-0.975586,0.000000,-0.650391
14462.000000,725400.000000,75549924.000000,0.000000,-0.002900,-1.009200, , , 
14463.000000,725401.000000,75549924.000000, , , ,-1.300781,0.000000,-0.975586
14464.000000,725492.000000,75549924.000000, , , ,-0.650391,0.000000,-0.650391
14465.000000,725499.000000,75549924.000000,0.000000,-0.014500,-1.015000, , , 
14466.000000,725593.000000,75549924.000000, , , ,-0.975586,0.000000,-0.650391
14467.000000,725600.000000,75549924.000000,0.005800,-0.023200,-0.980200, , , 
14468.000000,725694.000000,75549924.000000, , , ,-1.300781,-0.650391,0.000000
14469.000000,725699.000000,75549924.000000,0.011600,-0.005800,-0.936700, , , 
14470.000000,725795.000000,75549924.000000, , , ,0.000000,-0.975586,-0.325195
14471.000000,725800.000000,75549924.000000,0.014500,-0.017400,-0.925100, , , 
14472.000000,725896.000000,75549924.000000, , , ,0.000000,0.000000,-0.325195
14473.000000,725899.000000,75549924.000000,-0.011600,0.000000,-0.986000, , , 
14474.000000,725997.000000,75549924.000000, , , ,0.000000,0.325195,-0.650391
14475.000000,726000.000000,75549924.000000,0.000000,-0.011600,-1.061400, , , 
14476.000000,726098.000000,75549924.000000, , , ,0.000000,0.000000,-0.325195
14477.000000,726099.000000,75549924.000000,0.014500,-0.014500,-1.046900, , , 
14478.000000,726199.000000,75549924.000000, , , ,0.000000,-0.650391,-0.325195
14479.000000,726200.000000,75549924.000000,0.011600,0.017400,-0.951200, , , 
14480.000000,726299.000000,75549924.000000,0.000000,-0.014500,-0.930900, , , 
14481.000000,726300.000000,75549924.000000, , , ,0.325195,-0.650391,-0.650391
14482.000000,726400.000000,75549924.000000,-0.011600,-0.031900,-0.986000, , , 
14483.000000,726401.000000,75549924.000000, , , ,0.000000,0.000000,-0.325195
14484.000000,726492.000000,75549924.000000, , , ,-1.300781,0.325195,-0.325195
14485.000000,726499.000000,75549924.000000,-0.017400,-0.020300,-1.029500, , , 
14486.000000,726593.000000,75549924.000000, , , ,-0.975586,0.325195,-0.325195
14487.000000,726600.000000,75549924.000000,0.000000,-0.020300,-1.017900, , , 
14488.000000,726694.000000,75549924.000000, , , ,-1.300781,0.000000,-0.325195
14489.000000,726699.000000,75549924.000000,0.014500,0.000000,-0.957000, , , 
14490.000000,726795.000000,75549924.000000, , , ,-0.650391,-0.325195,0.000000
14491.000000,726800.000000,75549924.000000,0.005800,0.000000,-0.939600, , , 
14492.000000,726896.000000,75549924.000000, , , ,-0.650391,-0.650391,-0.650391
14493.000000,726899.000000,75549924.000000,0.000000,-0.011600,-0.954100, , , 
14494.000000,726997.000000,75549924.000000, , , ,-0.325195,0.325195,-0.325195
14495.000000,727000.000000,75549924.000000,0.005800,0.000000,-1.009200, , , 
14496.000000,727098.000000,75549924.000000, , , ,-0.650391,0.000000,-0.325195
14497.000000,727099.000000,75549924.000000,0.005800,-0.005800,-1.023700, , , 
14498.000000,727199.000000,75549924.000000, , , ,-0.650391,0.000000,0.000000
14499.000000,727200.000000,75549924.000000,0.008700,-0.029000,-0.988900, , , 
14500.000000,727299.000000,75549924.000000,-0.008700,0.000000,-0.988900, , , 
14501.000000,727300.000000,75549924.000000, , , ,-0.650391,0.000000,-0.650391
14502.000000,727400.000000,75549924.000000,0.011600,-0.005800,-0.974400, , , 
14503.000000,727401.000000,75549924.000000, , , ,-0.325195,-0.650391,-0.325195
14504.000000,727492.000000,75549924.000000, , , ,0.000000,0.000000,-0.650391
14505.000000,727499.000000,75549924.000000,0.000000,0.000000,-0.991800, , , 
14506.000000,727593.000000,75549924.000000, , , ,-0.325195,0.325195,0.000000
14507.000000,727600.000000,75549924.000000,-0.005800,-0.023200,-1.023700, , , 
14508.000000,727694.000000,75549924.000000, , , ,-0.325195,0.000000,-0.650391
14509.000000,727699.000000,75549924.000000,-0.002900,-0.026100,-1.020800, , , 
14510.000000,727795.000000,75549924.000000, , , ,-0.325195,0.000000,-0.650391
14511.000000,727800.000000,75549924.000000,0.020300,-0.031900,-0.991800, , , 
14512.000000,727896.000000,75549924.000000, , , ,-1.300781,-0.975586,-0.650391
14513.000000,727899.000000,75549924.000000,0.000000,-0.049300,-0.945400, , , 
14514.000000,727997.000000,75549924.000000, , , ,-0.975586,-0.325195,-0.975586
14515.000000,728000.000000,75549924.000000,0.000000,-0.023200,-0.945400, , , 
14516.000000,728098.000000,75549924.000000, , , ,-0.975586,-0.650391,-0.975586
14517.000000,728099.000000,75549924.000000,0.002900,-0.026100,-0.942500, , , 
14518.000000,728199.000000,75549924.000000, , , ,-1.300781,0.000000,-0.650391
14519.000000,728200.000000,75549924.000000,-0.005800,-0.037700,-0.980200, , , 
14520.000000,728299.000000,75549924.000000,0.000000,-0.026100,-1.006300, , , 
14521.000000,728300.000000,75549924.000000, , , ,-0.975586,0.000000,-0.650391
14522.000000,728400.000000,75549924.000000,0.000000,-0.023200,-1.026600, , , 
14523.000000,728401.000000,75549924.000000, , , ,-1.300781,0.000000,-0.975586
14524.000000,728492.000000,75549924.000000, , , ,-0.325195,0.000000,-0.975586
14525.000000,728499.000000,75549924.000000,0.017400,-0.020300,-0.991800, , , 
14526.000000,728593.000000,75549924.000000, , , ,0.000000,0.000000,-0.325195
14527.000000,728600.000000,75549924.000000,-0.002900,-0.023200,-0.971500, , , 
14528.000000,728694.000000,75549924.000000, , , ,-0.325195,0.000000,-0.975586
14529.000000,728699.000000,75549924.000000,0.005800,-0.052200,-0.991800, , , 
14530.000000,728795.000000,75549924.000000, , , ,-0.650391,0.000000,-0.975586
14531.000000,728800.000000,75549924.000000,0.008700,-0.043500,-0.997600, , , 
14532.000000,728896.000000,75549924.000000, , , ,-0.975586,-0.650391,-0.975586
14533.000000,728899.000000,75549924.000000,0.008700,-0.020300,-0.965700, , , 
14534.000000,728997.000000,75549924.000000, , , ,-1.300781,-0.325195,-0.650391
14535.000000,729000.000000,75549924.000000,0.000000,-0.029000,-0.959900, , , 
14536.000000,729098.000000,75549924.000000, , , ,-0.975586,0.000000,-0.650391
14537.000000,729099.000000,75549924.000000,0.002900,-0.014500,-0.991800, , , 
14538.000000,729199.000000,75549924.000000, , , ,-0.325195,0.000000,-0.650391
14539.000000,729200.000000,75549924.000000,0.000000,0.000000,-0.983100, , , 
14540.000000,729299.000000,75549924.000000,0.000000,-0.020300,-0.994700, , , 
14541.000000,729300.000000,75549924.000000, , , ,0.000000,0.000000,-0.650391
14542.000000,729400.000000,75549924.000000,-0.005800,-0.023200,-1.003400, , , 
14543.000000,729401.000000,75549924.000000, , , ,-0.650391,0.000000,-0.325195
14544.000000,729492.000000,75549924.000000, , , ,-0.975586,0.325195,-0.325195
14545.000000,729499.000000,75549924.000000,0.000000,-0.002900,-1.026600, , , 
14546.000000,729593.000000,75549924.000000, , , ,-0.325195,0.000000,-0.325195
14547.000000,729600.000000,75549924.000000,0.020300,0.014500,-1.020800, , , 
14548.000000,729694.000000,75549924.000000, , , ,-0.650391,0.000000,-0.650391
14549.000000,729699.000000,75549924.000000,0.034800,0.000000,-0.977300, , , 
14550.000000,729795.000000,75549924.000000, , , ,-0.325195,-0.325195,-0.650391
14551.000000,729800.000000,75549924.000000,0.008700,0.000000,-0.930900, , , 
14552.000000,729896.000000,75549924.000000, , , ,-0.650391,-0.650391,-0.650391
14553.000000,729899.000000,75549924.000000,-0.005800,-0.008700,-0.942500, , , 
14554.000000,729997.000000,75549924.000000, , , ,-0.650391,0.000000,-0.650391
14555.000000,730000.000000,75549924.000000,-0.002900,-0.002900,-1.006300, , , 
14556.000000,730098.000000,75549924.000000, , , ,-0.975586,0.000000,0.000000
14557.000000,730099.000000,75549924.000000,0.008700,-0.011600,-1.000500, , , 
14558.000000,730199.000000,75549924.000000, , , ,-0.325195,0.000000,-0.650391
14559.000000,730200.000000,75549924.000000,0.005800,-0.005800,-0.980200, , , 
14560.000000,730299.000000,75549924.000000,-0.008700,-0.002900,-0.980200, , , 
14561.000000,730300.000000,75549924.000000, , , ,0.000000,-0.650391,-0.975586
14562.000000,730400.000000,75549924.000000,0.000000,-0.002900,-0.994700, , , 
14563.000000,730401.000000,75549924.000000, , , ,0.325195,-0.325195,-0.975586
14564.000000,730492.000000,75549924.000000, , , ,0.000000,0.000000,-0.650391
14565.000000,730499.000000,75549924.000000,0.005800,0.000000,-0.994700, , , 
14566.000000,730593.000000,75549924.000000, , , ,-0.325195,0.000000,-0.650391
14567.000000,730600.000000,75549924.000000,0.000000,-0.017400,-0.991800, , , 
14568.000000,730694.000000,75549924.000000, , , ,0.000000,0.000000,-0.650391
14569.000000,730699.000000,75549924.000000,-0.008700,-0.020300,-0.986000, , , 
14570.000000,730795.000000,75549924.000000, , , ,-0.650391,0.325195,0.000000
14571.000000,730800.000000,75549924.000000,0.002900,-0.008700,-1.000500, , , 
14572.000000,730896.000000,75549924.000000, , , ,0.000000,0.000000,0.000000
14573.000000,730899.000000,75549924.000000,0.008700,-0.029000,-1.006300, , , 
14574.000000,730997.000000,75549924.000000, , , ,-0.325195,0.000000,-0.650391
14575.000000,731000.000000,75549924.000000,0.000000,0.008700,-0.983100, , , 
14576.000000,731098.000000,75549924.000000, , , ,-0.325195,0.325195,-0.325195
14577.000000,731099.000000,75549924.000000,-0.002900,-0.011600,-0.994700, , , 
14578.000000,731199.000000,75549924.000000, , , ,-0.975586,0.000000,-0.650391
14579.000000,731200.000000,75549924.000000,0.002900,-0.020300,-0.988900, , , 
14580.000000,731299.000000,75549924.000000,0.000000,-0.002900,-0.988900, , , 
14581.000000,731300.000000,75549924.000000, , , ,-1.300781,0.000000,-0.325195
14582.000000,731400.000000,75549924.000000,-0.008700,0.000000,-1.006300, , , 
14583.000000,731401.000000,75549924.000000, , , ,-1.300781,0.000000,0.000000
14584.000000,731492.000000,75549924.000000, , , ,-1.300781,0.000000,-0.650391
14585.000000,731499.000000,75549924.000000,0.011600,0.000000,-0.994700, , , 
14586.000000,731593.000000,75549924.000000, , , ,-0.325195,-0.650391,-0.325195
14587.000000,731600.000000,75549924.000000,0.005800,0.011600,-0.939600, , , 
14588.000000,731694.000000,75549924.000000, , , ,-0.325195,-0.325195,-0.325195
14589.000000,731699.000000,75549924.000000,-0.002900,0.005800,-0.957000, , , 
14590.000000,731795.000000,75549924.000000, , , ,-0.325195,0.000000,0.000000
14591.000000,731800.000000,75549924.000000,0.000000,0.011600,-0.986000, , , 
14592.000000,731896.000000,75549924.000000, , , ,-0.975586,0.000000,-0.325195
14593.000000,731899.000000,75549924.000000,0.000000,-0.002900,-1.020800, , , 
14594.000000,731997.000000,75549924.000000, , , ,-0.975586,-0.325195,0.325195
14595.000000,732000.000000,75549924.000000,0.011600,0.002900,-0.986000, , , 
14596.000000,732098.000000,75549924.000000, , , ,-0.975586,-0.975586,-0.325195
14597.000000,732099.000000,75549924.000000,0.002900,0.008700,-0.962800, , , 
14598.000000,732199.000000,75549924.000000, , , ,-0.650391,0.000000,-0.325195
14599.000000,732200.000000,75549924.000000,-0.002900,0.008700,-0.986000, , , 
14600.000000,732299.000000,75549924.000000,0.000000,-0.014500,-1.009200, , , 
14601.000000,732300.000000,75549924.000000, , , ,-0.975586,0.000000,0.000000
14602.000000,732400.000000,75549924.000000,0.011600,0.017400,-0.968600, , , 
14603.000000,732401.000000,75549924.000000, , , ,-0.325195,0.000000,-0.325195
14604.000000,732492.000000,75549924.000000, , , ,-0.325195,0.000000,-0.325195
14605.000000,732499.000000,75549924.000000,0.000000,0.002900,-0.983100, , , 
14606.000000,732593.000000,75549924.000000, , , ,0.000000,0.000000,0.000000
14607.000000,732600.000000,75549924.000000,-0.005800,0.005800,-0.983100, , , 
14608.000000,732694.000000,75549924.000000, , , ,-0.650391,0.000000,-0.650391
14609.000000,732699.000000,75549924.000000,0.008700,0.008700,-0.991800, , , 
14610.000000,732795.000000,75549924.000000, , , ,-0.325195,0.000000,-0.650391
14611.000000,732800.000000,75549924.000000,0.000000,0.000000,-0.994700, , , 
14612.000000,732896.000000,75549924.000000, , , ,-0.325195,-0.325195,0.000000
14613.000000,732901.000000,75549924.000000,0.002900,-0.002900,-0.968600, , , 
14614.000000,732996.000000,75549924.000000, , , ,-0.975586,0.000000,-0.650391
14615.000000,732999.000000,75549924.000000,-0.005800,-0.017400,-0.971500, , , 
14616.000000,733097.000000,75549924.000000, , , ,-0.975586,0.000000,0.000000
14617.000000,733100.000000,75549924.000000,0.000000,-0.008700,-0.980200, , , 
14618.000000,733198.000000,75549924.000000, , , ,-1.300781,-0.325195,-0.325195
14619.000000,733199.000000,75549924.000000,0.005800,0.008700,-1.006300, , , 
14620.000000,733299.000000,75549924.000000, , , ,-0.975586,0.325195,-0.650391
14621.000000,733300.000000,75549924.000000,0.002900,0.002900,-1.017900, , , 
14622.000000,733399.000000,75549924.000000,0.011600,0.000000,-0.959900, , , 
14623.000000,733400.000000,75549924.000000, , , ,-0.975586,-0.325195,-0.325195
14624.000000,733500.000000,75549924.000000,0.000000,0.011600,-0.939600, , , 
14625.000000,733501.000000,75549924.000000, , , ,-0.325195,-0.975586,-0.975586
14626.000000,733592.000000,75549924.000000, , , ,0.000000,-0.325195,-0.650391
14627.000000,733599.000000,75549924.000000,0.000000,-0.005800,-0.968600, , , 
14628.000000,733693.000000,75549924.000000, , , ,0.325195,0.000000,-0.975586
14629.000000,733700.000000,75549924.000000,0.002900,0.000000,-0.994700, , , 
14630.000000,733794.000000,75549924.000000, , , ,-0.325195,0.325195,-0.650391
14631.000000,733799.000000,75549924.000000,0.005800,-0.014500,-1.003400, , , 
14632.000000,733895.000000,75549924.000000, , , ,-0.325195,-0.650391,-0.650391
14633.000000,733900.000000,75549924.000000,0.008700,0.000000,-0.957000, , , 
14634.000000,733996.000000,75549924.000000, , , ,-0.325195,0.000000,-0.650391
14635.000000,733999.000000,75549924.000000,-0.005800,-0.023200,-1.006300, , , 
14636.000000,734097.000000,75549924.000000, , , ,-0.975586,0.000000,-0.325195
14637.000000,734100.000000,75549924.000000,0.017400,-0.014500,-1.012100, , , 
14638.000000,734198.000000,75549924.000000, , , ,0.000000,-0.975586,-0.975586
14639.000000,734199.000000,75549924.000000,0.014500,0.000000,-0.959900, , , 
14640.000000,734299.000000,75549924.000000, , , ,-0.325195,-0.325195,-0.975586
14641.000000,734300.000000,75549924.000000,0.000000,-0.014500,-0.977300, , , 
14642.000000,734399.000000,75549924.000000,0.000000,-0.023200,-1.006300, , , 
14643.000000,734400.000000,75549924.000000, , , ,-0.650391,0.000000,-0.650391
14644.000000,734500.000000,75549924.000000,0.002900,-0.026100,-1.020800, , , 
14645.000000,734501.000000,75549924.000000, , , ,-0.975586,0.975586,-0.650391
14646.000000,734592.000000,75549924.000000, , , ,-0.975586,-0.325195,-0.325195
14647.000000,734599.000000,75549924.000000,0.020300,-0.005800,-0.994700, , , 
14648.000000,734693.000000,75549924.000000, , , ,0.000000,-0.325195,-0.650391
14649.000000,734700.000000,75549924.000000,0.005800,-0.011600,-0.962800, , , 
14650.000000,734794.000000,75549924.000000, , , ,-0.325195,-0.325195,-0.975586
14651.000000,734799.000000,75549924.000000,0.000000,-0.008700,-0.977300, , , 
14652.000000,734895.000000,75549924.000000, , , ,-0.325195,-0.325195,-0.975586
14653.000000,734900.000000,75549924.000000,0.000000,-0.020300,-1.000500, , , 
14654.000000,734996.000000,75549924.000000, , , ,-1.300781,0.000000,-0.650391
14655.000000,734999.000000,75549924.000000,0.011600,-0.011600,-1.000500, , , 
14656.000000,735097.000000,75549924.000000, , , ,-0.975586,0.000000,-0.325195
14657.000000,735100.000000,75549924.000000,-0.005800,-0.002900,-0.997600, , , 
14658.000000,735198.000000,75549924.000000, , , ,0.000000,0.000000,-0.325195
14659.000000,735199.000000,75549924.000000,0.014500,0.005800,-0.980200, , , 
14660.000000,735299.000000,75549924.000000, , , ,0.000000,-0.325195,-0.650391
14661.000000,735300.000000,75549924.000000,0.014500,0.017400,-0.951200, , , 
14662.000000,735399.000000,75549924.000000,0.017400,-0.008700,-0.965700, , , 
14663.000000,735400.000000,75549924.000000, , , ,0.000000,0.000000,0.000000
14664.000000,735500.000000,75549924.000000,0.005800,0.000000,-0.997600, , , 
14665.000000,735501.000000,75549924.000000, , , ,0.000000,0.000000,0.000000
14666.000000,735592.000000,75549924.000000, , , ,0.000000,0.000000,-0.325195
14667.000000,735599.000000,75549924.000000,0.011600,0.005800,-0.997600, , , 
14668.000000,735693.000000,75549924.000000, , , ,-0.650391,0.000000,-0.650391
14669.000000,735700.000000,75549924.000000,0.000000,-0.020300,-1.009200, , , 
14670.000000,735794.000000,75549924.000000, , , ,-1.300781,0.325195,-0.325195
14671.000000,735799.000000,75549924.000000,0.008700,-0.020300,-1.000500, , , 
14672.000000,735895.000000,75549924.000000, , , ,-1.300781,-0.975586,-0.975586
14673.000000,735900.000000,75549924.000000,0.014500,0.005800,-0.986000, , , 
14674.000000,735996.000000,75549924.000000, , , ,0.000000,-0.650391,-0.325195
14675.000000,735999.000000,75549924.000000,0.020300,0.002900,-0.951200, , , 
14676.000000,736097.000000,75549924.000000, , , ,0.000000,-0.650391,-0.650391
14677.000000,736100.000000,75549924.000000,-0.002900,0.000000,-0.948300, , , 
14678.000000,736198.000000,75549924.000000, , , ,-0.325195,0.325195,0.000000
14679.000000,736199.000000,75549924.000000,0.000000,-0.026100,-1.006300, , , 
14680.000000,736299.000000,75549924.000000, , , ,-1.625977,0.325195,-0.325195
14681.000000,736300.000000,75549924.000000,0.023200,-0.011600,-1.012100, , , 
14682.000000,736399.000000,75549924.000000,0.002900,0.005800,-0.991800, , , 
14683.000000,736400.000000,75549924.000000, , , ,-1.300781,0.000000,-0.325195
14684.000000,736500.000000,75549924.000000,0.029000,0.000000,-0.962800, , , 
14685.000000,736501.000000,75549924.000000, , , ,-0.325195,-0.325195,-0.650391
14686.000000,736592.000000,75549924.000000, , , ,0.000000,-0.325195,-0.650391
14687.000000,736599.000000,75549924.000000,0.005800,-0.005800,-0.968600, , , 
14688.000000,736693.000000,75549924.000000, , , ,-0.325195,0.000000,-0.650391
14689.000000,736700.000000,75549924.000000,0.005800,-0.008700,-0.983100, , , 
14690.000000,736794.000000,75549924.000000, , , ,-0.325195,0.000000,-0.650391
14691.000000,736799.000000,75549924.000000,0.008700,-0.011600,-1.012100, , , 
14692.000000,736895.000000,75549924.000000, , , ,-0.650391,0.000000,-0.650391
14693.000000,736900.000000,75549924.000000,0.008700,-0.002900,-0.991800, , , 
14694.000000,736996.000000,75549924.000000, , , ,0.000000,0.000000,-0.325195
14695.000000,736999.000000,75549924.000000,0.002900,0.000000,-0.991800, , , 
14696.000000,737097.000000,75549924.000000, , , ,-0.325195,0.000000,-0.975586
14697.000000,737100.000000,75549924.000000,0.005800,-0.023200,-1.015000, , , 
14698.000000,737198.000000,75549924.000000, , , ,-0.975586,-0.325195,-0.325195
14699.000000,737199.000000,75549924.000000,0.017400,-0.020300,-1.006300, , , 
14700.000000,737299.000000,75549924.000000, , , ,-1.300781,0.000000,-0.650391
14701.000000,737300.000000,75549924.000000,0.011600,-0.011600,-0.980200, , , 
14702.000000,737399.000000,75549924.000000,0.002900,0.000000,-0.945400, , , 
14703.000000,737400.000000,75549924.000000, , , ,-0.975586,-0.650391,-0.975586
14704.000000,737500.000000,75549924.000000,-0.014500,-0.014500,-0.986000, , , 
14705.000000,737501.000000,75549924.000000, , , ,-0.325195,-0.650391,-0.650391
14706.000000,737592.000000,75549924.000000, , , ,-0.650391,0.000000,-0.650391
14707.000000,737599.000000,75549924.000000,0.005800,0.002900,-0.991800, , , 
14708.000000,737693.000000,75549924.000000, , , ,0.000000,-0.325195,-0.975586
14709.000000,737700.000000,75549924.000000,0.002900,-0.011600,-0.971500, , , 
14710.000000,737794.000000,75549924.000000, , , ,0.000000,0.000000,-0.650391
14711.000000,737799.000000,75549924.000000,0.000000,-0.005800,-0.983100, , , 
14712.000000,737895.000000,75549924.000000, , , ,0.000000,0.000000,-0.975586
14713.000000,737900.000000,75549924.000000,0.000000,-0.031900,-1.023700, , , 
14714.000000,737996.000000,75549924.000000, , , ,0.325195,0.000000,-0.975586
14715.000000,737999.000000,75549924.000000,0.011600,-0.011600,-1.012100, , , 
14716.000000,738097.000000,75549924.000000, , , ,-0.325195,-0.325195,-0.650391
14717.000000,738100.000000,75549924.000000,0.011600,-0.023200,-0.965700, , , 
14718.000000,738198.000000,75549924.000000, , , ,-0.325195,-0.650391,-0.650391
14719.000000,738199.000000,75549924.000000,0.005800,-0.031900,-0.936700, , , 
14720.000000,738299.000000,75549924.000000, , , ,0.000000,0.000000,-0.650391
14721.000000,738300.000000,75549924.000000,-0.005800,-0.008700,-0.971500, , , 
14722.000000,738399.000000,75549924.000000,0.014500,-0.017400,-1.000500, , , 
14723.000000,738400.000000,75549924.000000, , , ,-0.650391,0.000000,-0.650391
14724.000000,738500.000000,75549924.000000,0.005800,-0.023200,-1.006300, , , 
14725.000000,738501.000000,75549924.000000, , , ,-0.325195,0.000000,-0.650391
14726.000000,738592.000000,75549924.000000, , , ,-0.975586,0.000000,-0.325195
14727.000000,738599.000000,75549924.000000,0.008700,0.000000,-0.980200, , , 
14728.000000,738693.000000,75549924.000000, , , ,-0.325195,0.000000,-0.975586
14729.000000,738700.000000,75549924.000000,0.000000,0.000000,-0.977300, , , 
14730.000000,738794.000000,75549924.000000, , , ,0.000000,0.000000,-0.650391
14731.000000,738799.000000,75549924.000000,0.017400,-0.005800,-0.991800, , , 
14732.000000,738895.000000,75549924.000000, , , ,-0.325195,0.000000,-0.650391
14733.000000,738900.000000,75549924.000000,0.002900,-0.029000,-1.000500, , , 
14734.000000,738996.000000,75549924.000000, , , ,-0.325195,0.000000,-0.975586
14735.000000,738999.000000,75549924.000000,0.005800,0.000000,-1.017900, , , 
14736.000000,739097.000000,75549924.000000, , , ,-1.300781,0.000000,-0.325195
14737.000000,739100.000000,75549924.000000,0.008700,-0.008700,-0.997600, , , 
14738.000000,739198.000000,75549924.000000, , , ,-0.975586,0.000000,-0.325195
14739.000000,739199.000000,75549924.000000,0.000000,-0.011600,-0.977300, , , 
14740.000000,739299.000000,75549924.000000, , , ,0.000000,-0.975586,-0.975586
14741.000000,739300.000000,75549924.000000,0.011600,-0.011600,-0.951200, , , 
14742.000000,739399.000000,75549924.000000,0.011600,-0.014500,-0.945400, , , 
14743.000000,739400.000000,75549924.000000, , , ,0.000000,-0.975586,-0.975586
14744.000000,739500.000000,75549924.000000,-0.005800,-0.031900,-0.986000, , , 
14745.000000,739501.000000,75549924.000000, , , ,0.000000,0.000000,-0.650391
14746.000000,739592.000000,75549924.000000, , , ,-0.650391,0.325195,-0.650391
14747.000000,739599.000000,75549924.000000,-0.017400,-0.020300,-1.026600, , , 
14748.000000,739693.000000,75549924.000000, , , ,-0.325195,-0.325195,-0.975586
14749.000000,739700.000000,75549924.000000,0.017400,-0.023200,-0.983100, , , 
14750.000000,739794.000000,75549924.000000, , , ,-0.650391,-0.650391,-0.650391
14751.000000,739799.000000,75549924.000000,0.000000,-0.020300,-0.971500, , , 
14752.000000,739895.000000,75549924.000000, , , ,-0.650391,-0.325195,-0.975586
14753.000000,739900.000000,75549924.000000,0.008700,-0.011600,-0.986000, , , 
14754.000000,739996.000000,75549924.000000, , , ,0.000000,-0.325195,-0.975586
14755.000000,739999.000000,75549924.000000,0.000000,-0.023200,-0.965700, , , 
14756.000000,740097.000000,75549924.000000, , , ,-0.975586,0.000000,-0.325195
14757.000000,740100.000000,75549924.000000,0.005800,-0.031900,-0.986000, , , 
14758.000000,740198.000000,75549924.000000, , , ,-1.300781,0.000000,-0.325195
14759.000000,740199.000000,75549924.000000,-0.011600,-0.005800,-1.006300, , , 
14760.000000,740299.000000,75549924.000000, , , ,-0.975586,0.000000,0.000000
14761.000000,740300.000000,75549924.000000,0.037700,-0.020300,-0.994700, , , 
14762.000000,740399.000000,75549924.000000,-0.005800,-0.005800,-0.945400, , , 
14763.000000,740400.000000,75549924.000000, , , ,-0.325195,-0.325195,-0.325195
14764.000000,740500.000000,75549924.000000,0.000000,-0.002900,-0.965700, , , 
14765.000000,740501.000000,75549924.000000, , , ,-0.650391,0.000000,-0.975586
14766.000000,740592.000000,75549924.000000, , , ,-0.975586,0.000000,-0.325195
14767.000000,740599.000000,75549924.000000,-0.002900,-0.029000,-1.000500, , , 
14768.000000,740693.000000,75549924.000000, , , ,-0.650391,0.325195,-0.650391
14769.000000,740700.000000,75549924.000000,0.014500,-0.002900,-1.026600, , , 
14770.000000,740794.000000,75549924.000000, , , ,0.000000,-0.325195,-0.650391
14771.000000,740799.000000,75549924.000000,0.008700,-0.008700,-1.000500, , , 
14772.000000,740895.000000,75549924.000000, , , ,-0.325195,0.000000,-0.325195
14773.000000,740900.000000,75549924.000000,0.000000,-0.034800,-0.986000, , , 
14774.000000,740996.000000,75549924.000000, , , ,-0.650391,-0.325195,-0.975586
14775.000000,740999.000000,75549924.000000,0.008700,-0.005800,-0.959900, , , 
14776.000000,741097.000000,75549924.000000, , , ,-0.975586,-0.325195,-0.325195
14777.000000,741100.000000,75549924.000000,0.008700,-0.017400,-0.962800, , , 
14778.000000,741198.000000,75549924.000000, , , ,-0.650391,-0.325195,-0.650391
14779.000000,741199.000000,75549924.000000,0.011600,0.005800,-0.962800, , , 
14780.000000,741299.000000,75549924.000000, , , ,-0.325195,0.000000,-0.650391
14781.000000,741300.000000,75549924.000000,0.000000,0.005800,-0.983100, , , 
14782.000000,741399.000000,75549924.000000,0.005800,0.000000,-1.012100, , , 
14783.000000,741400.000000,75549924.000000, , , ,-0.650391,0.000000,-0.325195
14784.000000,741500.000000,75549924.000000,0.008700,0.008700,-0.997600, , , 
14785.000000,741501.000000,75549924.000000, , , ,-0.650391,0.000000,-0.325195
14786.000000,741592.000000,75549924.000000, , , ,-0.325195,0.000000,0.000000
14787.000000,741599.000000,75549924.000000,0.005800,0.008700,-0.977300, , , 
14788.000000,741693.000000,75549924.000000, , , ,0.000000,0.000000,-0.325195
14789.000000,741700.000000,75549924.000000,0.000000,0.000000,-0.980200, , , 
14790.000000,741794.000000,75549924.000000, , , ,-0.325195,-0.325195,-0.325195
14791.000000,741799.000000,75549924.000000,0.011600,0.002900,-0.959900, , , 
14792.000000,741895.000000,75549924.000000, , , ,-0.650391,-0.325195,-0.325195
14793.000000,741900.000000,75549924.000000,0.000000,-0.002900,-0.965700, , , 
14794.000000,741996.000000,75549924.000000, , , ,-0.975586,0.325195,0.000000
14795.000000,741999.000000,75549924.000000,-0.014500,0.005800,-1.020800, , , 
14796.000000,742097.000000,75549924.000000, , , ,-0.650391,0.000000,-0.325195
14797.000000,742100.000000,75549924.000000,0.017400,0.011600,-1.017900, , , 
14798.000000,742198.000000,75549924.000000, , , ,0.325195,0.325195,-0.650391
14799.000000,742199.000000,75549924.000000,0.014500,0.020300,-0.983100, , , 
14800.000000,742299.000000,75549924.000000, , , ,0.000000,0.000000,-0.650391
14801.000000,742300.000000,75549924.000000,0.002900,-0.005800,-0.957000, , , 
14802.000000,742399.000000,75549924.000000,-0.005800,-0.014500,-0.994700, , , 
14803.000000,742400.000000,75549924.000000, , , ,-0.325195,-0.325195,-0.325195
14804.000000,742500.000000,75549924.000000,0.017400,-0.005800,-0.988900, , , 
14805.000000,742501.000000,75549924.000000, , , ,-0.650391,0.000000,-0.650391
14806.000000,742592.000000,75549924.000000, , , ,-0.325195,-0.975586,-0.325195
14807.000000,742599.000000,75549924.000000,0.008700,0.000000,-0.971500, , , 
14808.000000,742693.000000,75549924.000000, , , ,0.000000,0.000000,-0.650391
14809.000000,742700.000000,75549924.000000,0.000000,-0.014500,-0.988900, , , 
14810.000000,742794.000000,75549924.000000, , , ,-0.650391,0.000000,-0.650391
14811.000000,742799.000000,75549924.000000,0.005800,-0.011600,-1.023700, , , 
14812.000000,742895.000000,75549924.000000, , , ,-0.325195,-0.325195,-0.975586
14813.000000,742900.000000,75549924.000000,0.014500,0.000000,-0.980200, , , 
14814.000000,742996.000000,75549924.000000, , , ,-0.650391,-0.975586,-0.325195
14815.000000,742999.000000,75549924.000000,0.011600,-0.008700,-0.939600, , , 
14816.000000,743097.000000,75549924.000000, , , ,0.000000,-0.325195,-0.650391
14817.000000,743100.000000,75549924.000000,0.000000,0.005800,-0.957000, , , 
14818.000000,743198.000000,75549924.000000, , , ,0.000000,0.000000,-0.650391
14819.000000,743199.000000,75549924.000000,0.005800,-0.011600,-1.000500, , , 
14820.000000,743299.000000,75549924.000000, , , ,-0.325195,0.325195,-0.650391
14821.000000,743300.000000,75549924.000000,0.005800,-0.011600,-1.012100, , , 
14822.000000,743399.000000,75549924.000000,0.005800,-0.040600,-1.012100, , , 
14823.000000,743400.000000,75549924.000000, , , ,-0.650391,0.325195,0.000000
14824.000000,743500.000000,75549924.000000,0.020300,-0.020300,-0.986000, , , 
14825.000000,743501.000000,75549924.000000, , , ,-0.975586,-0.650391,-0.325195
14826.000000,743592.000000,75549924.000000, , , ,-0.325195,-0.325195,-0.325195
14827.000000,743599.000000,75549924.000000,0.000000,0.002900,-0.962800, , , 
14828.000000,743693.000000,75549924.000000, , , ,0.000000,0.000000,-0.650391
14829.000000,743700.000000,75549924.000000,-0.002900,-0.011600,-0.983100, , , 
14830.000000,743794.000000,75549924.000000, , , ,-0.650391,0.000000,-0.325195
14831.000000,743799.000000,75549924.000000,0.011600,-0.011600,-1.009200, , , 
14832.000000,743895.000000,75549924.000000, , , ,-0.975586,-0.325195,-0.325195
14833.000000,743900.000000,75549924.000000,0.000000,-0.026100,-0.997600, , , 
14834.000000,743996.000000,75549924.000000, , , ,-0.975586,0.000000,-0.650391
14835.000000,743999.000000,75549924.000000,0.005800,-0.011600,-0.997600, , , 
14836.000000,744097.000000,75549924.000000, , , ,-0.325195,0.000000,-0.650391
14837.000000,744100.000000,75549924.000000,0.017400,-0.034800,-0.988900, , , 
14838.000000,744198.000000,75549924.000000, , , ,0.000000,0.000000,-0.975586
14839.000000,744199.000000,75549924.000000,0.008700,-0.017400,-0.983100, , , 
14840.000000,744299.000000,75549924.000000, , , ,-0.325195,-0.325195,-0.975586
14841.000000,744300.000000,75549924.000000,0.011600,-0.026100,-0.974400, , , 
14842.000000,744399.000000,75549924.000000,0.011600,-0.031900,-0.959900, , , 
14843.000000,744400.000000,75549924.000000, , , ,-0.325195,-0.325195,-0.975586
14844.000000,744500.000000,75549924.000000,0.000000,-0.040600,-0.974400, , , 
14845.000000,744501.000000,75549924.000000, , , ,-0.650391,-0.650391,-1.300781
14846.000000,744592.000000,75549924.000000, , , ,-0.650391,0.000000,-0.650391
14847.000000,744599.000000,75549924.000000,0.002900,-0.037700,-1.003400, , , 
14848.000000,744693.000000,75549924.000000, , , ,-0.650391,0.000000,-0.975586
14849.000000,744700.000000,75549924.000000,0.000000,-0.029000,-1.020800, , , 
14850.000000,744794.000000,75549924.000000, , , ,-0.975586,0.650391,0.650391
14851.000000,744799.000000,75549924.000000,0.020300,-0.020300,-1.029500, , , 
14852.000000,744895.000000,75549924.000000, , , ,-0.325195,0.000000,-0.650391
14853.000000,744900.000000,75549924.000000,0.014500,-0.026100,-0.977300, , , 
14854.000000,744996.000000,75549924.000000, , , ,-0.325195,-0.650391,-0.975586
14855.000000,744999.000000,75549924.000000,0.000000,-0.029000,-0.954100, , , 
14856.000000,745097.000000,75549924.000000, , , ,-0.975586,0.000000,-0.650391
14857.000000,745100.000000,75549924.000000,0.020300,-0.017400,-0.954100, , , 
14858.000000,745198.000000,75549924.000000, , , ,-0.650391,-0.325195,-0.650391
14859.000000,745199.000000,75549924.000000,-0.002900,-0.026100,-0.971500, , , 
14860.000000,745299.000000,75549924.000000, , , ,-1.300781,0.000000,-0.650391
14861.000000,745300.000000,75549924.000000,0.005800,-0.005800,-1.006300, , , 
14862.000000,745399.000000,75549924.000000,0.014500,-0.008700,-1.000500, , , 
14863.000000,745400.000000,75549924.000000, , , ,-0.650391,0.000000,-0.650391
14864.000000,745500.000000,75549924.000000,0.020300,-0.017400,-0.986000, , , 
14865.000000,745501.000000,75549924.000000, , , ,-0.650391,0.000000,-0.325195
14866.000000,745592.000000,75549924.000000, , , ,-0.975586,0.000000,-0.650391
14867.000000,745599.000000,75549924.000000,0.008700,0.002900,-0.983100, , , 
14868.000000,745693.000000,75549924.000000, , , ,-0.325195,0.000000,0.000000
14869.000000,745700.000000,75549924.000000,0.005800,0.000000,-0.991800, , , 
14870.000000,745794.000000,75549924.000000, , , ,0.000000,0.000000,0.000000
14871.000000,745799.000000,75549924.000000,0.011600,0.002900,-0.980200, , , 
14872.000000,745895.000000,75549924.000000, , , ,-0.325195,0.000000,-0.325195
14873.000000,745900.000000,75549924.000000,0.005800,-0.014500,-0.988900, , , 
14874.000000,745996.000000,75549924.000000, , , ,-0.650391,0.000000,-0.650391
14875.000000,745999.000000,75549924.000000,0.011600,-0.023200,-1.009200, , , 
14876.000000,746097.000000,75549924.000000, , , ,-0.975586,0.000000,-0.325195
14877.000000,746100.000000,75549924.000000,0.000000,-0.002900,-0.994700, , , 
14878.000000,746198.000000,75549924.000000, , , ,-1.300781,-0.325195,-0.325195
14879.000000,746199.000000,75549924.000000,0.000000,-0.002900,-0.974400, , , 
14880.000000,746299.000000,75549924.000000, , , ,-0.975586,-0.325195,-0.650391
14881.000000,746300.000000,75549924.000000,0.026100,-0.005800,-0.962800, , , 
14882.000000,746399.000000,75549924.000000,0.023200,0.000000,-0.968600, , , 
14883.000000,746400.000000,75549924.000000, , , ,-0.325195,-0.325195,-0.650391
14884.000000,746500.000000,75549924.000000,-0.014500,-0.002900,-0.991800, , , 
14885.000000,746501.000000,75549924.000000, , , ,-0.325195,0.000000,-0.325195
14886.000000,746592.000000,75549924.000000, , , ,-0.325195,0.000000,-0.325195
14887.000000,746599.000000,75549924.000000,0.002900,-0.014500,-1.015000, , , 
14888.000000,746693.000000,75549924.000000, , , ,-0.650391,0.000000,-0.650391
14889.000000,746700.000000,75549924.000000,0.002900,-0.011600,-1.012100, , , 
14890.000000,746794.000000,75549924.000000, , , ,-0.975586,0.000000,-0.325195
14891.000000,746799.000000,75549924.000000,0.017400,-0.017400,-0.980200, , , 
14892.000000,746895.000000,75549924.000000, , , ,-0.325195,0.000000,-0.650391
14893.000000,746900.000000,75549924.000000,0.002900,0.000000,-0.957000, , , 
14894.000000,746996.000000,75549924.000000, , , ,0.000000,0.000000,-0.325195
14895.000000,746999.000000,75549924.000000,0.002900,-0.020300,-0.977300, , , 
14896.000000,747097.000000,75549924.000000, , , ,-0.325195,-0.325195,-0.650391
14897.000000,747100.000000,75549924.000000,0.011600,-0.011600,-0.980200, , , 
14898.000000,747198.000000,75549924.000000, , , ,0.000000,0.000000,-0.650391
14899.000000,747199.000000,75549924.000000,0.005800,-0.017400,-0.971500, , , 
14900.000000,747299.000000,75549924.000000, , , ,-0.650391,0.000000,-0.650391
14901.000000,747300.000000,75549924.000000,0.005800,-0.008700,-0.986000, , , 
14902.000000,747399.000000,75549924.000000,0.005800,-0.023200,-0.983100, , , 
14903.000000,747400.000000,75549924.000000, , , ,-0.325195,-0.325195,-0.650391
14904.000000,747500.000000,75549924.000000,-0.002900,-0.031900,-1.012100, , , 
14905.000000,747501.000000,75549924.000000, , , ,-0.975586,-0.325195,-0.650391
14906.000000,747592.000000,75549924.000000, , , ,-0.650391,0.000000,-0.975586
14907.000000,747599.000000,75549924.000000,0.011600,-0.029000,-1.006300, , , 
14908.000000,747693.000000,75549924.000000, , , ,-0.650391,-0.325195,-0.975586
14909.000000,747700.000000,75549924.000000,0.005800,-0.011600,-0.965700, , , 
14910.000000,747794.000000,75549924.000000, , , ,-1.300781,0.000000,-0.650391
14911.000000,747799.000000,75549924.000000,0.023200,-0.017400,-0.971500, , , 
14912.000000,747895.000000,75549924.000000, , , ,-0.975586,0.000000,-1.300781
14913.000000,747900.000000,75549924.000000,0.002900,-0.011600,-0.991800, , , 
14914.000000,747996.000000,75549924.000000, , , ,-0.325195,0.325195,-0.650391
14915.000000,747999.000000,75549924.000000,0.008700,0.000000,-1.000500, , , 
14916.000000,748097.000000,75549924.000000, , , ,-0.975586,0.000000,-0.975586
14917.000000,748100.000000,75549924.000000,0.011600,-0.020300,-0.986000, , , 
14918.000000,748198.000000,75549924.000000, , , ,-1.300781,-0.325195,-0.650391
14919.000000,748199.000000,75549924.000000,0.026100,-0.026100,-0.965700, , , 
14920.000000,748299.000000,75549924.000000, , , ,-0.650391,0.000000,-0.650391
14921.000000,748300.000000,75549924.000000,0.008700,-0.008700,-0.986000, , , 
14922.000000,748399.000000,75549924.000000,0.008700,-0.014500,-1.000500, , , 
14923.000000,748400.000000,75549924.000000, , , ,-0.650391,0.325195,-0.650391
14924.000000,748500.000000,75549924.000000,0.005800,-0.017400,-0.988900, , , 
14925.000000,748501.000000,75549924.000000, , , ,-0.325195,-0.975586,-0.650391
14926.000000,748592.000000,75549924.000000, , , ,-0.325195,0.000000,0.000000
14927.000000,748599.000000,75549924.000000,0.008700,-0.011600,-0.977300, , , 
14928.000000,748693.000000,75549924.000000, , , ,-0.325195,0.000000,-0.650391
14929.000000,748700.000000,75549924.000000,0.005800,-0.014500,-0.974400, , , 
14930.000000,748794.000000,75549924.000000, , , ,-0.650391,0.000000,-0.650391
14931.000000,748799.000000,75549924.000000,0.008700,-0.008700,-0.965700, , , 
14932.000000,748895.000000,75549924.000000, , , ,-0.650391,0.000000,-0.650391
14933.000000,748900.000000,75549924.000000,0.000000,-0.002900,-0.945400, , , 
14934.000000,748996.000000,75549924.000000, , , ,-0.975586,-0.325195,-0.650391
14935.000000,748999.000000,75549924.000000,-0.002900,-0.017400,-1.006300, , , 
14936.000000,749097.000000,75549924.000000, , , ,-0.650391,0.325195,-0.650391
14937.000000,749100.000000,75549924.000000,0.014500,-0.002900,-1.012100, , , 
14938.000000,749198.000000,75549924.000000, , , ,-0.325195,0.000000,-0.325195
14939.000000,749199.000000,75549924.000000,0.011600,0.008700,-0.986000, , , 
14940.000000,749299.000000,75549924.000000, , , ,0.000000,0.000000,-0.650391
14941.000000,749300.000000,75549924.000000,0.002900,-0.002900,-0.968600, , , 
14942.000000,749399.000000,75549924.000000,0.002900,-0.014500,-0.983100, , , 
14943.000000,749400.000000,75549924.000000, , , ,0.000000,0.000000,-0.650391
14944.000000,749500.000000,75549924.000000,0.005800,-0.023200,-0.997600, , , 
14945.000000,749501.000000,75549924.000000, , , ,-0.325195,0.000000,0.000000
14946.000000,749592.000000,75549924.000000, , , ,-0.325195,0.000000,-0.975586
14947.000000,749599.000000,75549924.000000,0.002900,-0.008700,-0.997600, , , 
14948.000000,749693.000000,75549924.000000, , , ,-0.650391,-0.325195,-0.650391
14949.000000,749700.000000,75549924.000000,0.005800,-0.008700,-1.000500, , , 
14950.000000,749794.000000,75549924.000000, , , ,-1.300781,0.000000,-0.650391
14951.000000,749799.000000,75549924.000000,0.011600,-0.014500,-0.994700, , , 
14952.000000,749895.000000,75549924.000000, , , ,-0.975586,0.000000,-0.650391
14953.000000,749900.000000,75549924.000000,0.011600,-0.008700,-0.971500, , , 
14954.000000,749996.000000,75549924.000000, , , ,-0.325195,-0.650391,-0.650391
14955.000000,749999.000000,75549924.000000,0.023200,-0.008700,-0.951200, , , 
14956.000000,750097.000000,75549924.000000, , , ,0.000000,-0.325195,-0.650391
14957.000000,750100.000000,75549924.000000,0.008700,-0.008700,-0.951200, , , 
14958.000000,750198.000000,75549924.000000, , , ,-0.650391,0.000000,-0.325195
14959.000000,750199.000000,75549924.000000,0.000000,-0.011600,-0.983100, , , 
14960.000000,750299.000000,75549924.000000, , , ,-0.325195,0.000000,0.000000
14961.000000,750300.000000,75549924.000000,0.031900,0.000000,-1.000500, , , 
14962.000000,750399.000000,75549924.000000,-0.008700,-0.005800,-1.020800, , , 
14963.000000,750400.000000,75549924.000000, , , ,0.325195,0.000000,-0.650391
14964.000000,750500.000000,75549924.000000,0.005800,-0.034800,-1.049800, , , 
14965.000000,750501.000000,75549924.000000, , , ,-0.650391,0.650391,-0.325195
14966.000000,750592.000000,75549924.000000, , , ,-0.975586,0.000000,-0.650391
14967.000000,750599.000000,75549924.000000,0.017400,-0.023200,-1.015000, , , 
14968.000000,750693.000000,75549924.000000, , , ,-0.650391,-0.650391,-0.325195
14969.000000,750700.000000,75549924.000000,0.017400,-0.005800,-0.945400, , , 
14970.000000,750794.000000,75549924.000000, , , ,-0.975586,-0.650391,-0.650391
14971.000000,750799.000000,75549924.000000,0.008700,-0.008700,-0.930900, , , 
14972.000000,750895.000000,75549924.000000, , , ,-0.325195,0.000000,-0.325195
14973.000000,750900.000000,75549924.000000,0.000000,0.000000,-0.986000, , , 
14974.000000,750996.000000,75549924.000000, , , ,0.000000,0.000000,-0.650391
14975.000000,750999.000000,75549924.000000,0.011600,-0.008700,-0.983100, , , 
14976.000000,751097.000000,75549924.000000, , , ,0.000000,0.325195,-0.325195
14977.000000,751100.000000,75549924.000000,0.011600,0.011600,-0.986000, , , 
14978.000000,751198.000000,75549924.000000, , , ,-0.325195,0.000000,-0.325195
14979.000000,751199.000000,75549924.000000,0.000000,-0.008700,-1.000500, , , 
14980.000000,751299.000000,75549924.000000, , , ,-0.975586,-0.325195,-0.650391
14981.000000,751300.000000,75549924.000000,0.017400,-0.008700,-0.994700, , , 
14982.000000,751399.000000,75549924.000000,0.000000,0.000000,-0.986000, , , 
14983.000000,751400.000000,75549924.000000, , , ,-1.300781,0.000000,-0.650391
14984.000000,751500.000000,75549924.000000,0.014500,0.000000,-0.977300, , , 
14985.000000,751501.000000,75549924.000000, , , ,-1.300781,0.000000,0.000000
14986.000000,751592.000000,75549924.000000, , , ,-0.975586,-0.650391,-0.325195
14987.000000,751599.000000,75549924.000000,0.002900,0.002900,-0.983100, , , 
14988.000000,751693.000000,75549924.000000, , , ,-1.625977,-0.650391,-0.325195
14989.000000,751700.000000,75549924.000000,-0.002900,0.000000,-0.997600, , , 
14990.000000,751794.000000,75549924.000000, , , ,-0.975586,0.000000,-0.650391
14991.000000,751799.000000,75549924.000000,0.023200,-0.002900,-1.006300, , , 
14992.000000,751895.000000,75549924.000000, , , ,0.000000,-0.325195,-0.975586
14993.000000,751900.000000,75549924.000000,0.017400,0.011600,-0.962800, , , 
14994.000000,751996.000000,75549924.000000, , , ,0.000000,-0.325195,-0.650391
14995.000000,751999.000000,75549924.000000,0.000000,-0.011600,-0.968600, , , 
14996.000000,752097.000000,75549924.000000, , , ,0.000000,0.325195,-0.650391
14997.000000,752100.000000,75549924.000000,0.002900,-0.014500,-0.983100, , , 
14998.000000,752198.000000,75549924.000000, , , ,0.325195,0.000000,-0.325195
14999.000000,752199.000000,75549924.000000,0.000000,-0.017400,-1.003400, , , 
15000.000000,752299.000000,75549924.000000, , , ,-0.325195,0.000000,-0.650391
15001.000000,752300.000000,75549924.000000,0.014500,-0.049300,-1.009200, , , 
15002.000000,752399.000000,75549924.000000,0.005800,-0.017400,-0.988900, , , 
15003.000000,752400.000000,75549924.000000, , , ,-0.650391,0.000000,-0.650391
15004.000000,752500.000000,75549924.000000,0.011600,-0.014500,-0.977300, , , 
15005.000000,752501.000000,75549924.000000, , , ,-0.650391,0.000000,-0.325195
15006.000000,752592.000000,75549924.000000, , , ,-0.975586,0.000000,-0.975586
15007.000000,752599.000000,75549924.000000,0.000000,-0.014500,-0.980200, , , 
15008.000000,752693.000000,75549924.000000, , , ,-0.650391,-0.325195,-0.650391
15009.000000,752700.000000,75549924.000000,0.017400,-0.002900,-0.977300, , , 
15010.000000,752794.000000,75549924.000000, , , ,-0.650391,-0.325195,-0.650391
15011.000000,752799.000000,75549924.000000,0.002900,-0.023200,-0.959900, , , 
15012.000000,752895.000000,75549924.000000, , , ,-0.975586,-0.325195,-0.650391
15013.000000,752900.000000,75549924.000000,0.002900,-0.011600,-0.983100, , , 
15014.000000,752996.000000,75549924.000000, , , ,-1.300781,0.000000,-0.325195
15015.000000,752999.000000,75549924.000000,0.011600,0.005800,-1.000500, , , 
15016.000000,753097.000000,75549924.000000, , , ,0.000000,-0.325195,-0.650391
15017.000000,753100.000000,75549924.000000,0.014500,-0.008700,-0.974400, , , 
15018.000000,753198.000000,75549924.000000, , , ,-0.325195,0.000000,-0.650391
15019.000000,753199.000000,75549924.000000,0.000000,-0.017400,-0.971500, , , 
15020.000000,753299.000000,75549924.000000, , , ,-0.975586,-0.650391,-0.975586
15021.000000,753300.000000,75549924.000000,0.017400,-0.011600,-0.977300, , , 
15022.000000,753399.000000,75549924.000000,0.000000,-0.002900,-0.988900, , , 
15023.000000,753400.000000,75549924.000000, , , ,-0.325195,0.000000,-0.650391
15024.000000,753500.000000,75549924.000000,0.005800,0.000000,-0.988900, , , 
15025.000000,753501.000000,75549924.000000, , , ,0.000000,0.000000,-0.325195
15026.000000,753592.000000,75549924.000000, , , ,-0.325195,0.000000,-0.650391
15027.000000,753599.000000,75549924.000000,0.000000,0.000000,-1.009200, , , 
15028.000000,753693.000000,75549924.000000, , , ,-0.650391,0.650391,-0.650391
15029.000000,753700.000000,75549924.000000,0.000000,-0.017400,-1.035300, , , 
15030.000000,753794.000000,75549924.000000, , , ,-0.650391,-0.325195,-0.325195
15031.000000,753799.000000,75549924.000000,0.011600,0.008700,-1.003400, , , 
15032.000000,753895.000000,75549924.000000, , , ,-0.975586,0.000000,-0.650391
15033.000000,753900.000000,75549924.000000,0.011600,0.000000,-0.974400, , , 
15034.000000,753996.000000,75549924.000000, , , ,-0.650391,-0.650391,-0.325195
15035.000000,753999.000000,75549924.000000,0.000000,0.017400,-0.957000, , , 
15036.000000,754097.000000,75549924.000000, , , ,0.000000,-0.325195,-0.325195
15037.000000,754100.000000,75549924.000000,0.011600,0.011600,-0.959900, , , 
15038.000000,754198.000000,75549924.000000, , , ,-0.325195,0.000000,-0.650391
15039.000000,754199.000000,75549924.000000,0.002900,0.002900,-0.965700, , , 
15040.000000,754299.000000,75549924.000000, , , ,-0.650391,-0.325195,-0.325195
15041.000000,754300.000000,75549924.000000,0.000000,-0.005800,-0.974400, , , 
15042.000000,754399.000000,75549924.000000,0.000000,0.000000,-0.994700, , , 
15043.000000,754400.000000,75549924.000000, , , ,-0.975586,0.000000,-0.325195
15044.000000,754500.000000,75549924.000000,0.005800,0.011600,-0.997600, , , 
15045.000000,754501.000000,75549924.000000, , , ,-0.325195,-0.325195,-0.325195
15046.000000,754592.000000,75549924.000000, , , ,0.000000,-0.325195,-0.650391
15047.000000,754599.000000,75549924.000000,0.000000,-0.011600,-0.965700, , , 
15048.000000,754693.000000,75549924.000000, , , ,-0.325195,0.000000,-0.325195
15049.000000,754700.000000,75549924.000000,-0.002900,0.000000,-0.983100, , , 
15050.000000,754794.000000,75549924.000000, , , ,-0.325195,0.650391,-0.650391
15051.000000,754799.000000,75549924.000000,0.000000,-0.011600,-1.026600, , , 
15052.000000,754895.000000,75549924.000000, , , ,-0.650391,0.325195,-0.650391
15053.000000,754900.000000,75549924.000000,0.005800,0.017400,-1.023700, , , 
15054.000000,754996.000000,75549924.000000, , , ,-0.650391,0.000000,-0.325195
15055.000000,754999.000000,75549924.000000,0.005800,-0.026100,-0.991800, , , 
15056.000000,755097.000000,75549924.000000, , , ,-0.325195,-0.325195,-0.325195
15057.000000,755100.000000,75549924.000000,-0.017400,-0.005800,-0.974400, , , 
15058.000000,755198.000000,75549924.000000, , , ,-0.325195,-0.325195,-0.325195
15059.000000,755199.000000,75549924.000000,0.020300,0.002900,-0.968600, , , 
15060.000000,755299.000000,75549924.000000, , , ,-0.325195,-0.325195,-0.650391
15061.000000,755300.000000,75549924.000000,0.000000,-0.008700,-0.977300, , , 
15062.000000,755399.000000,75549924.000000,0.000000,-0.002900,-0.988900, , , 
15063.000000,755400.000000,75549924.000000, , , ,0.000000,0.000000,-0.650391
15064.000000,755500.000000,75549924.000000,0.008700,-0.011600,-0.986000, , , 
15065.000000,755501.000000,75549924.000000, , , ,-0.650391,0.000000,-0.325195
15066.000000,755592.000000,75549924.000000, , , ,-0.650391,-0.325195,-0.650391
15067.000000,755599.000000,75549924.000000,0.005800,-0.020300,-0.977300, , , 
15068.000000,755693.000000,75549924.000000, , , ,-0.325195,-0.325195,-0.650391
15069.000000,755700.000000,75549924.000000,0.008700,-0.014500,-0.939600, , , 
15070.000000,755794.000000,75549924.000000, , , ,-0.325195,0.000000,-0.650391
15071.000000,755799.000000,75549924.000000,-0.008700,-0.034800,-0.971500, , , 
15072.000000,755895.000000,75549924.000000, , , ,-0.325195,0.000000,-0.650391
15073.000000,755900.000000,75549924.000000,0.000000,-0.020300,-1.015000, , , 
15074.000000,755996.000000,75549924.000000, , , ,-0.325195,0.000000,-0.650391
15075.000000,755999.000000,75549924.000000,0.005800,0.002900,-1.012100, , , 
15076.000000,756097.000000,75549924.000000, , , ,-0.975586,0.000000,-0.650391
15077.000000,756100.000000,75549924.000000,0.026100,-0.014500,-0.974400, , , 
15078.000000,756198.000000,75549924.000000, , , ,-0.325195,-0.325195,-0.650391
15079.000000,756199.000000,75549924.000000,0.005800,-0.002900,-0.959900, , , 
15080.000000,756299.000000,75549924.000000, , , ,0.000000,0.000000,-0.650391
15081.000000,756300.000000,75549924.000000,0.005800,-0.023200,-0.974400, , , 
15082.000000,756399.000000,75549924.000000,-0.002900,-0.034800,-1.029500, , , 
15083.000000,756400.000000,75549924.000000, , , ,0.000000,0.000000,-0.650391
15084.000000,756500.000000,75549924.000000,0.000000,-0.031900,-1.026600, , , 
15085.000000,756501.000000,75549924.000000, , , ,-0.975586,0.000000,-0.325195
15086.000000,756592.000000,75549924.000000, , , ,-1.625977,0.000000,-0.975586
15087.000000,756599.000000,75549924.000000,0.000000,-0.002900,-1.020800, , , 
15088.000000,756693.000000,75549924.000000, , , ,-0.650391,0.000000,-0.650391
15089.000000,756700.000000,75549924.000000,0.017400,-0.014500,-0.980200, , , 
15090.000000,756794.000000,75549924.000000, , , ,0.000000,-0.975586,-0.650391
15091.000000,756799.000000,75549924.000000,0.017400,-0.005800,-0.928000, , , 
15092.000000,756895.000000,75549924.000000, , , ,-0.650391,-0.650391,0.000000
15093.000000,756900.000000,75549924.000000,-0.005800,-0.008700,-0.948300, , , 
15094.000000,756996.000000,75549924.000000, , , ,-0.325195,0.000000,-0.650391
15095.000000,756999.000000,75549924.000000,-0.002900,-0.014500,-0.997600, , , 
15096.000000,757097.000000,75549924.000000, , , ,-0.975586,0.000000,-0.650391
15097.000000,757100.000000,75549924.000000,0.017400,-0.023200,-0.994700, , , 
15098.000000,757198.000000,75549924.000000, , , ,-1.300781,0.000000,-0.650391
15099.000000,757199.000000,75549924.000000,-0.002900,-0.023200,-0.986000, , , 
15100.000000,757299.000000,75549924.000000, , , ,-0.975586,0.000000,-0.650391
15101.000000,757300.000000,75549924.000000,0.008700,-0.014500,-0.991800, , , 
15102.000000,757399.000000,75549924.000000,0.008700,0.008700,-0.980200, , , 
15103.000000,757400.000000,75549924.000000, , , ,-0.975586,-0.650391,-0.650391
15104.000000,757500.000000,75549924.000000,0.000000,-0.005800,-0.968600, , , 
15105.000000,757501.000000,75549924.000000, , , ,-0.650391,0.000000,-0.650391
15106.000000,757592.000000,75549924.000000, , , ,-0.650391,-0.325195,-0.975586
15107.000000,757599.000000,75549924.000000,0.000000,-0.002900,-0.988900, , , 
15108.000000,757693.000000,75549924.000000, , , ,-0.650391,0.000000,0.000000
15109.000000,757700.000000,75549924.000000,0.017400,-0.005800,-0.971500, , , 
15110.000000,757794.000000,75549924.000000, , , ,0.000000,0.000000,-0.650391
15111.000000,757799.000000,75549924.000000,0.000000,-0.014500,-0.971500, , , 
15112.000000,757895.000000,75549924.000000, , , ,0.325195,0.000000,-0.325195
15113.000000,757900.000000,75549924.000000,-0.005800,0.000000,-0.988900, , , 
15114.000000,757996.000000,75549924.000000, , , ,0.000000,0.000000,-0.650391
15115.000000,757999.000000,75549924.000000,0.011600,-0.023200,-1.009200, , , 
15116.000000,758097.000000,75549924.000000, , , ,-0.325195,0.000000,-0.650391
15117.000000,758100.000000,75549924.000000,0.014500,-0.020300,-0.994700, , , 
15118.000000,758198.000000,75549924.000000, , , ,0.000000,-0.325195,-0.325195
15119.000000,758199.000000,75549924.000000,-0.020300,-0.002900,-0.983100, , , 
15120.000000,758299.000000,75549924.000000, , , ,-0.650391,0.650391,-0.975586
15121.000000,758300.000000,75549924.000000,-0.002900,-0.029000,-1.035300, , , 
15122.000000,758399.000000,75549924.000000,0.011600,0.000000,-1.026600, , , 
15123.000000,758400.000000,75549924.000000, , , ,-1.300781,0.000000,-0.325195
15124.000000,758500.000000,75549924.000000,0.008700,-0.002900,-0.977300, , , 
15125.000000,758501.000000,75549924.000000, , , ,-1.300781,0.000000,-0.650391
15126.000000,758592.000000,75549924.000000, , , ,-1.300781,-0.325195,-1.300781
15127.000000,758599.000000,75549924.000000,0.000000,-0.017400,-0.959900, , , 
15128.000000,758693.000000,75549924.000000, , , ,-0.650391,0.000000,-0.650391
15129.000000,758700.000000,75549924.000000,0.011600,-0.020300,-0.965700, , , 
15130.000000,758794.000000,75549924.000000, , , ,-0.650391,-0.975586,-0.650391
15131.000000,758799.000000,75549924.000000,0.002900,-0.008700,-0.945400, , , 
15132.000000,758895.000000,75549924.000000, , , ,0.000000,-0.325195,-0.650391
15133.000000,758900.000000,75549924.000000,0.020300,-0.008700,-0.957000, , , 
15134.000000,758996.000000,75549924.000000, , , ,-0.325195,-0.650391,-0.325195
15135.000000,758999.000000,75549924.000000,0.002900,-0.008700,-0.959900, , , 
15136.000000,759097.000000,75549924.000000, , , ,-0.975586,0.000000,-0.650391
15137.000000,759100.000000,75549924.000000,0.014500,-0.017400,-0.980200, , , 
15138.000000,759198.000000,75549924.000000, , , ,-0.650391,-0.325195,-0.650391
15139.000000,759199.000000,75549924.000000,0.020300,0.005800,-0.983100, , , 
15140.000000,759299.000000,75549924.000000, , , ,0.000000,-0.325195,-0.975586
15141.000000,759300.000000,75549924.000000,0.002900,-0.002900,-0.971500, , , 
15142.000000,759399.000000,75549924.000000,0.000000,-0.023200,-1.006300, , , 
15143.000000,759400.000000,75549924.000000, , , ,-0.325195,-0.325195,-0.650391
15144.000000,759500.000000,75549924.000000,0.014500,-0.002900,-1.009200, , , 
15145.000000,759501.000000,75549924.000000, , , ,-0.325195,0.000000,-0.650391
15146.000000,759592.000000,75549924.000000, , , ,-0.650391,0.325195,-0.650391
15147.000000,759599.000000,75549924.000000,0.005800,-0.020300,-0.991800, , , 
15148.000000,759693.000000,75549924.000000, , , ,-0.325195,0.000000,-0.650391
15149.000000,759700.000000,75549924.000000,-0.017400,-0.023200,-1.000500, , , 
15150.000000,759794.000000,75549924.000000, , , ,0.000000,0.325195,-0.650391
15151.000000,759799.000000,75549924.000000,-0.005800,-0.017400,-1.009200, , , 
15152.000000,759895.000000,75549924.000000, , , ,-0.975586,-0.325195,-0.650391
15153.000000,759900.000000,75549924.000000,0.017400,-0.043500,-0.994700, , , 
15154.000000,759996.000000,75549924.000000, , , ,-1.625977,-0.650391,-0.975586
15155.000000,759999.000000,75549924.000000,0.005800,-0.017400,-0.951200, , , 
15156.000000,760097.000000,75549924.000000, , , ,-1.300781,0.000000,-0.650391
15157.000000,760100.000000,75549924.000000,-0.008700,-0.014500,-0.983100, , , 
15158.000000,760198.000000,75549924.000000, , , ,-1.300781,0.000000,-0.975586
15159.000000,760199.000000,75549924.000000,0.014500,-0.008700,-1.003400, , , 
15160.000000,760299.000000,75549924.000000, , , ,-0.325195,-0.975586,0.000000
15161.000000,760300.000000,75549924.000000,-0.005800,0.000000,-0.971500, , , 
15162.000000,760399.000000,75549924.000000,0.020300,-0.011600,-0.971500, , , 
15163.000000,760400.000000,75549924.000000, , , ,-0.325195,-0.325195,-0.975586
15164.000000,760500.000000,75549924.000000,-0.008700,-0.034800,-0.980200, , , 
15165.000000,760501.000000,75549924.000000, , , ,-0.975586,0.000000,-0.650391
15166.000000,760592.000000,75549924.000000, , , ,-0.975586,-0.325195,0.000000
15167.000000,760599.000000,75549924.000000,0.011600,0.000000,-0.988900, , , 
15168.000000,760693.000000,75549924.000000, , , ,-0.325195,0.000000,-0.325195
15169.000000,760700.000000,75549924.000000,-0.002900,0.005800,-1.000500, , , 
15170.000000,760794.000000,75549924.000000, , , ,0.000000,0.325195,-0.650391
15171.000000,760799.000000,75549924.000000,0.000000,0.000000,-1.023700, , , 
15172.000000,760895.000000,75549924.000000, , , ,0.000000,-0.650391,-0.650391
15173.000000,760900.000000,75549924.000000,0.008700,0.002900,-0.991800, , , 
15174.000000,760996.000000,75549924.000000, , , ,-0.650391,-0.325195,-0.325195
15175.000000,760999.000000,75549924.000000,0.008700,-0.011600,-0.971500, , , 
15176.000000,761097.000000,75549924.000000, , , ,-0.650391,0.000000,-0.325195
15177.000000,761100.000000,75549924.000000,-0.008700,-0.005800,-0.991800, , , 
15178.000000,761198.000000,75549924.000000, , , ,-0.650391,-0.325195,-0.325195
15179.000000,761199.000000,75549924.000000,-0.005800,0.002900,-0.997600, , , 
15180.000000,761299.000000,75549924.000000, , , ,0.000000,0.000000,0.000000
15181.000000,761300.000000,75549924.000000,0.002900,-0.005800,-0.991800, , , 
15182.000000,761399.000000,75549924.000000,0.005800,0.000000,-0.974400, , , 
15183.000000,761400.000000,75549924.000000, , , ,-0.325195,-0.325195,-0.325195
15184.000000,761500.000000,75549924.000000,0.023200,0.000000,-0.957000, , , 
15185.000000,761501.000000,75549924.000000, , , ,-0.325195,-0.325195,0.000000
15186.000000,761592.000000,75549924.000000, , , ,-0.975586,-0.325195,-0.325195
15187.000000,761599.000000,75549924.000000,0.000000,0.000000,-0.977300, , , 
15188.000000,761693.000000,75549924.000000, , , ,-0.975586,0.000000,-0.325195
15189.000000,761700.000000,75549924.000000,-0.008700,0.000000,-0.986000, , , 
15190.000000,761794.000000,75549924.000000, , , ,-0.325195,0.000000,-0.650391
15191.000000,761799.000000,75549924.000000,0.008700,0.005800,-1.000500, , , 
15192.000000,761895.000000,75549924.000000, , , ,-0.325195,0.000000,-0.650391
15193.000000,761900.000000,75549924.000000,0.000000,0.002900,-1.000500, , , 
15194.000000,761996.000000,75549924.000000, , , ,-0.325195,0.000000,-0.650391
15195.000000,761999.000000,75549924.000000,0.002900,0.000000,-0.986000, , , 
15196.000000,762097.000000,75549924.000000, , , ,-0.325195,-0.325195,-0.650391
15197.000000,762100.000000,75549924.000000,0.005800,-0.034800,-0.968600, , , 
15198.000000,762198.000000,75549924.000000, , , ,-0.325195,0.000000,-0.325195
15199.000000,762199.000000,75549924.000000,0.000000,-0.005800,-0.968600, , , 
15200.000000,762299.000000,75549924.000000, , , ,0.000000,-0.325195,-0.650391
15201.000000,762300.000000,75549924.000000,0.011600,0.005800,-0.957000, , , 
15202.000000,762399.000000,75549924.000000,0.000000,0.008700,-0.965700, , , 
15203.000000,762400.000000,75549924.000000, , , ,0.000000,-0.325195,-0.325195
15204.000000,762500.000000,75549924.000000,0.011600,-0.008700,-1.020800, , , 
15205.000000,762501.000000,75549924.000000, , , ,0.000000,0.650391,-0.650391
15206.000000,762592.000000,75549924.000000, , , ,-0.325195,0.000000,-0.650391
15207.000000,762599.000000,75549924.000000,0.008700,-0.017400,-1.017900, , , 
15208.000000,762693.000000,75549924.000000, , , ,-1.300781,-0.325195,-0.650391
15209.000000,762700.000000,75549924.000000,0.005800,-0.020300,-0.991800, , , 
15210.000000,762794.000000,75549924.000000, , , ,-1.300781,0.000000,0.000000
15211.000000,762799.000000,75549924.000000,0.000000,-0.017400,-0.986000, , , 
15212.000000,762895.000000,75549924.000000, , , ,-0.325195,0.000000,0.000000
15213.000000,762900.000000,75549924.000000,0.002900,0.000000,-0.965700, , , 
15214.000000,762996.000000,75549924.000000, , , ,-0.325195,-0.325195,-0.650391
15215.000000,762999.000000,75549924.000000,-0.014500,0.000000,-0.954100, , , 
15216.000000,763097.000000,75549924.000000, , , ,-0.650391,-0.325195,-0.325195
15217.000000,763100.000000,75549924.000000,-0.002900,-0.002900,-0.954100, , , 
15218.000000,763198.000000,75549924.000000, , , ,-0.325195,-0.325195,-0.975586
15219.000000,763199.000000,75549924.000000,-0.023200,-0.014500,-0.959900, , , 
15220.000000,763299.000000,75549924.000000, , , ,-0.325195,0.000000,-0.650391
15221.000000,763300.000000,75549924.000000,-0.017400,-0.014500,-0.991800, , , 
15222.000000,763399.000000,75549924.000000,-0.029000,-0.020300,-0.991800, , , 
15223.000000,763400.000000,75549924.000000, , , ,-0.975586,0.000000,-0.650391
15224.000000,763500.000000,75549924.000000,-0.020300,-0.002900,-0.971500, , , 
15225.000000,763501.000000,75549924.000000, , , ,-0.325195,-0.650391,-0.650391
15226.000000,763592.000000,75549924.000000, , , ,0.000000,0.000000,-0.650391
15227.000000,763599.000000,75549924.000000,-0.023200,-0.011600,-0.986000, , , 
15228.000000,763693.000000,75549924.000000, , , ,-0.325195,0.000000,-0.650391
15229.000000,763700.000000,75549924.000000,-0.017400,-0.008700,-0.983100, , , 
15230.000000,763794.000000,75549924.000000, , , ,0.650391,-0.975586,-0.650391
15231.000000,763799.000000,75549924.000000,-0.011600,0.000000,-0.933800, , , 
15232.000000,763895.000000,75549924.000000, , , ,0.325195,-0.975586,-0.650391
15233.000000,763900.000000,75549924.000000,-0.029000,0.000000,-0.939600, , , 
15234.000000,763996.000000,75549924.000000, , , ,0.325195,-0.325195,-0.650391
15235.000000,763999.000000,75549924.000000,-0.031900,-0.008700,-0.965700, , , 
15236.000000,764097.000000,75549924.000000, , , ,0.650391,-0.325195,-0.650391
15237.000000,764100.000000,75549924.000000,-0.008700,-0.017400,-0.980200, , , 
15238.000000,764198.000000,75549924.000000, , , ,0.000000,-0.650391,-0.325195
15239.000000,764199.000000,75549924.000000,-0.020300,-0.014500,-0.980200, , , 
15240.000000,764299.000000,75549924.000000, , , ,0.325195,0.000000,0.000000
15241.000000,764300.000000,75549924.000000,-0.005800,-0.014500,-0.986000, , , 
15242.000000,764399.000000,75549924.000000,-0.011600,0.020300,-0.945400, , , 
15243.000000,764400.000000,75549924.000000, , , ,0.325195,-0.650391,-0.325195
15244.000000,764500.000000,75549924.000000,0.000000,-0.011600,-0.936700, , , 
15245.000000,764501.000000,75549924.000000, , , ,1.300781,-0.975586,0.000000
15246.000000,764592.000000,75549924.000000, , , ,0.975586,-0.650391,-0.325195
15247.000000,764599.000000,75549924.000000,-0.031900,-0.011600,-0.945400, , , 
15248.000000,764693.000000,75549924.000000, , , ,0.325195,0.000000,-0.325195
15249.000000,764700.000000,75549924.000000,-0.005800,-0.011600,-0.997600, , , 
15250.000000,764794.000000,75549924.000000, , , ,0.650391,0.000000,-0.325195
15251.000000,764799.000000,75549924.000000,-0.002900,-0.002900,-1.017900, , , 
15252.000000,764895.000000,75549924.000000, , , ,0.650391,0.000000,-0.325195
15253.000000,764900.000000,75549924.000000,0.008700,0.000000,-1.009200, , , 
15254.000000,764996.000000,75549924.000000, , , ,0.000000,-0.650391,-0.325195
15255.000000,764999.000000,75549924.000000,0.008700,-0.029000,-0.942500, , , 
15256.000000,765097.000000,75549924.000000, , , ,0.000000,-0.325195,-0.325195
15257.000000,765100.000000,75549924.000000,0.000000,-0.023200,-0.954100, , , 
15258.000000,765198.000000,75549924.000000, , , ,0.000000,0.000000,0.000000
15259.000000,765199.000000,75549924.000000,-0.011600,-0.029000,-0.983100, , , 
15260.000000,765299.000000,75549924.000000, , , ,0.650391,-0.325195,0.000000
15261.000000,765300.000000,75549924.000000,0.005800,-0.017400,-1.000500, , , 
15262.000000,765399.000000,75549924.000000,0.005800,-0.005800,-1.003400, , , 
15263.000000,765400.000000,75549924.000000, , , ,0.650391,0.000000,0.000000
15264.000000,765500.000000,75549924.000000,0.002900,-0.031900,-1.020800, , , 
15265.000000,765501.000000,75549924.000000, , , ,0.000000,0.000000,0.000000
15266.000000,765592.000000,75549924.000000, , , ,-0.325195,0.325195,0.000000
15267.000000,765599.000000,75549924.000000,0.017400,-0.034800,-1.000500, , , 
15268.000000,765693.000000,75549924.000000, , , ,-0.650391,0.000000,0.000000
15269.000000,765700.000000,75549924.000000,0.011600,-0.026100,-0.980200, , , 
15270.000000,765794.000000,75549924.000000, , , ,-1.300781,0.000000,0.325195
15271.000000,765799.000000,75549924.000000,0.002900,-0.031900,-0.983100, , , 
15272.000000,765895.000000,75549924.000000, , , ,-1.625977,0.000000,0.000000
15273.000000,765900.000000,75549924.000000,0.017400,-0.011600,-0.968600, , , 
15274.000000,765996.000000,75549924.000000, , , ,-0.975586,0.000000,-0.325195
15275.000000,765999.000000,75549924.000000,-0.002900,-0.014500,-0.974400, , , 
15276.000000,766097.000000,75549924.000000, , , ,-0.650391,-0.325195,0.000000
15277.000000,766100.000000,75549924.000000,0.017400,0.002900,-0.957000, , , 
15278.000000,766198.000000,75549924.000000, , , ,-0.325195,0.000000,0.000000
15279.000000,766199.000000,75549924.000000,0.000000,-0.029000,-0.968600, , , 
15280.000000,766299.000000,75549924.000000, , , ,-0.325195,0.000000,-0.325195
15281.000000,766300.000000,75549924.000000,0.026100,-0.026100,-0.991800, , , 
15282.000000,766400.000000,75549924.000000,0.014500,-0.023200,-0.965700,-0.325195,0.000000,0.000000
15283.000000,766499.000000,75549924.000000,-0.008700,-0.023200,-0.968600, , , 
15284.000000,766500.000000,75549924.000000, , , ,-0.650391,-0.325195,-0.325195
15285.000000,766600.000000,75549924.000000,-0.005800,-0.014500,-1.029500, , , 
15286.000000,766601.000000,75549924.000000, , , ,0.325195,0.325195,-0.325195
15287.000000,766692.000000,75549924.000000, , , ,0.000000,0.325195,0.000000
15288.000000,766699.000000,75549924.000000,0.026100,-0.034800,-1.017900, , , 
15289.000000,766793.000000,75549924.000000, , , ,-0.650391,-0.325195,0.000000
15290.000000,766800.000000,75549924.000000,0.008700,-0.011600,-0.965700, , , 
15291.000000,766894.000000,75549924.000000, , , ,-0.325195,-0.650391,0.000000
15292.000000,766899.000000,75549924.000000,0.002900,-0.011600,-0.948300, , , 
15293.000000,766995.000000,75549924.000000, , , ,0.000000,0.000000,0.000000
15294.000000,767000.000000,75549924.000000,0.000000,-0.034800,-0.980200, , , 
15295.000000,767096.000000,75549924.000000, , , ,0.000000,0.000000,0.000000
15296.000000,767099.000000,75549924.000000,0.011600,-0.023200,-1.006300, , , 
15297.000000,767197.000000,75549924.000000, , , ,0.000000,0.000000,0.000000
15298.000000,767200.000000,75549924.000000,0.002900,-0.008700,-0.994700, , , 
15299.000000,767298.000000,75549924.000000, , , ,0.000000,-0.325195,0.000000
15300.000000,767299.000000,75549924.000000,0.014500,-0.017400,-0.980200, , , 
15301.000000,767399.000000,75549924.000000, , , ,0.000000,-0.325195,0.000000
15302.000000,767400.000000,75549924.000000,0.002900,-0.023200,-0.980200, , , 
15303.000000,767499.000000,75549924.000000,0.011600,-0.014500,-0.971500, , , 
15304.000000,767500.000000,75549924.000000, , , ,0.000000,0.000000,0.000000
15305.000000,767600.000000,75549924.000000,0.023200,-0.020300,-0.983100, , , 
15306.000000,767601.000000,75549924.000000, , , ,0.000000,0.000000,0.000000
15307.000000,767692.000000,75549924.000000, , , ,-0.325195,0.000000,0.000000
15308.000000,767699.000000,75549924.000000,0.002900,-0.029000,-0.968600, , , 
15309.000000,767793.000000,75549924.000000, , , ,-0.650391,0.000000,0.000000
15310.000000,767800.000000,75549924.000000,0.002900,-0.031900,-0.994700, , , 
15311.000000,767894.000000,75549924.000000, , , ,-0.975586,0.325195,-0.325195
15312.000000,767899.000000,75549924.000000,0.002900,-0.031900,-1.015000, , , 
15313.000000,767995.000000,75549924.000000, , , ,-0.650391,0.000000,0.000000
15314.000000,768000.000000,75549924.000000,0.005800,-0.011600,-1.012100, , , 
15315.000000,768096.000000,75549924.000000, , , ,-0.975586,0.000000,-0.325195
15316.000000,768099.000000,75549924.000000,0.008700,-0.034800,-0.988900, , , 
15317.000000,768197.000000,75549924.000000, , , ,-0.650391,0.000000,0.000000
15318.000000,768200.000000,75549924.000000,0.000000,-0.023200,-0.965700, , , 
15319.000000,768298.000000,75549924.000000, , , ,-0.650391,-0.325195,0.000000
15320.000000,768299.000000,75549924.000000,0.008700,-0.026100,-0.977300, , , 
15321.000000,768399.000000,75549924.000000, , , ,-0.650391,-0.325195,-0.325195
15322.000000,768400.000000,75549924.000000,0.000000,-0.034800,-0.968600, , , 
15323.000000,768499.000000,75549924.000000,-0.002900,-0.017400,-0.980200, , , 
15324.000000,768500.000000,75549924.000000, , , ,-0.650391,0.000000,-0.325195
15325.000000,768600.000000,75549924.000000,0.002900,-0.029000,-0.986000, , , 
15326.000000,768601.000000,75549924.000000, , , ,-0.650391,0.000000,0.000000
15327.000000,768692.000000,75549924.000000, , , ,-0.650391,0.000000,-0.325195
15328.000000,768699.000000,75549924.000000,-0.011600,-0.029000,-0.991800, , , 
15329.000000,768793.000000,75549924.000000, , , ,0.000000,0.000000,-0.325195
15330.000000,768800.000000,75549924.000000,0.005800,-0.026100,-0.962800, , , 
15331.000000,768894.000000,75549924.000000, , , ,0.000000,-0.650391,0.000000
15332.000000,768899.000000,75549924.000000,-0.005800,-0.034800,-0.959900, , , 
15333.000000,768995.000000,75549924.000000, , , ,0.000000,0.000000,0.000000
15334.000000,769000.000000,75549924.000000,-0.005800,-0.026100,-0.991800, , , 
15335.000000,769096.000000,75549924.000000, , , ,-0.325195,0.000000,-0.650391
15336.000000,769100.000000,75549924.000000,-0.005800,-0.055100,-1.009200, , , 
15337.000000,769196.000000,75549924.000000, , , ,-1.625977,0.000000,-0.325195
15338.000000,769199.000000,75549924.000000,0.000000,-0.055100,-1.012100, , , 
15339.000000,769297.000000,75549924.000000, , , ,-1.625977,0.000000,0.325195
15340.000000,769300.000000,75549924.000000,-0.002900,-0.026100,-0.983100, , , 
15341.000000,769398.000000,75549924.000000, , , ,-0.650391,0.000000,-0.325195
15342.000000,769399.000000,75549924.000000,-0.002900,-0.011600,-0.977300, , , 
15343.000000,769499.000000,75549924.000000, , , ,0.000000,0.000000,0.000000
15344.000000,769500.000000,75549924.000000,-0.017400,-0.029000,-1.012100, , , 
15345.000000,769599.000000,75549924.000000,0.000000,-0.034800,-1.003400, , , 
15346.000000,769600.000000,75549924.000000, , , ,-0.325195,0.000000,-0.325195
15347.000000,769700.000000,75549924.000000,0.000000,-0.037700,-0.951200, , , 
15348.000000,769701.000000,75549924.000000, , , ,-0.650391,-0.650391,-0.325195
15349.000000,769792.000000,75549924.000000, , , ,-0.650391,-0.325195,0.000000
15350.000000,769799.000000,75549924.000000,-0.014500,-0.031900,-0.930900, , , 
15351.000000,769893.000000,75549924.000000, , , ,-0.325195,0.000000,0.000000
15352.000000,769900.000000,75549924.000000,-0.011600,-0.029000,-0.968600, , , 
15353.000000,769994.000000,75549924.000000, , , ,-0.650391,0.000000,-0.325195
15354.000000,769999.000000,75549924.000000,-0.014500,-0.031900,-0.991800, , , 
15355.000000,770095.000000,75549924.000000, , , ,-0.325195,-0.325195,-0.650391
15356.000000,770100.000000,75549924.000000,-0.002900,-0.029000,-1.000500, , , 
15357.000000,770196.000000,75549924.000000, , , ,-0.650391,0.000000,-0.325195
15358.000000,770199.000000,75549924.000000,0.000000,-0.031900,-0.971500, , , 
15359.000000,770297.000000,75549924.000000, , , ,0.000000,0.000000,-0.650391
15360.000000,770300.000000,75549924.000000,-0.034800,-0.040600,-0.997600, , , 
15361.000000,770398.000000,75549924.000000, , , ,-0.325195,0.325195,-0.325195
15362.000000,770399.000000,75549924.000000,-0.005800,-0.040600,-1.023700, , , 
15363.000000,770499.000000,75549924.000000, , , ,-0.975586,-0.325195,-0.325195
15364.000000,770500.000000,75549924.000000,0.002900,-0.040600,-0.994700, , , 
15365.000000,770599.000000,75549924.000000,-0.017400,-0.014500,-0.959900, , , 
15366.000000,770600.000000,75549924.000000, , , ,-0.325195,-0.325195,-0.325195
15367.000000,770700.000000,75549924.000000,-0.008700,-0.023200,-0.962800, , , 
15368.000000,770701.000000,75549924.000000, , , ,-0.650391,0.000000,-0.325195
15369.000000,770792.000000,75549924.000000, , , ,-0.650391,0.000000,-0.325195
15370.000000,770799.000000,75549924.000000,-0.020300,-0.049300,-1.012100, , , 
15371.000000,770893.000000,75549924.000000, , , ,-0.650391,0.000000,-0.325195
15372.000000,770900.000000,75549924.000000,-0.002900,-0.040600,-1.003400, , , 
15373.000000,770994.000000,75549924.000000, , , ,-0.975586,-0.975586,-0.325195
15374.000000,770999.000000,75549924.000000,0.000000,-0.034800,-0.951200, , , 
15375.000000,771095.000000,75549924.000000, , , ,0.000000,-1.300781,-0.325195
15376.000000,771100.000000,75549924.000000,-0.005800,-0.029000,-0.930900, , , 
15377.000000,771196.000000,75549924.000000, , , ,-0.650391,0.000000,-0.325195
15378.000000,771199.000000,75549924.000000,-0.026100,-0.029000,-0.974400, , , 
15379.000000,771297.000000,75549924.000000, , , ,-0.650391,0.325195,0.000000
15380.000000,771300.000000,75549924.000000,-0.005800,-0.031900,-1.009200, , , 
15381.000000,771398.000000,75549924.000000, , , ,-0.650391,-0.325195,-0.325195
15382.000000,771399.000000,75549924.000000,-0.011600,-0.029000,-0.997600, , , 
15383.000000,771499.000000,75549924.000000, , , ,-0.325195,-0.325195,0.000000
15384.000000,771500.000000,75549924.000000,-0.008700,-0.014500,-0.991800, , , 
15385.000000,771599.000000,75549924.000000,-0.008700,-0.037700,-0.983100, , , 
15386.000000,771600.000000,75549924.000000, , , ,0.000000,0.000000,-0.650391
15387.000000,771700.000000,75549924.000000,-0.014500,-0.026100,-0.991800, , , 
15388.000000,771701.000000,75549924.000000, , , ,0.000000,0.000000,-0.325195
15389.000000,771792.000000,75549924.000000, , , ,-0.650391,0.000000,-0.975586
15390.000000,771799.000000,75549924.000000,0.000000,-0.037700,-0.994700, , , 
15391.000000,771893.000000,75549924.000000, , , ,-0.325195,0.000000,0.000000
15392.000000,771900.000000,75549924.000000,-0.023200,-0.031900,-1.000500, , , 
15393.000000,771994.000000,75549924.000000, , , ,-0.650391,0.000000,0.000000
15394.000000,771999.000000,75549924.000000,-0.002900,-0.040600,-0.991800, , , 
15395.000000,772095.000000,75549924.000000, , , ,-0.975586,-0.325195,-0.325195
15396.000000,772100.000000,75549924.000000,-0.014500,-0.029000,-0.965700, , , 
15397.000000,772196.000000,75549924.000000, , , ,-0.650391,-0.325195,0.000000
15398.000000,772199.000000,75549924.000000,-0.008700,-0.005800,-0.948300, , , 
15399.000000,772297.000000,75549924.000000, , , ,0.000000,0.000000,0.325195
15400.000000,772300.000000,75549924.000000,-0.011600,0.000000,-0.957000, , , 
15401.000000,772398.000000,75549924.000000, , , ,0.000000,0.000000,-0.325195
15402.000000,772399.000000,75549924.000000,-0.014500,-0.023200,-0.994700, , , 
15403.000000,772499.000000,75549924.000000, , , ,0.000000,-0.325195,0.000000
15404.000000,772500.000000,75549924.000000,-0.011600,-0.011600,-1.000500, , , 
15405.000000,772599.000000,75549924.000000,-0.002900,-0.026100,-0.986000, , , 
15406.000000,772600.000000,75549924.000000, , , ,-0.325195,0.000000,0.000000
15407.000000,772700.000000,75549924.000000,-0.017400,-0.011600,-1.000500, , , 
15408.000000,772701.000000,75549924.000000, , , ,-0.650391,0.325195,0.325195
15409.000000,772792.000000,75549924.000000, , , ,-1.300781,0.000000,0.000000
15410.000000,772799.000000,75549924.000000,0.000000,-0.011600,-0.988900, , , 
15411.000000,772893.000000,75549924.000000, , , ,-0.975586,-1.300781,0.000000
15412.000000,772900.000000,75549924.000000,0.000000,-0.011600,-0.936700, , , 
15413.000000,772994.000000,75549924.000000, , , ,-0.650391,-0.650391,0.000000
15414.000000,772999.000000,75549924.000000,-0.017400,0.000000,-0.939600, , , 
15415.000000,773095.000000,75549924.000000, , , ,0.000000,0.650391,0.000000
15416.000000,773100.000000,75549924.000000,-0.017400,0.005800,-1.012100, , , 
15417.000000,773196.000000,75549924.000000, , , ,0.000000,0.000000,-0.325195
15418.000000,773199.000000,75549924.000000,0.000000,-0.008700,-1.041100, , , 
15419.000000,773297.000000,75549924.000000, , , ,-0.650391,0.325195,0.000000
15420.000000,773300.000000,75549924.000000,-0.005800,-0.020300,-1.015000, , , 
15421.000000,773398.000000,75549924.000000, , , ,-0.325195,0.000000,-0.325195
15422.000000,773400.000000,75549924.000000,0.005800,-0.017400,-0.983100, , , 
15423.000000,773498.000000,75549924.000000, , , ,-0.650391,-0.325195,0.000000
15424.000000,773499.000000,75549924.000000,0.000000,-0.020300,-0.945400, , , 
15425.000000,773599.000000,75549924.000000, , , ,-0.975586,0.000000,0.000000
15426.000000,773600.000000,75549924.000000,-0.011600,-0.029000,-0.977300, , , 
15427.000000,773699.000000,75549924.000000,-0.002900,-0.011600,-1.009200, , , 
15428.000000,773700.000000,75549924.000000, , , ,-0.325195,0.650391,0.000000
15429.000000,773800.000000,75549924.000000,0.000000,-0.002900,-0.997600, , , 
15430.000000,773801.000000,75549924.000000, , , ,-0.650391,0.000000,0.000000
15431.000000,773892.000000,75549924.000000, , , ,-0.650391,0.000000,-0.650391
15432.000000,773899.000000,75549924.000000,0.000000,-0.014500,-0.997600, , , 
15433.000000,773993.000000,75549924.000000, , , ,-0.975586,0.000000,-0.325195
15434.000000,774000.000000,75549924.000000,0.000000,0.000000,-0.980200, , , 
15435.000000,774094.000000,75549924.000000, , , ,-0.325195,-0.650391,0.000000
15436.000000,774099.000000,75549924.000000,0.011600,0.002900,-0.948300, , , 
15437.000000,774195.000000,75549924.000000, , , ,0.000000,-0.325195,0.000000
15438.000000,774200.000000,75549924.000000,-0.002900,-0.008700,-0.965700, , , 
15439.000000,774296.000000,75549924.000000, , , ,-0.650391,0.000000,-0.325195
15440.000000,774299.000000,75549924.000000,0.000000,-0.002900,-0.983100, , , 
15441.000000,774397.000000,75549924.000000, , , ,0.000000,-0.650391,0.000000
15442.000000,774400.000000,75549924.000000,0.017400,-0.020300,-0.959900, , , 
15443.000000,774498.000000,75549924.000000, , , ,0.325195,0.000000,0.000000
15444.000000,774499.000000,75549924.000000,-0.008700,0.000000,-0.951200, , , 
15445.000000,774599.000000,75549924.000000, , , ,-0.650391,0.000000,0.000000
15446.000000,774600.000000,75549924.000000,-0.008700,-0.011600,-1.015000, , , 
15447.000000,774699.000000,75549924.000000,0.002900,-0.008700,-1.044000, , , 
15448.000000,774700.000000,75549924.000000, , , ,-0.650391,0.325195,0.000000
15449.000000,774800.000000,75549924.000000,0.008700,-0.002900,-0.977300, , , 
15450.000000,774801.000000,75549924.000000, , , ,-0.650391,0.000000,0.325195
15451.000000,774892.000000,75549924.000000, , , ,-0.650391,-0.650391,0.000000
15452.000000,774899.000000,75549924.000000,0.000000,0.026100,-0.936700, , , 
15453.000000,774993.000000,75549924.000000, , , ,-0.650391,-0.325195,0.000000
15454.000000,775000.000000,75549924.000000,-0.014500,-0.008700,-0.965700, , , 
15455.000000,775094.000000,75549924.000000, , , ,-0.650391,0.000000,0.000000
15456.000000,775099.000000,75549924.000000,0.000000,0.011600,-0.997600, , , 
15457.000000,775195.000000,75549924.000000, , , ,-0.650391,0.000000,0.000000
15458.000000,775200.000000,75549924.000000,0.000000,-0.002900,-1.012100, , , 
15459.000000,775296.000000,75549924.000000, , , ,-0.975586,-0.325195,0.000000
15460.000000,775299.000000,75549924.000000,0.002900,-0.005800,-0.983100, , , 
15461.000000,775397.000000,75549924.000000, , , ,-0.325195,0.000000,0.000000
15462.000000,775400.000000,75549924.000000,0.000000,0.000000,-0.971500, , , 
15463.000000,775498.000000,75549924.000000, , , ,0.000000,0.000000,-0.325195
15464.000000,775499.000000,75549924.000000,-0.005800,-0.014500,-0.974400, , , 
15465.000000,775599.000000,75549924.000000, , , ,-0.975586,0.000000,0.000000
15466.000000,775600.000000,75549924.000000,-0.005800,-0.008700,-0.980200, , , 
15467.000000,775699.000000,75549924.000000,-0.002900,-0.011600,-1.023700, , , 
15468.000000,775700.000000,75549924.000000, , , ,-0.650391,0.650391,0.000000
15469.000000,775800.000000,75549924.000000,0.000000,0.002900,-1.017900, , , 
15470.000000,775801.000000,75549924.000000, , , ,0.000000,0.000000,-0.325195
15471.000000,775892.000000,75549924.000000, , , ,0.000000,-0.975586,0.650391
15472.000000,775899.000000,75549924.000000,0.008700,-0.014500,-0.965700, , , 
15473.000000,775993.000000,75549924.000000, , , ,-0.325195,0.000000,-1.300781
15474.000000,776000.000000,75549924.000000,-0.011600,-0.023200,-0.971500, , , 
15475.000000,776094.000000,75549924.000000, , , ,-0.650391,0.000000,0.000000
15476.000000,776099.000000,75549924.000000,0.002900,-0.017400,-0.974400, , , 
15477.000000,776195.000000,75549924.000000, , , ,0.000000,-0.650391,0.000000
15478.000000,776200.000000,75549924.000000,0.002900,-0.020300,-0.951200, , , 
15479.000000,776296.000000,75549924.000000, , , ,-0.325195,0.000000,0.000000
15480.000000,776299.000000,75549924.000000,-0.005800,-0.017400,-0.986000, , , 
15481.000000,776397.000000,75549924.000000, , , ,-0.975586,0.325195,0.000000
15482.000000,776400.000000,75549924.000000,0.000000,-0.011600,-1.009200, , , 
15483.000000,776498.000000,75549924.000000, , , ,-0.975586,0.000000,0.000000
15484.000000,776499.000000,75549924.000000,-0.011600,-0.029000,-1.015000, , , 
15485.000000,776599.000000,75549924.000000, , , ,-0.650391,0.000000,0.000000
15486.000000,776600.000000,75549924.000000,0.000000,-0.002900,-0.980200, , , 
15487.000000,776699.000000,75549924.000000,0.000000,-0.011600,-0.991800, , , 
15488.000000,776700.000000,75549924.000000, , , ,0.000000,0.000000,0.000000
15489.000000,776800.000000,75549924.000000,0.000000,-0.014500,-0.980200, , , 
15490.000000,776801.000000,75549924.000000, , , ,-0.325195,0.000000,0.000000
15491.000000,776892.000000,75549924.000000, , , ,-0.325195,-0.325195,0.000000
15492.000000,776899.000000,75549924.000000,0.000000,-0.002900,-0.971500, , , 
15493.000000,776993.000000,75549924.000000, , , ,-0.325195,-0.325195,0.000000
15494.000000,777000.000000,75549924.000000,0.011600,-0.031900,-0.991800, , , 
15495.000000,777094.000000,75549924.000000, , , ,0.000000,0.000000,0.325195
15496.000000,777099.000000,75549924.000000,0.000000,-0.011600,-0.997600, , , 
15497.000000,777195.000000,75549924.000000, , , ,0.000000,0.000000,0.325195
15498.000000,777200.000000,75549924.000000,0.008700,-0.020300,-0.959900, , , 
15499.000000,777296.000000,75549924.000000, , , ,-0.325195,-0.325195,0.000000
15500.000000,777299.000000,75549924.000000,-0.005800,-0.029000,-0.954100, , , 
15501.000000,777397.000000,75549924.000000, , , ,-0.975586,-0.975586,0.000000
15502.000000,777400.000000,75549924.000000,-0.002900,-0.029000,-0.930900, , , 
15503.000000,777498.000000,75549924.000000, , , ,-0.975586,0.000000,0.000000
15504.000000,777499.000000,75549924.000000,-0.026100,-0.026100,-0.991800, , , 
15505.000000,777599.000000,75549924.000000, , , ,-1.300781,0.325195,0.000000
15506.000000,777600.000000,75549924.000000,0.002900,-0.031900,-1.035300, , , 
15507.000000,777699.000000,75549924.000000,0.000000,-0.011600,-0.997600, , , 
15508.000000,777700.000000,75549924.000000, , , ,-0.975586,0.000000,-0.325195
15509.000000,777800.000000,75549924.000000,-0.008700,-0.037700,-0.994700, , , 
15510.000000,777801.000000,75549924.000000, , , ,-0.325195,0.000000,-0.325195
15511.000000,777892.000000,75549924.000000, , , ,-0.975586,0.000000,0.000000
15512.000000,777899.000000,75549924.000000,0.002900,-0.011600,-0.997600, , , 
15513.000000,777993.000000,75549924.000000, , , ,-1.300781,0.000000,0.000000
15514.000000,778000.000000,75549924.000000,0.008700,-0.020300,-0.968600, , , 
15515.000000,778094.000000,75549924.000000, , , ,-0.325195,-0.650391,0.000000
15516.000000,778099.000000,75549924.000000,-0.002900,-0.017400,-0.965700, , , 
15517.000000,778195.000000,75549924.000000, , , ,-0.325195,-0.325195,-0.325195
15518.000000,778200.000000,75549924.000000,0.002900,-0.008700,-0.962800, , , 
15519.000000,778296.000000,75549924.000000, , , ,0.000000,0.000000,0.000000
15520.000000,778299.000000,75549924.000000,-0.005800,-0.026100,-0.997600, , , 
15521.000000,778397.000000,75549924.000000, , , ,-0.325195,0.000000,-0.325195
15522.000000,778400.000000,75549924.000000,0.000000,-0.023200,-1.003400, , , 
15523.000000,778498.000000,75549924.000000, , , ,-0.650391,0.000000,0.000000
15524.000000,778499.000000,75549924.000000,0.005800,-0.029000,-0.997600, , , 
15525.000000,778599.000000,75549924.000000, , , ,-0.975586,-0.325195,0.000000
15526.000000,778600.000000,75549924.000000,-0.002900,-0.026100,-0.977300, , , 
15527.000000,778699.000000,75549924.000000,0.023200,0.000000,-0.933800, , , 
15528.000000,778700.000000,75549924.000000, , , ,-0.325195,-0.650391,-0.325195
15529.000000,778800.000000,75549924.000000,-0.008700,-0.020300,-0.968600, , , 
15530.000000,778801.000000,75549924.000000, , , ,0.000000,0.000000,0.000000
15531.000000,778892.000000,75549924.000000, , , ,0.000000,-0.325195,-0.325195
15532.000000,778899.000000,75549924.000000,0.000000,-0.026100,-1.006300, , , 
15533.000000,778993.000000,75549924.000000, , , ,-0.325195,0.650391,-0.325195
15534.000000,779000.000000,75549924.000000,-0.011600,-0.031900,-1.044000, , , 
15535.000000,779094.000000,75549924.000000, , , ,-0.325195,0.325195,0.000000
15536.000000,779099.000000,75549924.000000,0.008700,-0.031900,-1.023700, , , 
15537.000000,779195.000000,75549924.000000, , , ,0.000000,-0.325195,-0.650391
15538.000000,779200.000000,75549924.000000,0.000000,-0.031900,-0.983100, , , 
15539.000000,779296.000000,75549924.000000, , , ,0.000000,-0.325195,-0.325195
15540.000000,779299.000000,75549924.000000,0.000000,-0.040600,-0.957000, , , 
15541.000000,779397.000000,75549924.000000, , , ,-0.650391,0.000000,-0.325195
15542.000000,779400.000000,75549924.000000,-0.002900,-0.043500,-0.991800, , , 
15543.000000,779498.000000,75549924.000000, , , ,-0.975586,-0.325195,-0.325195
15544.000000,779499.000000,75549924.000000,0.002900,-0.029000,-0.971500, , , 
15545.000000,779599.000000,75549924.000000, , , ,-0.325195,-0.325195,0.000000
15546.000000,779600.000000,75549924.000000,0.000000,-0.014500,-0.971500, , , 
15547.000000,779699.000000,75549924.000000,-0.005800,-0.026100,-0.971500, , , 
15548.000000,779700.000000,75549924.000000, , , ,0.000000,-0.650391,-0.650391
15549.000000,779800.000000,75549924.000000,0.000000,-0.043500,-0.983100, , , 
15550.000000,779801.000000,75549924.000000, , , ,0.000000,0.000000,-0.650391
15551.000000,779892.000000,75549924.000000, , , ,-0.325195,0.000000,-0.650391
15552.000000,779899.000000,75549924.000000,0.000000,-0.049300,-0.977300, , , 
15553.000000,779993.000000,75549924.000000, , , ,-0.650391,-0.650391,-0.325195
15554.000000,780000.000000,75549924.000000,0.000000,-0.031900,-0.971500, , , 
15555.000000,780094.000000,75549924.000000, , , ,-0.975586,-0.325195,-0.325195
15556.000000,780099.000000,75549924.000000,-0.005800,-0.026100,-0.974400, , , 
15557.000000,780195.000000,75549924.000000, , , ,-0.975586,0.000000,-0.325195
15558.000000,780200.000000,75549924.000000,-0.011600,-0.049300,-1.015000, , , 
15559.000000,780296.000000,75549924.000000, , , ,-1.300781,0.000000,0.000000
15560.000000,780299.000000,75549924.000000,0.008700,-0.029000,-0.997600, , , 
15561.000000,780397.000000,75549924.000000, , , ,0.000000,-0.325195,0.000000
15562.000000,780400.000000,75549924.000000,0.005800,-0.031900,-0.948300, , , 
15563.000000,780498.000000,75549924.000000, , , ,0.000000,-0.975586,0.000000
15564.000000,780499.000000,75549924.000000,-0.008700,-0.020300,-0.948300, , , 
15565.000000,780599.000000,75549924.000000, , , ,-0.325195,-0.325195,-0.325195
15566.000000,780600.000000,75549924.000000,0.000000,-0.037700,-0.954100, , , 
15567.000000,780699.000000,75549924.000000,-0.026100,-0.052200,-1.006300, , , 
15568.000000,780700.000000,75549924.000000, , , ,-0.650391,0.000000,-0.325195
15569.000000,780800.000000,75549924.000000,-0.011600,-0.037700,-1.015000, , , 
15570.000000,780801.000000,75549924.000000, , , ,-0.975586,0.000000,-0.325195
15571.000000,780892.000000,75549924.000000, , , ,0.000000,0.000000,0.000000
15572.000000,780899.000000,75549924.000000,0.000000,-0.020300,-0.991800, , , 
15573.000000,780993.000000,75549924.000000, , , ,0.000000,0.000000,-0.325195
15574.000000,781000.000000,75549924.000000,-0.020300,-0.043500,-1.026600, , , 
15575.000000,781094.000000,75549924.000000, , , ,0.000000,0.000000,-0.650391
15576.000000,781099.000000,75549924.000000,0.005800,-0.049300,-1.032400, , , 
15577.000000,781195.000000,75549924.000000, , , ,0.000000,0.000000,-0.325195
15578.000000,781200.000000,75549924.000000,-0.005800,-0.046400,-0.994700, , , 
15579.000000,781296.000000,75549924.000000, , , ,-1.300781,0.000000,0.325195
15580.000000,781299.000000,75549924.000000,0.000000,-0.040600,-0.962800, , , 
15581.000000,781397.000000,75549924.000000, , , ,-1.300781,-0.650391,0.000000
15582.000000,781400.000000,75549924.000000,0.002900,-0.043500,-0.928000, , , 
15583.000000,781498.000000,75549924.000000, , , ,-1.300781,-0.325195,0.000000
15584.000000,781499.000000,75549924.000000,-0.011600,-0.026100,-0.957000, , , 
15585.000000,781599.000000,75549924.000000, , , ,-0.975586,-0.325195,0.000000
15586.000000,781600.000000,75549924.000000,-0.005800,-0.014500,-0.962800, , , 
15587.000000,781699.000000,75549924.000000,-0.017400,-0.023200,-1.000500, , , 
15588.000000,781700.000000,75549924.000000, , , ,-0.325195,0.000000,-0.325195
15589.000000,781800.000000,75549924.000000,-0.011600,-0.023200,-1.038200, , , 
15590.000000,781801.000000,75549924.000000, , , ,0.000000,0.000000,-0.325195
15591.000000,781892.000000,75549924.000000, , , ,-0.325195,0.975586,0.000000
15592.000000,781899.000000,75549924.000000,-0.014500,-0.055100,-1.075900, , , 
15593.000000,781993.000000,75549924.000000, , , ,-1.300781,0.650391,0.000000
15594.000000,782000.000000,75549924.000000,-0.011600,-0.060900,-1.096200, , , 
15595.000000,782094.000000,75549924.000000, , , ,-1.300781,0.000000,0.000000
15596.000000,782099.000000,75549924.000000,0.005800,-0.020300,-1.009200, , , 
15597.000000,782195.000000,75549924.000000, , , ,-0.650391,-0.650391,0.000000
15598.000000,782200.000000,75549924.000000,0.000000,-0.005800,-0.928000, , , 
15599.000000,782296.000000,75549924.000000, , , ,-0.325195,0.325195,0.000000
15600.000000,782299.000000,75549924.000000,-0.034800,-0.011600,-0.983100, , , 
15601.000000,782397.000000,75549924.000000, , , ,0.325195,0.325195,-0.325195
15602.000000,782400.000000,75549924.000000,-0.005800,-0.023200,-1.015000, , , 
15603.000000,782498.000000,75549924.000000, , , ,0.975586,0.650391,-0.325195
15604.000000,782499.000000,75549924.000000,0.000000,-0.029000,-1.052700, , , 
15605.000000,782599.000000,75549924.000000, , , ,-0.650391,0.325195,-0.325195
15606.000000,782600.000000,75549924.000000,-0.014500,-0.052200,-1.073000, , , 
15607.000000,782699.000000,75549924.000000,-0.005800,-0.005800,-1.058500, , , 
15608.000000,782700.000000,75549924.000000, , , ,-0.650391,0.325195,0.000000
15609.000000,782800.000000,75549924.000000,0.000000,-0.011600,-1.015000, , , 
15610.000000,782801.000000,75549924.000000, , , ,-1.625977,0.325195,0.000000
15611.000000,782892.000000,75549924.000000, , , ,-0.650391,0.000000,0.000000
15612.000000,782899.000000,75549924.000000,-0.008700,-0.011600,-0.948300, , , 
15613.000000,782993.000000,75549924.000000, , , ,-0.325195,-0.975586,0.000000
15614.000000,783000.000000,75549924.000000,0.000000,-0.005800,-0.925100, , , 
15615.000000,783094.000000,75549924.000000, , , ,0.000000,0.000000,0.000000
15616.000000,783099.000000,75549924.000000,-0.011600,0.002900,-0.933800, , , 
15617.000000,783195.000000,75549924.000000, , , ,-0.650391,-0.325195,0.000000
15618.000000,783200.000000,75549924.000000,-0.011600,-0.008700,-0.997600, , , 
15619.000000,783296.000000,75549924.000000, , , ,-1.951172,1.625977,0.000000
15620.000000,783299.000000,75549924.000000,-0.026100,-0.058000,-1.084600, , , 
15621.000000,783397.000000,75549924.000000, , , ,-1.951172,0.325195,0.000000
15622.000000,783400.000000,75549924.000000,-0.008700,-0.002900,-1.084600, , , 
15623.000000,783498.000000,75549924.000000, , , ,-1.300781,-0.650391,0.000000
15624.000000,783499.000000,75549924.000000,0.011600,0.020300,-0.988900, , , 
15625.000000,783599.000000,75549924.000000, , , ,0.000000,-0.325195,0.000000
15626.000000,783600.000000,75549924.000000,-0.011600,0.014500,-0.933800, , , 
15627.000000,783699.000000,75549924.000000,0.008700,0.017400,-0.936700, , , 
15628.000000,783700.000000,75549924.000000, , , ,0.000000,-0.325195,0.000000
15629.000000,783800.000000,75549924.000000,-0.017400,0.000000,-0.930900, , , 
15630.000000,783801.000000,75549924.000000, , , ,0.000000,-0.650391,0.000000
15631.000000,783892.000000,75549924.000000, , , ,-0.325195,0.325195,0.000000
15632.000000,783899.000000,75549924.000000,-0.008700,-0.017400,-1.003400, , , 
15633.000000,783993.000000,75549924.000000, , , ,-0.975586,0.000000,0.325195
15634.000000,784000.000000,75549924.000000,0.005800,-0.002900,-0.988900, , , 
15635.000000,784094.000000,75549924.000000, , , ,-0.975586,0.000000,0.000000
15636.000000,784099.000000,75549924.000000,-0.011600,-0.002900,-0.988900, , , 
15637.000000,784195.000000,75549924.000000, , , ,-0.975586,0.325195,0.000000
15638.000000,784200.000000,75549924.000000,0.002900,-0.023200,-0.994700, , , 
15639.000000,784296.000000,75549924.000000, , , ,-1.300781,-0.325195,0.325195
15640.000000,784299.000000,75549924.000000,0.000000,0.005800,-0.948300, , , 
15641.000000,784397.000000,75549924.000000, , , ,-0.650391,0.000000,0.000000
15642.000000,784400.000000,75549924.000000,-0.017400,0.000000,-0.988900, , , 
15643.000000,784498.000000,75549924.000000, , , ,-0.650391,0.000000,0.650391
15644.000000,784499.000000,75549924.000000,0.008700,0.000000,-1.003400, , , 
15645.000000,784599.000000,75549924.000000, , , ,0.000000,-0.325195,0.000000
15646.000000,784600.000000,75549924.000000,0.017400,0.002900,-0.980200, , , 
15647.000000,784699.000000,75549924.000000,-0.005800,-0.014500,-0.994700, , , 
15648.000000,784700.000000,75549924.000000, , , ,0.650391,0.650391,0.000000
15649.000000,784800.000000,75549924.000000,0.008700,-0.046400,-1.020800, , , 
15650.000000,784801.000000,75549924.000000, , , ,-1.300781,0.000000,-0.325195
15651.000000,784892.000000,75549924.000000, , , ,-1.300781,0.000000,0.000000
15652.000000,784899.000000,75549924.000000,0.017400,-0.014500,-1.003400, , , 
15653.000000,784993.000000,75549924.000000, , , ,-0.975586,-0.325195,0.650391
15654.000000,785000.000000,75549924.000000,0.017400,0.017400,-0.959900, , , 
15655.000000,785094.000000,75549924.000000, , , ,-0.325195,0.325195,0.000000
15656.000000,785099.000000,75549924.000000,0.000000,-0.014500,-0.994700, , , 
15657.000000,785195.000000,75549924.000000, , , ,0.000000,0.000000,0.000000
15658.000000,785200.000000,75549924.000000,0.034800,-0.011600,-0.986000, , , 
15659.000000,785296.000000,75549924.000000, , , ,-0.650391,-0.650391,0.000000
15660.000000,785299.000000,75549924.000000,0.020300,-0.034800,-0.936700, , , 
15661.000000,785397.000000,75549924.000000, , , ,-0.325195,-0.325195,-0.325195
15662.000000,785400.000000,75549924.000000,-0.002900,-0.014500,-0.965700, , , 
15663.000000,785498.000000,75549924.000000, , , ,-0.325195,0.000000,0.325195
15664.000000,785499.000000,75549924.000000,0.026100,-0.008700,-0.983100, , , 
15665.000000,785599.000000,75549924.000000, , , ,-0.325195,0.000000,0.000000
15666.000000,785600.000000,75549924.000000,0.017400,-0.014500,-0.977300, , , 
15667.000000,785699.000000,75549924.000000,0.008700,-0.005800,-1.003400, , , 
15668.000000,785700.000000,75549924.000000, , , ,0.000000,0.000000,0.000000
15669.000000,785800.000000,75549924.000000,0.017400,-0.008700,-1.023700, , , 
15670.000000,785801.000000,75549924.000000, , , ,-0.325195,0.325195,0.000000
15671.000000,785892.000000,75549924.000000, , , ,-0.325195,-0.325195,0.000000
15672.000000,785899.000000,75549924.000000,0.037700,-0.023200,-0.991800, , , 
15673.000000,785993.000000,75549924.000000, , , ,-0.650391,-0.325195,0.000000
15674.000000,786000.000000,75549924.000000,0.008700,-0.014500,-0.968600, , , 
15675.000000,786094.000000,75549924.000000, , , ,-0.325195,0.650391,0.325195
15676.000000,786099.000000,75549924.000000,0.014500,-0.026100,-0.994700, , , 
15677.000000,786195.000000,75549924.000000, , , ,-0.325195,0.325195,0.000000
15678.000000,786200.000000,75549924.000000,0.017400,-0.011600,-1.003400, , , 
15679.000000,786296.000000,75549924.000000, , , ,-0.975586,-0.650391,0.000000
15680.000000,786299.000000,75549924.000000,0.029000,-0.005800,-0.968600, , , 
15681.000000,786397.000000,75549924.000000, , , ,0.000000,-0.650391,0.000000
15682.000000,786400.000000,75549924.000000,0.020300,0.000000,-0.951200, , , 
15683.000000,786498.000000,75549924.000000, , , ,0.000000,0.000000,0.000000
15684.000000,786499.000000,75549924.000000,0.000000,-0.023200,-0.994700, , , 
15685.000000,786599.000000,75549924.000000, , , ,0.000000,0.325195,0.000000
15686.000000,786600.000000,75549924.000000,0.026100,-0.031900,-1.015000, , , 
15687.000000,786699.000000,75549924.000000,0.014500,-0.029000,-0.965700, , , 
15688.000000,786700.000000,75549924.000000, , , ,0.000000,-0.650391,-0.650391
15689.000000,786800.000000,75549924.000000,0.008700,-0.031900,-0.994700, , , 
15690.000000,786801.000000,75549924.000000, , , ,0.000000,0.000000,-0.325195
15691.000000,786892.000000,75549924.000000, , , ,0.000000,0.325195,-0.650391
15692.000000,786899.000000,75549924.000000,0.020300,-0.049300,-1.000500, , , 
15693.000000,786993.000000,75549924.000000, , , ,-1.300781,0.000000,0.000000
15694.000000,787000.000000,75549924.000000,0.017400,-0.031900,-0.968600, , , 
15695.000000,787094.000000,75549924.000000, , , ,-0.650391,0.000000,-0.325195
15696.000000,787099.000000,75549924.000000,0.011600,-0.023200,-0.986000, , , 
15697.000000,787195.000000,75549924.000000, , , ,-0.650391,0.000000,0.000000
15698.000000,787200.000000,75549924.000000,0.011600,-0.034800,-1.029500, , , 
15699.000000,787296.000000,75549924.000000, , , ,-0.975586,-0.325195,0.000000
15700.000000,787299.000000,75549924.000000,0.034800,-0.014500,-0.968600, , , 
15701.000000,787397.000000,75549924.000000, , , ,0.000000,-0.325195,-0.325195
15702.000000,787400.000000,75549924.000000,0.026100,-0.026100,-0.968600, , , 
15703.000000,787498.000000,75549924.000000, , , ,0.000000,-0.325195,0.000000
15704.000000,787499.000000,75549924.000000,0.026100,-0.029000,-0.951200, , , 
15705.000000,787599.000000,75549924.000000, , , ,-0.325195,-0.325195,0.000000
15706.000000,787600.000000,75549924.000000,0.014500,-0.034800,-0.971500, , , 
15707.000000,787699.000000,75549924.000000,0.005800,-0.031900,-0.991800, , , 
15708.000000,787700.000000,75549924.000000, , , ,-0.650391,-0.325195,0.000000
15709.000000,787800.000000,75549924.000000,0.017400,-0.017400,-1.003400, , , 
15710.000000,787801.000000,75549924.000000, , , ,-0.650391,0.000000,0.000000
15711.000000,787892.000000,75549924.000000, , , ,-0.325195,0.000000,-0.325195
15712.000000,787899.000000,75549924.000000,0.014500,-0.005800,-1.012100, , , 
15713.000000,787993.000000,75549924.000000, , , ,-0.650391,0.325195,0.000000
15714.000000,788000.000000,75549924.000000,0.020300,-0.011600,-1.006300, , , 
15715.000000,788094.000000,75549924.000000, , , ,-0.325195,-0.325195,0.000000
15716.000000,788099.000000,75549924.000000,0.029000,-0.017400,-0.948300, , , 
15717.000000,788195.000000,75549924.000000, , , ,-0.325195,-0.650391,0.000000
15718.000000,788200.000000,75549924.000000,0.002900,-0.014500,-0.957000, , , 
15719.000000,788296.000000,75549924.000000, , , ,-0.650391,0.000000,0.000000
15720.000000,788299.000000,75549924.000000,0.029000,-0.005800,-0.991800, , , 
15721.000000,788397.000000,75549924.000000, , , ,-0.650391,0.000000,0.000000
15722.000000,788400.000000,75549924.000000,0.005800,-0.034800,-1.003400, , , 
15723.000000,788498.000000,75549924.000000, , , ,-0.975586,-0.325195,0.325195
15724.000000,788499.000000,75549924.000000,0.023200,-0.008700,-0.974400, , , 
15725.000000,788599.000000,75549924.000000, , , ,-0.650391,-0.325195,0.000000
15726.000000,788600.000000,75549924.000000,0.017400,-0.020300,-0.974400, , , 
15727.000000,788699.000000,75549924.000000,0.020300,-0.031900,-0.971500, , , 
15728.000000,788700.000000,75549924.000000, , , ,-0.650391,-0.325195,0.000000
15729.000000,788800.000000,75549924.000000,0.014500,-0.008700,-0.965700, , , 
15730.000000,788801.000000,75549924.000000, , , ,-0.325195,-0.325195,-0.325195
15731.000000,788892.000000,75549924.000000, , , ,-0.325195,0.000000,0.000000
15732.000000,788899.000000,75549924.000000,0.014500,-0.020300,-0.986000, , , 
15733.000000,788993.000000,75549924.000000, , , ,0.000000,-0.325195,0.000000
15734.000000,789000.000000,75549924.000000,0.008700,-0.026100,-1.003400, , , 
15735.000000,789094.000000,75549924.000000, , , ,0.000000,0.000000,0.000000
15736.000000,789099.000000,75549924.000000,0.023200,-0.017400,-1.000500, , , 
15737.000000,789195.000000,75549924.000000, , , ,-0.325195,0.000000,0.000000
15738.000000,789200.000000,75549924.000000,0.008700,-0.026100,-1.020800, , , 
15739.000000,789296.000000,75549924.000000, , , ,-0.650391,0.325195,-0.325195
15740.000000,789299.000000,75549924.000000,0.011600,-0.031900,-1.023700, , , 
15741.000000,789397.000000,75549924.000000, , , ,0.000000,-0.325195,0.000000
15742.000000,789400.000000,75549924.000000,0.014500,-0.043500,-0.962800, , , 
15743.000000,789498.000000,75549924.000000, , , ,0.000000,-0.650391,0.000000
15744.000000,789499.000000,75549924.000000,0.005800,-0.049300,-0.962800, , , 
15745.000000,789599.000000,75549924.000000, , , ,-0.325195,-0.325195,-0.325195
15746.000000,789600.000000,75549924.000000,0.026100,-0.034800,-0.968600, , , 
15747.000000,789699.000000,75549924.000000,0.014500,-0.029000,-0.971500, , , 
15748.000000,789700.000000,75549924.000000, , , ,-0.325195,-0.325195,-0.975586
15749.000000,789800.000000,75549924.000000,0.014500,-0.049300,-1.000500, , , 
15750.000000,789801.000000,75549924.000000, , , ,-0.975586,0.000000,0.325195
15751.000000,789892.000000,75549924.000000, , , ,-0.975586,0.000000,0.000000
15752.000000,789899.000000,75549924.000000,0.026100,-0.020300,-0.962800, , , 
15753.000000,789993.000000,75549924.000000, , , ,-0.650391,-0.325195,0.000000
15754.000000,790000.000000,75549924.000000,0.014500,-0.037700,-0.991800, , , 
15755.000000,790094.000000,75549924.000000, , , ,-0.325195,-0.325195,0.000000
15756.000000,790099.000000,75549924.000000,0.014500,-0.031900,-1.012100, , , 
15757.000000,790195.000000,75549924.000000, , , ,-0.650391,-0.650391,0.000000
15758.000000,790200.000000,75549924.000000,0.026100,-0.020300,-0.965700, , , 
15759.000000,790296.000000,75549924.000000, , , ,-0.650391,-0.325195,-0.975586
15760.000000,790299.000000,75549924.000000,-0.005800,-0.031900,-0.977300, , , 
15761.000000,790397.000000,75549924.000000, , , ,0.000000,0.000000,0.000000
15762.000000,790400.000000,75549924.000000,0.020300,-0.005800,-0.988900, , , 
15763.000000,790498.000000,75549924.000000, , , ,-0.325195,0.650391,0.000000
15764.000000,790499.000000,75549924.000000,0.002900,-0.049300,-1.020800, , , 
15765.000000,790599.000000,75549924.000000, , , ,-1.300781,0.000000,-0.325195
15766.000000,790600.000000,75549924.000000,0.014500,-0.040600,-0.988900, , , 
15767.000000,790699.000000,75549924.000000,0.008700,-0.008700,-0.962800, , , 
15768.000000,790700.000000,75549924.000000, , , ,-0.975586,-0.650391,0.000000
15769.000000,790800.000000,75549924.000000,0.011600,-0.017400,-0.962800, , , 
15770.000000,790801.000000,75549924.000000, , , ,-0.325195,0.000000,0.000000
15771.000000,790892.000000,75549924.000000, , , ,-0.650391,0.000000,-0.325195
15772.000000,790899.000000,75549924.000000,0.005800,-0.017400,-0.965700, , , 
15773.000000,790993.000000,75549924.000000, , , ,0.000000,0.000000,-0.325195
15774.000000,791000.000000,75549924.000000,0.005800,-0.020300,-0.986000, , , 
15775.000000,791094.000000,75549924.000000, , , ,0.000000,0.325195,-0.325195
15776.000000,791099.000000,75549924.000000,0.005800,-0.043500,-1.020800, , , 
15777.000000,791195.000000,75549924.000000, , , ,0.000000,0.000000,-0.325195
15778.000000,791200.000000,75549924.000000,0.014500,-0.034800,-1.017900, , , 
15779.000000,791296.000000,75549924.000000, , , ,-0.650391,0.000000,0.000000
15780.000000,791299.000000,75549924.000000,0.011600,-0.046400,-0.983100, , , 
15781.000000,791397.000000,75549924.000000, , , ,-0.975586,-0.650391,-0.325195
15782.000000,791400.000000,75549924.000000,0.014500,-0.031900,-0.951200, , , 
15783.000000,791498.000000,75549924.000000, , , ,-0.650391,0.000000,0.000000
15784.000000,791499.000000,75549924.000000,0.000000,-0.029000,-0.965700, , , 
15785.000000,791599.000000,75549924.000000, , , ,-0.650391,0.000000,-1.625977
15786.000000,791600.000000,75549924.000000,0.014500,-0.037700,-0.988900, , , 
15787.000000,791699.000000,75549924.000000,0.017400,-0.020300,-0.977300, , , 
15788.000000,791700.000000,75549924.000000, , , ,-0.325195,-0.325195,0.000000
15789.000000,791800.000000,75549924.000000,0.005800,-0.034800,-0.971500, , , 
15790.000000,791801.000000,75549924.000000, , , ,-0.650391,-0.325195,0.000000
15791.000000,791892.000000,75549924.000000, , , ,-0.650391,-0.650391,0.000000
15792.000000,791899.000000,75549924.000000,0.000000,-0.026100,-0.974400, , , 
15793.000000,791993.000000,75549924.000000, , , ,-0.650391,0.000000,-0.325195
15794.000000,792000.000000,75549924.000000,0.005800,-0.034800,-0.994700, , , 
15795.000000,792094.000000,75549924.000000, , , ,-0.325195,0.000000,-0.325195
15796.000000,792099.000000,75549924.000000,0.005800,-0.029000,-1.003400, , , 
15797.000000,792195.000000,75549924.000000, , , ,0.000000,-0.325195,-0.325195
15798.000000,792200.000000,75549924.000000,0.005800,-0.020300,-0.980200, , , 
15799.000000,792296.000000,75549924.000000, , , ,-0.975586,0.000000,0.000000
15800.000000,792299.000000,75549924.000000,0.008700,-0.043500,-0.971500, , , 
15801.000000,792397.000000,75549924.000000, , , ,-0.650391,-0.325195,0.000000
15802.000000,792400.000000,75549924.000000,0.011600,-0.031900,-0.977300, , , 
15803.000000,792498.000000,75549924.000000, , , ,-0.325195,-0.325195,0.000000
15804.000000,792499.000000,75549924.000000,-0.005800,-0.023200,-0.986000, , , 
15805.000000,792599.000000,75549924.000000, , , ,-0.650391,0.325195,0.000000
15806.000000,792600.000000,75549924.000000,0.011600,-0.029000,-1.015000, , , 
15807.000000,792699.000000,75549924.000000,0.005800,-0.023200,-0.994700, , , 
15808.000000,792700.000000,75549924.000000, , , ,-1.300781,0.000000,0.000000
15809.000000,792800.000000,75549924.000000,0.008700,-0.014500,-0.962800, , , 
15810.000000,792801.000000,75549924.000000, , , ,-1.300781,0.000000,0.000000
15811.000000,792892.000000,75549924.000000, , , ,-0.650391,0.000000,-0.325195
15812.000000,792899.000000,75549924.000000,-0.008700,-0.008700,-0.986000, , , 
15813.000000,792993.000000,75549924.000000, , , ,0.000000,-0.975586,0.000000
15814.000000,793000.000000,75549924.000000,0.020300,-0.002900,-0.951200, , , 
15815.000000,793094.000000,75549924.000000, , , ,0.000000,0.000000,-0.325195
15816.000000,793099.000000,75549924.000000,-0.005800,-0.017400,-0.983100, , , 
15817.000000,793195.000000,75549924.000000, , , ,-0.325195,0.325195,0.000000
15818.000000,793200.000000,75549924.000000,0.000000,-0.029000,-1.029500, , , 
15819.000000,793296.000000,75549924.000000, , , ,-0.650391,0.000000,-0.650391
15820.000000,793299.000000,75549924.000000,0.011600,-0.031900,-1.003400, , , 
15821.000000,793397.000000,75549924.000000, , , ,-0.975586,-0.325195,0.000000
15822.000000,793400.000000,75549924.000000,-0.002900,-0.023200,-1.017900, , , 
15823.000000,793498.000000,75549924.000000, , , ,-0.650391,-0.325195,-0.650391
15824.000000,793499.000000,75549924.000000,0.029000,0.000000,-0.951200, , , 
15825.000000,793599.000000,75549924.000000, , , ,-0.650391,-0.975586,0.000000
15826.000000,793600.000000,75549924.000000,-0.002900,0.008700,-0.925100, , , 
15827.000000,793699.000000,75549924.000000,-0.005800,-0.014500,-1.015000, , , 
15828.000000,793700.000000,75549924.000000, , , ,-0.325195,0.650391,0.000000
15829.000000,793800.000000,75549924.000000,0.026100,-0.011600,-0.997600, , , 
15830.000000,793801.000000,75549924.000000, , , ,-0.650391,0.325195,0.000000
15831.000000,793892.000000,75549924.000000, , , ,-0.650391,0.000000,0.000000
15832.000000,793899.000000,75549924.000000,0.000000,-0.002900,-0.994700, , , 
15833.000000,793993.000000,75549924.000000, , , ,-0.650391,0.000000,0.000000
15834.000000,794000.000000,75549924.000000,0.017400,-0.020300,-0.977300, , , 
15835.000000,794094.000000,75549924.000000, , , ,-1.300781,-0.325195,0.000000
15836.000000,794099.000000,75549924.000000,0.017400,0.000000,-0.928000, , , 
15837.000000,794195.000000,75549924.000000, , , ,-0.325195,0.000000,0.000000
15838.000000,794200.000000,75549924.000000,-0.002900,-0.017400,-0.991800, , , 
15839.000000,794296.000000,75549924.000000, , , ,-0.325195,0.000000,0.000000
15840.000000,794299.000000,75549924.000000,0.014500,-0.011600,-1.003400, , , 
15841.000000,794397.000000,75549924.000000, , , ,0.000000,-0.325195,0.000000
15842.000000,794400.000000,75549924.000000,0.005800,-0.014500,-0.986000, , , 
15843.000000,794498.000000,75549924.000000, , , ,-0.650391,0.000000,-0.325195
15844.000000,794499.000000,75549924.000000,0.002900,-0.034800,-0.994700, , , 
15845.000000,794599.000000,75549924.000000, , , ,-0.650391,0.000000,0.000000
15846.000000,794600.000000,75549924.000000,0.008700,-0.017400,-0.974400, , , 
15847.000000,794699.000000,75549924.000000,0.008700,-0.029000,-0.997600, , , 
15848.000000,794700.000000,75549924.000000, , , ,-0.650391,0.000000,0.000000
15849.000000,794800.000000,75549924.000000,0.017400,-0.020300,-0.980200, , , 
15850.000000,794801.000000,75549924.000000, , , ,-0.650391,0.000000,0.000000
15851.000000,794892.000000,75549924.000000, , , ,0.000000,-0.325195,-0.325195
15852.000000,794899.000000,75549924.000000,0.005800,-0.011600,-0.968600, , , 
15853.000000,794993.000000,75549924.000000, , , ,-0.325195,0.000000,-0.325195
15854.000000,795000.000000,75549924.000000,0.002900,-0.029000,-1.000500, , , 
15855.000000,795094.000000,75549924.000000, , , ,-0.975586,0.000000,-0.325195
15856.000000,795099.000000,75549924.000000,0.017400,-0.023200,-0.977300, , , 
15857.000000,795195.000000,75549924.000000, , , ,0.000000,-0.325195,-0.325195
15858.000000,795200.000000,75549924.000000,0.000000,-0.026100,-0.986000, , , 
15859.000000,795296.000000,75549924.000000, , , ,-0.650391,0.325195,0.000000
15860.000000,795299.000000,75549924.000000,0.005800,-0.031900,-1.020800, , , 
15861.000000,795397.000000,75549924.000000, , , ,-0.975586,-0.650391,0.000000
15862.000000,795400.000000,75549924.000000,0.031900,-0.005800,-0.974400, , , 
15863.000000,795498.000000,75549924.000000, , , ,0.000000,0.000000,-0.325195
15864.000000,795499.000000,75549924.000000,0.000000,-0.014500,-0.983100, , , 
15865.000000,795599.000000,75549924.000000, , , ,0.000000,-0.650391,0.000000
15866.000000,795600.000000,75549924.000000,0.002900,-0.026100,-0.980200, , , 
15867.000000,795699.000000,75549924.000000,0.017400,-0.023200,-0.986000, , , 
15868.000000,795700.000000,75549924.000000, , , ,-0.325195,0.000000,-0.325195
15869.000000,795800.000000,75549924.000000,0.005800,-0.034800,-0.988900, , , 
15870.000000,795801.000000,75549924.000000, , , ,-0.325195,0.000000,-0.325195
15871.000000,795892.000000,75549924.000000, , , ,-0.650391,-0.650391,0.000000
15872.000000,795899.000000,75549924.000000,0.031900,-0.020300,-0.942500, , , 
15873.000000,795993.000000,75549924.000000, , , ,-0.325195,-0.650391,-0.325195
15874.000000,796000.000000,75549924.000000,0.005800,-0.008700,-0.933800, , , 
15875.000000,796094.000000,75549924.000000, , , ,0.000000,0.325195,0.000000
15876.000000,796099.000000,75549924.000000,-0.008700,-0.017400,-0.994700, , , 
15877.000000,796195.000000,75549924.000000, , , ,-0.650391,0.000000,0.000000
15878.000000,796200.000000,75549924.000000,0.014500,-0.023200,-1.015000, , , 
15879.000000,796296.000000,75549924.000000, , , ,-0.650391,0.000000,0.000000
15880.000000,796299.000000,75549924.000000,-0.002900,-0.002900,-0.994700, , , 
15881.000000,796397.000000,75549924.000000, , , ,-0.975586,-0.325195,-0.325195
15882.000000,796400.000000,75549924.000000,0.005800,-0.031900,-0.988900, , , 
15883.000000,796498.000000,75549924.000000, , , ,0.000000,0.000000,0.000000
15884.000000,796499.000000,75549924.000000,0.008700,0.000000,-0.988900, , , 
15885.000000,796599.000000,75549924.000000, , , ,0.000000,0.000000,-0.650391
15886.000000,796600.000000,75549924.000000,0.002900,-0.014500,-0.983100, , , 
15887.000000,796699.000000,75549924.000000,0.008700,-0.020300,-1.015000, , , 
15888.000000,796700.000000,75549924.000000, , , ,-0.650391,0.325195,-0.325195
15889.000000,796800.000000,75549924.000000,0.011600,-0.011600,-1.003400, , , 
15890.000000,796801.000000,75549924.000000, , , ,-0.325195,-0.325195,-0.325195
15891.000000,796892.000000,75549924.000000, , , ,-0.325195,0.000000,0.000000
15892.000000,796899.000000,75549924.000000,0.011600,-0.026100,-0.980200, , , 
15893.000000,796993.000000,75549924.000000, , , ,-0.650391,0.000000,-0.325195
15894.000000,797000.000000,75549924.000000,0.008700,-0.014500,-0.974400, , , 
15895.000000,797094.000000,75549924.000000, , , ,-0.650391,-0.325195,0.000000
15896.000000,797099.000000,75549924.000000,0.011600,-0.011600,-0.957000, , , 
15897.000000,797195.000000,75549924.000000, , , ,-0.650391,-0.325195,-0.650391
15898.000000,797200.000000,75549924.000000,0.000000,-0.011600,-0.962800, , , 
15899.000000,797296.000000,75549924.000000, , , ,-0.325195,0.000000,0.000000
15900.000000,797299.000000,75549924.000000,0.000000,-0.020300,-1.000500, , , 
15901.000000,797397.000000,75549924.000000, , , ,-0.325195,0.000000,0.000000
15902.000000,797400.000000,75549924.000000,0.000000,-0.023200,-1.009200, , , 
15903.000000,797498.000000,75549924.000000, , , ,0.000000,0.000000,0.000000
15904.000000,797499.000000,75549924.000000,0.011600,-0.020300,-0.983100, , , 
15905.000000,797599.000000,75549924.000000, , , ,-0.975586,-0.650391,0.000000
15906.000000,797600.000000,75549924.000000,0.005800,-0.026100,-0.968600, , , 
15907.000000,797699.000000,75549924.000000,0.002900,-0.008700,-0.986000, , , 
15908.000000,797700.000000,75549924.000000, , , ,-0.650391,0.000000,-0.325195
15909.000000,797800.000000,75549924.000000,0.017400,-0.005800,-0.997600, , , 
15910.000000,797801.000000,75549924.000000, , , ,-0.650391,0.000000,0.000000
15911.000000,797892.000000,75549924.000000, , , ,0.000000,0.000000,0.000000
15912.000000,797899.000000,75549924.000000,0.002900,-0.002900,-0.983100, , , 
15913.000000,797993.000000,75549924.000000, , , ,0.000000,0.325195,0.000000
15914.000000,798000.000000,75549924.000000,0.008700,-0.034800,-0.991800, , , 
15915.000000,798094.000000,75549924.000000, , , ,-0.650391,-0.325195,0.000000
15916.000000,798099.000000,75549924.000000,0.017400,-0.029000,-0.980200, , , 
15917.000000,798195.000000,75549924.000000, , , ,-0.975586,0.000000,0.000000
15918.000000,798200.000000,75549924.000000,0.031900,-0.014500,-0.983100, , , 
15919.000000,798296.000000,75549924.000000, , , ,-0.650391,0.000000,-0.325195
15920.000000,798299.000000,75549924.000000,0.000000,-0.031900,-0.980200, , , 
15921.000000,798397.000000,75549924.000000, , , ,-0.650391,0.000000,0.000000
15922.000000,798400.000000,75549924.000000,0.014500,0.002900,-0.997600, , , 
15923.000000,798498.000000,75549924.000000, , , ,-0.325195,0.000000,0.000000
15924.000000,798499.000000,75549924.000000,0.008700,-0.008700,-0.977300, , , 
15925.000000,798599.000000,75549924.000000, , , ,0.000000,-0.325195,0.000000
15926.000000,798600.000000,75549924.000000,0.005800,-0.034800,-0.994700, , , 
15927.000000,798699.000000,75549924.000000,0.020300,-0.017400,-0.977300, , , 
15928.000000,798700.000000,75549924.000000, , , ,0.000000,0.000000,-0.325195
15929.000000,798800.000000,75549924.000000,0.008700,0.000000,-0.965700, , , 
15930.000000,798801.000000,75549924.000000, , , ,-0.650391,-0.325195,0.000000
15931.000000,798892.000000,75549924.000000, , , ,-0.325195,0.000000,0.000000
15932.000000,798899.000000,75549924.000000,0.000000,-0.026100,-0.983100, , , 
15933.000000,798993.000000,75549924.000000, , , ,-0.975586,0.325195,0.000000
15934.000000,799000.000000,75549924.000000,0.008700,-0.043500,-1.023700, , , 
15935.000000,799094.000000,75549924.000000, , , ,-0.975586,0.000000,0.000000
15936.000000,799099.000000,75549924.000000,0.014500,-0.005800,-1.000500, , , 
15937.000000,799195.000000,75549924.000000, , , ,-0.650391,-0.325195,0.000000
15938.000000,799200.000000,75549924.000000,0.011600,-0.031900,-0.980200, , , 
15939.000000,799296.000000,75549924.000000, , , ,-0.650391,-0.650391,-0.325195
15940.000000,799299.000000,75549924.000000,0.029000,-0.008700,-0.942500, , , 
15941.000000,799397.000000,75549924.000000, , , ,0.000000,-0.325195,0.000000
15942.000000,799400.000000,75549924.000000,0.008700,-0.023200,-0.962800, , , 
15943.000000,799498.000000,75549924.000000, , , ,-0.325195,-0.325195,-0.325195
15944.000000,799499.000000,75549924.000000,0.005800,-0.023200,-0.965700, , , 
15945.000000,799599.000000,75549924.000000, , , ,-0.650391,-0.325195,-0.325195
15946.000000,799600.000000,75549924.000000,0.000000,-0.026100,-1.003400, , , 
15947.000000,799699.000000,75549924.000000,0.002900,-0.017400,-1.009200, , , 
15948.000000,799700.000000,75549924.000000, , , ,-0.650391,0.000000,-0.325195
15949.000000,799800.000000,75549924.000000,0.014500,-0.034800,-0.997600, , , 
15950.000000,799801.000000,75549924.000000, , , ,-0.650391,0.000000,-0.325195
15951.000000,799900.000000,75549924.000000,0.011600,-0.034800,-0.983100, , , 
15952.000000,799901.000000,75549924.000000, , , ,-0.975586,-0.650391,0.000000
15953.000000,799992.000000,75549924.000000, , , ,-0.325195,-0.325195,-0.325195
15954.000000,799999.000000,75549924.000000,0.002900,-0.023200,-0.948300, , , 
15955.000000,800093.000000,75549924.000000, , , ,-0.650391,-0.325195,0.000000
15956.000000,800100.000000,75549924.000000,0.008700,-0.029000,-0.971500, , , 
15957.000000,800194.000000,75549924.000000, , , ,-0.325195,-0.325195,0.000000
15958.000000,800199.000000,75549924.000000,0.008700,-0.011600,-0.977300, , , 
15959.000000,800295.000000,75549924.000000, , , ,0.000000,0.000000,-0.325195
15960.000000,800300.000000,75549924.000000,0.005800,-0.034800,-0.974400, , , 
15961.000000,800395.000000,75549924.000000, , , ,-0.325195,0.000000,-0.325195
15962.000000,800400.000000,75549924.000000,0.017400,-0.020300,-0.977300, , , 
15963.000000,800496.000000,75549924.000000, , , ,-0.975586,-0.650391,0.000000
15964.000000,800499.000000,75549924.000000,0.005800,-0.023200,-0.980200, , , 
15965.000000,800597.000000,75549924.000000, , , ,-0.650391,0.000000,0.000000
15966.000000,800600.000000,75549924.000000,0.005800,-0.023200,-1.009200, , , 
15967.000000,800698.000000,75549924.000000, , , ,-0.325195,0.325195,0.000000
15968.000000,800699.000000,75549924.000000,0.000000,-0.020300,-1.009200, , , 
15969.000000,800799.000000,75549924.000000, , , ,-0.650391,-0.325195,-0.325195
15970.000000,800800.000000,75549924.000000,0.014500,-0.020300,-0.991800, , , 
15971.000000,800899.000000,75549924.000000,0.017400,-0.005800,-0.971500, , , 
15972.000000,800900.000000,75549924.000000, , , ,-0.650391,-0.325195,0.000000
15973.000000,801000.000000,75549924.000000,0.002900,-0.011600,-0.959900, , , 
15974.000000,801001.000000,75549924.000000, , , ,-0.650391,-0.325195,0.000000
15975.000000,801092.000000,75549924.000000, , , ,-0.650391,0.000000,0.000000
15976.000000,801099.000000,75549924.000000,0.008700,-0.011600,-0.994700, , , 
15977.000000,801193.000000,75549924.000000, , , ,0.000000,0.000000,0.000000
15978.000000,801200.000000,75549924.000000,0.002900,-0.005800,-0.994700, , , 
15979.000000,801294.000000,75549924.000000, , , ,-0.650391,0.000000,0.000000
15980.000000,801299.000000,75549924.000000,0.011600,-0.017400,-0.988900, , , 
15981.000000,801395.000000,75549924.000000, , , ,0.000000,0.000000,0.000000
15982.000000,801400.000000,75549924.000000,0.002900,-0.017400,-0.988900, , , 
15983.000000,801496.000000,75549924.000000, , , ,0.000000,0.000000,-0.325195
15984.000000,801499.000000,75549924.000000,0.008700,-0.017400,-0.997600, , , 
15985.000000,801597.000000,75549924.000000, , , ,-0.975586,0.000000,0.000000
15986.000000,801600.000000,75549924.000000,0.014500,-0.026100,-0.977300, , , 
15987.000000,801698.000000,75549924.000000, , , ,-0.650391,-0.650391,-0.325195
15988.000000,801699.000000,75549924.000000,0.008700,-0.011600,-0.951200, , , 
15989.000000,801799.000000,75549924.000000, , , ,-0.325195,-0.325195,0.000000
15990.000000,801800.000000,75549924.000000,0.011600,-0.020300,-0.954100, , , 
15991.000000,801899.000000,75549924.000000,0.002900,-0.026100,-1.006300, , , 
15992.000000,801900.000000,75549924.000000, , , ,0.000000,-0.325195,0.000000
15993.000000,802000.000000,75549924.000000,0.002900,-0.005800,-1.020800, , , 
15994.000000,802001.000000,75549924.000000, , , ,-0.325195,0.325195,-0.325195
15995.000000,802092.000000,75549924.000000, , , ,-0.975586,0.650391,0.000000
15996.000000,802099.000000,75549924.000000,0.002900,-0.031900,-1.029500, , , 
15997.000000,802193.000000,75549924.000000, , , ,-1.300781,0.325195,-0.975586
15998.000000,802200.000000,75549924.000000,-0.002900,-0.031900,-1.015000, , , 
15999.000000,802294.000000,75549924.000000, , , ,-0.650391,-0.325195,0.000000
16000.000000,802299.000000,75549924.000000,0.023200,-0.026100,-0.936700, , , 
16001.000000,802395.000000,75549924.000000, , , ,-0.325195,-1.300781,0.000000
16002.000000,802400.000000,75549924.000000,0.005800,-0.014500,-0.899000, , , 
16003.000000,802496.000000,75549924.000000, , , ,0.000000,0.000000,0.000000
16004.000000,802499.000000,75549924.000000,-0.005800,-0.008700,-0.959900, , , 
16005.000000,802597.000000,75549924.000000, , , ,-0.325195,0.650391,-0.325195
16006.000000,802600.000000,75549924.000000,0.011600,-0.029000,-1.023700, , , 
16007.000000,802698.000000,75549924.000000, , , ,-0.325195,-0.325195,-0.325195
16008.000000,802699.000000,75549924.000000,0.002900,-0.023200,-1.009200, , , 
16009.000000,802799.000000,75549924.000000, , , ,0.000000,-0.325195,-0.325195
16010.000000,802800.000000,75549924.000000,0.005800,-0.017400,-0.962800, , , 
16011.000000,802899.000000,75549924.000000,0.000000,-0.031900,-0.968600, , , 
16012.000000,802900.000000,75549924.000000, , , ,-0.650391,0.000000,0.000000
16013.000000,803000.000000,75549924.000000,0.023200,-0.031900,-0.986000, , , 
16014.000000,803001.000000,75549924.000000, , , ,-0.975586,-0.975586,0.000000
16015.000000,803092.000000,75549924.000000, , , ,-0.325195,0.000000,0.000000
16016.000000,803099.000000,75549924.000000,0.011600,-0.014500,-0.983100, , , 
16017.000000,803193.000000,75549924.000000, , , ,0.000000,0.000000,-0.325195
16018.000000,803200.000000,75549924.000000,0.008700,-0.043500,-1.009200, , , 
16019.000000,803294.000000,75549924.000000, , , ,-0.325195,-0.325195,0.000000
16020.000000,803299.000000,75549924.000000,0.011600,-0.023200,-0.994700, , , 
16021.000000,803395.000000,75549924.000000, , , ,-0.325195,0.000000,-0.325195
16022.000000,803400.000000,75549924.000000,0.020300,-0.031900,-0.977300, , , 
16023.000000,803496.000000,75549924.000000, , , ,-0.975586,-0.325195,0.000000
16024.000000,803499.000000,75549924.000000,0.008700,-0.037700,-0.986000, , , 
16025.000000,803597.000000,75549924.000000, , , ,-0.325195,0.000000,-0.325195
16026.000000,803600.000000,75549924.000000,0.020300,-0.017400,-0.962800, , , 
16027.000000,803698.000000,75549924.000000, , , ,-0.650391,-0.325195,-0.325195
16028.000000,803699.000000,75549924.000000,0.005800,-0.031900,-0.988900, , , 
16029.000000,803799.000000,75549924.000000, , , ,-0.975586,0.000000,0.000000
16030.000000,803800.000000,75549924.000000,0.008700,-0.031900,-0.997600, , , 
16031.000000,803899.000000,75549924.000000,0.011600,-0.020300,-0.980200, , , 
16032.000000,803900.000000,75549924.000000, , , ,0.000000,0.000000,0.000000
16033.000000,804000.000000,75549924.000000,0.014500,-0.014500,-0.977300, , , 
16034.000000,804001.000000,75549924.000000, , , ,-0.325195,-0.325195,0.000000
16035.000000,804092.000000,75549924.000000, , , ,-0.325195,-0.325195,0.000000
16036.000000,804099.000000,75549924.000000,0.008700,0.000000,-0.968600, , , 
16037.000000,804193.000000,75549924.000000, , , ,0.000000,0.000000,0.000000
16038.000000,804200.000000,75549924.000000,0.000000,-0.026100,-0.997600, , , 
16039.000000,804294.000000,75549924.000000, , , ,-0.650391,0.325195,0.000000
16040.000000,804299.000000,75549924.000000,0.017400,-0.020300,-1.015000, , , 
16041.000000,804395.000000,75549924.000000, , , ,-0.650391,-0.325195,0.000000
16042.000000,804400.000000,75549924.000000,0.011600,-0.020300,-0.994700, , , 
16043.000000,804496.000000,75549924.000000, , , ,-0.975586,0.000000,0.000000
16044.000000,804499.000000,75549924.000000,0.008700,-0.011600,-0.977300, , , 
16045.000000,804597.000000,75549924.000000, , , ,-0.325195,-0.325195,0.000000
16046.000000,804600.000000,75549924.000000,0.017400,-0.014500,-0.968600, , , 
16047.000000,804698.000000,75549924.000000, , , ,-0.650391,0.000000,-0.325195
16048.000000,804699.000000,75549924.000000,0.014500,-0.031900,-1.015000, , , 
16049.000000,804799.000000,75549924.000000, , , ,-1.625977,0.000000,-0.325195
16050.000000,804800.000000,75549924.000000,0.026100,-0.029000,-0.988900, , , 
16051.000000,804899.000000,75549924.000000,0.000000,-0.005800,-0.965700, , , 
16052.000000,804900.000000,75549924.000000, , , ,0.000000,0.000000,0.000000
16053.000000,805000.000000,75549924.000000,0.017400,-0.023200,-1.003400, , , 
16054.000000,805001.000000,75549924.000000, , , ,0.000000,0.000000,0.000000
16055.000000,805092.000000,75549924.000000, , , ,-0.975586,0.325195,0.325195
16056.000000,805099.000000,75549924.000000,0.011600,-0.014500,-0.968600, , , 
16057.000000,805193.000000,75549924.000000, , , ,-0.650391,0.000000,-0.325195
16058.000000,805200.000000,75549924.000000,0.002900,-0.020300,-0.962800, , , 
16059.000000,805294.000000,75549924.000000, , , ,-0.650391,-0.325195,0.000000
16060.000000,805299.000000,75549924.000000,0.005800,-0.014500,-0.991800, , , 
16061.000000,805395.000000,75549924.000000, , , ,-0.650391,0.000000,0.000000
16062.000000,805400.000000,75549924.000000,0.011600,-0.026100,-0.980200, , , 
16063.000000,805496.000000,75549924.000000, , , ,-0.325195,0.000000,0.000000
16064.000000,805499.000000,75549924.000000,0.005800,-0.020300,-0.994700, , , 
16065.000000,805597.000000,75549924.000000, , , ,-0.325195,0.000000,0.000000
16066.000000,805600.000000,75549924.000000,0.008700,-0.017400,-0.974400, , , 
16067.000000,805698.000000,75549924.000000, , , ,-0.325195,-0.325195,0.000000
16068.000000,805699.000000,75549924.000000,0.017400,-0.017400,-0.974400, , , 
16069.000000,805799.000000,75549924.000000, , , ,-0.650391,0.000000,0.000000
16070.000000,805800.000000,75549924.000000,0.008700,-0.034800,-1.003400, , , 
16071.000000,805899.000000,75549924.000000,-0.008700,-0.034800,-0.997600, , , 
16072.000000,805900.000000,75549924.000000, , , ,-0.325195,0.325195,0.000000
16073.000000,806000.000000,75549924.000000,0.008700,-0.040600,-0.991800, , , 
16074.000000,806001.000000,75549924.000000, , , ,-0.325195,0.000000,0.000000
16075.000000,806092.000000,75549924.000000, , , ,-0.325195,-0.325195,0.000000
16076.000000,806099.000000,75549924.000000,0.002900,-0.008700,-0.965700, , , 
16077.000000,806193.000000,75549924.000000, , , ,-0.650391,-0.325195,0.000000
16078.000000,806200.000000,75549924.000000,0.014500,-0.020300,-0.962800, , , 
16079.000000,806294.000000,75549924.000000, , , ,-0.650391,-0.650391,0.000000
16080.000000,806299.000000,75549924.000000,0.002900,-0.026100,-0.980200, , , 
16081.000000,806395.000000,75549924.000000, , , ,-0.650391,0.000000,0.000000
16082.000000,806400.000000,75549924.000000,0.011600,-0.029000,-0.983100, , , 
16083.000000,806496.000000,75549924.000000, , , ,-0.650391,-0.325195,0.000000
16084.000000,806499.000000,75549924.000000,0.014500,-0.017400,-0.980200, , , 
16085.000000,806597.000000,75549924.000000, , , ,-0.325195,0.000000,-0.325195
16086.000000,806600.000000,75549924.000000,0.002900,-0.023200,-0.974400, , , 
16087.000000,806698.000000,75549924.000000, , , ,-0.650391,-0.325195,-0.325195
16088.000000,806699.000000,75549924.000000,0.008700,-0.029000,-0.997600, , , 
16089.000000,806799.000000,75549924.000000, , , ,-0.325195,0.000000,-0.325195
16090.000000,806800.000000,75549924.000000,0.008700,-0.017400,-0.991800, , , 
16091.000000,806899.000000,75549924.000000,-0.002900,-0.040600,-1.012100, , , 
16092.000000,806900.000000,75549924.000000, , , ,0.000000,0.325195,-0.325195
16093.000000,807000.000000,75549924.000000,0.005800,-0.046400,-1.012100, , , 
16094.000000,807001.000000,75549924.000000, , , ,-0.650391,0.000000,0.000000
16095.000000,807092.000000,75549924.000000, , , ,-0.650391,-0.325195,0.000000
16096.000000,807099.000000,75549924.000000,0.008700,-0.029000,-0.962800, , , 
16097.000000,807193.000000,75549924.000000, , , ,-0.650391,-0.650391,0.000000
16098.000000,807200.000000,75549924.000000,0.011600,-0.023200,-0.936700, , , 
16099.000000,807294.000000,75549924.000000, , , ,0.000000,-0.325195,-0.325195
16100.000000,807299.000000,75549924.000000,0.002900,-0.005800,-0.971500, , , 
16101.000000,807395.000000,75549924.000000, , , ,0.325195,0.000000,-0.325195
16102.000000,807400.000000,75549924.000000,0.008700,-0.026100,-0.997600, , , 
16103.000000,807496.000000,75549924.000000, , , ,-0.325195,-0.325195,-0.325195
16104.000000,807499.000000,75549924.000000,0.017400,-0.052200,-0.997600, , , 
16105.000000,807597.000000,75549924.000000, , , ,-1.625977,-0.650391,-0.650391
16106.000000,807600.000000,75549924.000000,0.008700,-0.052200,-0.974400, , , 
16107.000000,807698.000000,75549924.000000, , , ,-1.300781,-0.325195,0.000000
16108.000000,807699.000000,75549924.000000,0.008700,-0.023200,-0.957000, , , 
16109.000000,807799.000000,75549924.000000, , , ,-0.325195,0.000000,-0.325195
16110.000000,807800.000000,75549924.000000,0.002900,-0.017400,-0.994700, , , 
16111.000000,807899.000000,75549924.000000,0.017400,-0.023200,-1.012100, , , 
16112.000000,807900.000000,75549924.000000, , , ,0.000000,0.000000,-0.650391
16113.000000,808000.000000,75549924.000000,0.017400,-0.046400,-0.962800, , , 
16114.000000,808001.000000,75549924.000000, , , ,-0.650391,-0.650391,-0.325195
16115.000000,808092.000000,75549924.000000, , , ,-0.975586,-0.325195,-0.325195
16116.000000,808099.000000,75549924.000000,-0.002900,-0.029000,-0.965700, , , 
16117.000000,808193.000000,75549924.000000, , , ,-0.650391,-0.975586,0.000000
16118.000000,808200.000000,75549924.000000,0.026100,-0.040600,-0.936700, , , 
16119.000000,808294.000000,75549924.000000, , , ,-0.975586,-0.650391,-0.325195
16120.000000,808299.000000,75549924.000000,0.000000,-0.008700,-0.945400, , , 
16121.000000,808395.000000,75549924.000000, , , ,0.000000,-0.325195,0.000000
16122.000000,808400.000000,75549924.000000,0.005800,-0.011600,-0.983100, , , 
16123.000000,808496.000000,75549924.000000, , , ,0.000000,-0.325195,0.000000
16124.000000,808501.000000,75549924.000000,0.029000,-0.037700,-0.986000, , , 
16125.000000,808596.000000,75549924.000000, , , ,0.000000,-0.325195,0.000000
16126.000000,808599.000000,75549924.000000,-0.005800,-0.034800,-0.968600, , , 
16127.000000,808697.000000,75549924.000000, , , ,0.000000,-0.325195,0.000000
16128.000000,808700.000000,75549924.000000,0.014500,-0.023200,-0.959900, , , 
16129.000000,808798.000000,75549924.000000, , , ,0.000000,0.000000,-0.325195
16130.000000,808799.000000,75549924.000000,-0.002900,-0.026100,-1.015000, , , 
16131.000000,808899.000000,75549924.000000, , , ,-0.650391,0.000000,0.000000
16132.000000,808900.000000,75549924.000000,0.002900,-0.026100,-1.026600, , , 
16133.000000,808999.000000,75549924.000000,0.017400,-0.058000,-0.988900, , , 
16134.000000,809000.000000,75549924.000000, , , ,-1.625977,-0.325195,0.000000
16135.000000,809100.000000,75549924.000000,-0.011600,-0.060900,-1.026600, , , 
16136.000000,809101.000000,75549924.000000, , , ,-2.276367,0.650391,0.000000
16137.000000,809192.000000,75549924.000000, , , ,-3.251953,0.325195,0.000000
16138.000000,809199.000000,75549924.000000,0.037700,-0.026100,-0.997600, , , 
16139.000000,809293.000000,75549924.000000, , , ,-1.951172,-1.625977,0.000000
16140.000000,809300.000000,75549924.000000,0.020300,0.031900,-0.922200, , , 
16141.000000,809394.000000,75549924.000000, , , ,0.000000,-1.300781,-0.650391
16142.000000,809399.000000,75549924.000000,0.005800,0.017400,-0.890300, , , 
16143.000000,809495.000000,75549924.000000, , , ,0.975586,-0.325195,0.000000
16144.000000,809500.000000,75549924.000000,0.000000,0.000000,-0.948300, , , 
16145.000000,809596.000000,75549924.000000, , , ,0.000000,0.000000,0.000000
16146.000000,809599.000000,75549924.000000,0.008700,-0.005800,-1.012100, , , 
16147.000000,809697.000000,75549924.000000, , , ,-0.650391,0.325195,0.650391
16148.000000,809700.000000,75549924.000000,0.008700,-0.008700,-1.023700, , , 
16149.000000,809798.000000,75549924.000000, , , ,-0.650391,0.000000,0.325195
16150.000000,809799.000000,75549924.000000,-0.002900,0.005800,-1.035300, , , 
16151.000000,809899.000000,75549924.000000, , , ,-0.650391,0.325195,0.000000
16152.000000,809900.000000,75549924.000000,0.011600,0.008700,-1.046900, , , 
16153.000000,809999.000000,75549924.000000,0.008700,0.005800,-1.015000, , , 
16154.000000,810000.000000,75549924.000000, , , ,0.650391,0.325195,-0.325195
16155.000000,810100.000000,75549924.000000,0.020300,-0.008700,-1.006300, , , 
16156.000000,810101.000000,75549924.000000, , , ,0.650391,0.000000,-0.325195
16157.000000,810192.000000,75549924.000000, , , ,0.975586,-0.975586,-0.650391
16158.000000,810199.000000,75549924.000000,0.029000,-0.043500,-0.922200, , , 
16159.000000,810293.000000,75549924.000000, , , ,-0.325195,-1.951172,0.000000
16160.000000,810300.000000,75549924.000000,0.029000,-0.052200,-0.884500, , , 
16161.000000,810394.000000,75549924.000000, , , ,-0.975586,-0.650391,-0.325195
16162.000000,810399.000000,75549924.000000,-0.011600,-0.043500,-0.936700, , , 
16163.000000,810495.000000,75549924.000000, , , ,-0.975586,0.975586,-0.325195
16164.000000,810500.000000,75549924.000000,-0.008700,-0.055100,-1.049800, , , 
16165.000000,810596.000000,75549924.000000, , , ,-3.577148,0.975586,0.000000
16166.000000,810599.000000,75549924.000000,0.040600,-0.011600,-1.093300, , , 
16167.000000,810697.000000,75549924.000000, , , ,-2.601563,-2.601563,0.975586
16168.000000,810700.000000,75549924.000000,0.058000,-0.008700,-0.904800, , , 
16169.000000,810798.000000,75549924.000000, , , ,0.650391,-2.601563,0.000000
16170.000000,810799.000000,75549924.000000,-0.017400,0.008700,-0.774300, , , 
16171.000000,810899.000000,75549924.000000, , , ,0.325195,0.000000,0.325195
16172.000000,810900.000000,75549924.000000,-0.026100,-0.037700,-0.904800, , , 
16173.000000,810999.000000,75549924.000000,0.014500,-0.034800,-1.003400, , , 
16174.000000,811000.000000,75549924.000000, , , ,-0.325195,0.650391,-0.650391
16175.000000,811100.000000,75549924.000000,0.020300,-0.026100,-1.046900, , , 
16176.000000,811101.000000,75549924.000000, , , ,-0.325195,0.325195,0.000000
16177.000000,811192.000000,75549924.000000, , , ,0.000000,-0.975586,0.000000
16178.000000,811199.000000,75549924.000000,-0.020300,0.014500,-1.015000, , , 
16179.000000,811293.000000,75549924.000000, , , ,-0.325195,0.000000,-1.625977
16180.000000,811300.000000,75549924.000000,0.002900,-0.069600,-1.020800, , , 
16181.000000,811394.000000,75549924.000000, , , ,-1.300781,-1.625977,0.650391
16182.000000,811399.000000,75549924.000000,-0.002900,-0.005800,-0.942500, , , 
16183.000000,811495.000000,75549924.000000, , , ,-1.300781,-0.325195,0.000000
16184.000000,811500.000000,75549924.000000,0.000000,-0.031900,-0.962800, , , 
16185.000000,811596.000000,75549924.000000, , , ,-0.650391,0.650391,0.000000
16186.000000,811599.000000,75549924.000000,0.026100,0.000000,-0.991800, , , 
16187.000000,811697.000000,75549924.000000, , , ,0.000000,0.325195,0.000000
16188.000000,811700.000000,75549924.000000,0.005800,0.014500,-0.986000, , , 
16189.000000,811798.000000,75549924.000000, , , ,0.325195,-0.325195,0.325195
16190.000000,811799.000000,75549924.000000,0.058000,0.002900,-0.965700, , , 
16191.000000,811899.000000,75549924.000000, , , ,0.000000,-1.625977,0.000000
16192.000000,811900.000000,75549924.000000,0.031900,-0.002900,-0.893200, , , 
16193.000000,811999.000000,75549924.000000,-0.005800,-0.017400,-0.951200, , , 
16194.000000,812000.000000,75549924.000000, , , ,-0.325195,-0.650391,0.325195
16195.000000,812100.000000,75549924.000000,0.014500,-0.031900,-0.954100, , , 
16196.000000,812101.000000,75549924.000000, , , ,-0.975586,-0.325195,-0.650391
16197.000000,812192.000000,75549924.000000, , , ,-0.325195,-0.325195,-0.325195
16198.000000,812199.000000,75549924.000000,0.008700,-0.011600,-0.951200, , , 
16199.000000,812293.000000,75549924.000000, , , ,-0.650391,0.000000,-0.325195
16200.000000,812300.000000,75549924.000000,0.017400,0.000000,-1.009200, , , 
16201.000000,812394.000000,75549924.000000, , , ,0.000000,0.000000,0.000000
16202.000000,812399.000000,75549924.000000,0.000000,-0.008700,-1.020800, , , 
16203.000000,812495.000000,75549924.000000, , , ,0.000000,-0.325195,-0.325195
16204.000000,812500.000000,75549924.000000,0.000000,-0.043500,-0.994700, , , 
16205.000000,812596.000000,75549924.000000, , , ,0.000000,-1.300781,-0.325195
16206.000000,812599.000000,75549924.000000,0.034800,-0.037700,-0.904800, , , 
16207.000000,812697.000000,75549924.000000, , , ,0.000000,-1.625977,-0.325195
16208.000000,812700.000000,75549924.000000,-0.020300,0.000000,-0.855500, , , 
16209.000000,812798.000000,75549924.000000, , , ,-2.926758,0.000000,0.650391
16210.000000,812799.000000,75549924.000000,-0.011600,-0.089900,-0.988900, , , 
16211.000000,812899.000000,75549924.000000, , , ,-1.951172,0.000000,0.325195
16212.000000,812900.000000,75549924.000000,0.000000,-0.020300,-0.980200, , , 
16213.000000,812999.000000,75549924.000000,-0.020300,-0.023200,-1.102000, , , 
16214.000000,813000.000000,75549924.000000, , , ,-1.951172,1.300781,0.325195
16215.000000,813100.000000,75549924.000000,0.002900,0.002900,-1.145500, , , 
16216.000000,813101.000000,75549924.000000, , , ,-1.625977,0.650391,-0.975586
16217.000000,813192.000000,75549924.000000, , , ,0.000000,-0.650391,-0.325195
16218.000000,813199.000000,75549924.000000,0.023200,0.002900,-1.012100, , , 
16219.000000,813293.000000,75549924.000000, , , ,0.975586,-1.300781,-0.325195
16220.000000,813300.000000,75549924.000000,0.011600,0.023200,-0.907700, , , 
16221.000000,813394.000000,75549924.000000, , , ,0.975586,0.000000,0.000000
16222.000000,813399.000000,75549924.000000,0.000000,-0.023200,-0.896100, , , 
16223.000000,813495.000000,75549924.000000, , , ,0.000000,0.325195,0.325195
16224.000000,813500.000000,75549924.000000,-0.017400,-0.026100,-0.986000, , , 
16225.000000,813596.000000,75549924.000000, , , ,-1.625977,0.650391,0.000000
16226.000000,813599.000000,75549924.000000,0.000000,-0.011600,-1.017900, , , 
16227.000000,813697.000000,75549924.000000, , , ,-1.625977,0.000000,0.325195
16228.000000,813700.000000,75549924.000000,0.000000,0.000000,-1.012100, , , 
16229.000000,813798.000000,75549924.000000, , , ,-1.300781,-0.975586,0.325195
16230.000000,813799.000000,75549924.000000,0.005800,0.011600,-0.959900, , , 
16231.000000,813899.000000,75549924.000000, , , ,-0.650391,-0.650391,0.975586
16232.000000,813900.000000,75549924.000000,0.008700,0.055100,-0.899000, , , 
16233.000000,813999.000000,75549924.000000,-0.005800,0.058000,-0.899000, , , 
16234.000000,814000.000000,75549924.000000, , , ,2.276367,-0.975586,0.000000
16235.000000,814100.000000,75549924.000000,-0.023200,-0.031900,-0.994700, , , 
16236.000000,814101.000000,75549924.000000, , , ,1.300781,0.975586,0.000000
16237.000000,814192.000000,75549924.000000, , , ,-0.975586,0.000000,0.000000
16238.000000,814199.000000,75549924.000000,0.008700,-0.023200,-1.003400, , , 
16239.000000,814293.000000,75549924.000000, , , ,-1.300781,0.000000,0.325195
16240.000000,814300.000000,75549924.000000,-0.008700,-0.005800,-1.003400, , , 
16241.000000,814394.000000,75549924.000000, , , ,-1.300781,-0.650391,0.325195
16242.000000,814399.000000,75549924.000000,0.017400,-0.005800,-0.919300, , , 
16243.000000,814495.000000,75549924.000000, , , ,-0.975586,-0.325195,0.325195
16244.000000,814500.000000,75549924.000000,-0.023200,0.005800,-0.965700, , , 
16245.000000,814596.000000,75549924.000000, , , ,-0.650391,0.000000,0.000000
16246.000000,814599.000000,75549924.000000,-0.005800,-0.002900,-0.994700, , , 
16247.000000,814697.000000,75549924.000000, , , ,-0.325195,0.000000,0.000000
16248.000000,814700.000000,75549924.000000,-0.008700,-0.002900,-1.003400, , , 
16249.000000,814798.000000,75549924.000000, , , ,0.000000,0.000000,-0.325195
16250.000000,814799.000000,75549924.000000,0.000000,-0.008700,-1.029500, , , 
16251.000000,814899.000000,75549924.000000, , , ,0.650391,0.000000,-0.650391
16252.000000,814900.000000,75549924.000000,0.000000,-0.023200,-0.986000, , , 
16253.000000,814999.000000,75549924.000000,-0.005800,-0.014500,-0.936700, , , 
16254.000000,815000.000000,75549924.000000, , , ,0.325195,-0.650391,0.000000
16255.000000,815100.000000,75549924.000000,-0.017400,-0.026100,-0.977300, , , 
16256.000000,815101.000000,75549924.000000, , , ,0.000000,0.000000,-0.325195
16257.000000,815192.000000,75549924.000000, , , ,-0.325195,-0.325195,-0.325195
16258.000000,815199.000000,75549924.000000,0.000000,-0.037700,-0.965700, , , 
16259.000000,815293.000000,75549924.000000, , , ,0.000000,0.000000,0.000000
16260.000000,815300.000000,75549924.000000,-0.017400,-0.026100,-0.971500, , , 
16261.000000,815394.000000,75549924.000000, , , ,-0.325195,0.000000,0.000000
16262.000000,815400.000000,75549924.000000,-0.008700,-0.043500,-0.980200, , , 
16263.000000,815494.000000,75549924.000000, , , ,-0.650391,0.000000,0.000000
16264.000000,815499.000000,75549924.000000,-0.011600,-0.026100,-0.959900, , , 
16265.000000,815595.000000,75549924.000000, , , ,-1.300781,-0.975586,0.000000
16266.000000,815600.000000,75549924.000000,-0.011600,-0.043500,-0.971500, , , 
16267.000000,815696.000000,75549924.000000, , , ,-0.650391,-0.325195,-1.300781
16268.000000,815699.000000,75549924.000000,-0.020300,-0.017400,-0.983100, , , 
16269.000000,815797.000000,75549924.000000, , , ,0.000000,-0.325195,0.000000
16270.000000,815800.000000,75549924.000000,0.000000,-0.020300,-0.948300, , , 
16271.000000,815898.000000,75549924.000000, , , ,-0.975586,-0.325195,0.000000
16272.000000,815899.000000,75549924.000000,-0.020300,-0.043500,-0.968600, , , 
16273.000000,815999.000000,75549924.000000, , , ,-0.650391,0.000000,-0.325195
16274.000000,816000.000000,75549924.000000,-0.008700,-0.023200,-0.971500, , , 
16275.000000,816099.000000,75549924.000000,-0.014500,-0.029000,-0.977300, , , 
16276.000000,816100.000000,75549924.000000, , , ,-0.650391,-0.325195,-0.325195
16277.000000,816200.000000,75549924.000000,-0.029000,-0.031900,-0.983100, , , 
16278.000000,816201.000000,75549924.000000, , , ,-0.325195,-0.325195,0.000000
16279.000000,816292.000000,75549924.000000, , , ,-0.650391,0.000000,-0.325195
16280.000000,816299.000000,75549924.000000,0.000000,-0.020300,-0.983100, , , 
16281.000000,816393.000000,75549924.000000, , , ,-0.325195,0.000000,-0.325195
16282.000000,816400.000000,75549924.000000,-0.017400,-0.029000,-0.965700, , , 
16283.000000,816494.000000,75549924.000000, , , ,0.000000,0.000000,0.000000
16284.000000,816499.000000,75549924.000000,-0.020300,-0.011600,-0.988900, , , 
16285.000000,816595.000000,75549924.000000, , , ,-0.325195,0.000000,0.000000
16286.000000,816600.000000,75549924.000000,-0.008700,-0.026100,-1.000500, , , 
16287.000000,816696.000000,75549924.000000, , , ,-0.325195,-0.325195,-0.325195
16288.000000,816699.000000,75549924.000000,-0.023200,-0.017400,-1.015000, , , 
16289.000000,816797.000000,75549924.000000, , , ,-0.650391,0.000000,0.000000
16290.000000,816800.000000,75549924.000000,-0.011600,-0.020300,-1.020800, , , 
16291.000000,816898.000000,75549924.000000, , , ,-0.975586,-0.325195,0.000000
16292.000000,816899.000000,75549924.000000,-0.008700,-0.026100,-0.977300, , , 
16293.000000,816999.000000,75549924.000000, , , ,0.000000,-0.325195,0.000000
16294.000000,817000.000000,75549924.000000,-0.026100,-0.023200,-0.986000, , , 
16295.000000,817099.000000,75549924.000000,-0.014500,-0.014500,-1.003400, , , 
16296.000000,817100.000000,75549924.000000, , , ,-0.325195,0.000000,0.000000
16297.000000,817200.000000,75549924.000000,-0.011600,-0.026100,-1.003400, , , 
16298.000000,817201.000000,75549924.000000, , , ,0.000000,-0.325195,0.000000
16299.000000,817292.000000,75549924.000000, , , ,-0.325195,0.325195,0.325195
16300.000000,817299.000000,75549924.000000,-0.017400,0.000000,-1.012100, , , 
16301.000000,817393.000000,75549924.000000, , , ,-0.975586,0.000000,0.000000
16302.000000,817400.000000,75549924.000000,-0.011600,-0.020300,-0.988900, , , 
16303.000000,817494.000000,75549924.000000, , , ,-1.300781,0.650391,0.325195
16304.000000,817499.000000,75549924.000000,-0.023200,-0.011600,-1.020800, , , 
16305.000000,817595.000000,75549924.000000, , , ,-1.625977,0.000000,0.325195
16306.000000,817600.000000,75549924.000000,0.005800,0.014500,-0.965700, , , 
16307.000000,817696.000000,75549924.000000, , , ,0.000000,-0.650391,0.000000
16308.000000,817701.000000,75549924.000000,-0.020300,0.023200,-0.945400, , , 
16309.000000,817796.000000,75549924.000000, , , ,-0.650391,0.000000,0.325195
16310.000000,817799.000000,75549924.000000,-0.008700,0.000000,-0.977300, , , 
16311.000000,817897.000000,75549924.000000, , , ,-0.650391,-0.650391,0.325195
16312.000000,817900.000000,75549924.000000,-0.005800,0.023200,-0.959900, , , 
16313.000000,817998.000000,75549924.000000, , , ,-0.650391,-0.650391,0.325195
16314.000000,817999.000000,75549924.000000,-0.026100,0.017400,-0.965700, , , 
16315.000000,818099.000000,75549924.000000, , , ,0.000000,0.000000,0.650391
16316.000000,818100.000000,75549924.000000,-0.017400,0.020300,-0.994700, , , 
16317.000000,818199.000000,75549924.000000,-0.002900,0.000000,-0.983100, , , 
16318.000000,818200.000000,75549924.000000, , , ,0.000000,-0.325195,0.325195
16319.000000,818300.000000,75549924.000000,-0.031900,0.000000,-0.994700, , , 
16320.000000,818301.000000,75549924.000000, , , ,0.000000,0.000000,0.000000
16321.000000,818392.000000,75549924.000000, , , ,-0.975586,0.000000,0.000000
16322.000000,818399.000000,75549924.000000,-0.017400,0.000000,-0.997600, , , 
16323.000000,818493.000000,75549924.000000, , , ,-1.300781,0.325195,0.325195
16324.000000,818500.000000,75549924.000000,-0.014500,0.011600,-1.015000, , , 
16325.000000,818594.000000,75549924.000000, , , ,-0.650391,-0.325195,0.000000
16326.000000,818599.000000,75549924.000000,-0.011600,0.005800,-0.977300, , , 
16327.000000,818695.000000,75549924.000000, , , ,-0.975586,0.000000,0.000000
16328.000000,818700.000000,75549924.000000,-0.011600,-0.002900,-0.977300, , , 
16329.000000,818796.000000,75549924.000000, , , ,-1.300781,-0.325195,0.000000
16330.000000,818799.000000,75549924.000000,-0.011600,-0.011600,-0.962800, , , 
16331.000000,818897.000000,75549924.000000, , , ,-2.276367,0.000000,0.325195
16332.000000,818900.000000,75549924.000000,-0.026100,-0.002900,-0.997600, , , 
16333.000000,818998.000000,75549924.000000, , , ,-0.975586,0.000000,0.000000
16334.000000,818999.000000,75549924.000000,-0.017400,0.017400,-0.997600, , , 
16335.000000,819099.000000,75549924.000000, , , ,0.000000,-0.975586,0.000000
16336.000000,819100.000000,75549924.000000,-0.008700,0.026100,-0.965700, , , 
16337.000000,819199.000000,75549924.000000,-0.020300,0.011600,-0.977300, , , 
16338.000000,819200.000000,75549924.000000, , , ,0.000000,0.000000,0.325195
16339.000000,819300.000000,75549924.000000,-0.008700,-0.008700,-0.986000, , , 
16340.000000,819301.000000,75549924.000000, , , ,-0.975586,0.000000,0.325195
16341.000000,819392.000000,75549924.000000, , , ,-0.650391,0.000000,0.975586
16342.000000,819399.000000,75549924.000000,-0.023200,0.011600,-0.983100, , , 
16343.000000,819493.000000,75549924.000000, , , ,-1.625977,0.000000,0.325195
16344.000000,819500.000000,75549924.000000,0.000000,0.014500,-0.977300, , , 
16345.000000,819594.000000,75549924.000000, , , ,-0.975586,-0.325195,0.325195
16346.000000,819599.000000,75549924.000000,-0.020300,0.049300,-0.980200, , , 
16347.000000,819695.000000,75549924.000000, , , ,-1.625977,0.000000,0.975586
16348.000000,819700.000000,75549924.000000,-0.017400,0.017400,-1.003400, , , 
16349.000000,819796.000000,75549924.000000, , , ,-1.625977,0.000000,0.650391
16350.000000,819799.000000,75549924.000000,-0.014500,0.046400,-1.006300, , , 
16351.000000,819897.000000,75549924.000000, , , ,-0.650391,-0.325195,0.650391
16352.000000,819900.000000,75549924.000000,-0.023200,0.043500,-1.003400, , , 
16353.000000,819998.000000,75549924.000000, , , ,0.000000,0.000000,1.300781
16354.000000,819999.000000,75549924.000000,-0.014500,0.052200,-0.997600, , , 
16355.000000,820099.000000,75549924.000000, , , ,0.325195,0.000000,0.650391
16356.000000,820100.000000,75549924.000000,-0.005800,0.058000,-0.986000, , , 
16357.000000,820199.000000,75549924.000000,-0.014500,0.058000,-0.945400, , , 
16358.000000,820200.000000,75549924.000000, , , ,0.325195,-0.325195,0.975586
16359.000000,820300.000000,75549924.000000,-0.023200,0.040600,-0.948300, , , 
16360.000000,820301.000000,75549924.000000, , , ,0.325195,-0.325195,1.625977
16361.000000,820392.000000,75549924.000000, , , ,-0.325195,0.325195,0.975586
16362.000000,820399.000000,75549924.000000,-0.026100,0.043500,-1.012100, , , 
16363.000000,820493.000000,75549924.000000, , , ,-0.975586,0.000000,0.975586
16364.000000,820500.000000,75549924.000000,-0.014500,0.052200,-1.006300, , , 
16365.000000,820594.000000,75549924.000000, , , ,-0.650391,0.000000,0.975586
16366.000000,820599.000000,75549924.000000,-0.017400,0.055100,-1.006300, , , 
16367.000000,820695.000000,75549924.000000, , , ,-0.325195,-0.325195,0.650391
16368.000000,820700.000000,75549924.000000,-0.017400,0.052200,-0.974400, , , 
16369.000000,820796.000000,75549924.000000, , , ,0.000000,0.000000,0.650391
16370.000000,820799.000000,75549924.000000,-0.002900,0.049300,-0.957000, , , 
16371.000000,820897.000000,75549924.000000, , , ,0.000000,-0.325195,0.325195
16372.000000,820900.000000,75549924.000000,-0.023200,0.040600,-0.977300, , , 
16373.000000,820998.000000,75549924.000000, , , ,0.000000,0.000000,0.000000
16374.000000,820999.000000,75549924.000000,-0.020300,0.008700,-0.991800, , , 
16375.000000,821099.000000,75549924.000000, , , ,-0.325195,0.000000,0.000000
16376.000000,821100.000000,75549924.000000,-0.011600,0.005800,-0.991800, , , 
16377.000000,821199.000000,75549924.000000,-0.023200,0.011600,-0.988900, , , 
16378.000000,821200.000000,75549924.000000, , , ,-0.325195,0.000000,0.650391
16379.000000,821300.000000,75549924.000000,-0.008700,0.008700,-1.009200, , , 
16380.000000,821301.000000,75549924.000000, , , ,-0.325195,0.650391,0.325195
16381.000000,821392.000000,75549924.000000, , , ,-0.975586,0.000000,0.325195
16382.000000,821399.000000,75549924.000000,-0.011600,0.008700,-0.988900, , , 
16383.000000,821493.000000,75549924.000000, , , ,-0.325195,-0.325195,0.000000
16384.000000,821500.000000,75549924.000000,-0.011600,0.014500,-0.971500, , , 
16385.000000,821594.000000,75549924.000000, , , ,0.000000,-0.325195,0.000000
16386.000000,821599.000000,75549924.000000,-0.011600,0.008700,-0.980200, , , 
16387.000000,821695.000000,75549924.000000, , , ,-0.975586,-0.325195,0.000000
16388.000000,821700.000000,75549924.000000,-0.008700,0.000000,-0.971500, , , 
16389.000000,821796.000000,75549924.000000, , , ,-1.625977,0.000000,0.000000
16390.000000,821799.000000,75549924.000000,0.002900,0.000000,-0.957000, , , 
16391.000000,821897.000000,75549924.000000, , , ,-0.975586,0.000000,0.325195
16392.000000,821900.000000,75549924.000000,-0.005800,0.020300,-0.974400, , , 
16393.000000,821998.000000,75549924.000000, , , ,0.000000,-0.325195,0.000000
16394.000000,821999.000000,75549924.000000,-0.008700,0.023200,-0.974400, , , 
16395.000000,822099.000000,75549924.000000, , , ,0.000000,0.000000,0.000000
16396.000000,822100.000000,75549924.000000,-0.002900,0.002900,-0.988900, , , 
16397.000000,822199.000000,75549924.000000,-0.017400,0.017400,-1.012100, , , 
16398.000000,822200.000000,75549924.000000, , , ,0.000000,0.000000,0.000000
16399.000000,822300.000000,75549924.000000,0.000000,0.008700,-0.983100, , , 
16400.000000,822301.000000,75549924.000000, , , ,-0.325195,-0.325195,0.000000
16401.000000,822392.000000,75549924.000000, , , ,-0.325195,0.000000,0.000000
16402.000000,822399.000000,75549924.000000,-0.011600,-0.002900,-0.983100, , , 
16403.000000,822493.000000,75549924.000000, , , ,-0.975586,0.000000,0.650391
16404.000000,822500.000000,75549924.000000,-0.014500,0.014500,-0.980200, , , 
16405.000000,822594.000000,75549924.000000, , , ,-0.325195,0.000000,0.000000
16406.000000,822599.000000,75549924.000000,-0.005800,0.020300,-1.017900, , , 
16407.000000,822695.000000,75549924.000000, , , ,-0.650391,0.325195,0.325195
16408.000000,822700.000000,75549924.000000,-0.014500,0.008700,-1.023700, , , 
16409.000000,822796.000000,75549924.000000, , , ,-0.325195,0.000000,0.000000
16410.000000,822799.000000,75549924.000000,0.002900,0.002900,-1.012100, , , 
16411.000000,822897.000000,75549924.000000, , , ,0.000000,-0.325195,0.650391
16412.000000,822900.000000,75549924.000000,0.002900,0.014500,-0.954100, , , 
16413.000000,822998.000000,75549924.000000, , , ,0.000000,-0.650391,0.000000
16414.000000,822999.000000,75549924.000000,-0.008700,0.000000,-0.942500, , , 
16415.000000,823099.000000,75549924.000000, , , ,0.000000,-0.325195,0.000000
16416.000000,823100.000000,75549924.000000,-0.005800,0.000000,-0.977300, , , 
16417.000000,823199.000000,75549924.000000,-0.008700,-0.008700,-0.974400, , , 
16418.000000,823200.000000,75549924.000000, , , ,-0.975586,0.000000,0.650391
16419.000000,823300.000000,75549924.000000,0.000000,0.011600,-0.986000, , , 
16420.000000,823301.000000,75549924.000000, , , ,-0.650391,-0.325195,0.650391
16421.000000,823392.000000,75549924.000000, , , ,-0.650391,0.000000,0.325195
16422.000000,823399.000000,75549924.000000,-0.005800,0.000000,-0.980200, , , 
16423.000000,823493.000000,75549924.000000, , , ,-0.650391,0.000000,0.325195
16424.000000,823500.000000,75549924.000000,-0.014500,0.002900,-0.991800, , , 
16425.000000,823594.000000,75549924.000000, , , ,-0.975586,0.000000,0.325195
16426.000000,823599.000000,75549924.000000,0.000000,0.017400,-0.971500, , , 
16427.000000,823695.000000,75549924.000000, , , ,-0.325195,0.000000,0.650391
16428.000000,823700.000000,75549924.000000,-0.002900,0.020300,-0.977300, , , 
16429.000000,823796.000000,75549924.000000, , , ,-0.325195,0.000000,0.325195
16430.000000,823799.000000,75549924.000000,-0.011600,0.014500,-1.006300, , , 
16431.000000,823897.000000,75549924.000000, , , ,-0.325195,0.000000,0.650391
16432.000000,823900.000000,75549924.000000,0.002900,0.023200,-1.000500, , , 
16433.000000,823998.000000,75549924.000000, , , ,0.000000,-0.325195,0.325195
16434.000000,823999.000000,75549924.000000,-0.002900,0.017400,-0.977300, , , 
16435.000000,824099.000000,75549924.000000, , , ,-0.975586,-0.650391,0.000000
16436.000000,824100.000000,75549924.000000,0.000000,0.002900,-0.948300, , , 
16437.000000,824199.000000,75549924.000000,-0.020300,0.017400,-1.000500, , , 
16438.000000,824200.000000,75549924.000000, , , ,-1.300781,0.000000,0.650391
16439.000000,824300.000000,75549924.000000,-0.002900,0.020300,-1.003400, , , 
16440.000000,824301.000000,75549924.000000, , , ,-0.975586,0.000000,0.325195
16441.000000,824392.000000,75549924.000000, , , ,-0.325195,0.000000,0.650391
16442.000000,824399.000000,75549924.000000,0.002900,0.026100,-0.997600, , , 
16443.000000,824493.000000,75549924.000000, , , ,-0.325195,0.325195,0.325195
16444.000000,824500.000000,75549924.000000,-0.017400,0.023200,-1.000500, , , 
16445.000000,824594.000000,75549924.000000, , , ,-0.975586,0.000000,0.325195
16446.000000,824599.000000,75549924.000000,-0.017400,0.000000,-0.994700, , , 
16447.000000,824695.000000,75549924.000000, , , ,-0.650391,0.000000,0.650391
16448.000000,824700.000000,75549924.000000,-0.008700,0.023200,-0.971500, , , 
16449.000000,824796.000000,75549924.000000, , , ,-0.650391,0.000000,0.650391
16450.000000,824799.000000,75549924.000000,-0.005800,0.031900,-0.968600, , , 
16451.000000,824897.000000,75549924.000000, , , ,-0.325195,0.000000,0.650391
16452.000000,824900.000000,75549924.000000,-0.011600,0.011600,-0.965700, , , 
16453.000000,824998.000000,75549924.000000, , , ,0.000000,0.000000,0.650391
16454.000000,824999.000000,75549924.000000,-0.008700,0.029000,-1.003400, , , 
16455.000000,825099.000000,75549924.000000, , , ,0.000000,0.000000,0.325195
16456.000000,825100.000000,75549924.000000,-0.008700,0.043500,-0.983100, , , 
16457.000000,825199.000000,75549924.000000,-0.014500,0.029000,-1.000500, , , 
16458.000000,825200.000000,75549924.000000, , , ,0.000000,0.000000,0.650391
16459.000000,825300.000000,75549924.000000,0.000000,0.014500,-1.003400, , , 
16460.000000,825301.000000,75549924.000000, , , ,0.000000,0.000000,0.325195
16461.000000,825392.000000,75549924.000000, , , ,-0.975586,-0.650391,1.300781
16462.000000,825399.000000,75549924.000000,0.002900,0.017400,-0.948300, , , 
16463.000000,825493.000000,75549924.000000, , , ,-0.975586,-0.325195,1.300781
16464.000000,825500.000000,75549924.000000,-0.026100,0.029000,-0.962800, , , 
16465.000000,825594.000000,75549924.000000, , , ,-0.975586,0.000000,0.650391
16466.000000,825599.000000,75549924.000000,0.000000,0.037700,-0.991800, , , 
16467.000000,825695.000000,75549924.000000, , , ,-0.650391,0.000000,0.650391
16468.000000,825700.000000,75549924.000000,-0.008700,0.055100,-0.991800, , , 
16469.000000,825796.000000,75549924.000000, , , ,0.000000,-0.325195,0.325195
16470.000000,825799.000000,75549924.000000,-0.002900,0.046400,-0.997600, , , 
16471.000000,825897.000000,75549924.000000, , , ,-0.325195,0.325195,0.650391
16472.000000,825900.000000,75549924.000000,-0.014500,0.026100,-0.986000, , , 
16473.000000,825998.000000,75549924.000000, , , ,-1.300781,0.325195,1.300781
16474.000000,825999.000000,75549924.000000,-0.011600,0.023200,-1.026600, , , 
16475.000000,826099.000000,75549924.000000, , , ,-1.300781,0.000000,0.650391
16476.000000,826100.000000,75549924.000000,-0.005800,0.037700,-1.017900, , , 
16477.000000,826199.000000,75549924.000000,-0.005800,0.043500,-0.986000, , , 
16478.000000,826200.000000,75549924.000000, , , ,-0.650391,0.000000,0.650391
16479.000000,826300.000000,75549924.000000,-0.011600,0.031900,-0.988900, , , 
16480.000000,826301.000000,75549924.000000, , , ,-0.325195,0.000000,0.650391
16481.000000,826392.000000,75549924.000000, , , ,0.000000,0.325195,0.325195
16482.000000,826399.000000,75549924.000000,0.000000,0.037700,-1.000500, , , 
16483.000000,826493.000000,75549924.000000, , , ,0.000000,0.000000,0.325195
16484.000000,826500.000000,75549924.000000,0.000000,0.026100,-0.977300, , , 
16485.000000,826594.000000,75549924.000000, , , ,-0.325195,-0.650391,0.650391
16486.000000,826599.000000,75549924.000000,0.000000,0.026100,-0.945400, , , 
16487.000000,826695.000000,75549924.000000, , , ,-0.650391,0.000000,0.325195
16488.000000,826700.000000,75549924.000000,-0.008700,0.020300,-0.971500, , , 
16489.000000,826796.000000,75549924.000000, , , ,0.000000,0.325195,0.325195
16490.000000,826799.000000,75549924.000000,-0.014500,0.011600,-1.009200, , , 
16491.000000,826897.000000,75549924.000000, , , ,-0.325195,0.650391,0.325195
16492.000000,826900.000000,75549924.000000,-0.002900,0.002900,-1.044000, , , 
16493.000000,826998.000000,75549924.000000, , , ,-0.325195,0.000000,0.000000
16494.000000,826999.000000,75549924.000000,0.002900,-0.005800,-0.991800, , , 
16495.000000,827099.000000,75549924.000000, , , ,-0.325195,-0.325195,0.000000
16496.000000,827100.000000,75549924.000000,-0.017400,-0.008700,-0.971500, , , 
16497.000000,827199.000000,75549924.000000,-0.011600,-0.008700,-0.986000, , , 
16498.000000,827200.000000,75549924.000000, , , ,0.000000,0.000000,0.000000
16499.000000,827300.000000,75549924.000000,0.000000,-0.014500,-1.015000, , , 
16500.000000,827301.000000,75549924.000000, , , ,0.000000,0.000000,0.000000
16501.000000,827392.000000,75549924.000000, , , ,0.000000,0.000000,0.325195
16502.000000,827399.000000,75549924.000000,-0.005800,0.000000,-1.006300, , , 
16503.000000,827493.000000,75549924.000000, , , ,0.000000,0.000000,0.000000
16504.000000,827500.000000,75549924.000000,-0.005800,0.000000,-0.986000, , , 
16505.000000,827594.000000,75549924.000000, , , ,0.000000,-0.325195,0.000000
16506.000000,827599.000000,75549924.000000,0.000000,0.002900,-0.965700, , , 
16507.000000,827695.000000,75549924.000000, , , ,-0.325195,0.000000,0.000000
16508.000000,827700.000000,75549924.000000,-0.014500,0.000000,-0.988900, , , 
16509.000000,827796.000000,75549924.000000, , , ,0.000000,0.000000,0.000000
16510.000000,827799.000000,75549924.000000,0.000000,0.000000,-0.991800, , , 
16511.000000,827897.000000,75549924.000000, , , ,-0.325195,0.000000,0.650391
16512.000000,827900.000000,75549924.000000,-0.008700,0.014500,-0.983100, , , 
16513.000000,827998.000000,75549924.000000, , , ,-0.325195,0.000000,0.325195
16514.000000,827999.000000,75549924.000000,0.000000,0.017400,-0.971500, , , 
16515.000000,828099.000000,75549924.000000, , , ,0.000000,0.000000,0.650391
16516.000000,828100.000000,75549924.000000,-0.011600,0.017400,-0.991800, , , 
16517.000000,828199.000000,75549924.000000,-0.005800,0.008700,-1.006300, , , 
16518.000000,828200.000000,75549924.000000, , , ,-0.325195,0.000000,0.650391
16519.000000,828300.000000,75549924.000000,0.000000,-0.002900,-0.991800, , , 
16520.000000,828301.000000,75549924.000000, , , ,-0.975586,-0.325195,0.650391
16521.000000,828392.000000,75549924.000000, , , ,-1.625977,0.000000,0.650391
16522.000000,828399.000000,75549924.000000,-0.014500,0.023200,-1.003400, , , 
16523.000000,828493.000000,75549924.000000, , , ,-1.625977,0.650391,0.650391
16524.000000,828500.000000,75549924.000000,-0.005800,0.017400,-1.017900, , , 
16525.000000,828594.000000,75549924.000000, , , ,-0.650391,0.000000,0.325195
16526.000000,828599.000000,75549924.000000,0.002900,0.029000,-0.997600, , , 
16527.000000,828695.000000,75549924.000000, , , ,-0.325195,-0.325195,0.975586
16528.000000,828700.000000,75549924.000000,-0.005800,0.023200,-0.954100, , , 
16529.000000,828796.000000,75549924.000000, , , ,-0.650391,0.325195,0.325195
16530.000000,828799.000000,75549924.000000,-0.011600,0.000000,-0.997600, , , 
16531.000000,828897.000000,75549924.000000, , , ,-0.975586,-0.650391,0.000000
16532.000000,828900.000000,75549924.000000,0.008700,0.037700,-0.971500, , , 
16533.000000,828998.000000,75549924.000000, , , ,-0.325195,-0.325195,0.325195
16534.000000,828999.000000,75549924.000000,-0.002900,0.026100,-0.942500, , , 
16535.000000,829099.000000,75549924.000000, , , ,0.650391,-0.325195,0.325195
16536.000000,829100.000000,75549924.000000,-0.014500,0.029000,-0.971500, , , 
16537.000000,829199.000000,75549924.000000,0.000000,0.008700,-0.986000, , , 
16538.000000,829200.000000,75549924.000000, , , ,0.650391,-0.325195,0.000000
16539.000000,829300.000000,75549924.000000,-0.020300,-0.014500,-1.003400, , , 
16540.000000,829301.000000,75549924.000000, , , ,-0.975586,0.325195,0.000000
16541.000000,829392.000000,75549924.000000, , , ,-2.601563,0.325195,0.975586
16542.000000,829399.000000,75549924.000000,-0.023200,0.000000,-1.055600, , , 
16543.000000,829493.000000,75549924.000000, , , ,-2.601563,0.325195,0.650391
16544.000000,829500.000000,75549924.000000,0.008700,0.020300,-1.026600, , , 
16545.000000,829594.000000,75549924.000000, , , ,-1.300781,-0.975586,0.325195
16546.000000,829599.000000,75549924.000000,0.008700,0.034800,-0.936700, , , 
16547.000000,829695.000000,75549924.000000, , , ,-0.325195,-0.650391,0.325195
16548.000000,829700.000000,75549924.000000,-0.017400,0.034800,-0.907700, , , 
16549.000000,829796.000000,75549924.000000, , , ,0.000000,0.000000,0.000000
16550.000000,829799.000000,75549924.000000,-0.011600,0.011600,-0.962800, , , 
16551.000000,829897.000000,75549924.000000, , , ,0.000000,0.000000,0.325195
16552.000000,829900.000000,75549924.000000,-0.008700,0.000000,-1.026600, , , 
16553.000000,829998.000000,75549924.000000, , , ,-0.650391,-0.325195,0.000000
16554.000000,829999.000000,75549924.000000,-0.002900,0.000000,-1.015000, , , 
16555.000000,830099.000000,75549924.000000, , , ,-0.650391,0.000000,0.000000
16556.000000,830100.000000,75549924.000000,-0.005800,0.014500,-0.986000, , , 
16557.000000,830199.000000,75549924.000000,-0.014500,0.008700,-0.983100, , , 
16558.000000,830200.000000,75549924.000000, , , ,-0.325195,0.000000,0.000000
16559.000000,830300.000000,75549924.000000,0.000000,0.005800,-0.980200, , , 
16560.000000,830301.000000,75549924.000000, , , ,-0.325195,0.000000,0.000000
16561.000000,830392.000000,75549924.000000, , , ,-0.650391,-0.325195,0.000000
16562.000000,830399.000000,75549924.000000,-0.002900,0.000000,-0.971500, , , 
16563.000000,830493.000000,75549924.000000, , , ,-0.325195,0.000000,0.325195
16564.000000,830500.000000,75549924.000000,0.000000,0.005800,-0.965700, , , 
16565.000000,830594.000000,75549924.000000, , , ,-0.975586,-0.650391,0.000000
16566.000000,830599.000000,75549924.000000,-0.008700,0.002900,-0.962800, , , 
16567.000000,830695.000000,75549924.000000, , , ,-1.300781,0.000000,0.325195
16568.000000,830700.000000,75549924.000000,-0.005800,0.002900,-0.988900, , , 
16569.000000,830796.000000,75549924.000000, , , ,-1.300781,-0.325195,0.650391
16570.000000,830799.000000,75549924.000000,-0.002900,0.008700,-0.968600, , , 
16571.000000,830897.000000,75549924.000000, , , ,-1.300781,-0.325195,0.325195
16572.000000,830900.000000,75549924.000000,-0.002900,0.029000,-0.986000, , , 
16573.000000,830998.000000,75549924.000000, , , ,-0.650391,0.325195,0.325195
16574.000000,830999.000000,75549924.000000,-0.023200,0.026100,-1.006300, , , 
16575.000000,831099.000000,75549924.000000, , , ,-0.650391,0.000000,0.325195
16576.000000,831100.000000,75549924.000000,-0.005800,0.037700,-1.017900, , , 
16577.000000,831199.000000,75549924.000000,-0.005800,0.008700,-1.017900, , , 
16578.000000,831200.000000,75549924.000000, , , ,-0.325195,0.000000,0.000000
16579.000000,831300.000000,75549924.000000,0.011600,0.017400,-0.986000, , , 
16580.000000,831301.000000,75549924.000000, , , ,-0.325195,-0.325195,0.325195
16581.000000,831392.000000,75549924.000000, , , ,-0.325195,0.325195,1.300781
16582.000000,831399.000000,75549924.000000,-0.020300,0.020300,-1.023700, , , 
16583.000000,831493.000000,75549924.000000, , , ,0.000000,0.325195,-0.650391
16584.000000,831500.000000,75549924.000000,0.000000,0.023200,-1.015000, , , 
16585.000000,831594.000000,75549924.000000, , , ,0.000000,-0.325195,0.000000
16586.000000,831599.000000,75549924.000000,-0.002900,0.023200,-0.971500, , , 
16587.000000,831695.000000,75549924.000000, , , ,-0.325195,0.000000,0.650391
16588.000000,831700.000000,75549924.000000,-0.002900,0.000000,-0.974400, , , 
16589.000000,831796.000000,75549924.000000, , , ,-0.650391,0.325195,0.325195
16590.000000,831799.000000,75549924.000000,-0.020300,0.017400,-1.009200, , , 
16591.000000,831897.000000,75549924.000000, , , ,-0.650391,0.000000,0.325195
16592.000000,831900.000000,75549924.000000,0.008700,0.026100,-0.988900, , , 
16593.000000,831998.000000,75549924.000000, , , ,-0.325195,0.000000,0.000000
16594.000000,832001.000000,75549924.000000,-0.023200,0.000000,-0.974400, , , 
16595.000000,832098.000000,75549924.000000, , , ,0.000000,0.000000,0.325195
16596.000000,832099.000000,75549924.000000,0.000000,0.040600,-0.968600, , , 
16597.000000,832199.000000,75549924.000000, , , ,-0.650391,0.000000,0.325195
16598.000000,832200.000000,75549924.000000,-0.017400,0.020300,-0.988900, , , 
16599.000000,832299.000000,75549924.000000,0.000000,0.026100,-0.971500, , , 
16600.000000,832300.000000,75549924.000000, , , ,-0.325195,-0.325195,0.650391
16601.000000,832400.000000,75549924.000000,-0.011600,0.046400,-0.965700, , , 
16602.000000,832401.000000,75549924.000000, , , ,-0.325195,-0.325195,0.325195
16603.000000,832492.000000,75549924.000000, , , ,0.000000,-0.650391,0.325195
16604.000000,832499.000000,75549924.000000,-0.005800,0.017400,-0.974400, , , 
16605.000000,832593.000000,75549924.000000, , , ,0.000000,0.000000,0.325195
16606.000000,832600.000000,75549924.000000,-0.014500,0.023200,-0.994700, , , 
16607.000000,832694.000000,75549924.000000, , , ,0.000000,-0.650391,0.975586
16608.000000,832699.000000,75549924.000000,0.000000,0.023200,-0.959900, , , 
16609.000000,832795.000000,75549924.000000, , , ,0.000000,-0.325195,0.325195
16610.000000,832800.000000,75549924.000000,-0.014500,0.037700,-0.977300, , , 
16611.000000,832896.000000,75549924.000000, , , ,0.000000,0.325195,0.650391
16612.000000,832899.000000,75549924.000000,-0.002900,0.031900,-0.988900, , , 
16613.000000,832997.000000,75549924.000000, , , ,0.000000,0.000000,0.325195
16614.000000,833000.000000,75549924.000000,-0.014500,0.014500,-0.994700, , , 
16615.000000,833098.000000,75549924.000000, , , ,-0.325195,0.000000,0.325195
16616.000000,833099.000000,75549924.000000,-0.002900,0.046400,-1.000500, , , 
16617.000000,833199.000000,75549924.000000, , , ,-0.325195,0.000000,0.650391
16618.000000,833200.000000,75549924.000000,-0.011600,0.029000,-1.009200, , , 
16619.000000,833299.000000,75549924.000000,-0.011600,0.029000,-1.003400, , , 
16620.000000,833300.000000,75549924.000000, , , ,-0.325195,0.000000,0.650391
16621.000000,833400.000000,75549924.000000,0.011600,0.043500,-0.974400, , , 
16622.000000,833401.000000,75549924.000000, , , ,0.000000,0.000000,0.325195
16623.000000,833492.000000,75549924.000000, , , ,0.000000,-0.325195,0.000000
16624.000000,833499.000000,75549924.000000,-0.023200,0.023200,-0.980200, , , 
16625.000000,833593.000000,75549924.000000, , , ,-0.325195,0.000000,0.000000
16626.000000,833600.000000,75549924.000000,0.000000,0.005800,-0.977300, , , 
16627.000000,833694.000000,75549924.000000, , , ,-0.975586,-0.650391,0.650391
16628.000000,833699.000000,75549924.000000,0.005800,0.031900,-0.948300, , , 
16629.000000,833795.000000,75549924.000000, , , ,0.325195,-0.975586,1.300781
16630.000000,833800.000000,75549924.000000,-0.008700,0.037700,-0.951200, , , 
16631.000000,833896.000000,75549924.000000, , , ,0.975586,-0.975586,0.325195
16632.000000,833899.000000,75549924.000000,0.000000,0.037700,-0.948300, , , 
16633.000000,833997.000000,75549924.000000, , , ,0.000000,-0.325195,0.000000
16634.000000,834000.000000,75549924.000000,-0.011600,0.008700,-0.997600, , , 
16635.000000,834098.000000,75549924.000000, , , ,-0.325195,0.650391,0.975586
16636.000000,834099.000000,75549924.000000,-0.017400,0.005800,-1.046900, , , 
16637.000000,834199.000000,75549924.000000, , , ,-0.325195,0.000000,1.951172
16638.000000,834200.000000,75549924.000000,0.017400,0.008700,-0.991800, , , 
16639.000000,834299.000000,75549924.000000,-0.011600,0.037700,-0.951200, , , 
16640.000000,834300.000000,75549924.000000, , , ,0.000000,-0.650391,0.000000
16641.000000,834400.000000,75549924.000000,-0.002900,0.023200,-0.971500, , , 
16642.000000,834401.000000,75549924.000000, , , ,0.000000,0.000000,0.325195
16643.000000,834492.000000,75549924.000000, , , ,-0.325195,0.000000,0.650391
16644.000000,834499.000000,75549924.000000,-0.014500,0.023200,-1.006300, , , 
16645.000000,834593.000000,75549924.000000, , , ,0.000000,0.650391,0.000000
16646.000000,834600.000000,75549924.000000,0.005800,0.011600,-1.020800, , , 
16647.000000,834694.000000,75549924.000000, , , ,-0.325195,-0.325195,0.000000
16648.000000,834699.000000,75549924.000000,0.002900,0.014500,-0.986000, , , 
16649.000000,834795.000000,75549924.000000, , , ,-0.650391,0.000000,0.650391
16650.000000,834800.000000,75549924.000000,-0.023200,0.000000,-1.012100, , , 
16651.000000,834896.000000,75549924.000000, , , ,-1.300781,0.000000,0.975586
16652.000000,834899.000000,75549924.000000,0.017400,0.014500,-1.000500, , , 
16653.000000,834997.000000,75549924.000000, , , ,-0.650391,-0.650391,0.975586
16654.000000,835000.000000,75549924.000000,-0.002900,0.029000,-0.962800, , , 
16655.000000,835098.000000,75549924.000000, , , ,-1.300781,0.000000,0.325195
16656.000000,835099.000000,75549924.000000,0.011600,0.011600,-0.988900, , , 
16657.000000,835199.000000,75549924.000000, , , ,-1.300781,0.325195,1.300781
16658.000000,835200.000000,75549924.000000,-0.008700,0.026100,-0.980200, , , 
16659.000000,835299.000000,75549924.000000,0.000000,0.034800,-0.997600, , , 
16660.000000,835300.000000,75549924.000000, , , ,-0.650391,0.000000,0.650391
16661.000000,835400.000000,75549924.000000,0.000000,0.029000,-0.971500, , , 
16662.000000,835401.000000,75549924.000000, , , ,0.000000,-0.325195,0.325195
16663.000000,835492.000000,75549924.000000, , , ,0.650391,0.000000,0.325195
16664.000000,835499.000000,75549924.000000,-0.008700,0.020300,-0.965700, , , 
16665.000000,835593.000000,75549924.000000, , , ,0.000000,-0.325195,0.325195
16666.000000,835600.000000,75549924.000000,-0.005800,0.002900,-0.974400, , , 
16667.000000,835694.000000,75549924.000000, , , ,-0.975586,0.000000,0.325195
16668.000000,835699.000000,75549924.000000,-0.002900,-0.011600,-0.988900, , , 
16669.000000,835795.000000,75549924.000000, , , ,-1.625977,0.000000,0.650391
16670.000000,835800.000000,75549924.000000,0.000000,0.002900,-0.988900, , , 
16671.000000,835896.000000,75549924.000000, , , ,-0.650391,-0.325195,0.325195
16672.000000,835899.000000,75549924.000000,0.000000,0.008700,-0.977300, , , 
16673.000000,835997.000000,75549924.000000, , , ,-0.975586,-0.325195,0.000000
16674.000000,836000.000000,75549924.000000,-0.002900,0.014500,-0.965700, , , 
16675.000000,836098.000000,75549924.000000, , , ,-0.325195,-0.975586,0.000000
16676.000000,836099.000000,75549924.000000,0.002900,0.029000,-0.962800, , , 
16677.000000,836199.000000,75549924.000000, , , ,0.325195,0.000000,0.325195
16678.000000,836200.000000,75549924.000000,-0.005800,0.005800,-0.988900, , , 
16679.000000,836299.000000,75549924.000000,0.002900,0.000000,-0.980200, , , 
16680.000000,836300.000000,75549924.000000, , , ,0.325195,-0.325195,0.000000
16681.000000,836400.000000,75549924.000000,-0.005800,-0.002900,-0.974400, , , 
16682.000000,836401.000000,75549924.000000, , , ,0.000000,-0.325195,0.000000
16683.000000,836492.000000,75549924.000000, , , ,0.000000,0.000000,0.000000
16684.000000,836499.000000,75549924.000000,0.000000,-0.002900,-0.980200, , , 
16685.000000,836593.000000,75549924.000000, , , ,0.000000,0.000000,0.000000
16686.000000,836600.000000,75549924.000000,-0.011600,-0.017400,-0.983100, , , 
16687.000000,836694.000000,75549924.000000, , , ,0.000000,0.000000,0.325195
16688.000000,836699.000000,75549924.000000,-0.002900,-0.005800,-0.991800, , , 
16689.000000,836795.000000,75549924.000000, , , ,-0.325195,0.000000,0.000000
16690.000000,836800.000000,75549924.000000,0.000000,-0.008700,-1.006300, , , 
16691.000000,836896.000000,75549924.000000, , , ,-0.650391,0.000000,0.000000
16692.000000,836899.000000,75549924.000000,-0.020300,-0.008700,-1.020800, , , 
16693.000000,836997.000000,75549924.000000, , , ,-0.650391,0.650391,0.325195
16694.000000,837000.000000,75549924.000000,0.000000,-0.005800,-1.017900, , , 
16695.000000,837098.000000,75549924.000000, , , ,-0.650391,0.000000,0.000000
16696.000000,837099.000000,75549924.000000,0.002900,0.000000,-0.991800, , , 
16697.000000,837199.000000,75549924.000000, , , ,-0.325195,0.000000,0.000000
16698.000000,837200.000000,75549924.000000,0.000000,0.000000,-0.977300, , , 
16699.000000,837299.000000,75549924.000000,0.000000,0.002900,-0.980200, , , 
16700.000000,837300.000000,75549924.000000, , , ,-0.650391,-0.325195,0.000000
16701.000000,837400.000000,75549924.000000,-0.002900,-0.011600,-0.991800, , , 
16702.000000,837401.000000,75549924.000000, , , ,-0.650391,0.000000,0.325195
16703.000000,837492.000000,75549924.000000, , , ,-0.975586,0.000000,0.000000
16704.000000,837499.000000,75549924.000000,0.000000,-0.014500,-0.994700, , , 
16705.000000,837593.000000,75549924.000000, , , ,-0.650391,-0.325195,0.975586
16706.000000,837600.000000,75549924.000000,0.002900,0.000000,-0.965700, , , 
16707.000000,837694.000000,75549924.000000, , , ,-0.650391,-0.325195,0.000000
16708.000000,837699.000000,75549924.000000,0.005800,0.000000,-0.957000, , , 
16709.000000,837795.000000,75549924.000000, , , ,0.000000,-0.325195,0.000000
16710.000000,837800.000000,75549924.000000,0.005800,0.020300,-0.980200, , , 
16711.000000,837896.000000,75549924.000000, , , ,0.000000,-0.325195,0.000000
16712.000000,837899.000000,75549924.000000,-0.002900,-0.002900,-0.997600, , , 
16713.000000,837997.000000,75549924.000000, , , ,-0.650391,-0.325195,0.000000
16714.000000,838000.000000,75549924.000000,0.002900,0.002900,-0.991800, , , 
16715.000000,838098.000000,75549924.000000, , , ,-1.300781,-0.650391,0.325195
16716.000000,838099.000000,75549924.000000,0.000000,-0.002900,-0.988900, , , 
16717.000000,838199.000000,75549924.000000, , , ,-0.650391,-0.325195,0.000000
16718.000000,838200.000000,75549924.000000,0.000000,0.005800,-0.965700, , , 
16719.000000,838299.000000,75549924.000000,0.005800,0.000000,-1.006300, , , 
16720.000000,838300.000000,75549924.000000, , , ,-0.650391,0.000000,0.325195
16721.000000,838400.000000,75549924.000000,-0.014500,-0.008700,-1.035300, , , 
16722.000000,838401.000000,75549924.000000, , , ,-0.975586,0.000000,0.325195
16723.000000,838492.000000,75549924.000000, , , ,-0.975586,0.000000,0.325195
16724.000000,838499.000000,75549924.000000,0.005800,0.008700,-0.980200, , , 
16725.000000,838593.000000,75549924.000000, , , ,-0.650391,-0.975586,0.000000
16726.000000,838600.000000,75549924.000000,-0.005800,0.000000,-0.954100, , , 
16727.000000,838694.000000,75549924.000000, , , ,-0.325195,-1.300781,0.000000
16728.000000,838699.000000,75549924.000000,-0.002900,0.017400,-0.948300, , , 
16729.000000,838795.000000,75549924.000000, , , ,0.000000,0.000000,0.000000
16730.000000,838800.000000,75549924.000000,-0.002900,0.005800,-0.983100, , , 
16731.000000,838896.000000,75549924.000000, , , ,-0.650391,0.000000,0.650391
16732.000000,838899.000000,75549924.000000,-0.005800,-0.011600,-1.012100, , , 
16733.000000,838997.000000,75549924.000000, , , ,-0.650391,0.000000,0.325195
16734.000000,839000.000000,75549924.000000,0.000000,0.011600,-0.988900, , , 
16735.000000,839098.000000,75549924.000000, , , ,-0.975586,-0.325195,0.000000
16736.000000,839099.000000,75549924.000000,-0.005800,-0.017400,-1.000500, , , 
16737.000000,839199.000000,75549924.000000, , , ,-0.975586,0.325195,0.325195
16738.000000,839200.000000,75549924.000000,-0.002900,0.014500,-1.020800, , , 
16739.000000,839299.000000,75549924.000000,0.000000,0.026100,-0.991800, , , 
16740.000000,839300.000000,75549924.000000, , , ,-0.325195,0.000000,0.650391
16741.000000,839400.000000,75549924.000000,-0.011600,0.008700,-1.020800, , , 
16742.000000,839401.000000,75549924.000000, , , ,-0.650391,0.325195,0.325195
16743.000000,839492.000000,75549924.000000, , , ,0.000000,0.325195,0.325195
16744.000000,839499.000000,75549924.000000,0.011600,0.023200,-1.020800, , , 
16745.000000,839593.000000,75549924.000000, , , ,0.000000,0.000000,0.650391
16746.000000,839600.000000,75549924.000000,0.000000,0.014500,-0.991800, , , 
16747.000000,839694.000000,75549924.000000, , , ,0.000000,0.000000,0.325195
16748.000000,839699.000000,75549924.000000,-0.011600,0.014500,-0.974400, , , 
16749.000000,839795.000000,75549924.000000, , , ,0.000000,0.000000,0.650391
16750.000000,839800.000000,75549924.000000,-0.005800,0.005800,-0.983100, , , 
16751.000000,839896.000000,75549924.000000, , , ,-0.650391,0.000000,0.325195
16752.000000,839899.000000,75549924.000000,0.000000,0.002900,-0.977300, , , 
16753.000000,839997.000000,75549924.000000, , , ,-0.325195,0.000000,0.325195
16754.000000,840000.000000,75549924.000000,-0.014500,0.017400,-0.994700, , , 
16755.000000,840098.000000,75549924.000000, , , ,-0.975586,0.000000,0.650391
16756.000000,840099.000000,75549924.000000,0.002900,0.034800,-0.991800, , , 
16757.000000,840199.000000,75549924.000000, , , ,0.000000,0.000000,0.325195
16758.000000,840200.000000,75549924.000000,-0.008700,0.029000,-1.009200, , , 
16759.000000,840299.000000,75549924.000000,-0.002900,-0.011600,-1.020800, , , 
16760.000000,840300.000000,75549924.000000, , , ,-0.325195,0.325195,0.325195
16761.000000,840400.000000,75549924.000000,-0.005800,0.000000,-1.029500, , , 
16762.000000,840401.000000,75549924.000000, , , ,-0.325195,0.000000,0.325195
16763.000000,840492.000000,75549924.000000, , , ,0.000000,0.000000,0.000000
16764.000000,840499.000000,75549924.000000,0.008700,0.023200,-0.994700, , , 
16765.000000,840593.000000,75549924.000000, , , ,-0.325195,0.000000,0.325195
16766.000000,840600.000000,75549924.000000,-0.005800,0.000000,-0.983100, , , 
16767.000000,840694.000000,75549924.000000, , , ,-1.300781,0.325195,0.325195
16768.000000,840699.000000,75549924.000000,-0.008700,-0.002900,-0.994700, , , 
16769.000000,840795.000000,75549924.000000, , , ,-0.650391,-0.325195,0.325195
16770.000000,840800.000000,75549924.000000,0.002900,0.005800,-0.991800, , , 
16771.000000,840896.000000,75549924.000000, , , ,-0.650391,0.000000,0.325195
16772.000000,840899.000000,75549924.000000,-0.002900,0.000000,-0.994700, , , 
16773.000000,840997.000000,75549924.000000, , , ,-0.325195,0.325195,0.325195
16774.000000,841000.000000,75549924.000000,-0.005800,0.017400,-1.017900, , , 
16775.000000,841098.000000,75549924.000000, , , ,-0.650391,0.000000,0.650391
16776.000000,841099.000000,75549924.000000,0.011600,0.005800,-0.997600, , , 
16777.000000,841199.000000,75549924.000000, , , ,-0.325195,0.000000,0.650391
16778.000000,841200.000000,75549924.000000,0.005800,0.011600,-0.977300, , , 
16779.000000,841299.000000,75549924.000000,0.000000,0.014500,-0.968600, , , 
16780.000000,841300.000000,75549924.000000, , , ,-0.650391,-0.650391,0.975586
16781.000000,841400.000000,75549924.000000,-0.008700,0.011600,-0.988900, , , 
16782.000000,841401.000000,75549924.000000, , , ,-0.975586,0.000000,0.325195
16783.000000,841492.000000,75549924.000000, , , ,-0.650391,0.325195,0.650391
16784.000000,841499.000000,75549924.000000,-0.008700,0.034800,-1.017900, , , 
16785.000000,841593.000000,75549924.000000, , , ,-0.650391,0.000000,0.975586
16786.000000,841600.000000,75549924.000000,0.014500,0.040600,-0.994700, , , 
16787.000000,841694.000000,75549924.000000, , , ,-0.975586,0.000000,0.975586
16788.000000,841699.000000,75549924.000000,-0.002900,0.040600,-0.986000, , , 
16789.000000,841795.000000,75549924.000000, , , ,-0.325195,0.000000,1.300781
16790.000000,841800.000000,75549924.000000,0.000000,0.049300,-0.994700, , , 
16791.000000,841896.000000,75549924.000000, , , ,-0.325195,-0.325195,0.975586
16792.000000,841899.000000,75549924.000000,-0.008700,0.046400,-0.959900, , , 
16793.000000,841997.000000,75549924.000000, , , ,0.000000,-0.975586,0.975586
16794.000000,842000.000000,75549924.000000,0.000000,0.040600,-0.933800, , , 
16795.000000,842098.000000,75549924.000000, , , ,0.000000,-0.650391,0.975586
16796.000000,842099.000000,75549924.000000,-0.002900,0.029000,-0.959900, , , 
16797.000000,842199.000000,75549924.000000, , , ,-0.325195,0.000000,0.975586
16798.000000,842200.000000,75549924.000000,-0.014500,0.026100,-1.020800, , , 
16799.000000,842299.000000,75549924.000000,0.002900,0.020300,-1.038200, , , 
16800.000000,842300.000000,75549924.000000, , , ,0.000000,0.325195,0.650391
16801.000000,842400.000000,75549924.000000,-0.002900,0.023200,-1.026600, , , 
16802.000000,842401.000000,75549924.000000, , , ,-0.325195,0.000000,0.650391
16803.000000,842492.000000,75549924.000000, , , ,-0.325195,0.000000,0.325195
16804.000000,842499.000000,75549924.000000,0.000000,0.008700,-1.012100, , , 
16805.000000,842593.000000,75549924.000000, , , ,-1.625977,0.000000,0.650391
16806.000000,842600.000000,75549924.000000,0.005800,0.005800,-0.986000, , , 
16807.000000,842694.000000,75549924.000000, , , ,-1.625977,0.000000,0.325195
16808.000000,842699.000000,75549924.000000,0.002900,0.029000,-0.965700, , , 
16809.000000,842795.000000,75549924.000000, , , ,-0.325195,0.000000,0.325195
16810.000000,842800.000000,75549924.000000,0.002900,0.034800,-0.974400, , , 
16811.000000,842896.000000,75549924.000000, , , ,-0.325195,-0.325195,0.325195
16812.000000,842899.000000,75549924.000000,0.011600,0.046400,-0.945400, , , 
16813.000000,842997.000000,75549924.000000, , , ,0.000000,-0.325195,0.325195
16814.000000,843000.000000,75549924.000000,-0.011600,0.034800,-0.945400, , , 
16815.000000,843098.000000,75549924.000000, , , ,0.000000,0.000000,0.975586
16816.000000,843099.000000,75549924.000000,0.000000,0.029000,-0.959900, , , 
16817.000000,843199.000000,75549924.000000, , , ,-0.325195,0.000000,0.975586
16818.000000,843200.000000,75549924.000000,-0.005800,0.011600,-1.006300, , , 
16819.000000,843299.000000,75549924.000000,0.005800,0.020300,-1.023700, , , 
16820.000000,843300.000000,75549924.000000, , , ,-0.975586,0.000000,0.650391
16821.000000,843400.000000,75549924.000000,0.000000,0.020300,-1.003400, , , 
16822.000000,843401.000000,75549924.000000, , , ,-0.975586,0.000000,0.325195
16823.000000,843492.000000,75549924.000000, , , ,-0.325195,-0.325195,0.325195
16824.000000,843499.000000,75549924.000000,0.008700,0.023200,-0.986000, , , 
16825.000000,843593.000000,75549924.000000, , , ,0.000000,0.000000,0.650391
16826.000000,843600.000000,75549924.000000,-0.005800,0.026100,-0.983100, , , 
16827.000000,843694.000000,75549924.000000, , , ,-0.325195,0.000000,0.650391
16828.000000,843699.000000,75549924.000000,0.002900,0.000000,-0.991800, , , 
16829.000000,843795.000000,75549924.000000, , , ,-0.650391,-0.325195,0.650391
16830.000000,843800.000000,75549924.000000,0.011600,0.020300,-0.974400, , , 
16831.000000,843896.000000,75549924.000000, , , ,-0.325195,-0.325195,0.325195
16832.000000,843899.000000,75549924.000000,0.011600,0.023200,-0.968600, , , 
16833.000000,843997.000000,75549924.000000, , , ,0.000000,0.000000,0.325195
16834.000000,844000.000000,75549924.000000,0.005800,0.014500,-1.012100, , , 
16835.000000,844098.000000,75549924.000000, , , ,-0.325195,-0.975586,0.650391
16836.000000,844099.000000,75549924.000000,0.023200,0.023200,-0.986000, , , 
16837.000000,844199.000000,75549924.000000, , , ,0.000000,0.000000,0.650391
16838.000000,844200.000000,75549924.000000,-0.008700,0.000000,-0.980200, , , 
16839.000000,844299.000000,75549924.000000,0.002900,0.008700,-1.020800, , , 
16840.000000,844300.000000,75549924.000000, , , ,0.325195,0.000000,0.000000
16841.000000,844400.000000,75549924.000000,0.034800,-0.002900,-0.988900, , , 
16842.000000,844401.000000,75549924.000000, , , ,-0.975586,-0.650391,0.325195
16843.000000,844492.000000,75549924.000000, , , ,-0.975586,0.000000,0.325195
16844.000000,844499.000000,75549924.000000,0.017400,0.014500,-0.954100, , , 
16845.000000,844593.000000,75549924.000000, , , ,-0.325195,-0.325195,0.325195
16846.000000,844600.000000,75549924.000000,-0.002900,0.005800,-0.959900, , , 
16847.000000,844694.000000,75549924.000000, , , ,-0.650391,0.000000,0.000000
16848.000000,844699.000000,75549924.000000,0.008700,0.000000,-0.991800, , , 
16849.000000,844795.000000,75549924.000000, , , ,-0.650391,0.000000,0.000000
16850.000000,844800.000000,75549924.000000,0.017400,0.008700,-0.997600, , , 
16851.000000,844896.000000,75549924.000000, , , ,-0.325195,0.000000,0.000000
16852.000000,844899.000000,75549924.000000,0.002900,0.029000,-0.991800, , , 
16853.000000,844997.000000,75549924.000000, , , ,-0.325195,0.000000,0.000000
16854.000000,845000.000000,75549924.000000,0.014500,0.020300,-1.017900, , , 
16855.000000,845098.000000,75549924.000000, , , ,-0.325195,-0.325195,0.325195
16856.000000,845099.000000,75549924.000000,0.005800,0.023200,-0.977300, , , 
16857.000000,845199.000000,75549924.000000, , , ,-0.325195,0.000000,0.650391
16858.000000,845200.000000,75549924.000000,0.017400,0.002900,-0.957000, , , 
16859.000000,845299.000000,75549924.000000,0.014500,0.008700,-0.965700, , , 
16860.000000,845300.000000,75549924.000000, , , ,-0.325195,-0.650391,0.325195
16861.000000,845400.000000,75549924.000000,0.000000,0.020300,-0.977300, , , 
16862.000000,845401.000000,75549924.000000, , , ,0.000000,0.000000,0.650391
16863.000000,845492.000000,75549924.000000, , , ,-0.325195,0.325195,0.000000
16864.000000,845499.000000,75549924.000000,0.014500,-0.005800,-1.026600, , , 
16865.000000,845593.000000,75549924.000000, , , ,-0.975586,-0.325195,0.975586
16866.000000,845600.000000,75549924.000000,0.011600,0.011600,-0.997600, , , 
16867.000000,845694.000000,75549924.000000, , , ,-0.650391,0.000000,0.650391
16868.000000,845699.000000,75549924.000000,0.002900,0.026100,-0.977300, , , 
16869.000000,845795.000000,75549924.000000, , , ,-0.650391,0.000000,0.975586
16870.000000,845800.000000,75549924.000000,0.029000,0.008700,-0.994700, , , 
16871.000000,845896.000000,75549924.000000, , , ,-0.650391,-0.650391,0.325195
16872.000000,845899.000000,75549924.000000,0.008700,0.014500,-0.965700, , , 
16873.000000,845997.000000,75549924.000000, , , ,-0.975586,-0.650391,0.000000
16874.000000,846000.000000,75549924.000000,0.017400,0.026100,-0.959900, , , 
16875.000000,846098.000000,75549924.000000, , , ,0.000000,0.000000,0.650391
16876.000000,846099.000000,75549924.000000,0.002900,0.023200,-0.974400, , , 
16877.000000,846199.000000,75549924.000000, , , ,0.000000,0.000000,0.975586
16878.000000,846200.000000,75549924.000000,0.014500,0.017400,-0.983100, , , 
16879.000000,846299.000000,75549924.000000,0.000000,0.000000,-1.015000, , , 
16880.000000,846300.000000,75549924.000000, , , ,0.000000,-0.325195,0.325195
16881.000000,846400.000000,75549924.000000,0.008700,0.005800,-1.000500, , , 
16882.000000,846401.000000,75549924.000000, , , ,0.000000,0.000000,0.325195
16883.000000,846492.000000,75549924.000000, , , ,-0.975586,0.000000,0.975586
16884.000000,846499.000000,75549924.000000,0.000000,0.008700,-0.988900, , , 
16885.000000,846593.000000,75549924.000000, , , ,-0.325195,0.000000,0.000000
16886.000000,846600.000000,75549924.000000,0.000000,0.011600,-0.977300, , , 
16887.000000,846694.000000,75549924.000000, , , ,0.000000,0.000000,0.650391
16888.000000,846701.000000,75549924.000000,0.017400,0.026100,-0.974400, , , 
16889.000000,846794.000000,75549924.000000, , , ,-0.325195,-0.325195,0.000000
16890.000000,846799.000000,75549924.000000,0.008700,0.017400,-0.962800, , , 
16891.000000,846895.000000,75549924.000000, , , ,0.000000,0.000000,0.000000
16892.000000,846900.000000,75549924.000000,0.000000,0.002900,-0.968600, , , 
16893.000000,846996.000000,75549924.000000, , , ,0.000000,-0.325195,0.650391
16894.000000,846999.000000,75549924.000000,0.005800,0.005800,-0.994700, , , 
16895.000000,847097.000000,75549924.000000, , , ,-0.325195,0.000000,0.325195
16896.000000,847100.000000,75549924.000000,0.002900,0.000000,-1.026600, , , 
16897.000000,847198.000000,75549924.000000, , , ,-0.650391,0.000000,0.650391
16898.000000,847199.000000,75549924.000000,0.014500,0.008700,-0.994700, , , 
16899.000000,847299.000000,75549924.000000, , , ,-0.325195,0.000000,0.325195
16900.000000,847300.000000,75549924.000000,0.011600,0.008700,-0.994700, , , 
16901.000000,847399.000000,75549924.000000,0.000000,0.000000,-1.003400, , , 
16902.000000,847400.000000,75549924.000000, , , ,-0.650391,0.000000,0.650391
16903.000000,847500.000000,75549924.000000,0.023200,0.005800,-0.980200, , , 
16904.000000,847501.000000,75549924.000000, , , ,-0.650391,-0.325195,0.325195
16905.000000,847592.000000,75549924.000000, , , ,-0.325195,-0.650391,0.325195
16906.000000,847599.000000,75549924.000000,0.008700,0.011600,-0.968600, , , 
16907.000000,847693.000000,75549924.000000, , , ,0.000000,-0.325195,0.325195
16908.000000,847700.000000,75549924.000000,0.008700,0.014500,-0.954100, , , 
16909.000000,847794.000000,75549924.000000, , , ,-0.325195,0.000000,0.000000
16910.000000,847799.000000,75549924.000000,0.011600,0.000000,-0.968600, , , 
16911.000000,847895.000000,75549924.000000, , , ,-0.650391,0.000000,0.325195
16912.000000,847900.000000,75549924.000000,-0.002900,0.008700,-0.994700, , , 
16913.000000,847996.000000,75549924.000000, , , ,-0.650391,0.000000,0.000000
16914.000000,847999.000000,75549924.000000,0.017400,0.008700,-0.986000, , , 
16915.000000,848097.000000,75549924.000000, , , ,-0.325195,0.000000,0.325195
16916.000000,848100.000000,75549924.000000,0.005800,0.000000,-0.997600, , , 
16917.000000,848198.000000,75549924.000000, , , ,-0.325195,0.000000,0.650391
16918.000000,848199.000000,75549924.000000,-0.002900,0.005800,-0.988900, , , 
16919.000000,848299.000000,75549924.000000, , , ,0.000000,0.000000,0.325195
16920.000000,848300.000000,75549924.000000,0.008700,0.000000,-0.971500, , , 
16921.000000,848399.000000,75549924.000000,0.002900,0.002900,-0.991800, , , 
16922.000000,848400.000000,75549924.000000, , , ,-0.325195,-0.325195,0.000000
16923.000000,848500.000000,75549924.000000,0.017400,-0.002900,-0.988900, , , 
16924.000000,848501.000000,75549924.000000, , , ,0.000000,0.000000,0.325195
16925.000000,848600.000000,75549924.000000,0.014500,0.005800,-0.991800, , , 
16926.000000,848601.000000,75549924.000000, , , ,0.000000,0.000000,0.650391
16927.000000,848692.000000,75549924.000000, , , ,-0.650391,0.000000,0.325195
16928.000000,848699.000000,75549924.000000,0.000000,0.000000,-1.012100, , , 
16929.000000,848793.000000,75549924.000000, , , ,-0.975586,0.000000,1.300781
16930.000000,848800.000000,75549924.000000,0.026100,0.005800,-0.977300, , , 
16931.000000,848894.000000,75549924.000000, , , ,-0.325195,-0.325195,0.325195
16932.000000,848899.000000,75549924.000000,0.000000,0.008700,-0.957000, , , 
16933.000000,848995.000000,75549924.000000, , , ,-0.975586,-0.650391,0.650391
16934.000000,849000.000000,75549924.000000,0.014500,0.014500,-0.971500, , , 
16935.000000,849096.000000,75549924.000000, , , ,-0.975586,0.325195,0.650391
16936.000000,849099.000000,75549924.000000,0.000000,-0.005800,-1.009200, , , 
16937.000000,849197.000000,75549924.000000, , , ,-1.300781,0.000000,0.325195
16938.000000,849200.000000,75549924.000000,0.029000,0.020300,-0.994700, , , 
16939.000000,849298.000000,75549924.000000, , , ,-0.325195,0.325195,0.325195
16940.000000,849299.000000,75549924.000000,0.002900,0.017400,-0.994700, , , 
16941.000000,849399.000000,75549924.000000, , , ,-0.975586,0.000000,0.325195
16942.000000,849400.000000,75549924.000000,0.020300,0.008700,-1.003400, , , 
16943.000000,849499.000000,75549924.000000,0.000000,0.029000,-0.962800, , , 
16944.000000,849500.000000,75549924.000000, , , ,0.000000,-0.650391,0.325195
16945.000000,849600.000000,75549924.000000,0.000000,0.002900,-0.965700, , , 
16946.000000,849601.000000,75549924.000000, , , ,0.000000,-0.325195,0.000000
16947.000000,849692.000000,75549924.000000, , , ,-0.650391,0.000000,0.000000
16948.000000,849699.000000,75549924.000000,0.002900,0.002900,-1.000500, , , 
16949.000000,849793.000000,75549924.000000, , , ,-0.975586,0.000000,0.325195
16950.000000,849800.000000,75549924.000000,0.008700,0.000000,-1.020800, , , 
16951.000000,849894.000000,75549924.000000, , , ,-1.625977,-0.650391,0.325195
16952.000000,849899.000000,75549924.000000,0.014500,-0.005800,-1.006300, , , 
16953.000000,849995.000000,75549924.000000, , , ,-0.975586,-0.650391,0.650391
16954.000000,850000.000000,75549924.000000,0.020300,0.020300,-0.948300, , , 
16955.000000,850096.000000,75549924.000000, , , ,-0.325195,-0.650391,0.000000
16956.000000,850099.000000,75549924.000000,0.000000,0.014500,-0.936700, , , 
16957.000000,850197.000000,75549924.000000, , , ,-0.325195,0.000000,0.325195
16958.000000,850200.000000,75549924.000000,0.014500,0.011600,-0.980200, , , 
16959.000000,850298.000000,75549924.000000, , , ,0.000000,-0.325195,0.000000
16960.000000,850299.000000,75549924.000000,0.008700,0.020300,-0.977300, , , 
16961.000000,850399.000000,75549924.000000, , , ,-0.975586,-0.650391,0.000000
16962.000000,850400.000000,75549924.000000,0.008700,-0.008700,-0.986000, , , 
16963.000000,850499.000000,75549924.000000, , , ,-0.650391,-0.325195,0.000000
16964.000000,850500.000000,75549924.000000,0.002900,0.008700,-0.980200, , , 
16965.000000,850599.000000,75549924.000000,0.026100,0.008700,-0.977300, , , 
16966.000000,850600.000000,75549924.000000, , , ,-0.325195,0.000000,0.325195
16967.000000,850700.000000,75549924.000000,0.017400,0.031900,-0.957000, , , 
16968.000000,850701.000000,75549924.000000, , , ,0.325195,-0.325195,0.000000
16969.000000,850792.000000,75549924.000000, , , ,0.650391,0.000000,0.325195
16970.000000,850799.000000,75549924.000000,-0.008700,0.011600,-0.980200, , , 
16971.000000,850893.000000,75549924.000000, , , ,-0.650391,0.650391,0.325195
16972.000000,850900.000000,75549924.000000,0.000000,-0.011600,-1.041100, , , 
16973.000000,850994.000000,75549924.000000, , , ,-1.300781,0.650391,0.325195
16974.000000,850999.000000,75549924.000000,0.005800,-0.002900,-1.070100, , , 
16975.000000,851095.000000,75549924.000000, , , ,-0.975586,0.000000,0.650391
16976.000000,851100.000000,75549924.000000,0.005800,0.020300,-0.988900, , , 
16977.000000,851196.000000,75549924.000000, , , ,-0.650391,0.000000,0.650391
16978.000000,851199.000000,75549924.000000,0.008700,0.014500,-0.957000, , , 
16979.000000,851297.000000,75549924.000000, , , ,0.000000,-0.650391,0.325195
16980.000000,851300.000000,75549924.000000,0.002900,0.017400,-0.951200, , , 
16981.000000,851398.000000,75549924.000000, , , ,0.650391,-0.975586,0.325195
16982.000000,851399.000000,75549924.000000,0.020300,0.034800,-0.893200, , , 
16983.000000,851499.000000,75549924.000000, , , ,0.975586,-0.325195,0.000000
16984.000000,851500.000000,75549924.000000,-0.020300,0.014500,-0.971500, , , 
16985.000000,851599.000000,75549924.000000,0.000000,0.000000,-1.052700, , , 
16986.000000,851600.000000,75549924.000000, , , ,-0.325195,1.300781,0.325195
16987.000000,851700.000000,75549924.000000,0.005800,0.002900,-1.081700, , , 
16988.000000,851701.000000,75549924.000000, , , ,-0.975586,0.650391,0.975586
16989.000000,851792.000000,75549924.000000, , , ,-1.300781,0.000000,0.975586
16990.000000,851799.000000,75549924.000000,0.002900,0.000000,-1.017900, , , 
16991.000000,851893.000000,75549924.000000, , , ,-1.625977,0.000000,0.650391
16992.000000,851900.000000,75549924.000000,0.008700,0.023200,-0.965700, , , 
16993.000000,851994.000000,75549924.000000, , , ,-0.650391,-0.325195,0.325195
16994.000000,851999.000000,75549924.000000,0.031900,0.014500,-0.948300, , , 
16995.000000,852095.000000,75549924.000000, , , ,-0.975586,0.000000,0.325195
16996.000000,852100.000000,75549924.000000,-0.002900,0.000000,-0.957000, , , 
16997.000000,852196.000000,75549924.000000, , , ,-1.300781,0.000000,0.325195
16998.000000,852199.000000,75549924.000000,0.008700,0.005800,-0.965700, , , 
16999.000000,852297.000000,75549924.000000, , , ,-0.325195,0.000000,0.650391
17000.000000,852300.000000,75549924.000000,0.008700,0.020300,-0.986000, , , 
17001.000000,852398.000000,75549924.000000, , , ,-0.975586,0.000000,0.325195
17002.000000,852399.000000,75549924.000000,0.000000,0.023200,-0.988900, , , 
17003.000000,852499.000000,75549924.000000, , , ,-1.300781,0.000000,0.650391
17004.000000,852500.000000,75549924.000000,0.002900,0.002900,-0.997600, , , 
17005.000000,852599.000000,75549924.000000,0.000000,0.037700,-1.009200, , , 
17006.000000,852600.000000,75549924.000000, , , ,-0.975586,0.000000,0.325195
17007.000000,852700.000000,75549924.000000,0.020300,0.026100,-0.962800, , , 
17008.000000,852701.000000,75549924.000000, , , ,-0.650391,0.000000,0.325195
17009.000000,852792.000000,75549924.000000, , , ,-0.325195,-0.325195,0.000000
17010.000000,852799.000000,75549924.000000,-0.014500,0.034800,-0.971500, , , 
17011.000000,852893.000000,75549924.000000, , , ,0.000000,-0.325195,0.325195
17012.000000,852900.000000,75549924.000000,0.000000,0.031900,-1.003400, , , 
17013.000000,852994.000000,75549924.000000, , , ,-0.325195,0.000000,0.325195
17014.000000,852999.000000,75549924.000000,0.008700,0.023200,-1.003400, , , 
17015.000000,853095.000000,75549924.000000, , , ,-0.650391,-0.325195,0.650391
17016.000000,853100.000000,75549924.000000,0.002900,0.023200,-0.965700, , , 
17017.000000,853196.000000,75549924.000000, , , ,-1.300781,0.000000,0.650391
17018.000000,853199.000000,75549924.000000,-0.002900,0.020300,-0.968600, , , 
17019.000000,853297.000000,75549924.000000, , , ,-1.625977,0.000000,0.650391
17020.000000,853300.000000,75549924.000000,0.002900,0.014500,-1.003400, , , 
17021.000000,853398.000000,75549924.000000, , , ,-1.625977,-0.325195,0.650391
17022.000000,853399.000000,75549924.000000,0.000000,0.046400,-0.988900, , , 
17023.000000,853499.000000,75549924.000000, , , ,-0.325195,-0.325195,0.325195
17024.000000,853500.000000,75549924.000000,0.005800,0.060900,-0.957000, , , 
17025.000000,853599.000000,75549924.000000,0.000000,0.043500,-0.977300, , , 
17026.000000,853600.000000,75549924.000000, , , ,-0.325195,-0.325195,0.650391
17027.000000,853700.000000,75549924.000000,0.000000,0.031900,-0.991800, , , 
17028.000000,853701.000000,75549924.000000, , , ,0.000000,0.000000,0.650391
17029.000000,853792.000000,75549924.000000, , , ,-0.325195,-0.325195,0.650391
17030.000000,853799.000000,75549924.000000,0.008700,0.031900,-1.006300, , , 
17031.000000,853893.000000,75549924.000000, , , ,-0.650391,0.000000,0.650391
17032.000000,853900.000000,75549924.000000,-0.005800,0.043500,-0.991800, , , 
17033.000000,853994.000000,75549924.000000, , , ,-0.650391,0.000000,0.325195
17034.000000,853999.000000,75549924.000000,0.020300,0.037700,-0.959900, , , 
17035.000000,854095.000000,75549924.000000, , , ,-0.650391,-0.325195,0.650391
17036.000000,854100.000000,75549924.000000,0.000000,0.031900,-0.965700, , , 
17037.000000,854196.000000,75549924.000000, , , ,-0.325195,0.000000,0.650391
17038.000000,854199.000000,75549924.000000,0.002900,0.031900,-0.980200, , , 
17039.000000,854297.000000,75549924.000000, , , ,-0.325195,-0.325195,0.650391
17040.000000,854300.000000,75549924.000000,-0.002900,0.029000,-0.997600, , , 
17041.000000,854398.000000,75549924.000000, , , ,0.000000,0.000000,0.325195
17042.000000,854399.000000,75549924.000000,0.008700,0.029000,-0.997600, , , 
17043.000000,854499.000000,75549924.000000, , , ,-0.325195,-0.325195,0.325195
17044.000000,854500.000000,75549924.000000,-0.002900,0.029000,-0.977300, , , 
17045.000000,854599.000000,75549924.000000,0.002900,0.014500,-1.015000, , , 
17046.000000,854600.000000,75549924.000000, , , ,-0.650391,0.325195,0.325195
17047.000000,854700.000000,75549924.000000,0.005800,0.026100,-0.986000, , , 
17048.000000,854701.000000,75549924.000000, , , ,-0.650391,-0.325195,0.000000
17049.000000,854792.000000,75549924.000000, , , ,-0.650391,-0.650391,0.650391
17050.000000,854799.000000,75549924.000000,0.002900,0.020300,-0.974400, , , 
17051.000000,854893.000000,75549924.000000, , , ,-0.650391,0.000000,0.000000
17052.000000,854900.000000,75549924.000000,-0.014500,0.011600,-0.988900, , , 
17053.000000,854994.000000,75549924.000000, , , ,-0.325195,0.000000,0.000000
17054.000000,854999.000000,75549924.000000,0.014500,0.026100,-0.974400, , , 
17055.000000,855095.000000,75549924.000000, , , ,-0.325195,-0.325195,0.325195
17056.000000,855100.000000,75549924.000000,0.000000,0.014500,-0.962800, , , 
17057.000000,855196.000000,75549924.000000, , , ,0.000000,-0.325195,0.000000
17058.000000,855199.000000,75549924.000000,0.000000,0.008700,-0.980200, , , 
17059.000000,855297.000000,75549924.000000, , , ,-0.325195,0.325195,0.325195
17060.000000,855300.000000,75549924.000000,0.002900,-0.002900,-1.015000, , , 
17061.000000,855398.000000,75549924.000000, , , ,-0.325195,-0.325195,0.325195
17062.000000,855399.000000,75549924.000000,0.005800,0.000000,-1.000500, , , 
17063.000000,855499.000000,75549924.000000, , , ,-1.300781,-0.325195,0.975586
17064.000000,855500.000000,75549924.000000,0.011600,0.000000,-0.968600, , , 
17065.000000,855599.000000,75549924.000000,0.000000,-0.008700,-0.971500, , , 
17066.000000,855600.000000,75549924.000000, , , ,-1.300781,0.000000,0.650391
17067.000000,855700.000000,75549924.000000,0.000000,0.020300,-0.994700, , , 
17068.000000,855701.000000,75549924.000000, , , ,-0.975586,0.000000,0.325195
17069.000000,855792.000000,75549924.000000, , , ,-1.300781,0.000000,0.000000
17070.000000,855799.000000,75549924.000000,0.000000,0.017400,-0.980200, , , 
17071.000000,855893.000000,75549924.000000, , , ,-0.325195,0.325195,0.650391
17072.000000,855900.000000,75549924.000000,0.011600,0.020300,-0.991800, , , 
17073.000000,855994.000000,75549924.000000, , , ,0.000000,0.000000,0.000000
17074.000000,855999.000000,75549924.000000,-0.008700,0.026100,-0.980200, , , 
17075.000000,856095.000000,75549924.000000, , , ,0.000000,0.000000,0.650391
17076.000000,856100.000000,75549924.000000,0.005800,-0.008700,-0.977300, , , 
17077.000000,856196.000000,75549924.000000, , , ,0.325195,-0.325195,0.000000
17078.000000,856199.000000,75549924.000000,0.005800,0.011600,-0.962800, , , 
17079.000000,856297.000000,75549924.000000, , , ,-0.325195,-0.325195,0.000000
17080.000000,856300.000000,75549924.000000,0.002900,0.000000,-0.977300, , , 
17081.000000,856398.000000,75549924.000000, , , ,-0.650391,0.650391,0.000000
17082.000000,856399.000000,75549924.000000,0.000000,0.000000,-1.015000, , , 
17083.000000,856499.000000,75549924.000000, , , ,-0.975586,0.650391,0.000000
17084.000000,856500.000000,75549924.000000,0.002900,0.005800,-1.046900, , , 
17085.000000,856599.000000,75549924.000000,0.017400,0.037700,-0.980200, , , 
17086.000000,856600.000000,75549924.000000, , , ,-0.325195,-0.650391,0.000000
17087.000000,856700.000000,75549924.000000,0.000000,0.008700,-0.930900, , , 
17088.000000,856701.000000,75549924.000000, , , ,-0.650391,-0.975586,0.000000
17089.000000,856792.000000,75549924.000000, , , ,-1.300781,-0.325195,0.325195
17090.000000,856799.000000,75549924.000000,-0.002900,0.011600,-0.974400, , , 
17091.000000,856893.000000,75549924.000000, , , ,-0.975586,0.000000,0.325195
17092.000000,856900.000000,75549924.000000,0.002900,0.014500,-0.986000, , , 
17093.000000,856994.000000,75549924.000000, , , ,-0.325195,-0.975586,0.325195
17094.000000,856999.000000,75549924.000000,0.011600,0.023200,-0.968600, , , 
17095.000000,857095.000000,75549924.000000, , , ,-0.650391,-0.650391,0.650391
17096.000000,857100.000000,75549924.000000,0.000000,0.023200,-0.957000, , , 
17097.000000,857196.000000,75549924.000000, , , ,-0.975586,-0.325195,0.325195
17098.000000,857199.000000,75549924.000000,0.002900,0.017400,-0.977300, , , 
17099.000000,857297.000000,75549924.000000, , , ,-0.650391,0.000000,0.325195
17100.000000,857300.000000,75549924.000000,0.026100,0.026100,-0.962800, , , 
17101.000000,857398.000000,75549924.000000, , , ,-0.975586,0.000000,0.975586
17102.000000,857399.000000,75549924.000000,-0.023200,0.031900,-0.983100, , , 
17103.000000,857499.000000,75549924.000000, , , ,-0.650391,0.000000,0.325195
17104.000000,857500.000000,75549924.000000,0.020300,0.023200,-1.017900, , , 
17105.000000,857599.000000,75549924.000000,0.000000,0.046400,-0.977300, , , 
17106.000000,857600.000000,75549924.000000, , , ,-0.325195,-0.325195,0.650391
17107.000000,857700.000000,75549924.000000,0.005800,0.031900,-0.974400, , , 
17108.000000,857701.000000,75549924.000000, , , ,0.000000,-0.325195,0.000000
17109.000000,857792.000000,75549924.000000, , , ,0.000000,-0.325195,0.325195
17110.000000,857799.000000,75549924.000000,0.000000,0.011600,-0.959900, , , 
17111.000000,857893.000000,75549924.000000, , , ,-0.325195,0.000000,0.000000
17112.000000,857900.000000,75549924.000000,-0.005800,0.017400,-0.948300, , , 
17113.000000,857994.000000,75549924.000000, , , ,-0.325195,-0.325195,0.325195
17114.000000,857999.000000,75549924.000000,-0.005800,0.020300,-1.003400, , , 
17115.000000,858095.000000,75549924.000000, , , ,-0.650391,0.000000,0.650391
17116.000000,858100.000000,75549924.000000,-0.002900,0.043500,-1.006300, , , 
17117.000000,858196.000000,75549924.000000, , , ,0.000000,-0.650391,0.325195
17118.000000,858199.000000,75549924.000000,0.002900,0.031900,-0.954100, , , 
17119.000000,858297.000000,75549924.000000, , , ,-0.325195,-0.650391,0.325195
17120.000000,858300.000000,75549924.000000,0.000000,0.029000,-0.942500, , , 
17121.000000,858398.000000,75549924.000000, , , ,0.000000,-0.325195,0.325195
17122.000000,858399.000000,75549924.000000,0.002900,0.026100,-0.942500, , , 
17123.000000,858499.000000,75549924.000000, , , ,-0.650391,-0.325195,0.325195
17124.000000,858500.000000,75549924.000000,-0.002900,0.011600,-0.983100, , , 
17125.000000,858599.000000,75549924.000000,0.002900,0.031900,-1.000500, , , 
17126.000000,858600.000000,75549924.000000, , , ,-0.975586,0.000000,0.975586
17127.000000,858700.000000,75549924.000000,0.008700,0.043500,-0.954100, , , 
17128.000000,858701.000000,75549924.000000, , , ,0.000000,-0.325195,0.325195
17129.000000,858792.000000,75549924.000000, , , ,-0.650391,0.000000,0.650391
17130.000000,858799.000000,75549924.000000,-0.005800,0.023200,-0.977300, , , 
17131.000000,858893.000000,75549924.000000, , , ,-1.300781,0.000000,0.325195
17132.000000,858900.000000,75549924.000000,0.020300,0.020300,-0.980200, , , 
17133.000000,858994.000000,75549924.000000, , , ,-0.650391,0.000000,0.650391
17134.000000,858999.000000,75549924.000000,0.002900,0.049300,-0.991800, , , 
17135.000000,859095.000000,75549924.000000, , , ,-0.325195,-0.325195,0.650391
17136.000000,859100.000000,75549924.000000,0.017400,0.017400,-0.968600, , , 
17137.000000,859196.000000,75549924.000000, , , ,-0.650391,0.000000,0.325195
17138.000000,859199.000000,75549924.000000,-0.002900,0.029000,-0.977300, , , 
17139.000000,859297.000000,75549924.000000, , , ,0.000000,0.000000,0.650391
17140.000000,859300.000000,75549924.000000,0.020300,0.026100,-0.986000, , , 
17141.000000,859398.000000,75549924.000000, , , ,0.325195,0.000000,0.000000
17142.000000,859399.000000,75549924.000000,0.000000,0.026100,-0.986000, , , 
17143.000000,859499.000000,75549924.000000, , , ,-0.325195,-0.325195,0.650391
17144.000000,859500.000000,75549924.000000,0.008700,0.029000,-0.974400, , , 
17145.000000,859599.000000,75549924.000000,0.000000,0.037700,-0.954100, , , 
17146.000000,859600.000000,75549924.000000, , , ,0.000000,-0.975586,0.650391
17147.000000,859700.000000,75549924.000000,-0.002900,0.017400,-0.971500, , , 
17148.000000,859701.000000,75549924.000000, , , ,-0.650391,0.000000,0.650391
17149.000000,859792.000000,75549924.000000, , , ,-0.650391,0.325195,0.325195
17150.000000,859799.000000,75549924.000000,0.002900,0.020300,-1.015000, , , 
17151.000000,859893.000000,75549924.000000, , , ,-0.975586,0.000000,0.000000
17152.000000,859900.000000,75549924.000000,-0.002900,0.031900,-0.983100, , , 
17153.000000,859994.000000,75549924.000000, , , ,0.000000,0.000000,0.000000
17154.000000,859999.000000,75549924.000000,0.005800,0.026100,-0.991800, , , 
17155.000000,860095.000000,75549924.000000, , , ,-0.325195,0.000000,0.975586
17156.000000,860100.000000,75549924.000000,0.000000,0.020300,-1.003400, , , 
17157.000000,860196.000000,75549924.000000, , , ,-0.325195,0.000000,0.325195
17158.000000,860199.000000,75549924.000000,-0.002900,0.031900,-0.991800, , , 
17159.000000,860297.000000,75549924.000000, , , ,0.000000,-0.325195,0.650391
17160.000000,860300.000000,75549924.000000,0.011600,0.005800,-0.980200, , , 
17161.000000,860398.000000,75549924.000000, , , ,0.000000,-0.650391,0.325195
17162.000000,860399.000000,75549924.000000,-0.008700,0.017400,-0.945400, , , 
17163.000000,860499.000000,75549924.000000, , , ,-0.325195,-0.325195,0.325195
17164.000000,860500.000000,75549924.000000,0.005800,0.020300,-0.948300, , , 
17165.000000,860599.000000,75549924.000000,-0.005800,0.005800,-0.954100, , , 
17166.000000,860600.000000,75549924.000000, , , ,-0.650391,-0.325195,0.650391
17167.000000,860700.000000,75549924.000000,-0.008700,0.031900,-1.003400, , , 
17168.000000,860701.000000,75549924.000000, , , ,-1.300781,0.000000,0.325195
17169.000000,860792.000000,75549924.000000, , , ,-0.650391,0.325195,0.650391
17170.000000,860799.000000,75549924.000000,0.005800,0.037700,-1.006300, , , 
17171.000000,860893.000000,75549924.000000, , , ,-0.650391,0.000000,0.325195
17172.000000,860900.000000,75549924.000000,-0.008700,0.026100,-1.000500, , , 
17173.000000,860994.000000,75549924.000000, , , ,-0.975586,0.000000,0.650391
17174.000000,860999.000000,75549924.000000,0.014500,0.026100,-0.991800, , , 
17175.000000,861095.000000,75549924.000000, , , ,-0.650391,0.000000,0.650391
17176.000000,861100.000000,75549924.000000,-0.020300,0.020300,-1.003400, , , 
17177.000000,861196.000000,75549924.000000, , , ,-0.650391,0.000000,0.650391
17178.000000,861199.000000,75549924.000000,0.000000,0.023200,-0.994700, , , 
17179.000000,861297.000000,75549924.000000, , , ,-0.325195,-0.325195,0.325195
17180.000000,861300.000000,75549924.000000,-0.002900,0.008700,-0.991800, , , 
17181.000000,861398.000000,75549924.000000, , , ,-1.300781,0.000000,0.325195
17182.000000,861399.000000,75549924.000000,-0.005800,0.031900,-0.983100, , , 
17183.000000,861499.000000,75549924.000000, , , ,0.650391,-1.625977,0.325195
17184.000000,861500.000000,75549924.000000,0.031900,0.060900,-0.913500, , , 
17185.000000,861599.000000,75549924.000000,-0.031900,0.026100,-0.904800, , , 
17186.000000,861600.000000,75549924.000000, , , ,1.300781,-0.975586,0.325195
17187.000000,861700.000000,75549924.000000,-0.031900,0.005800,-1.023700, , , 
17188.000000,861701.000000,75549924.000000, , , ,0.000000,0.000000,0.000000
17189.000000,861792.000000,75549924.000000, , , ,0.000000,0.325195,0.650391
17190.000000,861799.000000,75549924.000000,0.000000,0.011600,-1.064300, , , 
17191.000000,861893.000000,75549924.000000, , , ,0.000000,0.000000,0.650391
17192.000000,861900.000000,75549924.000000,0.000000,0.008700,-1.017900, , , 
17193.000000,861994.000000,75549924.000000, , , ,0.325195,-0.650391,0.650391
17194.000000,861999.000000,75549924.000000,0.000000,0.043500,-0.948300, , , 
17195.000000,862095.000000,75549924.000000, , , ,0.000000,0.000000,0.325195
17196.000000,862100.000000,75549924.000000,-0.002900,0.008700,-0.983100, , , 
17197.000000,862196.000000,75549924.000000, , , ,-0.325195,0.000000,0.650391
17198.000000,862199.000000,75549924.000000,-0.014500,0.000000,-1.015000, , , 
17199.000000,862297.000000,75549924.000000, , , ,-1.300781,0.325195,0.975586
17200.000000,862300.000000,75549924.000000,0.000000,0.034800,-1.023700, , , 
17201.000000,862398.000000,75549924.000000, , , ,-1.951172,0.325195,0.325195
17202.000000,862399.000000,75549924.000000,-0.008700,-0.002900,-1.032400, , , 
17203.000000,862499.000000,75549924.000000, , , ,-1.951172,-0.650391,0.975586
17204.000000,862500.000000,75549924.000000,0.005800,0.034800,-0.962800, , , 
17205.000000,862599.000000,75549924.000000,-0.011600,0.029000,-0.919300, , , 
17206.000000,862600.000000,75549924.000000, , , ,-0.975586,-0.650391,0.650391
17207.000000,862700.000000,75549924.000000,-0.023200,0.026100,-0.954100, , , 
17208.000000,862701.000000,75549924.000000, , , ,-0.650391,-0.325195,0.650391
17209.000000,862792.000000,75549924.000000, , , ,-0.325195,0.000000,0.650391
17210.000000,862799.000000,75549924.000000,-0.002900,0.014500,-0.977300, , , 
17211.000000,862893.000000,75549924.000000, , , ,-0.975586,0.000000,0.325195
17212.000000,862900.000000,75549924.000000,-0.014500,0.023200,-0.980200, , , 
17213.000000,862994.000000,75549924.000000, , , ,-0.650391,0.000000,0.650391
17214.000000,862999.000000,75549924.000000,0.000000,0.034800,-1.000500, , , 
17215.000000,863095.000000,75549924.000000, , , ,0.000000,0.000000,0.000000
17216.000000,863100.000000,75549924.000000,-0.014500,0.031900,-1.012100, , , 
17217.000000,863196.000000,75549924.000000, , , ,0.650391,0.000000,0.650391
17218.000000,863199.000000,75549924.000000,-0.005800,0.031900,-1.015000, , , 
17219.000000,863297.000000,75549924.000000, , , ,0.975586,0.000000,0.000000
17220.000000,863300.000000,75549924.000000,-0.017400,0.005800,-0.986000, , , 
17221.000000,863398.000000,75549924.000000, , , ,-0.650391,0.000000,0.000000
17222.000000,863399.000000,75549924.000000,-0.008700,-0.005800,-0.994700, , , 
17223.000000,863499.000000,75549924.000000, , , ,-0.650391,-0.650391,0.975586
17224.000000,863500.000000,75549924.000000,0.011600,0.020300,-0.951200, , , 
17225.000000,863599.000000,75549924.000000,-0.020300,0.031900,-0.954100, , , 
17226.000000,863600.000000,75549924.000000, , , ,0.000000,-0.325195,0.650391
17227.000000,863700.000000,75549924.000000,-0.020300,0.008700,-1.012100, , , 
17228.000000,863701.000000,75549924.000000, , , ,0.000000,0.325195,0.325195
17229.000000,863792.000000,75549924.000000, , , ,-0.325195,0.000000,0.325195
17230.000000,863799.000000,75549924.000000,0.008700,0.023200,-1.012100, , , 
17231.000000,863893.000000,75549924.000000, , , ,-0.650391,0.000000,0.325195
17232.000000,863900.000000,75549924.000000,-0.020300,0.002900,-0.983100, , , 
17233.000000,863994.000000,75549924.000000, , , ,-1.300781,-0.325195,0.000000
17234.000000,863999.000000,75549924.000000,0.005800,-0.017400,-0.965700, , , 
17235.000000,864095.000000,75549924.000000, , , ,-1.300781,-1.300781,0.975586
17236.000000,864100.000000,75549924.000000,-0.011600,0.037700,-0.951200, , , 
17237.000000,864196.000000,75549924.000000, , , ,-1.300781,0.325195,0.650391
17238.000000,864199.000000,75549924.000000,-0.023200,0.008700,-1.012100, , , 
17239.000000,864297.000000,75549924.000000, , , ,-0.650391,0.975586,0.325195
17240.000000,864300.000000,75549924.000000,-0.002900,0.029000,-1.041100, , , 
17241.000000,864398.000000,75549924.000000, , , ,-0.650391,-0.650391,0.325195
17242.000000,864399.000000,75549924.000000,0.002900,0.031900,-0.974400, , , 
17243.000000,864499.000000,75549924.000000, , , ,0.325195,-0.325195,0.650391
17244.000000,864500.000000,75549924.000000,-0.011600,0.017400,-0.939600, , , 
17245.000000,864599.000000,75549924.000000,-0.005800,0.002900,-0.959900, , , 
17246.000000,864600.000000,75549924.000000, , , ,0.000000,0.000000,0.000000
17247.000000,864700.000000,75549924.000000,-0.011600,0.029000,-0.977300, , , 
17248.000000,864701.000000,75549924.000000, , , ,-0.650391,0.000000,0.325195
17249.000000,864792.000000,75549924.000000, , , ,0.000000,0.000000,0.975586
17250.000000,864799.000000,75549924.000000,-0.011600,0.017400,-1.020800, , , 
17251.000000,864893.000000,75549924.000000, , , ,-0.325195,0.000000,0.000000
17252.000000,864900.000000,75549924.000000,-0.011600,0.014500,-1.017900, , , 
17253.000000,864994.000000,75549924.000000, , , ,-0.650391,-0.325195,0.325195
17254.000000,864999.000000,75549924.000000,0.011600,0.014500,-0.968600, , , 
17255.000000,865095.000000,75549924.000000, , , ,-0.650391,0.000000,0.325195
17256.000000,865100.000000,75549924.000000,-0.011600,0.011600,-0.962800, , , 
17257.000000,865196.000000,75549924.000000, , , ,-0.325195,0.000000,0.000000
17258.000000,865199.000000,75549924.000000,-0.002900,0.026100,-0.971500, , , 
17259.000000,865297.000000,75549924.000000, , , ,-0.325195,0.000000,0.325195
17260.000000,865300.000000,75549924.000000,-0.005800,0.026100,-1.003400, , , 
17261.000000,865398.000000,75549924.000000, , , ,-0.650391,-0.325195,0.325195
17262.000000,865399.000000,75549924.000000,-0.005800,0.029000,-0.980200, , , 
17263.000000,865499.000000,75549924.000000, , , ,-1.300781,0.000000,0.325195
17264.000000,865500.000000,75549924.000000,-0.005800,0.011600,-0.991800, , , 
17265.000000,865599.000000,75549924.000000,-0.011600,0.029000,-0.988900, , , 
17266.000000,865600.000000,75549924.000000, , , ,-0.975586,0.325195,0.325195
17267.000000,865700.000000,75549924.000000,0.000000,0.020300,-0.980200, , , 
17268.000000,865701.000000,75549924.000000, , , ,-0.650391,-0.325195,0.325195
17269.000000,865792.000000,75549924.000000, , , ,-0.325195,-0.325195,0.650391
17270.000000,865799.000000,75549924.000000,-0.002900,0.020300,-0.954100, , , 
17271.000000,865893.000000,75549924.000000, , , ,-0.325195,-0.325195,0.000000
17272.000000,865900.000000,75549924.000000,-0.029000,0.020300,-0.983100, , , 
17273.000000,865994.000000,75549924.000000, , , ,-0.975586,0.000000,0.325195
17274.000000,865999.000000,75549924.000000,0.014500,0.017400,-0.997600, , , 
17275.000000,866095.000000,75549924.000000, , , ,0.000000,-0.975586,0.325195
17276.000000,866100.000000,75549924.000000,-0.008700,0.052200,-0.954100, , , 
17277.000000,866196.000000,75549924.000000, , , ,-0.975586,-0.325195,0.325195
17278.000000,866199.000000,75549924.000000,-0.005800,0.002900,-0.962800, , , 
17279.000000,866297.000000,75549924.000000, , , ,-0.650391,0.000000,0.325195
17280.000000,866300.000000,75549924.000000,-0.017400,0.017400,-1.006300, , , 
17281.000000,866398.000000,75549924.000000, , , ,-0.325195,0.325195,0.650391
17282.000000,866399.000000,75549924.000000,-0.002900,0.020300,-1.026600, , , 
17283.000000,866499.000000,75549924.000000, , , ,-1.300781,-0.325195,0.325195
17284.000000,866500.000000,75549924.000000,-0.005800,0.020300,-1.006300, , , 
17285.000000,866599.000000,75549924.000000,-0.011600,0.043500,-0.977300, , , 
17286.000000,866600.000000,75549924.000000, , , ,-0.325195,0.000000,0.000000
17287.000000,866700.000000,75549924.000000,0.005800,0.023200,-0.962800, , , 
17288.000000,866701.000000,75549924.000000, , , ,-0.325195,-0.325195,0.325195
17289.000000,866792.000000,75549924.000000, , , ,-0.650391,0.000000,0.325195
17290.000000,866799.000000,75549924.000000,-0.011600,0.026100,-0.983100, , , 
17291.000000,866893.000000,75549924.000000, , , ,0.000000,0.000000,0.650391
17292.000000,866900.000000,75549924.000000,-0.008700,0.029000,-0.988900, , , 
17293.000000,866994.000000,75549924.000000, , , ,-0.325195,0.000000,0.000000
17294.000000,866999.000000,75549924.000000,-0.005800,0.002900,-0.994700, , , 
17295.000000,867095.000000,75549924.000000, , , ,-0.325195,0.000000,0.325195
17296.000000,867100.000000,75549924.000000,-0.008700,0.014500,-0.997600, , , 
17297.000000,867196.000000,75549924.000000, , , ,-0.650391,-0.650391,0.650391
17298.000000,867199.000000,75549924.000000,0.002900,0.020300,-0.974400, , , 
17299.000000,867297.000000,75549924.000000, , , ,-0.650391,0.000000,0.325195
17300.000000,867300.000000,75549924.000000,0.000000,0.023200,-0.977300, , , 
17301.000000,867398.000000,75549924.000000, , , ,-0.650391,0.000000,0.325195
17302.000000,867399.000000,75549924.000000,-0.008700,0.034800,-0.980200, , , 
17303.000000,867499.000000,75549924.000000, , , ,0.650391,-0.325195,0.000000
17304.000000,867500.000000,75549924.000000,-0.005800,0.023200,-0.983100, , , 
17305.000000,867599.000000,75549924.000000,-0.008700,-0.017400,-1.015000, , , 
17306.000000,867600.000000,75549924.000000, , , ,-0.325195,0.000000,0.000000
17307.000000,867700.000000,75549924.000000,-0.002900,0.011600,-0.997600, , , 
17308.000000,867701.000000,75549924.000000, , , ,-1.300781,0.000000,1.625977
17309.000000,867792.000000,75549924.000000, , , ,-0.975586,-0.325195,0.650391
17310.000000,867799.000000,75549924.000000,-0.005800,0.023200,-0.957000, , , 
17311.000000,867893.000000,75549924.000000, , , ,-0.325195,-0.650391,0.000000
17312.000000,867900.000000,75549924.000000,-0.014500,0.034800,-0.945400, , , 
17313.000000,867994.000000,75549924.000000, , , ,0.000000,-0.325195,0.325195
17314.000000,867999.000000,75549924.000000,-0.005800,0.026100,-0.980200, , , 
17315.000000,868095.000000,75549924.000000, , , ,-0.650391,-0.325195,0.000000
17316.000000,868100.000000,75549924.000000,-0.020300,0.026100,-1.017900, , , 
17317.000000,868196.000000,75549924.000000, , , ,-0.650391,0.325195,0.325195
17318.000000,868199.000000,75549924.000000,-0.008700,0.014500,-1.049800, , , 
17319.000000,868297.000000,75549924.000000, , , ,-0.975586,0.325195,0.650391
17320.000000,868300.000000,75549924.000000,0.000000,0.008700,-1.052700, , , 
17321.000000,868398.000000,75549924.000000, , , ,-0.975586,-0.650391,0.650391
17322.000000,868399.000000,75549924.000000,0.005800,0.031900,-0.971500, , , 
17323.000000,868499.000000,75549924.000000, , , ,-0.975586,-0.650391,0.325195
17324.000000,868500.000000,75549924.000000,0.002900,0.026100,-0.925100, , , 
17325.000000,868599.000000,75549924.000000,-0.011600,0.000000,-0.942500, , , 
17326.000000,868600.000000,75549924.000000, , , ,-0.325195,-0.650391,0.000000
17327.000000,868700.000000,75549924.000000,-0.005800,0.034800,-0.971500, , , 
17328.000000,868701.000000,75549924.000000, , , ,0.000000,0.325195,0.650391
17329.000000,868792.000000,75549924.000000, , , ,0.000000,-0.325195,0.000000
17330.000000,868799.000000,75549924.000000,0.000000,0.017400,-0.994700, , , 
17331.000000,868893.000000,75549924.000000, , , ,0.000000,0.000000,0.650391
17332.000000,868900.000000,75549924.000000,-0.005800,0.017400,-0.968600, , , 
17333.000000,868994.000000,75549924.000000, , , ,-0.325195,-0.325195,0.000000
17334.000000,868999.000000,75549924.000000,0.008700,0.043500,-0.951200, , , 
17335.000000,869095.000000,75549924.000000, , , ,0.000000,-0.975586,0.000000
17336.000000,869100.000000,75549924.000000,-0.005800,0.031900,-0.954100, , , 
17337.000000,869196.000000,75549924.000000, , , ,0.325195,0.325195,0.325195
17338.000000,869199.000000,75549924.000000,-0.017400,0.031900,-1.009200, , , 
17339.000000,869297.000000,75549924.000000, , , ,0.000000,0.975586,0.325195
17340.000000,869300.000000,75549924.000000,-0.002900,0.000000,-1.049800, , , 
17341.000000,869398.000000,75549924.000000, , , ,-1.625977,0.000000,0.000000
17342.000000,869399.000000,75549924.000000,-0.008700,0.002900,-1.032400, , , 
17343.000000,869499.000000,75549924.000000, , , ,-1.625977,0.000000,0.975586
17344.000000,869500.000000,75549924.000000,0.008700,0.011600,-0.968600, , , 
17345.000000,869599.000000,75549924.000000,-0.011600,0.017400,-0.962800, , , 
17346.000000,869600.000000,75549924.000000, , , ,-1.300781,0.000000,0.650391
17347.000000,869700.000000,75549924.000000,0.005800,0.020300,-1.000500, , , 
17348.000000,869701.000000,75549924.000000, , , ,-1.300781,0.000000,0.650391
17349.000000,869792.000000,75549924.000000, , , ,-0.650391,-0.325195,0.000000
17350.000000,869799.000000,75549924.000000,0.002900,0.034800,-0.959900, , , 
17351.000000,869893.000000,75549924.000000, , , ,0.000000,-0.650391,0.325195
17352.000000,869900.000000,75549924.000000,-0.002900,0.026100,-0.954100, , , 
17353.000000,869994.000000,75549924.000000, , , ,0.000000,-0.325195,0.325195
17354.000000,869999.000000,75549924.000000,0.011600,0.011600,-0.971500, , , 
17355.000000,870095.000000,75549924.000000, , , ,-0.650391,0.000000,0.325195
17356.000000,870100.000000,75549924.000000,-0.002900,0.000000,-1.009200, , , 
17357.000000,870196.000000,75549924.000000, , , ,-0.650391,-0.325195,0.325195
17358.000000,870199.000000,75549924.000000,0.002900,0.008700,-0.997600, , , 
17359.000000,870297.000000,75549924.000000, , , ,-0.650391,0.325195,0.325195
17360.000000,870300.000000,75549924.000000,-0.008700,0.005800,-0.991800, , , 
17361.000000,870398.000000,75549924.000000, , , ,-0.325195,-0.650391,0.325195
17362.000000,870399.000000,75549924.000000,0.000000,0.023200,-0.986000, , , 
17363.000000,870499.000000,75549924.000000, , , ,-0.325195,0.000000,0.000000
17364.000000,870500.000000,75549924.000000,0.000000,0.023200,-0.971500, , , 
17365.000000,870599.000000,75549924.000000,-0.017400,0.000000,-1.009200, , , 
17366.000000,870600.000000,75549924.000000, , , ,-0.325195,0.000000,0.325195
17367.000000,870700.000000,75549924.000000,0.000000,0.002900,-1.006300, , , 
17368.000000,870701.000000,75549924.000000, , , ,-0.975586,0.000000,0.650391
17369.000000,870792.000000,75549924.000000, , , ,0.000000,-0.975586,0.325195
17370.000000,870799.000000,75549924.000000,0.000000,0.049300,-0.954100, , , 
17371.000000,870893.000000,75549924.000000, , , ,0.000000,0.000000,0.000000
17372.000000,870900.000000,75549924.000000,-0.008700,-0.011600,-0.965700, , , 
17373.000000,870994.000000,75549924.000000, , , ,-0.325195,0.000000,0.325195
17374.000000,870999.000000,75549924.000000,0.005800,0.014500,-0.983100, , , 
17375.000000,871095.000000,75549924.000000, , , ,-0.325195,-0.325195,0.325195
17376.000000,871100.000000,75549924.000000,-0.017400,0.014500,-0.980200, , , 
17377.000000,871196.000000,75549924.000000, , , ,-0.325195,0.000000,0.000000
17378.000000,871199.000000,75549924.000000,0.000000,0.023200,-1.006300, , , 
17379.000000,871297.000000,75549924.000000, , , ,-0.650391,0.000000,0.325195
17380.000000,871300.000000,75549924.000000,0.000000,0.014500,-0.988900, , , 
17381.000000,871398.000000,75549924.000000, , , ,-0.325195,0.325195,0.650391
17382.000000,871399.000000,75549924.000000,-0.008700,0.017400,-1.000500, , , 
17383.000000,871499.000000,75549924.000000, , , ,0.000000,0.000000,0.325195
17384.000000,871500.000000,75549924.000000,0.002900,0.026100,-0.980200, , , 
17385.000000,871599.000000,75549924.000000,0.000000,0.002900,-0.962800, , , 
17386.000000,871600.000000,75549924.000000, , , ,-0.325195,-0.650391,0.325195
17387.000000,871700.000000,75549924.000000,-0.008700,0.002900,-0.954100, , , 
17388.000000,871701.000000,75549924.000000, , , ,-0.975586,0.000000,0.325195
17389.000000,871792.000000,75549924.000000, , , ,-0.650391,-0.325195,0.000000
17390.000000,871799.000000,75549924.000000,0.000000,0.014500,-0.986000, , , 
17391.000000,871893.000000,75549924.000000, , , ,0.000000,-0.650391,0.325195
17392.000000,871900.000000,75549924.000000,-0.002900,0.026100,-0.988900, , , 
17393.000000,871994.000000,75549924.000000, , , ,0.325195,-0.650391,0.325195
17394.000000,871999.000000,75549924.000000,0.000000,0.029000,-0.962800, , , 
17395.000000,872095.000000,75549924.000000, , , ,0.000000,0.000000,0.000000
17396.000000,872100.000000,75549924.000000,-0.014500,0.000000,-0.988900, , , 
17397.000000,872196.000000,75549924.000000, , , ,-0.975586,0.650391,0.650391
17398.000000,872199.000000,75549924.000000,-0.005800,-0.005800,-1.049800, , , 
17399.000000,872297.000000,75549924.000000, , , ,-1.951172,0.000000,0.000000
17400.000000,872300.000000,75549924.000000,0.005800,0.002900,-1.032400, , , 
17401.000000,872398.000000,75549924.000000, , , ,-1.300781,-0.975586,0.650391
17402.000000,872399.000000,75549924.000000,0.017400,0.031900,-0.933800, , , 
17403.000000,872499.000000,75549924.000000, , , ,0.000000,-0.325195,0.325195
17404.000000,872500.000000,75549924.000000,-0.011600,0.034800,-0.925100, , , 
17405.000000,872599.000000,75549924.000000,-0.011600,0.014500,-0.983100, , , 
17406.000000,872600.000000,75549924.000000, , , ,0.000000,0.325195,0.325195
17407.000000,872700.000000,75549924.000000,0.000000,0.000000,-1.029500, , , 
17408.000000,872701.000000,75549924.000000, , , ,-0.325195,0.000000,0.325195
17409.000000,872792.000000,75549924.000000, , , ,-0.650391,0.325195,0.325195
17410.000000,872799.000000,75549924.000000,-0.002900,0.002900,-1.017900, , , 
17411.000000,872893.000000,75549924.000000, , , ,-0.650391,0.000000,0.000000
17412.000000,872900.000000,75549924.000000,0.000000,0.005800,-0.997600, , , 
17413.000000,872994.000000,75549924.000000, , , ,-0.975586,0.000000,0.650391
17414.000000,872999.000000,75549924.000000,-0.008700,0.014500,-0.974400, , , 
17415.000000,873095.000000,75549924.000000, , , ,-0.650391,-0.650391,0.325195
17416.000000,873100.000000,75549924.000000,0.005800,0.020300,-0.948300, , , 
17417.000000,873196.000000,75549924.000000, , , ,-0.325195,-0.650391,0.325195
17418.000000,873199.000000,75549924.000000,0.000000,0.023200,-0.954100, , , 
17419.000000,873297.000000,75549924.000000, , , ,0.000000,0.000000,0.325195
17420.000000,873300.000000,75549924.000000,-0.008700,0.023200,-0.980200, , , 
17421.000000,873398.000000,75549924.000000, , , ,-0.325195,0.325195,0.325195
17422.000000,873399.000000,75549924.000000,-0.008700,0.000000,-1.015000, , , 
17423.000000,873499.000000,75549924.000000, , , ,-0.650391,0.325195,0.325195
17424.000000,873500.000000,75549924.000000,-0.002900,0.002900,-1.038200, , , 
17425.000000,873599.000000,75549924.000000,0.005800,0.017400,-0.997600, , , 
17426.000000,873600.000000,75549924.000000, , , ,-0.325195,0.000000,0.325195
17427.000000,873700.000000,75549924.000000,0.000000,0.005800,-0.962800, , , 
17428.000000,873701.000000,75549924.000000, , , ,-0.325195,-0.325195,0.000000
17429.000000,873792.000000,75549924.000000, , , ,-0.325195,-0.325195,0.000000
17430.000000,873799.000000,75549924.000000,-0.002900,0.017400,-0.983100, , , 
17431.000000,873893.000000,75549924.000000, , , ,-0.975586,0.000000,0.325195
17432.000000,873900.000000,75549924.000000,0.002900,0.000000,-0.991800, , , 
17433.000000,873994.000000,75549924.000000, , , ,-0.325195,0.000000,0.325195
17434.000000,873999.000000,75549924.000000,-0.002900,0.008700,-0.968600, , , 
17435.000000,874095.000000,75549924.000000, , , ,-0.650391,-1.300781,0.000000
17436.000000,874100.000000,75549924.000000,0.000000,0.011600,-0.962800, , , 
17437.000000,874196.000000,75549924.000000, , , ,-0.325195,0.000000,0.650391
17438.000000,874199.000000,75549924.000000,0.000000,0.017400,-0.980200, , , 
17439.000000,874297.000000,75549924.000000, , , ,-0.650391,0.000000,0.325195
17440.000000,874300.000000,75549924.000000,-0.005800,0.020300,-1.000500, , , 
17441.000000,874398.000000,75549924.000000, , , ,-0.325195,0.000000,0.650391
17442.000000,874399.000000,75549924.000000,0.000000,0.031900,-1.003400, , , 
17443.000000,874499.000000,75549924.000000, , , ,-0.650391,0.000000,0.325195
17444.000000,874500.000000,75549924.000000,-0.002900,0.020300,-0.997600, , , 
17445.000000,874599.000000,75549924.000000,0.000000,0.031900,-0.965700, , , 
17446.000000,874600.000000,75549924.000000, , , ,-0.650391,-0.325195,0.650391
17447.000000,874700.000000,75549924.000000,-0.008700,0.014500,-0.986000, , , 
17448.000000,874701.000000,75549924.000000, , , ,-0.650391,0.000000,0.650391
17449.000000,874792.000000,75549924.000000, , , ,-0.975586,0.000000,0.650391
17450.000000,874799.000000,75549924.000000,-0.005800,0.023200,-1.015000, , , 
17451.000000,874893.000000,75549924.000000, , , ,-0.975586,-0.325195,0.975586
17452.000000,874900.000000,75549924.000000,0.017400,0.023200,-0.980200, , , 
17453.000000,874994.000000,75549924.000000, , , ,-0.325195,0.000000,0.975586
17454.000000,874999.000000,75549924.000000,-0.011600,0.023200,-0.980200, , , 
17455.000000,875095.000000,75549924.000000, , , ,0.000000,-0.325195,0.650391
17456.000000,875100.000000,75549924.000000,0.011600,0.014500,-0.954100, , , 
17457.000000,875196.000000,75549924.000000, , , ,-0.650391,0.000000,0.325195
17458.000000,875199.000000,75549924.000000,-0.011600,0.026100,-0.968600, , , 
17459.000000,875297.000000,75549924.000000, , , ,-0.650391,0.000000,0.325195
17460.000000,875300.000000,75549924.000000,-0.002900,0.023200,-0.980200, , , 
17461.000000,875398.000000,75549924.000000, , , ,-0.975586,0.000000,0.325195
17462.000000,875399.000000,75549924.000000,-0.008700,0.029000,-1.009200, , , 
17463.000000,875499.000000,75549924.000000, , , ,-0.975586,0.650391,0.650391
17464.000000,875500.000000,75549924.000000,0.000000,0.026100,-1.017900, , , 
17465.000000,875599.000000,75549924.000000,0.005800,0.031900,-0.951200, , , 
17466.000000,875600.000000,75549924.000000, , , ,0.000000,-0.650391,0.325195
17467.000000,875700.000000,75549924.000000,-0.008700,0.031900,-0.942500, , , 
17468.000000,875701.000000,75549924.000000, , , ,0.000000,-0.325195,0.325195
17469.000000,875792.000000,75549924.000000, , , ,0.000000,0.000000,1.300781
17470.000000,875799.000000,75549924.000000,-0.014500,0.017400,-1.000500, , , 
17471.000000,875893.000000,75549924.000000, , , ,-1.300781,0.325195,0.325195
17472.000000,875900.000000,75549924.000000,0.002900,0.008700,-1.035300, , , 
17473.000000,875994.000000,75549924.000000, , , ,-0.650391,0.000000,0.650391
17474.000000,875999.000000,75549924.000000,0.000000,0.029000,-0.994700, , , 
17475.000000,876095.000000,75549924.000000, , , ,-0.650391,0.000000,0.650391
17476.000000,876100.000000,75549924.000000,-0.005800,0.002900,-0.971500, , , 
17477.000000,876196.000000,75549924.000000, , , ,-0.650391,0.000000,0.650391
17478.000000,876199.000000,75549924.000000,-0.002900,0.029000,-0.986000, , , 
17479.000000,876297.000000,75549924.000000, , , ,-0.325195,0.000000,0.650391
17480.000000,876300.000000,75549924.000000,0.000000,0.023200,-0.977300, , , 
17481.000000,876398.000000,75549924.000000, , , ,-0.975586,-0.325195,0.325195
17482.000000,876399.000000,75549924.000000,-0.008700,0.029000,-0.965700, , , 
17483.000000,876499.000000,75549924.000000, , , ,-0.650391,0.000000,0.325195
17484.000000,876500.000000,75549924.000000,0.000000,0.031900,-0.983100, , , 
17485.000000,876599.000000,75549924.000000,-0.011600,0.026100,-0.988900, , , 
17486.000000,876600.000000,75549924.000000, , , ,0.000000,0.000000,0.325195
17487.000000,876700.000000,75549924.000000,0.000000,-0.002900,-0.991800, , , 
17488.000000,876701.000000,75549924.000000, , , ,-0.650391,0.000000,0.650391
17489.000000,876792.000000,75549924.000000, , , ,-0.650391,0.000000,1.300781
17490.000000,876799.000000,75549924.000000,-0.008700,0.008700,-0.994700, , , 
17491.000000,876893.000000,75549924.000000, , , ,-0.975586,0.000000,0.325195
17492.000000,876900.000000,75549924.000000,-0.002900,0.011600,-0.997600, , , 
17493.000000,876994.000000,75549924.000000, , , ,-0.325195,0.000000,0.325195
17494.000000,876999.000000,75549924.000000,-0.002900,0.014500,-0.968600, , , 
17495.000000,877095.000000,75549924.000000, , , ,-0.650391,-0.325195,0.325195
17496.000000,877100.000000,75549924.000000,0.000000,0.026100,-0.997600, , , 
17497.000000,877196.000000,75549924.000000, , , ,0.000000,-0.325195,0.650391
17498.000000,877199.000000,75549924.000000,0.026100,0.052200,-0.951200, , , 
17499.000000,877297.000000,75549924.000000, , , ,0.000000,-0.650391,0.000000
17500.000000,877300.000000,75549924.000000,-0.014500,-0.008700,-0.971500, , , 
17501.000000,877398.000000,75549924.000000, , , ,-1.300781,0.000000,0.325195
17502.000000,877399.000000,75549924.000000,-0.008700,0.011600,-1.006300, , , 
17503.000000,877499.000000,75549924.000000, , , ,0.000000,0.000000,0.000000
17504.000000,877500.000000,75549924.000000,0.002900,0.037700,-1.003400, , , 
17505.000000,877599.000000,75549924.000000,-0.008700,0.002900,-0.977300, , , 
17506.000000,877600.000000,75549924.000000, , , ,-0.325195,-0.325195,0.000000
17507.000000,877700.000000,75549924.000000,0.000000,0.005800,-0.974400, , , 
17508.000000,877701.000000,75549924.000000, , , ,0.325195,-0.325195,0.000000
17509.000000,877792.000000,75549924.000000, , , ,0.000000,0.000000,0.000000
17510.000000,877799.000000,75549924.000000,-0.008700,-0.005800,-0.986000, , , 
17511.000000,877893.000000,75549924.000000, , , ,-0.650391,0.325195,0.000000
17512.000000,877900.000000,75549924.000000,-0.002900,0.000000,-1.009200, , , 
17513.000000,877994.000000,75549924.000000, , , ,-0.650391,0.000000,0.000000
17514.000000,877999.000000,75549924.000000,-0.002900,0.000000,-1.012100, , , 
17515.000000,878095.000000,75549924.000000, , , ,-0.650391,0.000000,0.000000
17516.000000,878100.000000,75549924.000000,-0.002900,-0.008700,-0.994700, , , 
17517.000000,878196.000000,75549924.000000, , , ,-0.325195,-0.325195,0.000000
17518.000000,878199.000000,75549924.000000,0.000000,0.008700,-0.959900, , , 
17519.000000,878297.000000,75549924.000000, , , ,0.325195,-0.650391,0.000000
17520.000000,878300.000000,75549924.000000,-0.011600,-0.011600,-0.962800, , , 
17521.000000,878398.000000,75549924.000000, , , ,-0.325195,0.000000,0.000000
17522.000000,878400.000000,75549924.000000,0.000000,-0.023200,-0.994700, , , 
17523.000000,878498.000000,75549924.000000, , , ,-0.975586,0.000000,0.000000
17524.000000,878499.000000,75549924.000000,-0.008700,-0.020300,-0.986000, , , 
17525.000000,878599.000000,75549924.000000, , , ,-0.975586,0.325195,0.000000
17526.000000,878600.000000,75549924.000000,-0.008700,-0.026100,-1.015000, , , 
17527.000000,878699.000000,75549924.000000,-0.002900,-0.008700,-1.012100, , , 
17528.000000,878700.000000,75549924.000000, , , ,-1.300781,0.000000,0.000000
17529.000000,878800.000000,75549924.000000,-0.005800,-0.005800,-1.009200, , , 
17530.000000,878801.000000,75549924.000000, , , ,-0.975586,0.000000,-0.325195
17531.000000,878892.000000,75549924.000000, , , ,-1.300781,0.000000,0.325195
17532.000000,878899.000000,75549924.000000,0.008700,-0.011600,-0.988900, , , 
17533.000000,878993.000000,75549924.000000, , , ,-1.300781,0.000000,0.000000
17534.000000,879000.000000,75549924.000000,-0.020300,-0.002900,-0.983100, , , 
17535.000000,879094.000000,75549924.000000, , , ,-1.300781,-0.325195,0.000000
17536.000000,879099.000000,75549924.000000,0.008700,-0.011600,-0.980200, , , 
17537.000000,879195.000000,75549924.000000, , , ,-1.300781,-0.650391,0.000000
17538.000000,879200.000000,75549924.000000,0.002900,0.005800,-0.936700, , , 
17539.000000,879296.000000,75549924.000000, , , ,-1.625977,0.000000,0.000000
17540.000000,879299.000000,75549924.000000,-0.011600,0.023200,-0.983100, , , 
17541.000000,879397.000000,75549924.000000, , , ,0.000000,0.000000,0.000000
17542.000000,879400.000000,75549924.000000,0.000000,0.023200,-1.015000, , , 
17543.000000,879498.000000,75549924.000000, , , ,0.000000,-0.650391,-0.325195
17544.000000,879499.000000,75549924.000000,-0.005800,-0.005800,-0.994700, , , 
17545.000000,879599.000000,75549924.000000, , , ,0.000000,-0.325195,-0.325195
17546.000000,879600.000000,75549924.000000,0.002900,-0.005800,-0.983100, , , 
17547.000000,879699.000000,75549924.000000,0.000000,0.000000,-0.965700, , , 
17548.000000,879700.000000,75549924.000000, , , ,-0.325195,-0.650391,0.000000
17549.000000,879800.000000,75549924.000000,-0.002900,-0.005800,-0.968600, , , 
17550.000000,879801.000000,75549924.000000, , , ,-0.325195,-0.325195,0.000000
17551.000000,879892.000000,75549924.000000, , , ,-0.650391,-0.325195,0.000000
17552.000000,879899.000000,75549924.000000,0.000000,0.000000,-0.986000, , , 
17553.000000,879993.000000,75549924.000000, , , ,-0.975586,-0.325195,0.325195
17554.000000,880000.000000,75549924.000000,0.000000,0.000000,-0.974400, , , 
17555.000000,880094.000000,75549924.000000, , , ,-0.325195,-0.325195,0.000000
17556.000000,880099.000000,75549924.000000,0.000000,0.000000,-0.983100, , , 
17557.000000,880195.000000,75549924.000000, , , ,-0.975586,-0.650391,0.000000
17558.000000,880200.000000,75549924.000000,-0.002900,0.011600,-0.974400, , , 
17559.000000,880296.000000,75549924.000000, , , ,-1.300781,0.000000,0.000000
17560.000000,880301.000000,75549924.000000,0.008700,-0.002900,-0.980200, , , 
17561.000000,880396.000000,75549924.000000, , , ,-1.300781,0.000000,0.325195
17562.000000,880399.000000,75549924.000000,0.014500,0.008700,-0.997600, , , 
17563.000000,880497.000000,75549924.000000, , , ,-0.650391,0.000000,0.000000
17564.000000,880500.000000,75549924.000000,-0.008700,0.031900,-0.977300, , , 
17565.000000,880598.000000,75549924.000000, , , ,0.000000,0.000000,-0.650391
17566.000000,880599.000000,75549924.000000,0.000000,0.014500,-0.986000, , , 
17567.000000,880699.000000,75549924.000000, , , ,0.650391,-0.325195,0.000000
17568.000000,880700.000000,75549924.000000,0.005800,0.017400,-0.991800, , , 
17569.000000,880799.000000,75549924.000000,0.000000,-0.017400,-0.977300, , , 
17570.000000,880800.000000,75549924.000000, , , ,0.325195,0.000000,0.000000
17571.000000,880900.000000,75549924.000000,0.000000,0.002900,-0.986000, , , 
17572.000000,880901.000000,75549924.000000, , , ,0.000000,0.000000,0.000000
17573.000000,880992.000000,75549924.000000, , , ,0.325195,-0.975586,0.000000
17574.000000,880999.000000,75549924.000000,0.008700,0.000000,-0.962800, , , 
17575.000000,881093.000000,75549924.000000, , , ,0.000000,0.000000,0.000000
17576.000000,881100.000000,75549924.000000,0.000000,-0.002900,-0.948300, , , 
17577.000000,881194.000000,75549924.000000, , , ,-0.325195,0.000000,0.000000
17578.000000,881199.000000,75549924.000000,-0.029000,-0.008700,-0.991800, , , 
17579.000000,881295.000000,75549924.000000, , , ,-0.975586,0.000000,0.325195
17580.000000,881300.000000,75549924.000000,0.000000,0.000000,-1.000500, , , 
17581.000000,881396.000000,75549924.000000, , , ,-1.300781,0.000000,0.000000
17582.000000,881399.000000,75549924.000000,0.000000,-0.005800,-1.015000, , , 
17583.000000,881497.000000,75549924.000000, , , ,-0.975586,-0.650391,0.000000
17584.000000,881500.000000,75549924.000000,0.002900,-0.005800,-0.980200, , , 
17585.000000,881598.000000,75549924.000000, , , ,0.000000,-0.325195,0.000000
17586.000000,881599.000000,75549924.000000,0.002900,0.029000,-0.948300, , , 
17587.000000,881699.000000,75549924.000000, , , ,0.000000,0.000000,0.000000
17588.000000,881700.000000,75549924.000000,-0.008700,-0.005800,-0.994700, , , 
17589.000000,881799.000000,75549924.000000,0.000000,-0.005800,-0.991800, , , 
17590.000000,881800.000000,75549924.000000, , , ,0.000000,0.000000,0.000000
17591.000000,881900.000000,75549924.000000,-0.005800,0.005800,-0.954100, , , 
17592.000000,881901.000000,75549924.000000, , , ,0.325195,-0.650391,0.000000
17593.000000,881992.000000,75549924.000000, , , ,0.000000,0.000000,0.000000
17594.000000,881999.000000,75549924.000000,-0.023200,-0.017400,-0.997600, , , 
17595.000000,882093.000000,75549924.000000, , , ,-0.650391,0.000000,0.000000
17596.000000,882100.000000,75549924.000000,0.000000,-0.037700,-1.032400, , , 
17597.000000,882194.000000,75549924.000000, , , ,-0.325195,0.000000,0.000000
17598.000000,882199.000000,75549924.000000,0.005800,-0.034800,-0.997600, , , 
17599.000000,882295.000000,75549924.000000, , , ,-0.975586,-0.975586,0.000000
17600.000000,882300.000000,75549924.000000,0.000000,-0.002900,-0.933800, , , 
17601.000000,882396.000000,75549924.000000, , , ,0.000000,0.000000,-0.325195
17602.000000,882399.000000,75549924.000000,-0.020300,-0.029000,-0.968600, , , 
17603.000000,882497.000000,75549924.000000, , , ,0.000000,0.325195,-0.975586
17604.000000,882500.000000,75549924.000000,-0.008700,-0.046400,-1.026600, , , 
17605.000000,882598.000000,75549924.000000, , , ,0.000000,0.000000,-0.650391
17606.000000,882599.000000,75549924.000000,0.011600,-0.046400,-1.003400, , , 
17607.000000,882699.000000,75549924.000000, , , ,0.000000,-0.650391,-0.650391
17608.000000,882700.000000,75549924.000000,0.000000,-0.046400,-0.948300, , , 
17609.000000,882799.000000,75549924.000000,-0.017400,-0.058000,-0.986000, , , 
17610.000000,882800.000000,75549924.000000, , , ,-0.325195,0.325195,-0.650391
17611.000000,882900.000000,75549924.000000,0.002900,-0.058000,-1.006300, , , 
17612.000000,882901.000000,75549924.000000, , , ,-0.650391,0.000000,-0.975586
17613.000000,882992.000000,75549924.000000, , , ,-0.325195,-0.325195,-1.625977
17614.000000,882999.000000,75549924.000000,0.000000,-0.052200,-0.986000, , , 
17615.000000,883093.000000,75549924.000000, , , ,-0.650391,-0.650391,-0.325195
17616.000000,883100.000000,75549924.000000,0.002900,-0.049300,-0.957000, , , 
17617.000000,883194.000000,75549924.000000, , , ,-0.650391,-0.650391,-0.975586
17618.000000,883199.000000,75549924.000000,-0.002900,-0.043500,-0.954100, , , 
17619.000000,883295.000000,75549924.000000, , , ,-0.650391,0.000000,-0.650391
17620.000000,883300.000000,75549924.000000,-0.002900,-0.060900,-0.983100, , , 
17621.000000,883396.000000,75549924.000000, , , ,-0.975586,0.000000,-0.650391
17622.000000,883399.000000,75549924.000000,-0.002900,-0.060900,-1.003400, , , 
17623.000000,883497.000000,75549924.000000, , , ,-0.325195,0.000000,-0.650391
17624.000000,883500.000000,75549924.000000,0.000000,-0.063800,-0.991800, , , 
17625.000000,883598.000000,75549924.000000, , , ,-0.325195,-0.325195,-0.325195
17626.000000,883599.000000,75549924.000000,0.002900,-0.049300,-0.965700, , , 
17627.000000,883699.000000,75549924.000000, , , ,-0.650391,0.000000,-0.650391
17628.000000,883700.000000,75549924.000000,0.000000,-0.052200,-0.980200, , , 
17629.000000,883799.000000,75549924.000000,-0.014500,-0.055100,-1.003400, , , 
17630.000000,883800.000000,75549924.000000, , , ,-0.975586,0.000000,-0.650391
17631.000000,883900.000000,75549924.000000,0.002900,-0.043500,-1.006300, , , 
17632.000000,883901.000000,75549924.000000, , , ,-0.650391,0.000000,-0.975586
17633.000000,883992.000000,75549924.000000, , , ,-0.975586,-0.325195,-0.325195
17634.000000,883999.000000,75549924.000000,0.000000,-0.043500,-0.968600, , , 
17635.000000,884093.000000,75549924.000000, , , ,-0.650391,-0.650391,0.650391
17636.000000,884100.000000,75549924.000000,-0.005800,-0.026100,-0.959900, , , 
17637.000000,884194.000000,75549924.000000, , , ,-0.650391,-0.325195,0.000000
17638.000000,884199.000000,75549924.000000,0.000000,-0.002900,-0.951200, , , 
17639.000000,884295.000000,75549924.000000, , , ,-1.300781,-0.650391,0.000000
17640.000000,884300.000000,75549924.000000,-0.014500,-0.017400,-0.977300, , , 
17641.000000,884396.000000,75549924.000000, , , ,-1.625977,0.000000,0.000000
17642.000000,884399.000000,75549924.000000,-0.005800,0.000000,-1.009200, , , 
17643.000000,884497.000000,75549924.000000, , , ,-1.300781,0.000000,0.325195
17644.000000,884500.000000,75549924.000000,-0.008700,0.005800,-1.017900, , , 
17645.000000,884598.000000,75549924.000000, , , ,-0.325195,0.000000,0.000000
17646.000000,884599.000000,75549924.000000,-0.014500,0.008700,-1.020800, , , 
17647.000000,884699.000000,75549924.000000, , , ,-0.325195,-0.325195,0.000000
17648.000000,884700.000000,75549924.000000,0.000000,0.005800,-0.965700, , , 
17649.000000,884799.000000,75549924.000000,-0.011600,0.008700,-0.971500, , , 
17650.000000,884800.000000,75549924.000000, , , ,0.000000,-0.325195,0.000000
17651.000000,884900.000000,75549924.000000,-0.005800,-0.020300,-0.983100, , , 
17652.000000,884901.000000,75549924.000000, , , ,0.000000,0.000000,0.000000
17653.000000,884992.000000,75549924.000000, , , ,-0.650391,0.000000,0.000000
17654.000000,884999.000000,75549924.000000,-0.005800,-0.002900,-0.971500, , , 
17655.000000,885093.000000,75549924.000000, , , ,-0.325195,0.000000,0.325195
17656.000000,885100.000000,75549924.000000,0.002900,0.000000,-0.977300, , , 
17657.000000,885194.000000,75549924.000000, , , ,-0.325195,-0.325195,0.000000
17658.000000,885199.000000,75549924.000000,-0.002900,0.023200,-0.971500, , , 
17659.000000,885295.000000,75549924.000000, , , ,-0.975586,0.000000,0.000000
17660.000000,885300.000000,75549924.000000,-0.002900,0.000000,-0.988900, , , 
17661.000000,885396.000000,75549924.000000, , , ,-0.650391,0.000000,0.000000
17662.000000,885399.000000,75549924.000000,0.000000,0.000000,-0.986000, , , 
17663.000000,885497.000000,75549924.000000, , , ,-0.325195,-0.325195,0.000000
17664.000000,885500.000000,75549924.000000,-0.005800,0.002900,-0.977300, , , 
17665.000000,885598.000000,75549924.000000, , , ,0.000000,0.325195,0.000000
17666.000000,885599.000000,75549924.000000,0.000000,-0.023200,-0.988900, , , 
17667.000000,885699.000000,75549924.000000, , , ,-0.650391,0.325195,0.000000
17668.000000,885700.000000,75549924.000000,0.000000,-0.005800,-0.980200, , , 
17669.000000,885799.000000,75549924.000000,0.000000,-0.011600,-0.983100, , , 
17670.000000,885800.000000,75549924.000000, , , ,-0.325195,-0.650391,0.000000
17671.000000,885900.000000,75549924.000000,-0.017400,-0.029000,-1.003400, , , 
17672.000000,885901.000000,75549924.000000, , , ,-0.975586,0.000000,0.000000
17673.000000,885992.000000,75549924.000000, , , ,-1.300781,0.325195,0.000000
17674.000000,885999.000000,75549924.000000,0.000000,-0.020300,-1.032400, , , 
17675.000000,886093.000000,75549924.000000, , , ,-0.975586,0.000000,-0.325195
17676.000000,886100.000000,75549924.000000,0.011600,-0.014500,-0.980200, , , 
17677.000000,886194.000000,75549924.000000, , , ,-0.325195,-0.325195,0.000000
17678.000000,886199.000000,75549924.000000,-0.005800,0.005800,-0.954100, , , 
17679.000000,886295.000000,75549924.000000, , , ,-0.325195,0.000000,-0.975586
17680.000000,886300.000000,75549924.000000,-0.002900,-0.017400,-0.980200, , , 
17681.000000,886396.000000,75549924.000000, , , ,0.000000,-0.325195,-0.325195
17682.000000,886399.000000,75549924.000000,0.000000,-0.011600,-0.988900, , , 
17683.000000,886497.000000,75549924.000000, , , ,0.000000,0.000000,-0.325195
17684.000000,886500.000000,75549924.000000,0.000000,-0.020300,-0.971500, , , 
17685.000000,886598.000000,75549924.000000, , , ,-0.650391,0.000000,0.000000
17686.000000,886599.000000,75549924.000000,-0.008700,-0.023200,-0.991800, , , 
17687.000000,886699.000000,75549924.000000, , , ,-0.650391,0.000000,0.325195
17688.000000,886700.000000,75549924.000000,0.000000,-0.002900,-1.000500, , , 
17689.000000,886799.000000,75549924.000000,-0.002900,-0.014500,-0.971500, , , 
17690.000000,886800.000000,75549924.000000, , , ,-0.325195,0.000000,0.000000
17691.000000,886900.000000,75549924.000000,-0.002900,-0.029000,-0.986000, , , 
17692.000000,886901.000000,75549924.000000, , , ,-0.325195,0.000000,-0.325195
17693.000000,886992.000000,75549924.000000, , , ,-0.975586,0.000000,0.000000
17694.000000,886999.000000,75549924.000000,-0.008700,-0.008700,-0.991800, , , 
17695.000000,887093.000000,75549924.000000, , , ,-0.325195,0.325195,0.000000
17696.000000,887100.000000,75549924.000000,0.000000,-0.023200,-1.000500, , , 
17697.000000,887194.000000,75549924.000000, , , ,0.000000,-0.650391,0.000000
17698.000000,887199.000000,75549924.000000,0.000000,-0.014500,-0.977300, , , 
17699.000000,887295.000000,75549924.000000, , , ,-0.325195,-0.325195,-0.325195
17700.000000,887300.000000,75549924.000000,0.002900,0.000000,-0.954100, , , 
17701.000000,887396.000000,75549924.000000, , , ,-0.650391,-0.650391,0.000000
17702.000000,887399.000000,75549924.000000,0.000000,-0.017400,-0.971500, , , 
17703.000000,887497.000000,75549924.000000, , , ,-0.975586,0.000000,-0.325195
17704.000000,887500.000000,75549924.000000,-0.011600,-0.014500,-0.991800, , , 
17705.000000,887598.000000,75549924.000000, , , ,-0.650391,0.000000,0.000000
17706.000000,887599.000000,75549924.000000,0.008700,-0.011600,-0.974400, , , 
17707.000000,887699.000000,75549924.000000, , , ,-0.975586,-0.325195,0.000000
17708.000000,887700.000000,75549924.000000,-0.020300,-0.011600,-0.977300, , , 
17709.000000,887799.000000,75549924.000000,-0.005800,-0.020300,-1.009200, , , 
17710.000000,887800.000000,75549924.000000, , , ,-0.650391,0.000000,-0.325195
17711.000000,887900.000000,75549924.000000,0.000000,0.000000,-1.006300, , , 
17712.000000,887901.000000,75549924.000000, , , ,-0.650391,-0.325195,-0.650391
17713.000000,887992.000000,75549924.000000, , , ,-0.650391,0.000000,0.975586
17714.000000,887999.000000,75549924.000000,0.005800,-0.011600,-0.974400, , , 
17715.000000,888093.000000,75549924.000000, , , ,-0.325195,-0.325195,-0.650391
17716.000000,888100.000000,75549924.000000,-0.002900,-0.014500,-0.945400, , , 
17717.000000,888194.000000,75549924.000000, , , ,-0.325195,-0.325195,0.000000
17718.000000,888199.000000,75549924.000000,0.000000,-0.011600,-0.965700, , , 
17719.000000,888295.000000,75549924.000000, , , ,0.000000,0.000000,-0.325195
17720.000000,888300.000000,75549924.000000,-0.017400,-0.011600,-0.980200, , , 
17721.000000,888396.000000,75549924.000000, , , ,-0.325195,0.000000,-0.325195
17722.000000,888399.000000,75549924.000000,-0.008700,-0.034800,-1.012100, , , 
17723.000000,888497.000000,75549924.000000, , , ,-0.650391,0.325195,0.000000
17724.000000,888500.000000,75549924.000000,-0.005800,-0.034800,-1.026600, , , 
17725.000000,888598.000000,75549924.000000, , , ,-0.325195,-0.325195,-0.325195
17726.000000,888599.000000,75549924.000000,0.008700,-0.020300,-0.945400, , , 
17727.000000,888699.000000,75549924.000000, , , ,0.325195,-0.650391,0.000000
17728.000000,888700.000000,75549924.000000,-0.005800,-0.008700,-0.948300, , , 
17729.000000,888799.000000,75549924.000000,-0.002900,-0.026100,-0.986000, , , 
17730.000000,888800.000000,75549924.000000, , , ,0.325195,0.000000,-0.325195
17731.000000,888900.000000,75549924.000000,0.000000,-0.037700,-1.023700, , , 
17732.000000,888901.000000,75549924.000000, , , ,-0.325195,0.325195,-0.325195
17733.000000,888992.000000,75549924.000000, , , ,-0.975586,0.000000,-0.325195
17734.000000,888999.000000,75549924.000000,-0.008700,-0.031900,-1.023700, , , 
17735.000000,889093.000000,75549924.000000, , , ,-1.300781,0.000000,0.000000
17736.000000,889100.000000,75549924.000000,0.014500,-0.031900,-0.983100, , , 
17737.000000,889194.000000,75549924.000000, , , ,-0.975586,0.325195,0.000000
17738.000000,889199.000000,75549924.000000,-0.005800,-0.002900,-0.997600, , , 
17739.000000,889295.000000,75549924.000000, , , ,0.000000,0.325195,-0.650391
17740.000000,889300.000000,75549924.000000,-0.002900,-0.014500,-1.006300, , , 
17741.000000,889396.000000,75549924.000000, , , ,-0.975586,0.325195,0.000000
17742.000000,889399.000000,75549924.000000,-0.002900,-0.029000,-1.020800, , , 
17743.000000,889497.000000,75549924.000000, , , ,-0.975586,0.000000,-0.325195
17744.000000,889500.000000,75549924.000000,0.008700,-0.017400,-0.997600, , , 
17745.000000,889598.000000,75549924.000000, , , ,0.000000,-0.975586,0.000000
17746.000000,889599.000000,75549924.000000,0.011600,-0.008700,-0.930900, , , 
17747.000000,889699.000000,75549924.000000, , , ,-0.325195,-0.650391,0.000000
17748.000000,889700.000000,75549924.000000,-0.008700,-0.020300,-0.942500, , , 
17749.000000,889799.000000,75549924.000000,-0.008700,-0.017400,-0.971500, , , 
17750.000000,889800.000000,75549924.000000, , , ,-0.325195,0.000000,0.000000
17751.000000,889900.000000,75549924.000000,0.000000,-0.020300,-0.986000, , , 
17752.000000,889901.000000,75549924.000000, , , ,-0.975586,0.000000,0.000000
17753.000000,889992.000000,75549924.000000, , , ,-0.325195,0.000000,0.000000
17754.000000,889999.000000,75549924.000000,-0.002900,-0.017400,-1.000500, , , 
17755.000000,890093.000000,75549924.000000, , , ,-0.325195,0.000000,0.000000
17756.000000,890100.000000,75549924.000000,-0.002900,-0.005800,-0.991800, , , 
17757.000000,890194.000000,75549924.000000, , , ,-0.650391,0.000000,0.000000
17758.000000,890199.000000,75549924.000000,-0.002900,-0.034800,-0.986000, , , 
17759.000000,890295.000000,75549924.000000, , , ,-0.650391,-0.325195,0.000000
17760.000000,890300.000000,75549924.000000,-0.002900,-0.017400,-0.980200, , , 
17761.000000,890396.000000,75549924.000000, , , ,-0.650391,0.000000,0.000000
17762.000000,890399.000000,75549924.000000,0.000000,-0.002900,-0.971500, , , 
17763.000000,890497.000000,75549924.000000, , , ,-0.325195,0.000000,0.000000
17764.000000,890500.000000,75549924.000000,-0.008700,-0.020300,-1.000500, , , 
17765.000000,890598.000000,75549924.000000, , , ,0.000000,0.325195,-0.650391
17766.000000,890599.000000,75549924.000000,-0.011600,-0.011600,-0.994700, , , 
17767.000000,890699.000000,75549924.000000, , , ,-0.975586,0.000000,0.000000
17768.000000,890700.000000,75549924.000000,0.000000,-0.023200,-1.006300, , , 
17769.000000,890799.000000,75549924.000000,0.011600,-0.014500,-0.957000, , , 
17770.000000,890800.000000,75549924.000000, , , ,-0.975586,-0.325195,0.000000
17771.000000,890900.000000,75549924.000000,-0.014500,-0.020300,-0.942500, , , 
17772.000000,890901.000000,75549924.000000, , , ,-0.325195,-0.325195,0.000000
17773.000000,890992.000000,75549924.000000, , , ,-0.650391,0.000000,0.000000
17774.000000,890999.000000,75549924.000000,-0.014500,-0.020300,-0.971500, , , 
17775.000000,891093.000000,75549924.000000, , , ,-0.650391,0.000000,0.000000
17776.000000,891100.000000,75549924.000000,-0.017400,-0.017400,-1.009200, , , 
17777.000000,891194.000000,75549924.000000, , , ,-0.975586,0.000000,0.000000
17778.000000,891199.000000,75549924.000000,0.008700,-0.017400,-1.015000, , , 
17779.000000,891295.000000,75549924.000000, , , ,-0.650391,-0.325195,0.000000
17780.000000,891300.000000,75549924.000000,0.000000,-0.011600,-0.971500, , , 
17781.000000,891396.000000,75549924.000000, , , ,0.000000,-0.325195,0.000000
17782.000000,891399.000000,75549924.000000,0.000000,-0.008700,-0.948300, , , 
17783.000000,891497.000000,75549924.000000, , , ,-0.325195,0.000000,0.000000
17784.000000,891500.000000,75549924.000000,-0.017400,0.002900,-0.962800, , , 
17785.000000,891598.000000,75549924.000000, , , ,-0.325195,0.000000,-0.325195
17786.000000,891599.000000,75549924.000000,-0.002900,-0.014500,-1.023700, , , 
17787.000000,891699.000000,75549924.000000, , , ,-0.325195,0.000000,0.325195
17788.000000,891700.000000,75549924.000000,0.000000,0.000000,-1.015000, , , 
17789.000000,891799.000000,75549924.000000,0.000000,-0.008700,-1.000500, , , 
17790.000000,891800.000000,75549924.000000, , , ,-0.325195,0.000000,0.000000
17791.000000,891900.000000,75549924.000000,0.000000,-0.011600,-0.968600, , , 
17792.000000,891901.000000,75549924.000000, , , ,-0.650391,0.000000,0.000000
17793.000000,891992.000000,75549924.000000, , , ,-0.325195,-0.325195,0.000000
17794.000000,891999.000000,75549924.000000,0.000000,0.000000,-0.959900, , , 
17795.000000,892093.000000,75549924.000000, , , ,0.000000,0.000000,-0.650391
17796.000000,892100.000000,75549924.000000,-0.002900,-0.029000,-0.980200, , , 
17797.000000,892194.000000,75549924.000000, , , ,-0.325195,-0.325195,0.000000
17798.000000,892199.000000,75549924.000000,0.000000,-0.008700,-0.986000, , , 
17799.000000,892295.000000,75549924.000000, , , ,-0.325195,0.000000,0.000000
17800.000000,892300.000000,75549924.000000,-0.005800,-0.017400,-0.991800, , , 
17801.000000,892396.000000,75549924.000000, , , ,-0.975586,0.000000,0.000000
17802.000000,892399.000000,75549924.000000,0.000000,-0.017400,-0.988900, , , 
17803.000000,892497.000000,75549924.000000, , , ,-0.650391,0.000000,0.325195
17804.000000,892500.000000,75549924.000000,-0.002900,0.000000,-0.980200, , , 
17805.000000,892598.000000,75549924.000000, , , ,-1.300781,-0.325195,0.000000
17806.000000,892599.000000,75549924.000000,0.002900,-0.005800,-0.980200, , , 
17807.000000,892699.000000,75549924.000000, , , ,-0.650391,-0.325195,0.000000
17808.000000,892700.000000,75549924.000000,-0.002900,-0.008700,-0.977300, , , 
17809.000000,892799.000000,75549924.000000,-0.002900,-0.005800,-0.980200, , , 
17810.000000,892800.000000,75549924.000000, , , ,-0.325195,0.000000,0.000000
17811.000000,892900.000000,75549924.000000,0.000000,-0.011600,-0.965700, , , 
17812.000000,892901.000000,75549924.000000, , , ,-0.650391,-0.650391,0.000000
17813.000000,892992.000000,75549924.000000, , , ,0.000000,-0.650391,-1.300781
17814.000000,892999.000000,75549924.000000,-0.008700,-0.023200,-0.968600, , , 
17815.000000,893093.000000,75549924.000000, , , ,-0.325195,0.000000,0.000000
17816.000000,893100.000000,75549924.000000,-0.011600,-0.005800,-0.997600, , , 
17817.000000,893194.000000,75549924.000000, , , ,-0.325195,0.000000,0.000000
17818.000000,893199.000000,75549924.000000,-0.002900,0.002900,-1.038200, , , 
17819.000000,893295.000000,75549924.000000, , , ,-0.325195,0.000000,-0.325195
17820.000000,893300.000000,75549924.000000,0.000000,-0.002900,-1.003400, , , 
17821.000000,893396.000000,75549924.000000, , , ,-0.650391,0.000000,0.000000
17822.000000,893399.000000,75549924.000000,0.000000,-0.008700,-0.977300, , , 
17823.000000,893497.000000,75549924.000000, , , ,-0.650391,0.000000,0.000000
17824.000000,893500.000000,75549924.000000,0.000000,0.011600,-0.986000, , , 
17825.000000,893598.000000,75549924.000000, , , ,0.000000,-0.325195,-0.325195
17826.000000,893599.000000,75549924.000000,0.000000,-0.002900,-0.971500, , , 
17827.000000,893699.000000,75549924.000000, , , ,0.000000,0.000000,0.000000
17828.000000,893700.000000,75549924.000000,-0.008700,-0.011600,-0.980200, , , 
17829.000000,893799.000000,75549924.000000,0.014500,-0.023200,-0.959900, , , 
17830.000000,893800.000000,75549924.000000, , , ,0.000000,0.000000,0.000000
17831.000000,893900.000000,75549924.000000,-0.002900,-0.023200,-0.968600, , , 
17832.000000,893901.000000,75549924.000000, , , ,0.000000,0.000000,0.000000
17833.000000,893992.000000,75549924.000000, , , ,0.000000,-0.325195,-0.325195
17834.000000,893999.000000,75549924.000000,-0.011600,-0.008700,-0.983100, , , 
17835.000000,894093.000000,75549924.000000, , , ,0.000000,0.000000,-0.325195
17836.000000,894100.000000,75549924.000000,-0.008700,-0.017400,-1.003400, , , 
17837.000000,894194.000000,75549924.000000, , , ,0.000000,0.000000,0.000000
17838.000000,894199.000000,75549924.000000,0.000000,-0.029000,-1.029500, , , 
17839.000000,894295.000000,75549924.000000, , , ,-0.325195,0.000000,-0.325195
17840.000000,894300.000000,75549924.000000,-0.005800,-0.023200,-1.015000, , , 
17841.000000,894396.000000,75549924.000000, , , ,-0.650391,0.000000,0.000000
17842.000000,894399.000000,75549924.000000,0.000000,-0.023200,-0.991800, , , 
17843.000000,894497.000000,75549924.000000, , , ,-0.325195,0.000000,0.000000
17844.000000,894500.000000,75549924.000000,-0.002900,-0.020300,-0.968600, , , 
17845.000000,894598.000000,75549924.000000, , , ,-0.650391,-0.650391,0.000000
17846.000000,894599.000000,75549924.000000,0.002900,-0.023200,-0.948300, , , 
17847.000000,894699.000000,75549924.000000, , , ,-0.325195,-0.325195,0.000000
17848.000000,894700.000000,75549924.000000,-0.005800,-0.023200,-0.965700, , , 
17849.000000,894799.000000,75549924.000000,0.002900,-0.034800,-0.962800, , , 
17850.000000,894800.000000,75549924.000000, , , ,-0.325195,-0.325195,-0.650391
17851.000000,894900.000000,75549924.000000,-0.011600,-0.037700,-0.948300, , , 
17852.000000,894901.000000,75549924.000000, , , ,0.000000,-0.325195,0.000000
17853.000000,894992.000000,75549924.000000, , , ,0.000000,0.000000,0.000000
17854.000000,894999.000000,75549924.000000,-0.008700,-0.031900,-0.974400, , , 
17855.000000,895093.000000,75549924.000000, , , ,0.000000,0.000000,-0.325195
17856.000000,895100.000000,75549924.000000,-0.005800,-0.026100,-0.988900, , , 
17857.000000,895194.000000,75549924.000000, , , ,-0.650391,0.000000,0.000000
17858.000000,895199.000000,75549924.000000,0.002900,-0.037700,-1.023700, , , 
17859.000000,895295.000000,75549924.000000, , , ,-0.325195,0.325195,-0.650391
17860.000000,895300.000000,75549924.000000,-0.008700,-0.029000,-1.017900, , , 
17861.000000,895396.000000,75549924.000000, , , ,-0.325195,0.000000,-0.325195
17862.000000,895399.000000,75549924.000000,-0.002900,-0.029000,-1.020800, , , 
17863.000000,895497.000000,75549924.000000, , , ,-0.325195,0.000000,-0.325195
17864.000000,895500.000000,75549924.000000,-0.002900,-0.040600,-0.991800, , , 
17865.000000,895598.000000,75549924.000000, , , ,-0.975586,-0.650391,0.000000
17866.000000,895599.000000,75549924.000000,0.005800,-0.029000,-0.933800, , , 
17867.000000,895699.000000,75549924.000000, , , ,-0.325195,-0.650391,0.000000
17868.000000,895700.000000,75549924.000000,-0.008700,-0.023200,-0.939600, , , 
17869.000000,895799.000000,75549924.000000,-0.026100,-0.049300,-1.003400, , , 
17870.000000,895800.000000,75549924.000000, , , ,-0.650391,0.325195,0.000000
17871.000000,895900.000000,75549924.000000,-0.011600,-0.034800,-1.020800, , , 
17872.000000,895901.000000,75549924.000000, , , ,-0.975586,0.325195,-0.325195
17873.000000,895992.000000,75549924.000000, , , ,-0.975586,-0.650391,-0.325195
17874.000000,895999.000000,75549924.000000,0.002900,-0.023200,-0.977300, , , 
17875.000000,896093.000000,75549924.000000, , , ,-0.325195,-0.325195,-0.975586
17876.000000,896100.000000,75549924.000000,-0.014500,-0.043500,-0.968600, , , 
17877.000000,896194.000000,75549924.000000, , , ,-1.300781,-0.325195,-0.325195
17878.000000,896199.000000,75549924.000000,0.000000,-0.058000,-0.991800, , , 
17879.000000,896295.000000,75549924.000000, , , ,-0.975586,0.000000,-0.650391
17880.000000,896300.000000,75549924.000000,-0.014500,-0.046400,-0.991800, , , 
17881.000000,896396.000000,75549924.000000, , , ,-0.975586,0.000000,-0.325195
17882.000000,896399.000000,75549924.000000,0.005800,-0.037700,-0.971500, , , 
17883.000000,896497.000000,75549924.000000, , , ,-0.325195,-0.325195,-0.325195
17884.000000,896500.000000,75549924.000000,0.000000,-0.043500,-0.945400, , , 
17885.000000,896598.000000,75549924.000000, , , ,0.000000,-0.975586,-0.325195
17886.000000,896599.000000,75549924.000000,-0.008700,-0.055100,-0.951200, , , 
17887.000000,896699.000000,75549924.000000, , , ,-0.650391,0.000000,-0.325195
17888.000000,896700.000000,75549924.000000,-0.023200,-0.060900,-1.006300, , , 
17889.000000,896799.000000,75549924.000000,-0.005800,-0.075400,-1.049800, , , 
17890.000000,896800.000000,75549924.000000, , , ,-1.625977,0.325195,-0.325195
17891.000000,896900.000000,75549924.000000,0.000000,-0.014500,-0.994700, , , 
17892.000000,896901.000000,75549924.000000, , , ,-0.650391,-0.325195,0.000000
17893.000000,896992.000000,75549924.000000, , , ,0.000000,0.000000,0.000000
17894.000000,896999.000000,75549924.000000,-0.008700,-0.031900,-0.980200, , , 
17895.000000,897093.000000,75549924.000000, , , ,-0.650391,-0.325195,-0.325195
17896.000000,897100.000000,75549924.000000,-0.005800,-0.020300,-0.965700, , , 
17897.000000,897194.000000,75549924.000000, , , ,-0.325195,0.000000,0.000000
17898.000000,897199.000000,75549924.000000,0.000000,-0.011600,-0.962800, , , 
17899.000000,897295.000000,75549924.000000, , , ,-0.325195,-0.650391,-0.325195
17900.000000,897300.000000,75549924.000000,-0.011600,-0.040600,-0.974400, , , 
17901.000000,897396.000000,75549924.000000, , , ,0.000000,0.000000,0.325195
17902.000000,897399.000000,75549924.000000,-0.002900,-0.011600,-0.974400, , , 
17903.000000,897497.000000,75549924.000000, , , ,-0.650391,0.650391,0.000000
17904.000000,897500.000000,75549924.000000,-0.017400,-0.026100,-1.023700, , , 
17905.000000,897598.000000,75549924.000000, , , ,-1.300781,0.650391,0.000000
17906.000000,897599.000000,75549924.000000,-0.005800,-0.026100,-1.038200, , , 
17907.000000,897699.000000,75549924.000000, , , ,-0.650391,0.000000,0.000000
17908.000000,897700.000000,75549924.000000,-0.011600,-0.011600,-0.986000, , , 
17909.000000,897799.000000,75549924.000000,-0.005800,-0.029000,-0.977300, , , 
17910.000000,897800.000000,75549924.000000, , , ,-1.300781,-0.975586,-0.325195
17911.000000,897900.000000,75549924.000000,0.008700,-0.011600,-0.939600, , , 
17912.000000,897901.000000,75549924.000000, , , ,-0.975586,-0.650391,0.000000
17913.000000,897992.000000,75549924.000000, , , ,0.000000,0.000000,0.000000
17914.000000,897999.000000,75549924.000000,-0.011600,-0.005800,-0.957000, , , 
17915.000000,898093.000000,75549924.000000, , , ,-0.325195,0.000000,0.000000
17916.000000,898100.000000,75549924.000000,-0.005800,-0.014500,-0.980200, , , 
17917.000000,898194.000000,75549924.000000, , , ,0.000000,0.000000,-0.325195
17918.000000,898199.000000,75549924.000000,-0.005800,-0.008700,-0.991800, , , 
17919.000000,898295.000000,75549924.000000, , , ,-0.650391,0.000000,0.000000
17920.000000,898300.000000,75549924.000000,-0.011600,-0.052200,-1.012100, , , 
17921.000000,898396.000000,75549924.000000, , , ,-1.625977,0.000000,0.000000
17922.000000,898399.000000,75549924.000000,0.000000,-0.029000,-0.997600, , , 
17923.000000,898497.000000,75549924.000000, , , ,-1.300781,0.000000,0.000000
17924.000000,898500.000000,75549924.000000,-0.002900,-0.023200,-0.965700, , , 
17925.000000,898598.000000,75549924.000000, , , ,-0.650391,0.000000,0.000000
17926.000000,898599.000000,75549924.000000,-0.020300,-0.023200,-0.997600, , , 
17927.000000,898699.000000,75549924.000000, , , ,0.000000,0.325195,0.000000
17928.000000,898700.000000,75549924.000000,0.000000,-0.017400,-0.997600, , , 
17929.000000,898799.000000,75549924.000000,0.000000,-0.037700,-0.977300, , , 
17930.000000,898800.000000,75549924.000000, , , ,-0.325195,-0.650391,-0.325195
17931.000000,898900.000000,75549924.000000,-0.008700,-0.046400,-0.965700, , , 
17932.000000,898901.000000,75549924.000000, , , ,-0.650391,0.000000,-0.325195
17933.000000,898992.000000,75549924.000000, , , ,-0.650391,-0.325195,-0.325195
17934.000000,898999.000000,75549924.000000,0.005800,-0.014500,-0.951200, , , 
17935.000000,899093.000000,75549924.000000, , , ,-0.325195,-0.975586,0.325195
17936.000000,899100.000000,75549924.000000,-0.011600,-0.020300,-0.939600, , , 
17937.000000,899194.000000,75549924.000000, , , ,0.000000,0.000000,0.000000
17938.000000,899199.000000,75549924.000000,-0.011600,-0.031900,-0.986000, , , 
17939.000000,899295.000000,75549924.000000, , , ,-0.650391,0.325195,-0.325195
17940.000000,899300.000000,75549924.000000,-0.017400,-0.037700,-1.026600, , , 
17941.000000,899396.000000,75549924.000000, , , ,-0.650391,0.000000,-0.325195
17942.000000,899399.000000,75549924.000000,-0.002900,-0.031900,-1.035300, , , 
17943.000000,899497.000000,75549924.000000, , , ,-0.325195,0.000000,-0.325195
17944.000000,899500.000000,75549924.000000,0.000000,-0.037700,-0.988900, , , 
17945.000000,899598.000000,75549924.000000, , , ,-0.325195,0.000000,0.000000
17946.000000,899599.000000,75549924.000000,-0.002900,-0.017400,-0.968600, , , 
17947.000000,899699.000000,75549924.000000, , , ,-0.325195,0.000000,0.000000
17948.000000,899700.000000,75549924.000000,0.005800,-0.008700,-0.980200, , , 
17949.000000,899799.000000,75549924.000000,0.000000,-0.002900,-0.980200, , , 
17950.000000,899800.000000,75549924.000000, , , ,-0.650391,-0.325195,0.000000
17951.000000,899900.000000,75549924.000000,0.000000,-0.008700,-0.974400, , , 
17952.000000,899901.000000,75549924.000000, , , ,-0.650391,-0.325195,0.000000
17953.000000,899992.000000,75549924.000000, , , ,-0.650391,-0.325195,0.650391
17954.000000,899999.000000,75549924.000000,-0.014500,-0.037700,-0.968600, , , 
17955.000000,900093.000000,75549924.000000, , , ,-0.650391,-0.975586,0.000000
17956.000000,900100.000000,75549924.000000,-0.005800,-0.020300,-0.980200, , , 
17957.000000,900194.000000,75549924.000000, , , ,-0.325195,-0.325195,0.000000
17958.000000,900199.000000,75549924.000000,-0.002900,-0.008700,-0.983100, , , 
17959.000000,900295.000000,75549924.000000, , , ,-0.975586,0.000000,0.000000
17960.000000,900300.000000,75549924.000000,-0.011600,-0.037700,-0.986000, , , 
17961.000000,900396.000000,75549924.000000, , , ,-0.975586,0.000000,0.000000
17962.000000,900399.000000,75549924.000000,0.000000,-0.002900,-0.994700, , , 
17963.000000,900497.000000,75549924.000000, , , ,-0.975586,0.325195,0.325195
17964.000000,900500.000000,75549924.000000,-0.017400,0.000000,-1.000500, , , 
17965.000000,900598.000000,75549924.000000, , , ,-0.975586,0.000000,0.000000
17966.000000,900599.000000,75549924.000000,0.000000,-0.023200,-1.017900, , , 
17967.000000,900699.000000,75549924.000000, , , ,0.000000,-0.650391,0.000000
17968.000000,900700.000000,75549924.000000,0.005800,0.014500,-0.951200, , , 
17969.000000,900799.000000,75549924.000000,-0.002900,-0.011600,-0.922200, , , 
17970.000000,900800.000000,75549924.000000, , , ,-0.325195,-0.975586,0.000000
17971.000000,900900.000000,75549924.000000,-0.002900,-0.017400,-0.977300, , , 
17972.000000,900901.000000,75549924.000000, , , ,-0.325195,-0.325195,0.000000
17973.000000,900992.000000,75549924.000000, , , ,-0.975586,-0.325195,0.000000
17974.000000,900999.000000,75549924.000000,-0.005800,-0.020300,-1.017900, , , 
17975.000000,901093.000000,75549924.000000, , , ,-1.300781,-0.650391,0.000000
17976.000000,901100.000000,75549924.000000,-0.002900,-0.008700,-1.003400, , , 
17977.000000,901194.000000,75549924.000000, , , ,-0.650391,0.000000,0.000000
17978.000000,901199.000000,75549924.000000,-0.014500,-0.002900,-0.986000, , , 
17979.000000,901295.000000,75549924.000000, , , ,-0.650391,0.325195,0.000000
17980.000000,901300.000000,75549924.000000,0.000000,0.000000,-0.983100, , , 
17981.000000,901396.000000,75549924.000000, , , ,0.000000,-0.325195,0.000000
17982.000000,901399.000000,75549924.000000,-0.002900,0.000000,-0.983100, , , 
17983.000000,901497.000000,75549924.000000, , , ,0.000000,-0.650391,-0.650391
17984.000000,901500.000000,75549924.000000,-0.005800,-0.017400,-0.983100, , , 
17985.000000,901598.000000,75549924.000000, , , ,-0.325195,0.000000,0.000000
17986.000000,901599.000000,75549924.000000,-0.002900,-0.020300,-1.000500, , , 
17987.000000,901699.000000,75549924.000000, , , ,-0.325195,0.000000,0.000000
17988.000000,901700.000000,75549924.000000,0.000000,-0.017400,-0.980200, , , 
17989.000000,901799.000000,75549924.000000,0.000000,-0.017400,-0.962800, , , 
17990.000000,901800.000000,75549924.000000, , , ,-0.325195,-0.325195,-0.650391
17991.000000,901900.000000,75549924.000000,-0.011600,-0.020300,-1.006300, , , 
17992.000000,901901.000000,75549924.000000, , , ,-0.650391,0.000000,0.000000
17993.000000,901992.000000,75549924.000000, , , ,-0.650391,0.000000,0.000000
17994.000000,901999.000000,75549924.000000,0.017400,-0.011600,-0.994700, , , 
17995.000000,902093.000000,75549924.000000, , , ,-0.325195,-0.325195,0.000000
17996.000000,902100.000000,75549924.000000,0.011600,0.000000,-0.954100, , , 
17997.000000,902194.000000,75549924.000000, , , ,0.000000,0.325195,0.000000
17998.000000,902199.000000,75549924.000000,-0.017400,-0.014500,-0.988900, , , 
17999.000000,902295.000000,75549924.000000, , , ,0.000000,0.000000,0.000000
18000.000000,902300.000000,75549924.000000,0.002900,-0.005800,-1.003400, , , 
18001.000000,902396.000000,75549924.000000, , , ,0.000000,0.000000,0.000000
18002.000000,902399.000000,75549924.000000,0.000000,-0.014500,-0.991800, , , 
18003.000000,902497.000000,75549924.000000, , , ,0.000000,0.000000,-0.325195
18004.000000,902500.000000,75549924.000000,-0.011600,-0.020300,-0.983100, , , 
18005.000000,902598.000000,75549924.000000, , , ,-0.650391,0.000000,0.000000
18006.000000,902599.000000,75549924.000000,0.000000,-0.026100,-0.983100, , , 
18007.000000,902699.000000,75549924.000000, , , ,-0.650391,0.000000,-0.325195
18008.000000,902700.000000,75549924.000000,-0.008700,-0.026100,-0.986000, , , 
18009.000000,902799.000000,75549924.000000,-0.002900,-0.005800,-0.971500, , , 
18010.000000,902800.000000,75549924.000000, , , ,-0.975586,-0.325195,0.000000
18011.000000,902900.000000,75549924.000000,-0.026100,-0.029000,-1.020800, , , 
18012.000000,902901.000000,75549924.000000, , , ,-0.650391,0.000000,0.000000
18013.000000,902992.000000,75549924.000000, , , ,-0.975586,0.325195,-0.325195
18014.000000,902999.000000,75549924.000000,-0.005800,-0.011600,-1.015000, , , 
18015.000000,903093.000000,75549924.000000, , , ,-0.650391,-0.325195,-0.325195
18016.000000,903100.000000,75549924.000000,-0.005800,-0.011600,-0.991800, , , 
18017.000000,903194.000000,75549924.000000, , , ,0.000000,0.000000,-0.325195
18018.000000,903199.000000,75549924.000000,-0.023200,-0.014500,-0.994700, , , 
18019.000000,903295.000000,75549924.000000, , , ,0.000000,0.325195,-0.325195
18020.000000,903300.000000,75549924.000000,-0.002900,-0.017400,-1.003400, , , 
18021.000000,903396.000000,75549924.000000, , , ,0.000000,0.000000,-0.325195
18022.000000,903399.000000,75549924.000000,0.005800,-0.031900,-0.980200, , , 
18023.000000,903497.000000,75549924.000000, , , ,0.000000,-0.975586,-0.325195
18024.000000,903500.000000,75549924.000000,-0.005800,-0.020300,-0.933800, , , 
18025.000000,903598.000000,75549924.000000, , , ,-0.325195,0.000000,0.000000
18026.000000,903599.000000,75549924.000000,0.005800,-0.040600,-0.980200, , , 
18027.000000,903699.000000,75549924.000000, , , ,-1.300781,0.000000,0.000000
18028.000000,903700.000000,75549924.000000,0.000000,-0.029000,-0.997600, , , 
18029.000000,903799.000000,75549924.000000,-0.005800,-0.014500,-0.991800, , , 
18030.000000,903800.000000,75549924.000000, , , ,-0.975586,0.000000,0.975586
18031.000000,903900.000000,75549924.000000,0.000000,-0.008700,-0.986000, , , 
18032.000000,903901.000000,75549924.000000, , , ,-0.975586,0.000000,0.000000
18033.000000,903992.000000,75549924.000000, , , ,-0.325195,-0.650391,-0.325195
18034.000000,903999.000000,75549924.000000,0.000000,0.000000,-0.957000, , , 
18035.000000,904093.000000,75549924.000000, , , ,0.000000,0.000000,0.000000
18036.000000,904100.000000,75549924.000000,-0.005800,-0.005800,-0.959900, , , 
18037.000000,904194.000000,75549924.000000, , , ,-0.325195,0.000000,-0.650391
18038.000000,904199.000000,75549924.000000,-0.011600,-0.020300,-1.003400, , , 
18039.000000,904295.000000,75549924.000000, , , ,-0.325195,0.000000,-0.325195
18040.000000,904300.000000,75549924.000000,0.000000,-0.029000,-1.026600, , , 
18041.000000,904396.000000,75549924.000000, , , ,-0.325195,-0.325195,0.000000
18042.000000,904399.000000,75549924.000000,0.008700,-0.011600,-0.977300, , , 
18043.000000,904497.000000,75549924.000000, , , ,-0.650391,0.000000,-0.325195
18044.000000,904500.000000,75549924.000000,-0.023200,-0.029000,-0.962800, , , 
18045.000000,904598.000000,75549924.000000, , , ,-0.975586,-0.325195,0.000000
18046.000000,904599.000000,75549924.000000,0.011600,-0.031900,-0.980200, , , 
18047.000000,904699.000000,75549924.000000, , , ,-0.650391,0.325195,-0.325195
18048.000000,904700.000000,75549924.000000,-0.005800,-0.043500,-1.017900, , , 
18049.000000,904799.000000,75549924.000000,0.000000,-0.005800,-1.009200, , , 
18050.000000,904800.000000,75549924.000000, , , ,-0.975586,0.000000,0.000000
18051.000000,904900.000000,75549924.000000,0.000000,-0.011600,-0.980200, , , 
18052.000000,904901.000000,75549924.000000, , , ,-0.325195,0.000000,-0.325195
18053.000000,904992.000000,75549924.000000, , , ,-0.650391,-0.650391,-0.325195
18054.000000,904999.000000,75549924.000000,0.000000,-0.020300,-0.965700, , , 
18055.000000,905093.000000,75549924.000000, , , ,-0.650391,-0.650391,0.000000
18056.000000,905100.000000,75549924.000000,0.000000,-0.014500,-0.954100, , , 
18057.000000,905194.000000,75549924.000000, , , ,-0.325195,0.000000,-0.325195
18058.000000,905199.000000,75549924.000000,-0.005800,-0.026100,-0.997600, , , 
18059.000000,905295.000000,75549924.000000, , , ,-0.650391,0.325195,-0.325195
18060.000000,905300.000000,75549924.000000,-0.005800,-0.017400,-1.017900, , , 
18061.000000,905396.000000,75549924.000000, , , ,-0.325195,0.000000,-0.650391
18062.000000,905399.000000,75549924.000000,0.002900,-0.020300,-0.986000, , , 
18063.000000,905497.000000,75549924.000000, , , ,-0.650391,-0.650391,0.000000
18064.000000,905500.000000,75549924.000000,0.000000,-0.026100,-0.939600, , , 
18065.000000,905598.000000,75549924.000000, , , ,-0.650391,0.000000,0.000000
18066.000000,905599.000000,75549924.000000,-0.005800,-0.005800,-0.957000, , , 
18067.000000,905699.000000,75549924.000000, , , ,0.000000,-0.325195,0.325195
18068.000000,905700.000000,75549924.000000,0.000000,-0.026100,-0.994700, , , 
18069.000000,905799.000000,75549924.000000,-0.014500,-0.014500,-1.012100, , , 
18070.000000,905800.000000,75549924.000000, , , ,-0.325195,0.000000,0.000000
18071.000000,905900.000000,75549924.000000,-0.017400,-0.026100,-1.032400, , , 
18072.000000,905901.000000,75549924.000000, , , ,-0.325195,0.325195,-0.325195
18073.000000,905992.000000,75549924.000000, , , ,-0.325195,0.000000,0.000000
18074.000000,905999.000000,75549924.000000,0.000000,-0.026100,-0.986000, , , 
18075.000000,906093.000000,75549924.000000, , , ,0.000000,0.000000,0.000000
18076.000000,906100.000000,75549924.000000,-0.002900,-0.002900,-0.959900, , , 
18077.000000,906194.000000,75549924.000000, , , ,0.000000,0.000000,-0.325195
18078.000000,906199.000000,75549924.000000,-0.005800,-0.023200,-0.983100, , , 
18079.000000,906295.000000,75549924.000000, , , ,-0.325195,0.000000,0.000000
18080.000000,906300.000000,75549924.000000,-0.002900,-0.031900,-0.983100, , , 
18081.000000,906396.000000,75549924.000000, , , ,-0.650391,0.000000,0.000000
18082.000000,906399.000000,75549924.000000,0.002900,-0.020300,-0.959900, , , 
18083.000000,906497.000000,75549924.000000, , , ,-0.325195,-0.650391,0.000000
18084.000000,906500.000000,75549924.000000,0.000000,-0.020300,-0.959900, , , 
18085.000000,906598.000000,75549924.000000, , , ,-0.325195,0.000000,0.000000
18086.000000,906599.000000,75549924.000000,-0.005800,0.005800,-0.983100, , , 
18087.000000,906699.000000,75549924.000000, , , ,-0.325195,0.650391,0.975586
18088.000000,906700.000000,75549924.000000,0.000000,-0.020300,-1.012100, , , 
18089.000000,906799.000000,75549924.000000,-0.005800,-0.002900,-1.003400, , , 
18090.000000,906800.000000,75549924.000000, , , ,-0.325195,0.000000,0.000000
18091.000000,906900.000000,75549924.000000,0.002900,-0.026100,-0.974400, , , 
18092.000000,906901.000000,75549924.000000, , , ,0.000000,0.000000,0.000000
18093.000000,906992.000000,75549924.000000, , , ,-0.325195,-0.325195,0.000000
18094.000000,906999.000000,75549924.000000,-0.014500,-0.026100,-0.974400, , , 
18095.000000,907093.000000,75549924.000000, , , ,-0.325195,0.000000,0.000000
18096.000000,907100.000000,75549924.000000,-0.008700,-0.008700,-0.983100, , , 
18097.000000,907194.000000,75549924.000000, , , ,-0.975586,0.000000,0.000000
18098.000000,907199.000000,75549924.000000,-0.002900,-0.026100,-1.035300, , , 
18099.000000,907295.000000,75549924.000000, , , ,-0.650391,0.000000,0.000000
18100.000000,907300.000000,75549924.000000,0.008700,-0.014500,-1.012100, , , 
18101.000000,907396.000000,75549924.000000, , , ,-0.650391,0.000000,0.000000
18102.000000,907399.000000,75549924.000000,0.000000,-0.034800,-0.939600, , , 
18103.000000,907497.000000,75549924.000000, , , ,-0.650391,-0.650391,0.000000
18104.000000,907500.000000,75549924.000000,0.000000,-0.002900,-0.948300, , , 
18105.000000,907598.000000,75549924.000000, , , ,-0.325195,0.000000,0.000000
18106.000000,907599.000000,75549924.000000,-0.008700,-0.008700,-0.991800, , , 
18107.000000,907699.000000,75549924.000000, , , ,-1.625977,0.000000,0.000000
18108.000000,907700.000000,75549924.000000,0.005800,-0.020300,-1.012100, , , 
18109.000000,907799.000000,75549924.000000,0.000000,-0.011600,-1.003400, , , 
18110.000000,907800.000000,75549924.000000, , , ,-0.975586,0.000000,0.000000
18111.000000,907900.000000,75549924.000000,0.002900,0.002900,-0.971500, , , 
18112.000000,907901.000000,75549924.000000, , , ,-0.650391,0.000000,0.000000
18113.000000,907992.000000,75549924.000000, , , ,-0.650391,-0.325195,-0.325195
18114.000000,907999.000000,75549924.000000,0.005800,-0.008700,-0.974400, , , 
18115.000000,908093.000000,75549924.000000, , , ,-0.325195,0.000000,0.000000
18116.000000,908100.000000,75549924.000000,-0.008700,0.005800,-0.977300, , , 
18117.000000,908194.000000,75549924.000000, , , ,-0.325195,0.000000,0.000000
18118.000000,908199.000000,75549924.000000,0.011600,-0.026100,-0.974400, , , 
18119.000000,908295.000000,75549924.000000, , , ,-0.975586,0.000000,-0.325195
18120.000000,908300.000000,75549924.000000,0.000000,-0.017400,-0.991800, , , 
18121.000000,908396.000000,75549924.000000, , , ,-0.975586,0.000000,0.000000
18122.000000,908399.000000,75549924.000000,0.008700,-0.005800,-0.971500, , , 
18123.000000,908497.000000,75549924.000000, , , ,-0.325195,0.000000,0.000000
18124.000000,908500.000000,75549924.000000,-0.005800,-0.011600,-0.988900, , , 
18125.000000,908598.000000,75549924.000000, , , ,-0.325195,0.325195,0.000000
18126.000000,908599.000000,75549924.000000,0.000000,-0.002900,-1.015000, , , 
18127.000000,908699.000000,75549924.000000, , , ,-0.650391,0.000000,-0.325195
18128.000000,908700.000000,75549924.000000,0.008700,-0.017400,-1.006300, , , 
18129.000000,908799.000000,75549924.000000,-0.002900,0.014500,-0.983100, , , 
18130.000000,908800.000000,75549924.000000, , , ,-0.650391,0.000000,0.000000
18131.000000,908900.000000,75549924.000000,0.011600,-0.011600,-0.954100, , , 
18132.000000,908901.000000,75549924.000000, , , ,-0.650391,0.000000,-0.325195
18133.000000,908992.000000,75549924.000000, , , ,-0.650391,-0.975586,0.000000
18134.000000,908999.000000,75549924.000000,0.017400,0.000000,-0.922200, , , 
18135.000000,909093.000000,75549924.000000, , , ,-0.325195,-0.975586,0.000000
18136.000000,909100.000000,75549924.000000,-0.008700,0.000000,-0.936700, , , 
18137.000000,909194.000000,75549924.000000, , , ,-0.325195,0.000000,0.000000
18138.000000,909199.000000,75549924.000000,-0.002900,-0.014500,-0.988900, , , 
18139.000000,909295.000000,75549924.000000, , , ,-1.300781,0.000000,0.000000
18140.000000,909300.000000,75549924.000000,-0.008700,-0.014500,-1.023700, , , 
18141.000000,909396.000000,75549924.000000, , , ,-0.975586,0.000000,0.650391
18142.000000,909399.000000,75549924.000000,-0.005800,-0.017400,-1.035300, , , 
18143.000000,909497.000000,75549924.000000, , , ,-1.300781,0.650391,0.000000
18144.000000,909500.000000,75549924.000000,-0.002900,-0.023200,-1.052700, , , 
18145.000000,909598.000000,75549924.000000, , , ,-0.650391,0.000000,-0.325195
18146.000000,909599.000000,75549924.000000,0.014500,0.002900,-0.980200, , , 
18147.000000,909699.000000,75549924.000000, , , ,0.000000,-0.650391,-0.325195
18148.000000,909700.000000,75549924.000000,0.000000,0.000000,-0.933800, , , 
18149.000000,909799.000000,75549924.000000,-0.005800,-0.017400,-0.980200, , , 
18150.000000,909800.000000,75549924.000000, , , ,-0.325195,0.000000,0.000000
18151.000000,909900.000000,75549924.000000,0.005800,-0.031900,-0.971500, , , 
18152.000000,909901.000000,75549924.000000, , , ,0.000000,-0.325195,0.325195
18153.000000,910001.000000,75549924.000000,0.000000,-0.017400,-0.977300, , , 
18154.000000,910002.000000,75549924.000000, , , ,0.000000,-0.325195,0.000000
18155.000000,910092.000000,75549924.000000, , , ,-0.325195,0.325195,-0.325195
18156.000000,910099.000000,75549924.000000,0.002900,-0.029000,-0.988900, , , 
18157.000000,910193.000000,75549924.000000, , , ,-0.325195,0.000000,-0.325195
18158.000000,910200.000000,75549924.000000,0.000000,-0.005800,-0.988900, , , 
18159.000000,910294.000000,75549924.000000, , , ,-0.650391,0.000000,-0.325195
18160.000000,910299.000000,75549924.000000,-0.008700,-0.017400,-1.009200, , , 
18161.000000,910395.000000,75549924.000000, , , ,0.000000,0.000000,-0.325195
18162.000000,910400.000000,75549924.000000,-0.002900,0.002900,-0.983100, , , 
18163.000000,910496.000000,75549924.000000, , , ,0.000000,0.000000,0.000000
18164.000000,910499.000000,75549924.000000,0.000000,-0.008700,-0.965700, , , 
18165.000000,910597.000000,75549924.000000, , , ,-0.325195,-0.650391,-0.325195
18166.000000,910600.000000,75549924.000000,0.002900,-0.026100,-0.962800, , , 
18167.000000,910698.000000,75549924.000000, , , ,-0.325195,-0.650391,0.000000
18168.000000,910699.000000,75549924.000000,0.005800,-0.023200,-0.948300, , , 
18169.000000,910799.000000,75549924.000000, , , ,-0.325195,0.000000,0.000000
18170.000000,910800.000000,75549924.000000,-0.005800,-0.023200,-0.974400, , , 
18171.000000,910899.000000,75549924.000000,0.000000,-0.026100,-0.980200, , , 
18172.000000,910900.000000,75549924.000000, , , ,-0.650391,0.000000,0.000000
18173.000000,911000.000000,75549924.000000,-0.014500,-0.020300,-1.026600, , , 
18174.000000,911001.000000,75549924.000000, , , ,0.000000,0.000000,-0.650391
18175.000000,911092.000000,75549924.000000, , , ,-1.300781,0.650391,-0.325195
18176.000000,911099.000000,75549924.000000,0.005800,-0.052200,-1.070100, , , 
18177.000000,911193.000000,75549924.000000, , , ,-1.625977,0.000000,-0.325195
18178.000000,911200.000000,75549924.000000,0.014500,-0.011600,-0.971500, , , 
18179.000000,911294.000000,75549924.000000, , , ,-0.650391,-0.650391,0.000000
18180.000000,911299.000000,75549924.000000,0.002900,-0.011600,-0.939600, , , 
18181.000000,911395.000000,75549924.000000, , , ,0.000000,-0.650391,-0.325195
18182.000000,911400.000000,75549924.000000,0.000000,-0.020300,-0.942500, , , 
18183.000000,911496.000000,75549924.000000, , , ,0.000000,0.000000,-0.325195
18184.000000,911499.000000,75549924.000000,-0.005800,-0.011600,-0.977300, , , 
18185.000000,911597.000000,75549924.000000, , , ,0.000000,0.000000,0.000000
18186.000000,911600.000000,75549924.000000,0.000000,-0.017400,-1.015000, , , 
18187.000000,911698.000000,75549924.000000, , , ,-0.325195,0.000000,-0.325195
18188.000000,911699.000000,75549924.000000,0.005800,-0.031900,-1.035300, , , 
18189.000000,911799.000000,75549924.000000, , , ,-0.975586,0.000000,-0.325195
18190.000000,911800.000000,75549924.000000,0.005800,-0.037700,-1.003400, , , 
18191.000000,911899.000000,75549924.000000,-0.005800,-0.014500,-0.968600, , , 
18192.000000,911900.000000,75549924.000000, , , ,-0.975586,-0.325195,0.000000
18193.000000,912000.000000,75549924.000000,0.005800,-0.020300,-0.939600, , , 
18194.000000,912001.000000,75549924.000000, , , ,-0.325195,-0.650391,-0.325195
18195.000000,912092.000000,75549924.000000, , , ,-0.325195,-0.650391,0.000000
18196.000000,912099.000000,75549924.000000,-0.002900,-0.020300,-0.977300, , , 
18197.000000,912193.000000,75549924.000000, , , ,-0.650391,-0.325195,-0.325195
18198.000000,912200.000000,75549924.000000,0.005800,-0.017400,-0.980200, , , 
18199.000000,912294.000000,75549924.000000, , , ,0.000000,0.000000,0.000000
18200.000000,912299.000000,75549924.000000,0.002900,-0.023200,-0.974400, , , 
18201.000000,912395.000000,75549924.000000, , , ,0.000000,-0.325195,0.000000
18202.000000,912400.000000,75549924.000000,0.000000,-0.026100,-0.983100, , , 
18203.000000,912496.000000,75549924.000000, , , ,-0.325195,0.000000,-0.650391
18204.000000,912499.000000,75549924.000000,0.000000,-0.037700,-1.003400, , , 
18205.000000,912597.000000,75549924.000000, , , ,-0.325195,-0.325195,-0.325195
18206.000000,912600.000000,75549924.000000,0.000000,-0.034800,-1.006300, , , 
18207.000000,912698.000000,75549924.000000, , , ,-0.650391,0.000000,0.000000
18208.000000,912699.000000,75549924.000000,0.000000,-0.037700,-0.986000, , , 
18209.000000,912799.000000,75549924.000000, , , ,-0.650391,0.000000,-0.325195
18210.000000,912800.000000,75549924.000000,0.002900,-0.029000,-0.971500, , , 
18211.000000,912899.000000,75549924.000000,-0.002900,-0.029000,-0.983100, , , 
18212.000000,912900.000000,75549924.000000, , , ,-0.975586,-0.325195,0.000000
18213.000000,913000.000000,75549924.000000,0.000000,-0.026100,-0.991800, , , 
18214.000000,913001.000000,75549924.000000, , , ,-0.650391,0.000000,-0.975586
18215.000000,913092.000000,75549924.000000, , , ,-0.650391,0.000000,0.000000
18216.000000,913099.000000,75549924.000000,0.002900,-0.020300,-0.994700, , , 
18217.000000,913193.000000,75549924.000000, , , ,0.000000,0.000000,0.000000
18218.000000,913200.000000,75549924.000000,0.005800,-0.020300,-0.994700, , , 
18219.000000,913294.000000,75549924.000000, , , ,-0.325195,-0.650391,-0.325195
18220.000000,913299.000000,75549924.000000,0.011600,-0.034800,-0.951200, , , 
18221.000000,913395.000000,75549924.000000, , , ,0.000000,-0.650391,0.000000
18222.000000,913400.000000,75549924.000000,-0.020300,-0.029000,-0.977300, , , 
18223.000000,913496.000000,75549924.000000, , , ,0.000000,0.000000,-0.325195
18224.000000,913499.000000,75549924.000000,0.005800,-0.037700,-0.997600, , , 
18225.000000,913597.000000,75549924.000000, , , ,-1.300781,0.000000,0.000000
18226.000000,913600.000000,75549924.000000,-0.005800,-0.058000,-1.000500, , , 
18227.000000,913698.000000,75549924.000000, , , ,-1.300781,0.000000,-0.325195
18228.000000,913699.000000,75549924.000000,0.008700,-0.026100,-0.968600, , , 
18229.000000,913799.000000,75549924.000000, , , ,-1.300781,-0.325195,0.325195
18230.000000,913800.000000,75549924.000000,-0.002900,0.000000,-0.957000, , , 
18231.000000,913899.000000,75549924.000000,-0.002900,0.000000,-1.015000, , , 
18232.000000,913900.000000,75549924.000000, , , ,-0.975586,0.000000,-0.325195
18233.000000,914000.000000,75549924.000000,0.008700,-0.008700,-0.997600, , , 
18234.000000,914001.000000,75549924.000000, , , ,-0.650391,0.000000,0.000000
18235.000000,914092.000000,75549924.000000, , , ,-0.325195,0.000000,0.325195
18236.000000,914099.000000,75549924.000000,-0.011600,-0.002900,-0.983100, , , 
18237.000000,914193.000000,75549924.000000, , , ,-0.325195,0.000000,0.000000
18238.000000,914200.000000,75549924.000000,0.000000,-0.011600,-0.988900, , , 
18239.000000,914294.000000,75549924.000000, , , ,-0.325195,0.000000,0.000000
18240.000000,914299.000000,75549924.000000,0.002900,-0.011600,-0.980200, , , 
18241.000000,914395.000000,75549924.000000, , , ,-0.650391,0.000000,-0.325195
18242.000000,914400.000000,75549924.000000,0.005800,-0.020300,-0.986000, , , 
18243.000000,914496.000000,75549924.000000, , , ,-0.325195,-0.325195,0.000000
18244.000000,914499.000000,75549924.000000,0.000000,-0.005800,-0.965700, , , 
18245.000000,914597.000000,75549924.000000, , , ,-0.325195,-0.325195,0.325195
18246.000000,914600.000000,75549924.000000,0.000000,-0.029000,-0.957000, , , 
18247.000000,914698.000000,75549924.000000, , , ,-0.325195,-0.325195,0.000000
18248.000000,914699.000000,75549924.000000,-0.002900,-0.026100,-0.983100, , , 
18249.000000,914799.000000,75549924.000000, , , ,-0.325195,-0.325195,0.000000
18250.000000,914800.000000,75549924.000000,-0.002900,-0.020300,-0.988900, , , 
18251.000000,914899.000000,75549924.000000,-0.002900,-0.017400,-0.994700, , , 
18252.000000,914900.000000,75549924.000000, , , ,0.000000,-0.325195,0.000000
18253.000000,915000.000000,75549924.000000,-0.020300,-0.020300,-0.997600, , , 
18254.000000,915001.000000,75549924.000000, , , ,0.000000,-0.325195,-0.325195
18255.000000,915092.000000,75549924.000000, , , ,-0.325195,0.325195,0.000000
18256.000000,915099.000000,75549924.000000,0.002900,-0.026100,-1.006300, , , 
18257.000000,915193.000000,75549924.000000, , , ,-0.325195,0.000000,-0.325195
18258.000000,915200.000000,75549924.000000,-0.005800,-0.023200,-0.997600, , , 
18259.000000,915294.000000,75549924.000000, , , ,-0.325195,0.325195,0.000000
18260.000000,915299.000000,75549924.000000,0.000000,-0.026100,-1.003400, , , 
18261.000000,915395.000000,75549924.000000, , , ,-0.975586,-0.650391,0.000000
18262.000000,915400.000000,75549924.000000,-0.002900,-0.020300,-0.954100, , , 
18263.000000,915496.000000,75549924.000000, , , ,-0.650391,-0.650391,-0.325195
18264.000000,915499.000000,75549924.000000,-0.008700,-0.020300,-0.968600, , , 
18265.000000,915597.000000,75549924.000000, , , ,-0.975586,0.325195,0.000000
18266.000000,915600.000000,75549924.000000,-0.002900,-0.020300,-1.000500, , , 
18267.000000,915698.000000,75549924.000000, , , ,-0.650391,0.000000,0.000000
18268.000000,915699.000000,75549924.000000,0.000000,-0.020300,-0.997600, , , 
18269.000000,915799.000000,75549924.000000, , , ,-0.325195,-1.300781,0.000000
18270.000000,915800.000000,75549924.000000,-0.014500,0.000000,-0.971500, , , 
18271.000000,915899.000000,75549924.000000,0.005800,-0.002900,-0.954100, , , 
18272.000000,915900.000000,75549924.000000, , , ,-0.325195,0.000000,-0.325195
18273.000000,916000.000000,75549924.000000,-0.014500,-0.026100,-0.980200, , , 
18274.000000,916001.000000,75549924.000000, , , ,-0.650391,0.000000,-0.975586
18275.000000,916092.000000,75549924.000000, , , ,-0.650391,0.000000,0.325195
18276.000000,916099.000000,75549924.000000,0.000000,0.000000,-0.986000, , , 
18277.000000,916193.000000,75549924.000000, , , ,-0.325195,0.000000,0.000000
18278.000000,916200.000000,75549924.000000,-0.002900,-0.017400,-0.986000, , , 
18279.000000,916294.000000,75549924.000000, , , ,-0.325195,-0.325195,0.000000
18280.000000,916299.000000,75549924.000000,-0.011600,-0.014500,-0.997600, , , 
18281.000000,916395.000000,75549924.000000, , , ,-0.325195,0.000000,0.325195
18282.000000,916400.000000,75549924.000000,0.000000,-0.002900,-0.988900, , , 
18283.000000,916496.000000,75549924.000000, , , ,0.000000,-0.650391,0.000000
18284.000000,916499.000000,75549924.000000,-0.002900,0.000000,-0.988900, , , 
18285.000000,916597.000000,75549924.000000, , , ,0.325195,0.000000,0.000000
18286.000000,916600.000000,75549924.000000,-0.002900,0.000000,-0.988900, , , 
18287.000000,916698.000000,75549924.000000, , , ,0.000000,0.000000,0.000000
18288.000000,916699.000000,75549924.000000,-0.002900,-0.008700,-0.997600, , , 
18289.000000,916799.000000,75549924.000000, , , ,0.000000,0.000000,0.000000
18290.000000,916800.000000,75549924.000000,-0.014500,-0.040600,-1.017900, , , 
18291.000000,916899.000000,75549924.000000,0.000000,-0.026100,-1.000500, , , 
18292.000000,916900.000000,75549924.000000, , , ,0.000000,-0.325195,0.000000
18293.000000,917000.000000,75549924.000000,-0.017400,-0.014500,-0.997600, , , 
18294.000000,917001.000000,75549924.000000, , , ,-0.325195,0.000000,0.000000
18295.000000,917092.000000,75549924.000000, , , ,-0.975586,0.325195,0.000000
18296.000000,917099.000000,75549924.000000,-0.002900,-0.046400,-0.994700, , , 
18297.000000,917193.000000,75549924.000000, , , ,0.000000,0.000000,0.000000
18298.000000,917200.000000,75549924.000000,0.000000,-0.005800,-0.959900, , , 
18299.000000,917294.000000,75549924.000000, , , ,-0.325195,-0.325195,0.000000
18300.000000,917299.000000,75549924.000000,0.000000,-0.011600,-0.977300, , , 
18301.000000,917395.000000,75549924.000000, , , ,-0.325195,0.000000,0.000000
18302.000000,917400.000000,75549924.000000,-0.005800,-0.023200,-0.980200, , , 
18303.000000,917496.000000,75549924.000000, , , ,-0.650391,0.000000,-0.325195
18304.000000,917499.000000,75549924.000000,-0.005800,-0.020300,-0.988900, , , 
18305.000000,917597.000000,75549924.000000, , , ,-0.325195,0.000000,-0.325195
18306.000000,917600.000000,75549924.000000,-0.005800,-0.017400,-1.006300, , , 
18307.000000,917698.000000,75549924.000000, , , ,-0.650391,0.325195,-0.325195
18308.000000,917699.000000,75549924.000000,0.000000,-0.026100,-1.009200, , , 
18309.000000,917799.000000,75549924.000000, , , ,-0.975586,0.000000,0.000000
18310.000000,917800.000000,75549924.000000,-0.005800,-0.029000,-1.000500, , , 
18311.000000,917899.000000,75549924.000000,-0.005800,-0.031900,-1.020800, , , 
18312.000000,917900.000000,75549924.000000, , , ,-1.300781,0.325195,0.000000
18313.000000,918000.000000,75549924.000000,0.008700,-0.020300,-1.000500, , , 
18314.000000,918001.000000,75549924.000000, , , ,-0.975586,0.000000,0.000000
18315.000000,918092.000000,75549924.000000, , , ,-0.325195,-0.325195,0.000000
18316.000000,918099.000000,75549924.000000,0.002900,-0.020300,-0.954100, , , 
18317.000000,918193.000000,75549924.000000, , , ,0.000000,-0.325195,0.000000
18318.000000,918200.000000,75549924.000000,0.000000,-0.014500,-0.962800, , , 
18319.000000,918294.000000,75549924.000000, , , ,0.000000,0.325195,-0.325195
18320.000000,918299.000000,75549924.000000,-0.008700,-0.031900,-0.994700, , , 
18321.000000,918395.000000,75549924.000000, , , ,-0.325195,0.000000,0.000000
18322.000000,918400.000000,75549924.000000,0.000000,-0.034800,-0.983100, , , 
18323.000000,918496.000000,75549924.000000, , , ,-0.975586,0.000000,0.000000
18324.000000,918499.000000,75549924.000000,0.000000,-0.017400,-0.983100, , , 
18325.000000,918597.000000,75549924.000000, , , ,-0.975586,-0.325195,0.000000
18326.000000,918600.000000,75549924.000000,-0.029000,-0.026100,-1.000500, , , 
18327.000000,918698.000000,75549924.000000, , , ,-0.975586,0.000000,0.000000
18328.000000,918701.000000,75549924.000000,0.002900,-0.014500,-1.000500, , , 
18329.000000,918798.000000,75549924.000000, , , ,-0.650391,0.000000,-0.325195
18330.000000,918799.000000,75549924.000000,-0.011600,0.000000,-0.991800, , , 
18331.000000,918899.000000,75549924.000000, , , ,-0.325195,0.325195,0.000000
18332.000000,918900.000000,75549924.000000,0.000000,-0.017400,-0.994700, , , 
18333.000000,918999.000000,75549924.000000,0.000000,0.002900,-0.968600, , , 
18334.000000,919000.000000,75549924.000000, , , ,0.000000,0.000000,0.000000
18335.000000,919100.000000,75549924.000000,-0.002900,-0.029000,-0.988900, , , 
18336.000000,919101.000000,75549924.000000, , , ,0.000000,-0.325195,0.000000
18337.000000,919192.000000,75549924.000000, , , ,0.000000,-0.325195,0.000000
18338.000000,919199.000000,75549924.000000,-0.005800,-0.020300,-0.991800, , , 
18339.000000,919293.000000,75549924.000000, , , ,-0.650391,0.000000,0.000000
18340.000000,919300.000000,75549924.000000,-0.005800,-0.031900,-1.000500, , , 
18341.000000,919394.000000,75549924.000000, , , ,-0.975586,0.000000,-0.325195
18342.000000,919399.000000,75549924.000000,-0.002900,-0.031900,-1.003400, , , 
18343.000000,919495.000000,75549924.000000, , , ,-0.650391,0.000000,0.000000
18344.000000,919500.000000,75549924.000000,0.002900,-0.020300,-0.983100, , , 
18345.000000,919596.000000,75549924.000000, , , ,-0.325195,0.000000,0.000000
18346.000000,919599.000000,75549924.000000,0.002900,-0.026100,-0.980200, , , 
18347.000000,919697.000000,75549924.000000, , , ,0.000000,-0.325195,-0.325195
18348.000000,919700.000000,75549924.000000,0.005800,-0.014500,-0.945400, , , 
18349.000000,919798.000000,75549924.000000, , , ,-0.325195,-0.650391,0.000000
18350.000000,919799.000000,75549924.000000,-0.002900,-0.020300,-0.948300, , , 
18351.000000,919899.000000,75549924.000000, , , ,-0.650391,0.325195,0.000000
18352.000000,919900.000000,75549924.000000,-0.017400,-0.034800,-1.015000, , , 
18353.000000,919999.000000,75549924.000000,0.002900,-0.034800,-1.038200, , , 
18354.000000,920000.000000,75549924.000000, , , ,-0.975586,0.650391,0.000000
18355.000000,920100.000000,75549924.000000,0.002900,-0.020300,-0.991800, , , 
18356.000000,920101.000000,75549924.000000, , , ,-1.625977,-0.650391,-1.300781
18357.000000,920192.000000,75549924.000000, , , ,-1.300781,-0.325195,0.000000
18358.000000,920199.000000,75549924.000000,0.002900,-0.014500,-0.948300, , , 
18359.000000,920293.000000,75549924.000000, , , ,-0.325195,-0.325195,0.000000
18360.000000,920300.000000,75549924.000000,0.005800,0.011600,-0.922200, , , 
18361.000000,920394.000000,75549924.000000, , , ,-0.975586,0.325195,0.000000
18362.000000,920399.000000,75549924.000000,-0.029000,0.008700,-0.994700, , , 
18363.000000,920495.000000,75549924.000000, , , ,-0.325195,0.650391,0.000000
18364.000000,920500.000000,75549924.000000,0.011600,0.000000,-1.041100, , , 
18365.000000,920596.000000,75549924.000000, , , ,-0.650391,0.000000,0.000000
18366.000000,920599.000000,75549924.000000,0.005800,-0.008700,-1.000500, , , 
18367.000000,920697.000000,75549924.000000, , , ,-0.975586,-0.650391,0.000000
18368.000000,920700.000000,75549924.000000,0.000000,-0.014500,-0.959900, , , 
18369.000000,920798.000000,75549924.000000, , , ,-0.650391,-0.325195,0.650391
18370.000000,920799.000000,75549924.000000,0.008700,-0.002900,-0.959900, , , 
18371.000000,920899.000000,75549924.000000, , , ,-0.650391,0.000000,0.000000
18372.000000,920900.000000,75549924.000000,0.008700,0.002900,-0.968600, , , 
18373.000000,920999.000000,75549924.000000,0.008700,0.008700,-0.951200, , , 
18374.000000,921000.000000,75549924.000000, , , ,0.000000,-0.650391,0.000000
18375.000000,921100.000000,75549924.000000,0.002900,-0.011600,-0.971500, , , 
18376.000000,921101.000000,75549924.000000, , , ,0.000000,-0.325195,0.000000
18377.000000,921192.000000,75549924.000000, , , ,0.000000,0.000000,0.000000
18378.000000,921199.000000,75549924.000000,-0.017400,-0.008700,-1.000500, , , 
18379.000000,921293.000000,75549924.000000, , , ,0.000000,0.000000,0.000000
18380.000000,921300.000000,75549924.000000,-0.002900,0.000000,-1.012100, , , 
18381.000000,921394.000000,75549924.000000, , , ,-0.325195,0.000000,0.000000
18382.000000,921399.000000,75549924.000000,0.011600,0.000000,-0.997600, , , 
18383.000000,921495.000000,75549924.000000, , , ,-0.325195,-0.325195,0.325195
18384.000000,921500.000000,75549924.000000,0.002900,-0.005800,-0.959900, , , 
18385.000000,921596.000000,75549924.000000, , , ,-0.650391,-0.325195,0.000000
18386.000000,921599.000000,75549924.000000,0.011600,-0.017400,-0.968600, , , 
18387.000000,921697.000000,75549924.000000, , , ,-0.325195,-0.325195,0.000000
18388.000000,921700.000000,75549924.000000,0.005800,0.000000,-0.968600, , , 
18389.000000,921798.000000,75549924.000000, , , ,0.000000,0.000000,-0.325195
18390.000000,921799.000000,75549924.000000,0.000000,-0.002900,-0.988900, , , 
18391.000000,921899.000000,75549924.000000, , , ,-0.650391,0.000000,0.000000
18392.000000,921900.000000,75549924.000000,-0.005800,-0.023200,-1.009200, , , 
18393.000000,921999.000000,75549924.000000,0.014500,-0.008700,-1.000500, , , 
18394.000000,922000.000000,75549924.000000, , , ,-0.325195,0.000000,0.000000
18395.000000,922100.000000,75549924.000000,0.008700,-0.005800,-0.980200, , , 
18396.000000,922101.000000,75549924.000000, , , ,-0.325195,-0.325195,0.000000
18397.000000,922192.000000,75549924.000000, , , ,0.000000,0.000000,0.000000
18398.000000,922199.000000,75549924.000000,0.000000,0.008700,-0.983100, , , 
18399.000000,922293.000000,75549924.000000, , , ,-0.650391,0.000000,0.000000
18400.000000,922300.000000,75549924.000000,0.014500,-0.023200,-0.980200, , , 
18401.000000,922394.000000,75549924.000000, , , ,-0.650391,0.000000,0.000000
18402.000000,922399.000000,75549924.000000,0.011600,-0.011600,-0.983100, , , 
18403.000000,922495.000000,75549924.000000, , , ,-0.325195,0.000000,0.000000
18404.000000,922500.000000,75549924.000000,0.002900,0.000000,-0.986000, , , 
18405.000000,922596.000000,75549924.000000, , , ,-0.650391,-0.325195,0.000000
18406.000000,922599.000000,75549924.000000,0.008700,-0.002900,-0.983100, , , 
18407.000000,922697.000000,75549924.000000, , , ,-0.325195,0.000000,0.000000
18408.000000,922700.000000,75549924.000000,-0.002900,-0.002900,-1.012100, , , 
18409.000000,922798.000000,75549924.000000, , , ,-0.325195,0.325195,0.000000
18410.000000,922799.000000,75549924.000000,0.011600,-0.017400,-1.017900, , , 
18411.000000,922899.000000,75549924.000000, , , ,0.000000,0.325195,0.000000
18412.000000,922900.000000,75549924.000000,0.000000,-0.011600,-1.023700, , , 
18413.000000,922999.000000,75549924.000000,0.026100,-0.002900,-0.988900, , , 
18414.000000,923000.000000,75549924.000000, , , ,0.000000,0.000000,0.000000
18415.000000,923100.000000,75549924.000000,0.011600,-0.029000,-0.962800, , , 
18416.000000,923101.000000,75549924.000000, , , ,-0.650391,-0.325195,-0.325195
18417.000000,923192.000000,75549924.000000, , , ,-0.650391,-0.325195,0.000000
18418.000000,923199.000000,75549924.000000,-0.002900,-0.017400,-0.983100, , , 
18419.000000,923293.000000,75549924.000000, , , ,-1.300781,-0.325195,0.000000
18420.000000,923300.000000,75549924.000000,0.011600,-0.034800,-0.980200, , , 
18421.000000,923394.000000,75549924.000000, , , ,-1.300781,-0.975586,0.000000
18422.000000,923399.000000,75549924.000000,0.014500,-0.014500,-0.959900, , , 
18423.000000,923495.000000,75549924.000000, , , ,-0.325195,-0.325195,0.000000
18424.000000,923500.000000,75549924.000000,-0.011600,-0.008700,-0.962800, , , 
18425.000000,923596.000000,75549924.000000, , , ,0.000000,0.000000,0.325195
18426.000000,923599.000000,75549924.000000,0.005800,-0.029000,-0.997600, , , 
18427.000000,923697.000000,75549924.000000, , , ,-0.325195,0.000000,-0.325195
18428.000000,923700.000000,75549924.000000,0.023200,-0.031900,-1.009200, , , 
18429.000000,923798.000000,75549924.000000, , , ,-0.325195,-0.650391,-0.325195
18430.000000,923801.000000,75549924.000000,0.014500,-0.014500,-0.977300, , , 
18431.000000,923898.000000,75549924.000000, , , ,-0.650391,0.000000,0.000000
18432.000000,923899.000000,75549924.000000,0.000000,-0.017400,-0.968600, , , 
18433.000000,923999.000000,75549924.000000, , , ,-0.650391,0.000000,-0.325195
18434.000000,924000.000000,75549924.000000,0.000000,-0.029000,-0.988900, , , 
18435.000000,924099.000000,75549924.000000,0.011600,-0.023200,-0.974400, , , 
18436.000000,924100.000000,75549924.000000, , , ,-0.975586,-0.325195,-0.325195
18437.000000,924200.000000,75549924.000000,0.000000,-0.040600,-0.986000, , , 
18438.000000,924201.000000,75549924.000000, , , ,-0.650391,-0.325195,0.000000
18439.000000,924292.000000,75549924.000000, , , ,-0.975586,0.000000,0.000000
18440.000000,924299.000000,75549924.000000,0.002900,-0.029000,-1.006300, , , 
18441.000000,924393.000000,75549924.000000, , , ,-0.650391,0.000000,0.000000
18442.000000,924400.000000,75549924.000000,0.011600,-0.014500,-0.994700, , , 
18443.000000,924494.000000,75549924.000000, , , ,-0.325195,-0.650391,0.000000
18444.000000,924499.000000,75549924.000000,0.002900,-0.014500,-0.957000, , , 
18445.000000,924595.000000,75549924.000000, , , ,0.000000,0.000000,-0.325195
18446.000000,924600.000000,75549924.000000,0.008700,-0.017400,-0.980200, , , 
18447.000000,924696.000000,75549924.000000, , , ,-0.650391,-0.325195,0.000000
18448.000000,924699.000000,75549924.000000,0.011600,-0.008700,-0.983100, , , 
18449.000000,924797.000000,75549924.000000, , , ,-0.650391,0.000000,0.000000
18450.000000,924800.000000,75549924.000000,0.002900,-0.002900,-0.968600, , , 
18451.000000,924898.000000,75549924.000000, , , ,-0.975586,0.000000,0.325195
18452.000000,924899.000000,75549924.000000,0.002900,-0.005800,-0.983100, , , 
18453.000000,924999.000000,75549924.000000, , , ,-0.650391,-0.325195,0.000000
18454.000000,925000.000000,75549924.000000,0.008700,0.000000,-0.991800, , , 
18455.000000,925099.000000,75549924.000000,0.014500,0.017400,-0.971500, , , 
18456.000000,925100.000000,75549924.000000, , , ,0.000000,-0.325195,-0.325195
18457.000000,925200.000000,75549924.000000,0.000000,0.000000,-0.986000, , , 
18458.000000,925201.000000,75549924.000000, , , ,-0.325195,0.000000,0.000000
18459.000000,925292.000000,75549924.000000, , , ,-0.325195,0.325195,0.000000
18460.000000,925299.000000,75549924.000000,0.000000,-0.005800,-1.003400, , , 
18461.000000,925393.000000,75549924.000000, , , ,-0.975586,0.000000,0.325195
18462.000000,925400.000000,75549924.000000,0.002900,0.005800,-0.997600, , , 
18463.000000,925494.000000,75549924.000000, , , ,-0.975586,0.000000,0.325195
18464.000000,925499.000000,75549924.000000,0.008700,0.000000,-1.000500, , , 
18465.000000,925595.000000,75549924.000000, , , ,-0.975586,0.000000,0.325195
18466.000000,925600.000000,75549924.000000,0.014500,0.014500,-0.980200, , , 
18467.000000,925696.000000,75549924.000000, , , ,-0.975586,-0.325195,0.325195
18468.000000,925699.000000,75549924.000000,0.005800,0.026100,-0.951200, , , 
18469.000000,925797.000000,75549924.000000, , , ,-0.650391,0.000000,0.325195
18470.000000,925800.000000,75549924.000000,-0.008700,0.020300,-0.980200, , , 
18471.000000,925898.000000,75549924.000000, , , ,-0.975586,0.325195,0.325195
18472.000000,925899.000000,75549924.000000,0.008700,0.040600,-1.009200, , , 
18473.000000,925999.000000,75549924.000000, , , ,-0.650391,0.000000,0.325195
18474.000000,926000.000000,75549924.000000,0.008700,0.052200,-1.012100, , , 
18475.000000,926099.000000,75549924.000000,0.008700,0.037700,-0.957000, , , 
18476.000000,926100.000000,75549924.000000, , , ,-0.650391,-0.325195,0.325195
18477.000000,926200.000000,75549924.000000,0.005800,0.031900,-0.948300, , , 
18478.000000,926201.000000,75549924.000000, , , ,-0.975586,-0.325195,0.650391
18479.000000,926292.000000,75549924.000000, , , ,-0.650391,-0.325195,0.650391
18480.000000,926299.000000,75549924.000000,-0.020300,0.046400,-0.983100, , , 
18481.000000,926393.000000,75549924.000000, , , ,0.000000,0.000000,0.975586
18482.000000,926400.000000,75549924.000000,-0.002900,0.029000,-1.003400, , , 
18483.000000,926494.000000,75549924.000000, , , ,-0.975586,0.000000,0.975586
18484.000000,926499.000000,75549924.000000,0.000000,0.069600,-1.015000, , , 
18485.000000,926595.000000,75549924.000000, , , ,-0.650391,0.325195,0.650391
18486.000000,926600.000000,75549924.000000,0.000000,0.052200,-1.026600, , , 
18487.000000,926696.000000,75549924.000000, , , ,-0.650391,0.000000,0.650391
18488.000000,926699.000000,75549924.000000,0.005800,0.046400,-0.977300, , , 
18489.000000,926797.000000,75549924.000000, , , ,0.000000,-0.650391,0.325195
18490.000000,926800.000000,75549924.000000,0.002900,0.046400,-0.974400, , , 
18491.000000,926898.000000,75549924.000000, , , ,0.000000,-1.300781,0.650391
18492.000000,926899.000000,75549924.000000,0.005800,0.046400,-0.948300, , , 
18493.000000,926999.000000,75549924.000000, , , ,-0.325195,-0.325195,0.325195
18494.000000,927000.000000,75549924.000000,0.000000,0.031900,-0.986000, , , 
18495.000000,927099.000000,75549924.000000,0.002900,0.052200,-0.980200, , , 
18496.000000,927100.000000,75549924.000000, , , ,-0.325195,0.000000,0.975586
18497.000000,927200.000000,75549924.000000,0.008700,0.034800,-0.974400, , , 
18498.000000,927201.000000,75549924.000000, , , ,0.000000,-0.325195,0.325195
18499.000000,927292.000000,75549924.000000, , , ,0.325195,0.000000,0.000000
18500.000000,927299.000000,75549924.000000,0.000000,0.026100,-0.968600, , , 
18501.000000,927393.000000,75549924.000000, , , ,0.325195,-0.650391,0.000000
18502.000000,927400.000000,75549924.000000,0.008700,0.020300,-0.962800, , , 
18503.000000,927494.000000,75549924.000000, , , ,0.000000,0.000000,0.325195
18504.000000,927499.000000,75549924.000000,0.000000,0.000000,-0.971500, , , 
18505.000000,927595.000000,75549924.000000, , , ,-0.325195,0.000000,0.000000
18506.000000,927600.000000,75549924.000000,-0.011600,0.000000,-1.017900, , , 
18507.000000,927696.000000,75549924.000000, , , ,-0.975586,0.325195,0.975586
18508.000000,927699.000000,75549924.000000,0.011600,-0.005800,-1.017900, , , 
18509.000000,927797.000000,75549924.000000, , , ,-0.975586,0.000000,0.325195
18510.000000,927800.000000,75549924.000000,0.000000,0.011600,-0.988900, , , 
18511.000000,927898.000000,75549924.000000, , , ,-0.975586,0.000000,0.325195
18512.000000,927899.000000,75549924.000000,0.008700,0.008700,-0.974400, , , 
18513.000000,927999.000000,75549924.000000, , , ,-1.300781,-0.325195,0.000000
18514.000000,928000.000000,75549924.000000,0.014500,0.011600,-0.957000, , , 
18515.000000,928099.000000,75549924.000000,-0.005800,0.008700,-1.015000, , , 
18516.000000,928100.000000,75549924.000000, , , ,-0.975586,0.000000,0.000000
18517.000000,928200.000000,75549924.000000,0.005800,0.020300,-1.012100, , , 
18518.000000,928201.000000,75549924.000000, , , ,-0.325195,0.000000,0.650391
18519.000000,928292.000000,75549924.000000, , , ,0.000000,0.000000,0.000000
18520.000000,928299.000000,75549924.000000,0.000000,0.014500,-0.983100, , , 
18521.000000,928393.000000,75549924.000000, , , ,0.000000,0.000000,0.325195
18522.000000,928400.000000,75549924.000000,0.002900,0.031900,-0.986000, , , 
18523.000000,928494.000000,75549924.000000, , , ,0.000000,-0.325195,0.325195
18524.000000,928499.000000,75549924.000000,0.029000,0.026100,-0.957000, , , 
18525.000000,928595.000000,75549924.000000, , , ,0.000000,-0.325195,0.000000
18526.000000,928600.000000,75549924.000000,-0.002900,0.011600,-0.968600, , , 
18527.000000,928696.000000,75549924.000000, , , ,0.000000,0.000000,0.000000
18528.000000,928699.000000,75549924.000000,0.002900,-0.005800,-0.986000, , , 
18529.000000,928797.000000,75549924.000000, , , ,-0.325195,0.000000,0.325195
18530.000000,928800.000000,75549924.000000,-0.014500,-0.008700,-1.003400, , , 
18531.000000,928898.000000,75549924.000000, , , ,0.000000,0.000000,0.325195
18532.000000,928899.000000,75549924.000000,0.005800,0.000000,-0.986000, , , 
18533.000000,928999.000000,75549924.000000, , , ,-0.975586,-0.325195,0.325195
18534.000000,929000.000000,75549924.000000,0.000000,0.014500,-0.980200, , , 
18535.000000,929099.000000,75549924.000000,0.008700,0.023200,-0.997600, , , 
18536.000000,929100.000000,75549924.000000, , , ,-0.325195,0.000000,0.325195
18537.000000,929200.000000,75549924.000000,0.000000,0.014500,-0.986000, , , 
18538.000000,929201.000000,75549924.000000, , , ,0.000000,0.000000,0.325195
18539.000000,929292.000000,75549924.000000, , , ,-0.650391,0.325195,0.325195
18540.000000,929299.000000,75549924.000000,0.002900,0.017400,-0.977300, , , 
18541.000000,929393.000000,75549924.000000, , , ,-0.975586,-0.325195,0.325195
18542.000000,929400.000000,75549924.000000,0.000000,-0.011600,-0.983100, , , 
18543.000000,929494.000000,75549924.000000, , , ,-0.975586,0.000000,0.000000
18544.000000,929499.000000,75549924.000000,0.011600,0.011600,-0.974400, , , 
18545.000000,929595.000000,75549924.000000, , , ,-0.650391,-0.325195,0.000000
18546.000000,929600.000000,75549924.000000,0.000000,0.002900,-0.994700, , , 
18547.000000,929696.000000,75549924.000000, , , ,-0.650391,0.325195,0.000000
18548.000000,929699.000000,75549924.000000,0.000000,0.000000,-1.000500, , , 
18549.000000,929797.000000,75549924.000000, , , ,-0.325195,0.000000,0.000000
18550.000000,929800.000000,75549924.000000,0.008700,0.000000,-0.983100, , , 
18551.000000,929898.000000,75549924.000000, , , ,0.000000,-0.650391,-0.325195
18552.000000,929899.000000,75549924.000000,0.002900,0.000000,-0.977300, , , 
18553.000000,929999.000000,75549924.000000, , , ,0.000000,0.000000,0.650391
18554.000000,930000.000000,75549924.000000,-0.020300,0.000000,-0.983100, , , 
18555.000000,930099.000000,75549924.000000,0.005800,0.000000,-1.009200, , , 
18556.000000,930100.000000,75549924.000000, , , ,-0.325195,0.000000,0.000000
18557.000000,930200.000000,75549924.000000,0.005800,0.000000,-1.000500, , , 
18558.000000,930201.000000,75549924.000000, , , ,-0.650391,0.000000,0.000000
18559.000000,930292.000000,75549924.000000, , , ,-0.650391,-0.325195,0.000000
18560.000000,930299.000000,75549924.000000,0.011600,0.000000,-0.954100, , , 
18561.000000,930393.000000,75549924.000000, , , ,-0.325195,-0.975586,0.000000
18562.000000,930400.000000,75549924.000000,0.002900,0.000000,-0.948300, , , 
18563.000000,930494.000000,75549924.000000, , , ,0.000000,0.000000,0.000000
18564.000000,930499.000000,75549924.000000,0.008700,-0.002900,-0.962800, , , 
18565.000000,930595.000000,75549924.000000, , , ,0.000000,0.000000,0.000000
18566.000000,930600.000000,75549924.000000,-0.008700,-0.008700,-1.012100, , , 
18567.000000,930696.000000,75549924.000000, , , ,0.000000,0.325195,0.000000
18568.000000,930699.000000,75549924.000000,0.000000,-0.034800,-1.041100, , , 
18569.000000,930797.000000,75549924.000000, , , ,-0.650391,0.000000,0.000000
18570.000000,930800.000000,75549924.000000,0.014500,-0.023200,-0.991800, , , 
18571.000000,930898.000000,75549924.000000, , , ,-0.975586,0.000000,0.000000
18572.000000,930899.000000,75549924.000000,0.000000,-0.020300,-0.977300, , , 
18573.000000,930999.000000,75549924.000000, , , ,0.000000,0.000000,0.000000
18574.000000,931000.000000,75549924.000000,0.002900,-0.034800,-0.991800, , , 
18575.000000,931099.000000,75549924.000000,0.008700,-0.011600,-0.977300, , , 
18576.000000,931100.000000,75549924.000000, , , ,-0.650391,0.000000,-0.325195
18577.000000,931200.000000,75549924.000000,0.000000,-0.031900,-0.997600, , , 
18578.000000,931201.000000,75549924.000000, , , ,-0.650391,0.000000,0.000000
18579.000000,931292.000000,75549924.000000, , , ,-0.650391,0.000000,0.000000
18580.000000,931299.000000,75549924.000000,0.014500,-0.020300,-0.980200, , , 
18581.000000,931393.000000,75549924.000000, , , ,-0.650391,-0.325195,0.000000
18582.000000,931400.000000,75549924.000000,0.008700,-0.014500,-0.974400, , , 
18583.000000,931494.000000,75549924.000000, , , ,-0.975586,0.000000,0.000000
18584.000000,931499.000000,75549924.000000,0.000000,-0.029000,-0.968600, , , 
18585.000000,931595.000000,75549924.000000, , , ,-0.325195,-0.650391,0.000000
18586.000000,931600.000000,75549924.000000,0.017400,-0.008700,-0.957000, , , 
18587.000000,931696.000000,75549924.000000, , , ,-0.325195,-0.650391,0.000000
18588.000000,931699.000000,75549924.000000,-0.002900,-0.017400,-0.957000, , , 
18589.000000,931797.000000,75549924.000000, , , ,-1.300781,0.000000,0.000000
18590.000000,931800.000000,75549924.000000,0.002900,-0.020300,-0.988900, , , 
18591.000000,931898.000000,75549924.000000, , , ,-0.975586,0.000000,0.325195
18592.000000,931899.000000,75549924.000000,0.000000,0.000000,-1.006300, , , 
18593.000000,931999.000000,75549924.000000, , , ,-0.650391,0.325195,0.000000
18594.000000,932000.000000,75549924.000000,0.000000,0.014500,-1.000500, , , 
18595.000000,932099.000000,75549924.000000,0.008700,0.034800,-0.997600, , , 
18596.000000,932100.000000,75549924.000000, , , ,0.000000,0.000000,0.000000
18597.000000,932200.000000,75549924.000000,0.000000,-0.008700,-1.000500, , , 
18598.000000,932201.000000,75549924.000000, , , ,0.325195,0.000000,0.000000
18599.000000,932292.000000,75549924.000000, , , ,0.000000,0.000000,0.000000
18600.000000,932299.000000,75549924.000000,0.014500,0.000000,-0.977300, , , 
18601.000000,932393.000000,75549924.000000, , , ,0.000000,-0.325195,0.000000
18602.000000,932400.000000,75549924.000000,0.017400,-0.014500,-0.954100, , , 
18603.000000,932494.000000,75549924.000000, , , ,-0.325195,0.000000,0.000000
18604.000000,932499.000000,75549924.000000,-0.002900,-0.023200,-0.971500, , , 
18605.000000,932595.000000,75549924.000000, , , ,-0.650391,0.000000,-0.325195
18606.000000,932600.000000,75549924.000000,0.005800,-0.005800,-0.983100, , , 
18607.000000,932696.000000,75549924.000000, , , ,-0.650391,0.000000,0.000000
18608.000000,932699.000000,75549924.000000,0.002900,-0.014500,-1.017900, , , 
18609.000000,932797.000000,75549924.000000, , , ,-1.625977,0.000000,0.325195
18610.000000,932800.000000,75549924.000000,-0.005800,-0.008700,-0.997600, , , 
18611.000000,932898.000000,75549924.000000, , , ,-1.625977,0.000000,0.000000
18612.000000,932899.000000,75549924.000000,0.000000,0.000000,-0.983100, , , 
18613.000000,932999.000000,75549924.000000, , , ,-0.650391,0.325195,0.000000
18614.000000,933000.000000,75549924.000000,-0.002900,0.011600,-0.994700, , , 
18615.000000,933099.000000,75549924.000000,0.011600,0.011600,-0.965700, , , 
18616.000000,933100.000000,75549924.000000, , , ,-0.975586,-0.325195,0.975586
18617.000000,933200.000000,75549924.000000,-0.002900,0.000000,-0.977300, , , 
18618.000000,933201.000000,75549924.000000, , , ,0.000000,0.000000,0.000000
18619.000000,933292.000000,75549924.000000, , , ,-0.650391,0.000000,0.325195
18620.000000,933299.000000,75549924.000000,0.011600,0.000000,-0.986000, , , 
18621.000000,933393.000000,75549924.000000, , , ,-0.650391,-0.325195,0.325195
18622.000000,933400.000000,75549924.000000,0.005800,0.014500,-0.971500, , , 
18623.000000,933494.000000,75549924.000000, , , ,-0.650391,0.000000,0.325195
18624.000000,933499.000000,75549924.000000,-0.002900,-0.002900,-0.986000, , , 
18625.000000,933595.000000,75549924.000000, , , ,-0.650391,0.000000,0.000000
18626.000000,933600.000000,75549924.000000,-0.005800,-0.002900,-1.000500, , , 
18627.000000,933696.000000,75549924.000000, , , ,-0.975586,0.000000,0.000000
18628.000000,933699.000000,75549924.000000,-0.008700,-0.005800,-1.026600, , , 
18629.000000,933797.000000,75549924.000000, , , ,-1.300781,0.000000,0.000000
18630.000000,933800.000000,75549924.000000,0.014500,-0.002900,-1.000500, , , 
18631.000000,933898.000000,75549924.000000, , , ,-0.325195,-0.325195,0.000000
18632.000000,933899.000000,75549924.000000,0.005800,0.005800,-0.954100, , , 
18633.000000,933999.000000,75549924.000000, , , ,-0.325195,-0.325195,0.000000
18634.000000,934000.000000,75549924.000000,0.000000,-0.031900,-0.971500, , , 
18635.000000,934099.000000,75549924.000000,0.008700,-0.014500,-0.980200, , , 
18636.000000,934100.000000,75549924.000000, , , ,-0.650391,-0.325195,0.000000
18637.000000,934200.000000,75549924.000000,0.002900,-0.002900,-0.988900, , , 
18638.000000,934201.000000,75549924.000000, , , ,-0.650391,0.000000,0.000000
18639.000000,934292.000000,75549924.000000, , , ,-0.325195,0.000000,0.000000
18640.000000,934299.000000,75549924.000000,-0.014500,-0.011600,-1.000500, , , 
18641.000000,934393.000000,75549924.000000, , , ,-0.975586,0.000000,0.000000
18642.000000,934400.000000,75549924.000000,0.000000,-0.002900,-0.997600, , , 
18643.000000,934494.000000,75549924.000000, , , ,-0.325195,-0.325195,0.000000
18644.000000,934499.000000,75549924.000000,0.014500,0.002900,-0.983100, , , 
18645.000000,934595.000000,75549924.000000, , , ,0.000000,-0.650391,0.000000
18646.000000,934600.000000,75549924.000000,0.005800,0.000000,-0.948300, , , 
18647.000000,934696.000000,75549924.000000, , , ,-0.650391,-0.325195,0.325195
18648.000000,934699.000000,75549924.000000,-0.002900,-0.017400,-0.957000, , , 
18649.000000,934797.000000,75549924.000000, , , ,-0.650391,0.000000,0.325195
18650.000000,934800.000000,75549924.000000,0.000000,-0.023200,-0.977300, , , 
18651.000000,934898.000000,75549924.000000, , , ,-0.975586,0.000000,0.325195
18652.000000,934899.000000,75549924.000000,-0.002900,0.005800,-0.991800, , , 
18653.000000,934999.000000,75549924.000000, , , ,-0.325195,0.325195,0.000000
18654.000000,935000.000000,75549924.000000,0.000000,0.008700,-1.006300, , , 
18655.000000,935099.000000,75549924.000000,-0.011600,0.026100,-1.015000, , , 
18656.000000,935100.000000,75549924.000000, , , ,-0.650391,0.000000,0.325195
18657.000000,935200.000000,75549924.000000,0.005800,0.002900,-0.997600, , , 
18658.000000,935201.000000,75549924.000000, , , ,-0.650391,0.000000,0.650391
18659.000000,935292.000000,75549924.000000, , , ,-1.300781,-0.325195,0.650391
18660.000000,935299.000000,75549924.000000,0.008700,0.029000,-0.962800, , , 
18661.000000,935393.000000,75549924.000000, , , ,-0.975586,-0.325195,0.325195
18662.000000,935400.000000,75549924.000000,0.000000,0.026100,-0.971500, , , 
18663.000000,935494.000000,75549924.000000, , , ,-1.300781,-0.650391,0.325195
18664.000000,935499.000000,75549924.000000,0.005800,0.040600,-0.965700, , , 
18665.000000,935595.000000,75549924.000000, , , ,-0.975586,0.000000,0.325195
18666.000000,935600.000000,75549924.000000,0.014500,0.049300,-0.971500, , , 
18667.000000,935696.000000,75549924.000000, , , ,-0.325195,-0.650391,0.325195
18668.000000,935699.000000,75549924.000000,0.008700,0.014500,-0.948300, , , 
18669.000000,935797.000000,75549924.000000, , , ,-0.650391,0.000000,0.325195
18670.000000,935800.000000,75549924.000000,-0.008700,0.020300,-0.986000, , , 
18671.000000,935898.000000,75549924.000000, , , ,-0.975586,-0.325195,0.000000
18672.000000,935899.000000,75549924.000000,0.000000,0.029000,-0.994700, , , 
18673.000000,935999.000000,75549924.000000, , , ,-0.325195,-0.325195,0.000000
18674.000000,936000.000000,75549924.000000,0.005800,0.026100,-0.965700, , , 
18675.000000,936099.000000,75549924.000000,0.000000,0.020300,-0.991800, , , 
18676.000000,936100.000000,75549924.000000, , , ,-0.325195,-0.325195,0.325195
18677.000000,936200.000000,75549924.000000,0.017400,0.020300,-0.991800, , , 
18678.000000,936201.000000,75549924.000000, , , ,-0.325195,0.000000,0.325195
18679.000000,936292.000000,75549924.000000, , , ,-0.650391,0.000000,0.000000
18680.000000,936299.000000,75549924.000000,0.005800,0.023200,-0.977300, , , 
18681.000000,936393.000000,75549924.000000, , , ,-0.325195,-0.325195,0.325195
18682.000000,936400.000000,75549924.000000,0.002900,0.017400,-0.957000, , , 
18683.000000,936494.000000,75549924.000000, , , ,-0.325195,-0.325195,0.325195
18684.000000,936499.000000,75549924.000000,-0.005800,0.020300,-0.971500, , , 
18685.000000,936595.000000,75549924.000000, , , ,-0.975586,0.000000,0.650391
18686.000000,936600.000000,75549924.000000,0.005800,0.026100,-1.020800, , , 
18687.000000,936696.000000,75549924.000000, , , ,-0.975586,0.000000,0.000000
18688.000000,936699.000000,75549924.000000,0.005800,0.023200,-1.003400, , , 
18689.000000,936797.000000,75549924.000000, , , ,-0.325195,-0.325195,0.325195
18690.000000,936800.000000,75549924.000000,0.011600,0.020300,-0.948300, , , 
18691.000000,936898.000000,75549924.000000, , , ,0.325195,-0.325195,0.000000
18692.000000,936899.000000,75549924.000000,-0.005800,0.020300,-0.971500, , , 
18693.000000,936999.000000,75549924.000000, , , ,0.000000,0.000000,0.000000
18694.000000,937000.000000,75549924.000000,0.017400,0.014500,-0.980200, , , 
18695.000000,937099.000000,75549924.000000,0.014500,0.000000,-0.977300, , , 
18696.000000,937100.000000,75549924.000000, , , ,-0.650391,0.000000,0.325195
18697.000000,937200.000000,75549924.000000,-0.005800,0.000000,-0.983100, , , 
18698.000000,937201.000000,75549924.000000, , , ,-0.325195,0.000000,0.000000
18699.000000,937292.000000,75549924.000000, , , ,-0.650391,0.000000,0.000000
18700.000000,937299.000000,75549924.000000,0.002900,-0.002900,-0.991800, , , 
18701.000000,937393.000000,75549924.000000, , , ,-0.650391,-0.325195,0.000000
18702.000000,937400.000000,75549924.000000,-0.005800,0.000000,-1.015000, , , 
18703.000000,937494.000000,75549924.000000, , , ,-0.650391,-0.325195,0.000000
18704.000000,937499.000000,75549924.000000,0.011600,-0.005800,-0.977300, , , 
18705.000000,937595.000000,75549924.000000, , , ,-0.975586,0.000000,0.000000
18706.000000,937600.000000,75549924.000000,0.000000,0.011600,-0.968600, , , 
18707.000000,937696.000000,75549924.000000, , , ,-0.975586,-0.325195,0.000000
18708.000000,937699.000000,75549924.000000,-0.002900,0.002900,-0.974400, , , 
18709.000000,937797.000000,75549924.000000, , , ,-0.650391,-0.325195,0.000000
18710.000000,937800.000000,75549924.000000,0.000000,-0.002900,-0.971500, , , 
18711.000000,937898.000000,75549924.000000, , , ,-0.650391,-0.325195,-0.325195
18712.000000,937899.000000,75549924.000000,0.000000,-0.017400,-0.974400, , , 
18713.000000,937999.000000,75549924.000000, , , ,0.000000,-0.650391,-0.325195
18714.000000,938000.000000,75549924.000000,0.002900,0.008700,-0.951200, , , 
18715.000000,938099.000000,75549924.000000,-0.005800,0.000000,-0.994700, , , 
18716.000000,938100.000000,75549924.000000, , , ,0.000000,-0.325195,0.000000
18717.000000,938200.000000,75549924.000000,-0.002900,-0.002900,-1.000500, , , 
18718.000000,938201.000000,75549924.000000, , , ,-0.325195,0.000000,0.000000
18719.000000,938292.000000,75549924.000000, , , ,0.000000,-0.325195,0.000000
18720.000000,938299.000000,75549924.000000,0.000000,-0.005800,-0.968600, , , 
18721.000000,938393.000000,75549924.000000, , , ,-0.325195,0.000000,0.000000
18722.000000,938400.000000,75549924.000000,-0.002900,-0.020300,-0.971500, , , 
18723.000000,938494.000000,75549924.000000, , , ,-0.325195,0.000000,0.000000
18724.000000,938499.000000,75549924.000000,0.002900,-0.005800,-0.971500, , , 
18725.000000,938595.000000,75549924.000000, , , ,0.000000,0.000000,0.000000
18726.000000,938600.000000,75549924.000000,-0.005800,-0.011600,-0.974400, , , 
18727.000000,938696.000000,75549924.000000, , , ,-0.325195,0.000000,-0.325195
18728.000000,938699.000000,75549924.000000,-0.008700,-0.034800,-1.006300, , , 
18729.000000,938797.000000,75549924.000000, , , ,-0.325195,-0.975586,0.000000
18730.000000,938800.000000,75549924.000000,0.014500,-0.008700,-1.000500, , , 
18731.000000,938898.000000,75549924.000000, , , ,0.000000,0.000000,-0.325195
18732.000000,938899.000000,75549924.000000,-0.008700,-0.014500,-0.986000, , , 
18733.000000,938999.000000,75549924.000000, , , ,0.000000,0.000000,-0.325195
18734.000000,939000.000000,75549924.000000,0.000000,-0.017400,-0.988900, , , 
18735.000000,939099.000000,75549924.000000,0.000000,-0.020300,-0.983100, , , 
18736.000000,939100.000000,75549924.000000, , , ,-0.325195,-0.325195,-0.325195
18737.000000,939200.000000,75549924.000000,-0.002900,-0.034800,-0.991800, , , 
18738.000000,939201.000000,75549924.000000, , , ,0.000000,0.000000,-0.325195
18739.000000,939292.000000,75549924.000000, , , ,0.000000,-0.650391,-0.325195
18740.000000,939299.000000,75549924.000000,-0.005800,-0.029000,-0.954100, , , 
18741.000000,939393.000000,75549924.000000, , , ,0.000000,-0.975586,-0.325195
18742.000000,939400.000000,75549924.000000,-0.011600,-0.034800,-0.942500, , , 
18743.000000,939494.000000,75549924.000000, , , ,-0.325195,0.000000,-0.325195
18744.000000,939499.000000,75549924.000000,-0.014500,-0.055100,-1.003400, , , 
18745.000000,939595.000000,75549924.000000, , , ,-0.650391,0.000000,-0.325195
18746.000000,939600.000000,75549924.000000,0.002900,-0.029000,-0.991800, , , 
18747.000000,939696.000000,75549924.000000, , , ,-0.650391,-0.650391,-0.650391
18748.000000,939699.000000,75549924.000000,-0.014500,-0.046400,-0.988900, , , 
18749.000000,939797.000000,75549924.000000, , , ,-0.325195,0.000000,-0.325195
18750.000000,939800.000000,75549924.000000,0.000000,-0.031900,-0.983100, , , 
18751.000000,939898.000000,75549924.000000, , , ,0.000000,-0.650391,-0.650391
18752.000000,939899.000000,75549924.000000,-0.005800,-0.034800,-0.977300, , , 
18753.000000,939999.000000,75549924.000000, , , ,-0.975586,0.325195,0.000000
18754.000000,940000.000000,75549924.000000,-0.017400,-0.049300,-1.032400, , , 
18755.000000,940099.000000,75549924.000000,0.002900,-0.023200,-1.041100, , , 
18756.000000,940100.000000,75549924.000000, , , ,-1.300781,0.650391,0.000000
18757.000000,940200.000000,75549924.000000,0.002900,-0.017400,-0.986000, , , 
18758.000000,940201.000000,75549924.000000, , , ,-0.325195,-0.325195,-0.325195
18759.000000,940301.000000,75549924.000000,0.000000,-0.017400,-0.939600, , , 
18760.000000,940302.000000,75549924.000000, , , ,-0.325195,-0.975586,0.000000
18761.000000,940392.000000,75549924.000000, , , ,-0.325195,-0.325195,0.000000
18762.000000,940399.000000,75549924.000000,-0.005800,-0.014500,-0.933800, , , 
18763.000000,940493.000000,75549924.000000, , , ,0.000000,-0.325195,0.000000
18764.000000,940500.000000,75549924.000000,-0.002900,-0.020300,-0.980200, , , 
18765.000000,940594.000000,75549924.000000, , , ,0.000000,0.000000,0.000000
18766.000000,940599.000000,75549924.000000,-0.011600,-0.014500,-1.000500, , , 
18767.000000,940695.000000,75549924.000000, , , ,0.000000,0.000000,0.000000
18768.000000,940700.000000,75549924.000000,0.005800,-0.005800,-1.006300, , , 
18769.000000,940796.000000,75549924.000000, , , ,-0.650391,0.325195,0.000000
18770.000000,940799.000000,75549924.000000,-0.005800,-0.023200,-1.017900, , , 
18771.000000,940897.000000,75549924.000000, , , ,-0.650391,0.000000,0.325195
18772.000000,940900.000000,75549924.000000,0.008700,-0.017400,-0.974400, , , 
18773.000000,940998.000000,75549924.000000, , , ,-0.975586,-0.325195,0.325195
18774.000000,940999.000000,75549924.000000,-0.002900,-0.020300,-0.945400, , , 
18775.000000,941099.000000,75549924.000000, , , ,-0.650391,0.000000,0.000000
18776.000000,941100.000000,75549924.000000,-0.008700,-0.011600,-0.974400, , , 
18777.000000,941199.000000,75549924.000000,0.005800,-0.014500,-0.977300, , , 
18778.000000,941200.000000,75549924.000000, , , ,-0.325195,0.000000,0.000000
18779.000000,941300.000000,75549924.000000,-0.002900,-0.017400,-1.000500, , , 
18780.000000,941301.000000,75549924.000000, , , ,0.000000,0.000000,0.000000
18781.000000,941392.000000,75549924.000000, , , ,-0.325195,0.325195,-0.325195
18782.000000,941399.000000,75549924.000000,-0.008700,-0.017400,-0.988900, , , 
18783.000000,941493.000000,75549924.000000, , , ,-0.325195,0.000000,0.000000
18784.000000,941500.000000,75549924.000000,0.000000,-0.037700,-0.994700, , , 
18785.000000,941594.000000,75549924.000000, , , ,-0.325195,0.000000,0.000000
18786.000000,941599.000000,75549924.000000,-0.011600,-0.023200,-0.980200, , , 
18787.000000,941695.000000,75549924.000000, , , ,-0.325195,0.000000,-0.325195
18788.000000,941700.000000,75549924.000000,0.000000,-0.017400,-0.988900, , , 
18789.000000,941796.000000,75549924.000000, , , ,-0.325195,0.000000,0.000000
18790.000000,941799.000000,75549924.000000,0.000000,-0.014500,-0.980200, , , 
18791.000000,941897.000000,75549924.000000, , , ,-0.650391,-0.325195,0.000000
18792.000000,941900.000000,75549924.000000,0.000000,-0.005800,-0.962800, , , 
18793.000000,941998.000000,75549924.000000, , , ,-0.325195,0.325195,0.000000
18794.000000,941999.000000,75549924.000000,-0.002900,-0.017400,-0.980200, , , 
18795.000000,942099.000000,75549924.000000, , , ,-0.650391,-0.325195,0.000000
18796.000000,942100.000000,75549924.000000,-0.005800,-0.017400,-0.983100, , , 
18797.000000,942199.000000,75549924.000000,0.000000,-0.011600,-0.980200, , , 
18798.000000,942200.000000,75549924.000000, , , ,-0.650391,0.000000,0.000000
18799.000000,942300.000000,75549924.000000,-0.002900,-0.026100,-0.983100, , , 
18800.000000,942301.000000,75549924.000000, , , ,-0.975586,0.000000,0.000000
18801.000000,942392.000000,75549924.000000, , , ,-0.975586,0.000000,0.000000
18802.000000,942399.000000,75549924.000000,-0.017400,0.000000,-0.986000, , , 
18803.000000,942493.000000,75549924.000000, , , ,-0.325195,0.000000,0.000000
18804.000000,942500.000000,75549924.000000,0.000000,0.005800,-0.988900, , , 
18805.000000,942594.000000,75549924.000000, , , ,-0.650391,0.000000,0.325195
18806.000000,942599.000000,75549924.000000,0.000000,0.000000,-0.991800, , , 
18807.000000,942695.000000,75549924.000000, , , ,-0.650391,-0.325195,0.000000
18808.000000,942700.000000,75549924.000000,0.000000,-0.002900,-0.983100, , , 
18809.000000,942796.000000,75549924.000000, , , ,-0.650391,0.000000,0.000000
18810.000000,942799.000000,75549924.000000,0.000000,-0.014500,-0.962800, , , 
18811.000000,942897.000000,75549924.000000, , , ,0.000000,0.000000,0.000000
18812.000000,942900.000000,75549924.000000,-0.008700,0.000000,-0.983100, , , 
18813.000000,942998.000000,75549924.000000, , , ,-0.325195,0.000000,0.000000
18814.000000,942999.000000,75549924.000000,0.002900,-0.002900,-0.977300, , , 
18815.000000,943099.000000,75549924.000000, , , ,0.000000,0.000000,0.325195
18816.000000,943100.000000,75549924.000000,-0.011600,-0.008700,-1.003400, , , 
18817.000000,943199.000000,75549924.000000,0.000000,-0.011600,-1.003400, , , 
18818.000000,943200.000000,75549924.000000, , , ,0.000000,0.325195,0.000000
18819.000000,943300.000000,75549924.000000,-0.002900,-0.011600,-0.991800, , , 
18820.000000,943301.000000,75549924.000000, , , ,-0.650391,0.000000,-0.325195
18821.000000,943392.000000,75549924.000000, , , ,0.000000,-0.325195,-0.325195
18822.000000,943399.000000,75549924.000000,0.002900,-0.002900,-0.954100, , , 
18823.000000,943493.000000,75549924.000000, , , ,0.000000,0.000000,0.000000
18824.000000,943500.000000,75549924.000000,-0.017400,-0.034800,-0.983100, , , 
18825.000000,943594.000000,75549924.000000, , , ,-1.625977,0.325195,0.000000
18826.000000,943599.000000,75549924.000000,0.000000,-0.040600,-1.020800, , , 
18827.000000,943695.000000,75549924.000000, , , ,-1.625977,0.000000,-0.325195
18828.000000,943700.000000,75549924.000000,0.002900,-0.029000,-0.980200, , , 
18829.000000,943796.000000,75549924.000000, , , ,-1.300781,0.000000,0.000000
18830.000000,943799.000000,75549924.000000,-0.011600,-0.023200,-0.977300, , , 
18831.000000,943897.000000,75549924.000000, , , ,-0.325195,0.325195,-0.325195
18832.000000,943900.000000,75549924.000000,0.000000,-0.020300,-1.012100, , , 
18833.000000,943998.000000,75549924.000000, , , ,0.000000,-0.325195,-0.650391
18834.000000,943999.000000,75549924.000000,0.008700,-0.020300,-0.968600, , , 
18835.000000,944099.000000,75549924.000000, , , ,0.000000,-0.650391,0.000000
18836.000000,944100.000000,75549924.000000,0.008700,-0.040600,-0.936700, , , 
18837.000000,944199.000000,75549924.000000,-0.014500,-0.040600,-0.951200, , , 
18838.000000,944200.000000,75549924.000000, , , ,-0.650391,-0.650391,-0.325195
18839.000000,944300.000000,75549924.000000,-0.005800,-0.037700,-0.997600, , , 
18840.000000,944301.000000,75549924.000000, , , ,-0.650391,0.000000,0.000000
18841.000000,944392.000000,75549924.000000, , , ,-0.975586,0.000000,-0.325195
18842.000000,944399.000000,75549924.000000,0.002900,-0.037700,-1.029500, , , 
18843.000000,944493.000000,75549924.000000, , , ,0.000000,0.000000,-0.325195
18844.000000,944500.000000,75549924.000000,0.000000,-0.026100,-0.986000, , , 
18845.000000,944594.000000,75549924.000000, , , ,0.000000,-0.325195,-0.325195
18846.000000,944599.000000,75549924.000000,0.000000,-0.008700,-0.954100, , , 
18847.000000,944695.000000,75549924.000000, , , ,0.000000,0.000000,-0.325195
18848.000000,944700.000000,75549924.000000,-0.014500,-0.034800,-0.977300, , , 
18849.000000,944796.000000,75549924.000000, , , ,-0.325195,0.325195,-0.325195
18850.000000,944799.000000,75549924.000000,-0.002900,-0.034800,-1.012100, , , 
18851.000000,944897.000000,75549924.000000, , , ,-1.300781,0.000000,0.000000
18852.000000,944900.000000,75549924.000000,0.000000,-0.052200,-1.026600, , , 
18853.000000,944998.000000,75549924.000000, , , ,-1.625977,-0.325195,0.000000
18854.000000,944999.000000,75549924.000000,0.014500,-0.029000,-0.959900, , , 
18855.000000,945099.000000,75549924.000000, , , ,-0.975586,-0.650391,0.000000
18856.000000,945100.000000,75549924.000000,0.000000,-0.008700,-0.922200, , , 
18857.000000,945199.000000,75549924.000000,-0.014500,-0.031900,-0.977300, , , 
18858.000000,945200.000000,75549924.000000, , , ,-0.325195,0.000000,-0.325195
18859.000000,945300.000000,75549924.000000,-0.002900,-0.026100,-1.003400, , , 
18860.000000,945301.000000,75549924.000000, , , ,-0.975586,0.000000,-0.325195
18861.000000,945392.000000,75549924.000000, , , ,-0.975586,0.000000,-0.325195
18862.000000,945399.000000,75549924.000000,-0.008700,-0.037700,-1.026600, , , 
18863.000000,945493.000000,75549924.000000, , , ,-0.325195,0.000000,-0.325195
18864.000000,945500.000000,75549924.000000,0.000000,-0.031900,-1.000500, , , 
18865.000000,945594.000000,75549924.000000, , , ,-0.975586,0.000000,-0.325195
18866.000000,945599.000000,75549924.000000,-0.002900,-0.026100,-0.983100, , , 
18867.000000,945695.000000,75549924.000000, , , ,-0.650391,-0.325195,-0.650391
18868.000000,945700.000000,75549924.000000,0.000000,-0.011600,-0.971500, , , 
18869.000000,945796.000000,75549924.000000, , , ,-0.650391,-0.975586,-0.325195
18870.000000,945799.000000,75549924.000000,0.000000,-0.014500,-0.951200, , , 
18871.000000,945897.000000,75549924.000000, , , ,-1.300781,0.000000,-0.325195
18872.000000,945900.000000,75549924.000000,-0.008700,-0.017400,-0.983100, , , 
18873.000000,945998.000000,75549924.000000, , , ,-0.650391,0.000000,0.000000
18874.000000,945999.000000,75549924.000000,0.000000,-0.031900,-0.997600, , , 
18875.000000,946099.000000,75549924.000000, , , ,0.000000,-0.325195,-0.325195
18876.000000,946100.000000,75549924.000000,0.002900,-0.005800,-0.957000, , , 
18877.000000,946199.000000,75549924.000000,-0.005800,0.000000,-0.968600, , , 
18878.000000,946200.000000,75549924.000000, , , ,-0.325195,0.000000,0.000000
18879.000000,946300.000000,75549924.000000,-0.011600,-0.029000,-0.986000, , , 
18880.000000,946301.000000,75549924.000000, , , ,-0.325195,-0.325195,0.000000
18881.000000,946392.000000,75549924.000000, , , ,-0.650391,0.000000,0.000000
18882.000000,946399.000000,75549924.000000,-0.005800,-0.020300,-1.017900, , , 
18883.000000,946493.000000,75549924.000000, , , ,-0.650391,0.325195,-0.325195
18884.000000,946500.000000,75549924.000000,-0.005800,-0.020300,-1.015000, , , 
18885.000000,946594.000000,75549924.000000, , , ,-0.650391,-0.325195,0.000000
18886.000000,946599.000000,75549924.000000,0.000000,-0.011600,-0.980200, , , 
18887.000000,946695.000000,75549924.000000, , , ,-0.975586,0.000000,-0.325195
18888.000000,946700.000000,75549924.000000,-0.002900,-0.011600,-0.977300, , , 
18889.000000,946796.000000,75549924.000000, , , ,-0.975586,-0.325195,0.000000
18890.000000,946799.000000,75549924.000000,0.000000,0.005800,-0.965700, , , 
18891.000000,946897.000000,75549924.000000, , , ,-0.650391,0.000000,0.000000
18892.000000,946900.000000,75549924.000000,-0.005800,0.005800,-0.968600, , , 
18893.000000,946998.000000,75549924.000000, , , ,0.000000,0.325195,0.000000
18894.000000,946999.000000,75549924.000000,-0.008700,-0.002900,-1.006300, , , 
18895.000000,947099.000000,75549924.000000, , , ,-0.975586,0.000000,0.000000
18896.000000,947100.000000,75549924.000000,-0.002900,0.017400,-0.991800, , , 
18897.000000,947199.000000,75549924.000000,0.000000,0.017400,-0.974400, , , 
18898.000000,947200.000000,75549924.000000, , , ,-0.325195,0.000000,0.000000
18899.000000,947300.000000,75549924.000000,0.011600,0.000000,-0.983100, , , 
18900.000000,947301.000000,75549924.000000, , , ,-0.325195,-0.325195,0.000000
18901.000000,947392.000000,75549924.000000, , , ,-0.650391,-0.325195,0.325195
18902.000000,947399.000000,75549924.000000,0.000000,-0.005800,-0.983100, , , 
18903.000000,947493.000000,75549924.000000, , , ,-0.975586,0.000000,0.000000
18904.000000,947500.000000,75549924.000000,0.000000,-0.008700,-0.988900, , , 
18905.000000,947594.000000,75549924.000000, , , ,-0.650391,-0.650391,0.325195
18906.000000,947599.000000,75549924.000000,-0.002900,0.005800,-0.977300, , , 
18907.000000,947695.000000,75549924.000000, , , ,-0.325195,0.000000,0.000000
18908.000000,947700.000000,75549924.000000,0.000000,0.000000,-0.988900, , , 
18909.000000,947796.000000,75549924.000000, , , ,0.000000,0.325195,0.000000
18910.000000,947799.000000,75549924.000000,-0.008700,-0.008700,-0.997600, , , 
18911.000000,947897.000000,75549924.000000, , , ,0.000000,0.000000,-0.325195
18912.000000,947900.000000,75549924.000000,0.000000,-0.008700,-0.988900, , , 
18913.000000,947998.000000,75549924.000000, , , ,-0.650391,0.000000,-0.325195
18914.000000,947999.000000,75549924.000000,0.005800,-0.023200,-0.986000, , , 
18915.000000,948099.000000,75549924.000000, , , ,-0.650391,-0.650391,0.000000
18916.000000,948100.000000,75549924.000000,0.005800,-0.008700,-0.962800, , , 
18917.000000,948199.000000,75549924.000000,-0.014500,-0.011600,-0.968600, , , 
18918.000000,948200.000000,75549924.000000, , , ,0.000000,0.000000,0.000000
18919.000000,948300.000000,75549924.000000,0.002900,-0.008700,-0.983100, , , 
18920.000000,948301.000000,75549924.000000, , , ,-0.325195,-0.325195,0.000000
18921.000000,948392.000000,75549924.000000, , , ,-0.325195,0.000000,-0.325195
18922.000000,948399.000000,75549924.000000,-0.005800,-0.026100,-0.959900, , , 
18923.000000,948493.000000,75549924.000000, , , ,-0.325195,0.000000,-0.325195
18924.000000,948500.000000,75549924.000000,-0.002900,-0.020300,-0.991800, , , 
18925.000000,948594.000000,75549924.000000, , , ,-0.650391,-0.325195,0.000000
18926.000000,948599.000000,75549924.000000,-0.008700,-0.020300,-0.991800, , , 
18927.000000,948695.000000,75549924.000000, , , ,-0.650391,0.000000,0.000000
18928.000000,948700.000000,75549924.000000,-0.034800,-0.017400,-0.977300, , , 
18929.000000,948796.000000,75549924.000000, , , ,-0.650391,0.325195,0.000000
18930.000000,948799.000000,75549924.000000,0.005800,-0.005800,-0.994700, , , 
18931.000000,948897.000000,75549924.000000, , , ,0.000000,-0.650391,-0.325195
18932.000000,948900.000000,75549924.000000,-0.008700,-0.005800,-1.003400, , , 
18933.000000,948998.000000,75549924.000000, , , ,0.000000,0.000000,-0.325195
18934.000000,948999.000000,75549924.000000,-0.005800,-0.026100,-1.003400, , , 
18935.000000,949099.000000,75549924.000000, , , ,0.000000,0.000000,-0.325195
18936.000000,949100.000000,75549924.000000,0.000000,-0.031900,-0.991800, , , 
18937.000000,949199.000000,75549924.000000,0.000000,-0.029000,-0.968600, , , 
18938.000000,949200.000000,75549924.000000, , , ,-0.325195,0.000000,-0.325195
18939.000000,949300.000000,75549924.000000,0.000000,-0.037700,-0.971500, , , 
18940.000000,949301.000000,75549924.000000, , , ,-0.650391,0.000000,-0.325195
18941.000000,949401.000000,75549924.000000,0.000000,-0.026100,-0.974400, , , 
18942.000000,949402.000000,75549924.000000, , , ,-0.325195,0.000000,-0.325195
18943.000000,949492.000000,75549924.000000, , , ,-0.650391,0.000000,0.000000
18944.000000,949499.000000,75549924.000000,-0.005800,-0.026100,-0.983100, , , 
18945.000000,949593.000000,75549924.000000, , , ,-0.650391,0.000000,-0.325195
18946.000000,949600.000000,75549924.000000,-0.005800,-0.017400,-1.006300, , , 
18947.000000,949694.000000,75549924.000000, , , ,-0.650391,0.000000,-0.325195
18948.000000,949699.000000,75549924.000000,0.000000,-0.011600,-0.988900, , , 
18949.000000,949795.000000,75549924.000000, , , ,-0.650391,0.000000,0.000000
18950.000000,949800.000000,75549924.000000,-0.005800,-0.008700,-1.003400, , , 
18951.000000,949896.000000,75549924.000000, , , ,0.000000,0.000000,-0.325195
18952.000000,949899.000000,75549924.000000,-0.002900,-0.020300,-0.997600, , , 
18953.000000,949997.000000,75549924.000000, , , ,-0.325195,0.000000,-0.325195
18954.000000,950000.000000,75549924.000000,0.000000,-0.029000,-0.977300, , , 
18955.000000,950098.000000,75549924.000000, , , ,-0.325195,-0.325195,-0.325195
18956.000000,950099.000000,75549924.000000,0.002900,-0.005800,-0.974400, , , 
18957.000000,950199.000000,75549924.000000, , , ,-0.325195,-0.650391,0.000000
18958.000000,950200.000000,75549924.000000,0.002900,-0.017400,-0.965700, , , 
18959.000000,950299.000000,75549924.000000,-0.014500,0.000000,-0.997600, , , 
18960.000000,950300.000000,75549924.000000, , , ,-0.325195,-0.325195,0.000000
18961.000000,950400.000000,75549924.000000,-0.011600,-0.020300,-1.012100, , , 
18962.000000,950401.000000,75549924.000000, , , ,0.000000,0.325195,0.000000
18963.000000,950492.000000,75549924.000000, , , ,-0.650391,0.000000,0.000000
18964.000000,950499.000000,75549924.000000,-0.002900,-0.023200,-1.020800, , , 
18965.000000,950593.000000,75549924.000000, , , ,-0.325195,0.000000,-0.325195
18966.000000,950600.000000,75549924.000000,-0.008700,-0.023200,-1.032400, , , 
18967.000000,950694.000000,75549924.000000, , , ,-0.975586,0.000000,0.000000
18968.000000,950699.000000,75549924.000000,-0.002900,-0.017400,-1.029500, , , 
18969.000000,950795.000000,75549924.000000, , , ,-0.650391,0.000000,0.000000
18970.000000,950800.000000,75549924.000000,0.000000,-0.017400,-1.012100, , , 
18971.000000,950896.000000,75549924.000000, , , ,0.000000,0.000000,0.000000
18972.000000,950899.000000,75549924.000000,-0.011600,-0.011600,-0.986000, , , 
18973.000000,950997.000000,75549924.000000, , , ,-0.325195,0.325195,0.000000
18974.000000,951000.000000,75549924.000000,-0.011600,-0.037700,-1.009200, , , 
18975.000000,951098.000000,75549924.000000, , , ,-0.975586,0.650391,-0.325195
18976.000000,951099.000000,75549924.000000,-0.005800,-0.031900,-1.041100, , , 
18977.000000,951199.000000,75549924.000000, , , ,-1.300781,0.650391,0.000000
18978.000000,951200.000000,75549924.000000,0.000000,-0.023200,-1.061400, , , 
18979.000000,951299.000000,75549924.000000,0.026100,-0.014500,-0.977300, , , 
18980.000000,951300.000000,75549924.000000, , , ,-0.975586,-0.325195,-0.325195
18981.000000,951400.000000,75549924.000000,-0.011600,-0.023200,-0.962800, , , 
18982.000000,951401.000000,75549924.000000, , , ,-1.300781,-0.325195,0.000000
18983.000000,951492.000000,75549924.000000, , , ,-0.975586,0.000000,0.000000
18984.000000,951499.000000,75549924.000000,0.014500,-0.011600,-0.945400, , , 
18985.000000,951593.000000,75549924.000000, , , ,-0.975586,-0.975586,0.000000
18986.000000,951600.000000,75549924.000000,0.000000,-0.014500,-0.928000, , , 
18987.000000,951694.000000,75549924.000000, , , ,-0.975586,0.000000,0.000000
18988.000000,951699.000000,75549924.000000,-0.011600,-0.017400,-0.959900, , , 
18989.000000,951795.000000,75549924.000000, , , ,-1.300781,-0.325195,-0.325195
18990.000000,951800.000000,75549924.000000,0.000000,-0.037700,-0.986000, , , 
18991.000000,951896.000000,75549924.000000, , , ,-0.650391,0.000000,-0.325195
18992.000000,951899.000000,75549924.000000,-0.014500,-0.026100,-1.000500, , , 
18993.000000,951997.000000,75549924.000000, , , ,-1.300781,0.000000,-0.325195
18994.000000,952000.000000,75549924.000000,0.002900,-0.017400,-0.997600, , , 
18995.000000,952098.000000,75549924.000000, , , ,-0.975586,-0.325195,0.000000
18996.000000,952099.000000,75549924.000000,-0.002900,-0.040600,-1.017900, , , 
18997.000000,952199.000000,75549924.000000, , , ,-0.975586,0.000000,0.000000
18998.000000,952200.000000,75549924.000000,-0.005800,-0.020300,-0.997600, , , 
18999.000000,952299.000000,75549924.000000,0.000000,-0.011600,-0.988900, , , 
19000.000000,952300.000000,75549924.000000, , , ,-0.650391,0.000000,-0.325195
19001.000000,952400.000000,75549924.000000,-0.002900,-0.002900,-0.971500, , , 
19002.000000,952401.000000,75549924.000000, , , ,-0.650391,0.000000,0.000000
19003.000000,952492.000000,75549924.000000, , , ,-0.650391,0.000000,-0.325195
19004.000000,952499.000000,75549924.000000,0.002900,-0.014500,-0.971500, , , 
19005.000000,952593.000000,75549924.000000, , , ,-0.325195,0.000000,0.000000
19006.000000,952600.000000,75549924.000000,-0.005800,-0.002900,-0.977300, , , 
19007.000000,952694.000000,75549924.000000, , , ,-0.325195,0.000000,0.000000
19008.000000,952699.000000,75549924.000000,0.000000,-0.014500,-0.991800, , , 
19009.000000,952795.000000,75549924.000000, , , ,-0.650391,0.000000,-0.325195
19010.000000,952800.000000,75549924.000000,0.000000,-0.005800,-1.006300, , , 
19011.000000,952896.000000,75549924.000000, , , ,-0.325195,-0.975586,0.000000
19012.000000,952899.000000,75549924.000000,0.008700,0.000000,-0.977300, , , 
19013.000000,952997.000000,75549924.000000, , , ,0.000000,0.000000,0.000000
19014.000000,953000.000000,75549924.000000,0.020300,-0.014500,-0.948300, , , 
19015.000000,953098.000000,75549924.000000, , , ,-0.325195,0.000000,-0.325195
19016.000000,953099.000000,75549924.000000,0.005800,-0.026100,-0.962800, , , 
19017.000000,953199.000000,75549924.000000, , , ,-1.300781,-0.325195,0.000000
19018.000000,953200.000000,75549924.000000,-0.005800,-0.017400,-0.980200, , , 
19019.000000,953299.000000,75549924.000000,0.005800,0.000000,-1.003400, , , 
19020.000000,953300.000000,75549924.000000, , , ,-0.650391,0.000000,0.000000
19021.000000,953400.000000,75549924.000000,-0.002900,-0.020300,-1.012100, , , 
19022.000000,953401.000000,75549924.000000, , , ,-0.975586,0.325195,0.000000
19023.000000,953492.000000,75549924.000000, , , ,-1.625977,0.000000,0.000000
19024.000000,953499.000000,75549924.000000,0.005800,-0.017400,-1.003400, , , 
19025.000000,953593.000000,75549924.000000, , , ,-0.325195,-0.325195,0.325195
19026.000000,953600.000000,75549924.000000,0.008700,0.002900,-0.977300, , , 
19027.000000,953694.000000,75549924.000000, , , ,0.000000,0.325195,0.000000
19028.000000,953699.000000,75549924.000000,0.002900,0.005800,-0.991800, , , 
19029.000000,953795.000000,75549924.000000, , , ,0.000000,0.000000,-0.650391
19030.000000,953800.000000,75549924.000000,0.020300,0.005800,-0.988900, , , 
19031.000000,953896.000000,75549924.000000, , , ,0.000000,-0.325195,0.000000
19032.000000,953899.000000,75549924.000000,0.014500,-0.002900,-0.977300, , , 
19033.000000,953997.000000,75549924.000000, , , ,-0.650391,-0.325195,0.000000
19034.000000,954000.000000,75549924.000000,0.014500,-0.005800,-0.954100, , , 
19035.000000,954098.000000,75549924.000000, , , ,-0.650391,-0.975586,0.000000
19036.000000,954099.000000,75549924.000000,0.014500,0.014500,-0.933800, , , 
19037.000000,954199.000000,75549924.000000, , , ,-0.325195,-0.650391,0.000000
19038.000000,954200.000000,75549924.000000,0.000000,0.000000,-0.954100, , , 
19039.000000,954299.000000,75549924.000000,0.000000,0.000000,-1.015000, , , 
19040.000000,954300.000000,75549924.000000, , , ,-0.975586,0.000000,0.000000
19041.000000,954400.000000,75549924.000000,0.005800,0.000000,-1.061400, , , 
19042.000000,954401.000000,75549924.000000, , , ,-0.325195,0.000000,0.000000
19043.000000,954492.000000,75549924.000000, , , ,-0.650391,0.650391,0.000000
19044.000000,954499.000000,75549924.000000,-0.002900,0.000000,-1.038200, , , 
19045.000000,954593.000000,75549924.000000, , , ,-0.650391,0.000000,0.325195
19046.000000,954600.000000,75549924.000000,0.000000,-0.002900,-0.980200, , , 
19047.000000,954694.000000,75549924.000000, , , ,-0.650391,0.000000,0.000000
19048.000000,954699.000000,75549924.000000,0.005800,-0.002900,-0.974400, , , 
19049.000000,954795.000000,75549924.000000, , , ,-0.325195,-0.650391,0.000000
19050.000000,954800.000000,75549924.000000,0.020300,0.014500,-0.951200, , , 
19051.000000,954896.000000,75549924.000000, , , ,-0.325195,0.000000,0.000000
19052.000000,954899.000000,75549924.000000,0.011600,-0.002900,-0.965700, , , 
19053.000000,954997.000000,75549924.000000, , , ,-0.325195,0.000000,0.000000
19054.000000,955000.000000,75549924.000000,0.014500,0.008700,-0.977300, , , 
19055.000000,955098.000000,75549924.000000, , , ,-0.325195,0.000000,0.000000
19056.000000,955099.000000,75549924.000000,0.008700,-0.017400,-0.986000, , , 
19057.000000,955199.000000,75549924.000000, , , ,-0.325195,0.000000,0.000000
19058.000000,955200.000000,75549924.000000,0.017400,-0.005800,-0.986000, , , 
19059.000000,955299.000000,75549924.000000,0.008700,-0.020300,-0.986000, , , 
19060.000000,955300.000000,75549924.000000, , , ,-0.650391,0.000000,-0.650391
19061.000000,955400.000000,75549924.000000,0.002900,-0.020300,-1.009200, , , 
19062.000000,955401.000000,75549924.000000, , , ,-0.325195,0.000000,-0.325195
19063.000000,955492.000000,75549924.000000, , , ,-0.325195,0.000000,0.000000
19064.000000,955499.000000,75549924.000000,0.000000,-0.014500,-1.003400, , , 
19065.000000,955593.000000,75549924.000000, , , ,-0.325195,0.000000,-0.325195
19066.000000,955600.000000,75549924.000000,0.014500,-0.005800,-0.965700, , , 
19067.000000,955694.000000,75549924.000000, , , ,0.000000,-0.325195,-0.650391
19068.000000,955699.000000,75549924.000000,-0.002900,-0.002900,-0.988900, , , 
19069.000000,955795.000000,75549924.000000, , , ,-0.650391,0.000000,0.000000
19070.000000,955800.000000,75549924.000000,0.011600,-0.034800,-1.020800, , , 
19071.000000,955896.000000,75549924.000000, , , ,-0.975586,0.000000,0.000000
19072.000000,955899.000000,75549924.000000,0.005800,-0.005800,-1.012100, , , 
19073.000000,955997.000000,75549924.000000, , , ,-0.975586,-0.325195,0.000000
19074.000000,956000.000000,75549924.000000,0.008700,-0.011600,-0.983100, , , 
19075.000000,956098.000000,75549924.000000, , , ,-0.975586,-0.650391,0.000000
19076.000000,956099.000000,75549924.000000,0.005800,0.002900,-0.936700, , , 
19077.000000,956199.000000,75549924.000000, , , ,-0.325195,-1.300781,0.000000
19078.000000,956200.000000,75549924.000000,0.000000,0.005800,-0.945400, , , 
19079.000000,956299.000000,75549924.000000,0.005800,-0.002900,-0.974400, , , 
19080.000000,956300.000000,75549924.000000, , , ,-0.325195,-0.325195,-0.325195
19081.000000,956400.000000,75549924.000000,0.005800,-0.005800,-1.003400, , , 
19082.000000,956401.000000,75549924.000000, , , ,-0.325195,0.000000,0.000000
19083.000000,956492.000000,75549924.000000, , , ,0.000000,0.000000,0.000000
19084.000000,956499.000000,75549924.000000,0.000000,-0.017400,-0.997600, , , 
19085.000000,956593.000000,75549924.000000, , , ,-0.325195,0.000000,0.000000
19086.000000,956600.000000,75549924.000000,0.008700,-0.040600,-0.980200, , , 
19087.000000,956694.000000,75549924.000000, , , ,-0.325195,0.000000,-0.325195
19088.000000,956699.000000,75549924.000000,0.000000,-0.023200,-1.012100, , , 
19089.000000,956795.000000,75549924.000000, , , ,-0.975586,-0.325195,-0.325195
19090.000000,956800.000000,75549924.000000,0.011600,-0.017400,-0.991800, , , 
19091.000000,956896.000000,75549924.000000, , , ,0.000000,-0.325195,0.000000
19092.000000,956899.000000,75549924.000000,0.017400,-0.008700,-0.962800, , , 
19093.000000,956997.000000,75549924.000000, , , ,-0.325195,0.000000,-0.325195
19094.000000,957000.000000,75549924.000000,0.000000,-0.014500,-0.977300, , , 
19095.000000,957098.000000,75549924.000000, , , ,-0.650391,0.000000,0.000000
19096.000000,957099.000000,75549924.000000,0.020300,-0.020300,-0.977300, , , 
19097.000000,957199.000000,75549924.000000, , , ,-0.325195,-0.975586,0.000000
19098.000000,957200.000000,75549924.000000,0.026100,-0.005800,-0.954100, , , 
19099.000000,957299.000000,75549924.000000,-0.008700,-0.023200,-0.948300, , , 
19100.000000,957300.000000,75549924.000000, , , ,-0.325195,-0.650391,-0.325195
19101.000000,957400.000000,75549924.000000,0.000000,-0.031900,-1.000500, , , 
19102.000000,957401.000000,75549924.000000, , , ,-0.975586,0.000000,-0.325195
19103.000000,957492.000000,75549924.000000, , , ,-0.975586,0.975586,-0.325195
19104.000000,957499.000000,75549924.000000,0.000000,-0.005800,-1.055600, , , 
19105.000000,957593.000000,75549924.000000, , , ,-0.650391,-0.325195,0.000000
19106.000000,957600.000000,75549924.000000,0.043500,-0.005800,-1.003400, , , 
19107.000000,957694.000000,75549924.000000, , , ,-0.325195,-0.325195,-0.325195
19108.000000,957699.000000,75549924.000000,0.002900,0.000000,-0.959900, , , 
19109.000000,957795.000000,75549924.000000, , , ,-0.325195,0.000000,0.000000
19110.000000,957800.000000,75549924.000000,0.005800,-0.002900,-0.968600, , , 
19111.000000,957896.000000,75549924.000000, , , ,-0.325195,0.000000,-0.325195
19112.000000,957899.000000,75549924.000000,0.011600,-0.017400,-0.983100, , , 
19113.000000,957997.000000,75549924.000000, , , ,-0.325195,0.000000,-0.325195
19114.000000,958000.000000,75549924.000000,0.008700,-0.040600,-1.000500, , , 
19115.000000,958098.000000,75549924.000000, , , ,-0.325195,-0.325195,-0.325195
19116.000000,958099.000000,75549924.000000,0.014500,-0.011600,-0.983100, , , 
19117.000000,958199.000000,75549924.000000, , , ,-0.650391,0.000000,-0.325195
19118.000000,958200.000000,75549924.000000,0.008700,-0.011600,-0.977300, , , 
19119.000000,958299.000000,75549924.000000,0.008700,-0.008700,-0.968600, , , 
19120.000000,958300.000000,75549924.000000, , , ,-0.650391,0.000000,-0.325195
19121.000000,958400.000000,75549924.000000,0.008700,-0.002900,-0.997600, , , 
19122.000000,958401.000000,75549924.000000, , , ,-0.975586,0.000000,0.000000
19123.000000,958492.000000,75549924.000000, , , ,-0.325195,-0.325195,0.000000
19124.000000,958499.000000,75549924.000000,0.000000,-0.005800,-1.017900, , , 
19125.000000,958593.000000,75549924.000000, , , ,-0.325195,-0.325195,-0.325195
19126.000000,958600.000000,75549924.000000,0.008700,-0.020300,-0.994700, , , 
19127.000000,958694.000000,75549924.000000, , , ,-0.650391,0.000000,0.000000
19128.000000,958699.000000,75549924.000000,0.017400,-0.008700,-0.951200, , , 
19129.000000,958795.000000,75549924.000000, , , ,-0.650391,-0.325195,-0.325195
19130.000000,958800.000000,75549924.000000,-0.011600,-0.017400,-0.974400, , , 
19131.000000,958896.000000,75549924.000000, , , ,0.000000,0.325195,0.000000
19132.000000,958899.000000,75549924.000000,0.011600,-0.002900,-1.006300, , , 
19133.000000,958997.000000,75549924.000000, , , ,-0.325195,0.000000,0.000000
19134.000000,959000.000000,75549924.000000,-0.005800,-0.026100,-1.000500, , , 
19135.000000,959098.000000,75549924.000000, , , ,-0.975586,-0.325195,0.000000
19136.000000,959099.000000,75549924.000000,0.014500,-0.002900,-0.971500, , , 
19137.000000,959199.000000,75549924.000000, , , ,-0.650391,-0.325195,0.000000
19138.000000,959200.000000,75549924.000000,0.005800,0.011600,-0.954100, , , 
19139.000000,959299.000000,75549924.000000,-0.005800,0.002900,-0.983100, , , 
19140.000000,959300.000000,75549924.000000, , , ,0.000000,0.000000,0.000000
19141.000000,959400.000000,75549924.000000,0.017400,0.017400,-0.991800, , , 
19142.000000,959401.000000,75549924.000000, , , ,-0.650391,0.000000,0.325195
19143.000000,959492.000000,75549924.000000, , , ,-0.325195,0.000000,0.000000
19144.000000,959499.000000,75549924.000000,0.002900,0.011600,-1.009200, , , 
19145.000000,959593.000000,75549924.000000, , , ,-0.975586,0.000000,0.000000
19146.000000,959600.000000,75549924.000000,0.005800,-0.002900,-1.015000, , , 
19147.000000,959694.000000,75549924.000000, , , ,-0.650391,0.325195,0.000000
19148.000000,959699.000000,75549924.000000,0.011600,0.002900,-1.015000, , , 
19149.000000,959795.000000,75549924.000000, , , ,-0.650391,0.000000,0.000000
19150.000000,959800.000000,75549924.000000,0.000000,-0.002900,-1.012100, , , 
19151.000000,959896.000000,75549924.000000, , , ,-0.650391,-0.325195,0.000000
19152.000000,959899.000000,75549924.000000,0.031900,-0.005800,-0.959900, , , 
19153.000000,959997.000000,75549924.000000, , , ,0.000000,-0.325195,0.000000
19154.000000,960000.000000,75549924.000000,0.000000,-0.005800,-0.957000, , , 
19155.000000,960098.000000,75549924.000000, , , ,-0.325195,0.000000,0.000000
19156.000000,960099.000000,75549924.000000,0.008700,-0.023200,-0.988900, , , 
19157.000000,960199.000000,75549924.000000, , , ,0.000000,-0.325195,0.000000
19158.000000,960200.000000,75549924.000000,0.020300,-0.005800,-0.957000, , , 
19159.000000,960299.000000,75549924.000000,0.002900,0.000000,-0.954100, , , 
19160.000000,960300.000000,75549924.000000, , , ,0.000000,-0.650391,-0.325195
19161.000000,960400.000000,75549924.000000,0.000000,-0.014500,-0.951200, , , 
19162.000000,960401.000000,75549924.000000, , , ,0.000000,-0.650391,-0.325195
19163.000000,960492.000000,75549924.000000, , , ,-0.325195,-0.325195,0.000000
19164.000000,960499.000000,75549924.000000,0.000000,-0.029000,-0.968600, , , 
19165.000000,960593.000000,75549924.000000, , , ,-0.650391,0.000000,0.000000
19166.000000,960600.000000,75549924.000000,-0.005800,-0.023200,-0.994700, , , 
19167.000000,960694.000000,75549924.000000, , , ,-1.625977,0.325195,-0.325195
19168.000000,960699.000000,75549924.000000,0.005800,-0.020300,-1.035300, , , 
19169.000000,960795.000000,75549924.000000, , , ,-0.975586,0.000000,0.000000
19170.000000,960800.000000,75549924.000000,0.000000,-0.005800,-1.035300, , , 
19171.000000,960896.000000,75549924.000000, , , ,-0.650391,-0.325195,0.000000
19172.000000,960899.000000,75549924.000000,0.011600,0.005800,-0.983100, , , 
19173.000000,960997.000000,75549924.000000, , , ,0.000000,-0.325195,-0.650391
19174.000000,961000.000000,75549924.000000,0.008700,-0.002900,-0.954100, , , 
19175.000000,961098.000000,75549924.000000, , , ,0.000000,0.000000,0.000000
19176.000000,961099.000000,75549924.000000,0.002900,-0.014500,-0.983100, , , 
19177.000000,961199.000000,75549924.000000, , , ,0.000000,-0.325195,-0.325195
19178.000000,961200.000000,75549924.000000,0.029000,0.000000,-0.974400, , , 
19179.000000,961299.000000,75549924.000000,0.000000,-0.017400,-0.980200, , , 
19180.000000,961300.000000,75549924.000000, , , ,-0.325195,-0.325195,0.000000
19181.000000,961400.000000,75549924.000000,0.000000,-0.014500,-1.026600, , , 
19182.000000,961401.000000,75549924.000000, , , ,-0.650391,0.325195,0.000000
19183.000000,961492.000000,75549924.000000, , , ,-0.325195,0.000000,-0.325195
19184.000000,961499.000000,75549924.000000,0.017400,-0.011600,-1.012100, , , 
19185.000000,961593.000000,75549924.000000, , , ,-0.325195,-0.325195,0.000000
19186.000000,961600.000000,75549924.000000,0.008700,0.000000,-0.994700, , , 
19187.000000,961694.000000,75549924.000000, , , ,0.000000,-0.325195,0.000000
19188.000000,961699.000000,75549924.000000,0.017400,-0.017400,-0.962800, , , 
19189.000000,961795.000000,75549924.000000, , , ,0.000000,-0.325195,-0.325195
19190.000000,961800.000000,75549924.000000,0.005800,-0.023200,-0.968600, , , 
19191.000000,961896.000000,75549924.000000, , , ,-0.325195,0.000000,-0.325195
19192.000000,961899.000000,75549924.000000,0.011600,-0.011600,-0.974400, , , 
19193.000000,961997.000000,75549924.000000, , , ,0.000000,-0.325195,0.000000
19194.000000,962000.000000,75549924.000000,0.005800,-0.020300,-0.936700, , , 
19195.000000,962098.000000,75549924.000000, , , ,0.000000,-0.325195,0.000000
19196.000000,962099.000000,75549924.000000,0.008700,-0.011600,-0.962800, , , 
19197.000000,962199.000000,75549924.000000, , , ,-0.650391,0.000000,0.000000
19198.000000,962200.000000,75549924.000000,0.008700,-0.011600,-0.997600, , , 
19199.000000,962299.000000,75549924.000000,0.008700,-0.020300,-1.003400, , , 
19200.000000,962300.000000,75549924.000000, , , ,-0.650391,-0.325195,0.000000
19201.000000,962400.000000,75549924.000000,-0.011600,-0.005800,-0.991800, , , 
19202.000000,962401.000000,75549924.000000, , , ,-0.325195,-0.325195,0.000000
19203.000000,962492.000000,75549924.000000, , , ,-0.325195,-0.650391,0.000000
19204.000000,962499.000000,75549924.000000,0.008700,-0.023200,-0.974400, , , 
19205.000000,962593.000000,75549924.000000, , , ,-0.650391,0.325195,0.000000
19206.000000,962600.000000,75549924.000000,-0.002900,-0.037700,-1.006300, , , 
19207.000000,962694.000000,75549924.000000, , , ,-0.975586,0.000000,0.000000
19208.000000,962699.000000,75549924.000000,0.005800,-0.017400,-1.017900, , , 
19209.000000,962795.000000,75549924.000000, , , ,-0.650391,0.000000,0.000000
19210.000000,962800.000000,75549924.000000,-0.011600,-0.014500,-0.974400, , , 
19211.000000,962896.000000,75549924.000000, , , ,-0.975586,0.000000,0.000000
19212.000000,962899.000000,75549924.000000,0.005800,-0.026100,-1.003400, , , 
19213.000000,962997.000000,75549924.000000, , , ,-0.650391,0.000000,0.000000
19214.000000,963000.000000,75549924.000000,0.008700,-0.026100,-0.991800, , , 
19215.000000,963098.000000,75549924.000000, , , ,-0.975586,-0.650391,0.000000
19216.000000,963099.000000,75549924.000000,0.017400,-0.023200,-0.959900, , , 
19217.000000,963199.000000,75549924.000000, , , ,-0.650391,0.000000,0.000000
19218.000000,963200.000000,75549924.000000,-0.011600,-0.017400,-0.977300, , , 
19219.000000,963299.000000,75549924.000000,0.014500,-0.005800,-0.965700, , , 
19220.000000,963300.000000,75549924.000000, , , ,-0.650391,0.000000,0.000000
19221.000000,963400.000000,75549924.000000,-0.005800,0.002900,-0.948300, , , 
19222.000000,963401.000000,75549924.000000, , , ,0.975586,-0.325195,-0.325195
19223.000000,963492.000000,75549924.000000, , , ,0.000000,-0.325195,-0.325195
19224.000000,963499.000000,75549924.000000,-0.011600,-0.011600,-0.974400, , , 
19225.000000,963593.000000,75549924.000000, , , ,0.000000,0.000000,0.000000
19226.000000,963600.000000,75549924.000000,0.000000,-0.026100,-1.015000, , , 
19227.000000,963694.000000,75549924.000000, , , ,-0.325195,0.000000,-0.325195
19228.000000,963699.000000,75549924.000000,0.000000,-0.037700,-1.044000, , , 
19229.000000,963795.000000,75549924.000000, , , ,-1.300781,-0.325195,0.000000
19230.000000,963800.000000,75549924.000000,0.014500,-0.026100,-1.003400, , , 
19231.000000,963896.000000,75549924.000000, , , ,-0.325195,-0.650391,0.325195
19232.000000,963899.000000,75549924.000000,0.008700,-0.029000,-0.957000, , , 
19233.000000,963997.000000,75549924.000000, , , ,-0.650391,-0.325195,0.000000
19234.000000,964000.000000,75549924.000000,-0.002900,-0.017400,-0.971500, , , 
19235.000000,964098.000000,75549924.000000, , , ,-0.975586,0.000000,0.000000
19236.000000,964099.000000,75549924.000000,0.029000,-0.026100,-0.977300, , , 
19237.000000,964199.000000,75549924.000000, , , ,-0.325195,-0.325195,-0.325195
19238.000000,964200.000000,75549924.000000,0.002900,-0.017400,-0.962800, , , 
19239.000000,964299.000000,75549924.000000,0.000000,-0.017400,-0.965700, , , 
19240.000000,964300.000000,75549924.000000, , , ,-0.325195,0.000000,0.000000
19241.000000,964400.000000,75549924.000000,0.000000,-0.023200,-1.012100, , , 
19242.000000,964401.000000,75549924.000000, , , ,-0.650391,0.325195,-0.325195
19243.000000,964492.000000,75549924.000000, , , ,-0.325195,0.000000,-0.325195
19244.000000,964499.000000,75549924.000000,0.000000,0.000000,-1.020800, , , 
19245.000000,964593.000000,75549924.000000, , , ,-0.325195,0.000000,0.000000
19246.000000,964600.000000,75549924.000000,0.020300,-0.026100,-0.991800, , , 
19247.000000,964694.000000,75549924.000000, , , ,-0.325195,0.000000,-0.325195
19248.000000,964699.000000,75549924.000000,-0.011600,-0.026100,-0.986000, , , 
19249.000000,964795.000000,75549924.000000, , , ,0.000000,0.000000,0.000000
19250.000000,964800.000000,75549924.000000,0.008700,-0.023200,-0.980200, , , 
19251.000000,964896.000000,75549924.000000, , , ,0.000000,-0.325195,0.000000
19252.000000,964899.000000,75549924.000000,0.000000,-0.037700,-0.971500, , , 
19253.000000,964997.000000,75549924.000000, , , ,-0.650391,0.000000,-0.325195
19254.000000,965000.000000,75549924.000000,0.000000,-0.037700,-0.994700, , , 
19255.000000,965098.000000,75549924.000000, , , ,-0.650391,0.000000,0.000000
19256.000000,965099.000000,75549924.000000,0.031900,-0.034800,-0.962800, , , 
19257.000000,965199.000000,75549924.000000, , , ,-0.650391,-0.325195,-0.325195
19258.000000,965200.000000,75549924.000000,-0.008700,-0.014500,-0.974400, , , 
19259.000000,965299.000000,75549924.000000,0.005800,-0.014500,-0.988900, , , 
19260.000000,965300.000000,75549924.000000, , , ,-0.650391,0.000000,-0.325195
19261.000000,965400.000000,75549924.000000,0.011600,-0.011600,-0.962800, , , 
19262.000000,965401.000000,75549924.000000, , , ,-0.650391,-0.325195,0.000000
19263.000000,965492.000000,75549924.000000, , , ,-0.650391,-0.325195,-0.325195
19264.000000,965499.000000,75549924.000000,-0.002900,-0.020300,-0.971500, , , 
19265.000000,965593.000000,75549924.000000, , , ,-0.650391,0.000000,0.000000
19266.000000,965600.000000,75549924.000000,0.005800,-0.026100,-0.980200, , , 
19267.000000,965694.000000,75549924.000000, , , ,-0.975586,0.000000,-0.325195
19268.000000,965699.000000,75549924.000000,-0.005800,-0.029000,-1.017900, , , 
19269.000000,965795.000000,75549924.000000, , , ,-0.975586,0.325195,-0.325195
19270.000000,965800.000000,75549924.000000,0.011600,-0.031900,-1.012100, , , 
19271.000000,965896.000000,75549924.000000, , , ,-0.975586,0.000000,-0.325195
19272.000000,965899.000000,75549924.000000,0.011600,-0.005800,-0.980200, , , 
19273.000000,965997.000000,75549924.000000, , , ,-0.975586,0.000000,-0.325195
19274.000000,966000.000000,75549924.000000,0.011600,-0.020300,-0.965700, , , 
19275.000000,966098.000000,75549924.000000, , , ,-0.325195,-0.650391,-0.325195
19276.000000,966099.000000,75549924.000000,0.008700,-0.014500,-0.942500, , , 
19277.000000,966199.000000,75549924.000000, , , ,-0.325195,-0.325195,0.000000
19278.000000,966200.000000,75549924.000000,0.014500,-0.037700,-0.951200, , , 
19279.000000,966299.000000,75549924.000000,0.005800,-0.026100,-0.948300, , , 
19280.000000,966300.000000,75549924.000000, , , ,-0.325195,-0.975586,0.000000
19281.000000,966400.000000,75549924.000000,0.000000,-0.014500,-0.954100, , , 
19282.000000,966401.000000,75549924.000000, , , ,-0.650391,-0.650391,-0.325195
19283.000000,966492.000000,75549924.000000, , , ,-0.325195,-0.325195,-0.650391
19284.000000,966499.000000,75549924.000000,-0.002900,-0.031900,-1.017900, , , 
19285.000000,966593.000000,75549924.000000, , , ,-0.650391,0.650391,-0.650391
19286.000000,966600.000000,75549924.000000,0.002900,-0.011600,-1.052700, , , 
19287.000000,966694.000000,75549924.000000, , , ,-1.300781,0.325195,-0.325195
19288.000000,966699.000000,75549924.000000,-0.002900,-0.023200,-1.052700, , , 
19289.000000,966795.000000,75549924.000000, , , ,-0.975586,0.000000,0.325195
19290.000000,966800.000000,75549924.000000,0.000000,-0.026100,-1.012100, , , 
19291.000000,966896.000000,75549924.000000, , , ,-0.650391,0.000000,-0.325195
19292.000000,966899.000000,75549924.000000,0.002900,-0.002900,-0.986000, , , 
19293.000000,966997.000000,75549924.000000, , , ,-0.975586,0.000000,-0.325195
19294.000000,967000.000000,75549924.000000,0.008700,-0.011600,-0.980200, , , 
19295.000000,967098.000000,75549924.000000, , , ,-0.650391,-0.650391,-0.325195
19296.000000,967099.000000,75549924.000000,0.017400,-0.005800,-0.942500, , , 
19297.000000,967199.000000,75549924.000000, , , ,-0.650391,-0.650391,-0.325195
19298.000000,967200.000000,75549924.000000,0.002900,-0.017400,-0.948300, , , 
19299.000000,967299.000000,75549924.000000,0.000000,-0.017400,-0.977300, , , 
19300.000000,967300.000000,75549924.000000, , , ,-0.975586,0.000000,0.000000
19301.000000,967400.000000,75549924.000000,0.002900,-0.008700,-0.974400, , , 
19302.000000,967401.000000,75549924.000000, , , ,-0.650391,-0.325195,0.000000
19303.000000,967492.000000,75549924.000000, , , ,-0.325195,0.000000,0.000000
19304.000000,967499.000000,75549924.000000,0.000000,-0.011600,-0.997600, , , 
19305.000000,967593.000000,75549924.000000, , , ,-0.325195,-0.325195,0.000000
19306.000000,967600.000000,75549924.000000,0.014500,0.014500,-0.977300, , , 
19307.000000,967694.000000,75549924.000000, , , ,-0.325195,-0.650391,0.000000
19308.000000,967699.000000,75549924.000000,0.002900,-0.005800,-0.951200, , , 
19309.000000,967795.000000,75549924.000000, , , ,0.000000,0.000000,-0.325195
19310.000000,967800.000000,75549924.000000,0.000000,-0.031900,-1.000500, , , 
19311.000000,967896.000000,75549924.000000, , , ,-0.975586,0.000000,0.000000
19312.000000,967899.000000,75549924.000000,0.000000,-0.029000,-1.017900, , , 
19313.000000,967997.000000,75549924.000000, , , ,-1.300781,0.000000,0.325195
19314.000000,968000.000000,75549924.000000,0.011600,-0.011600,-1.023700, , , 
19315.000000,968098.000000,75549924.000000, , , ,-0.650391,-0.325195,0.000000
19316.000000,968099.000000,75549924.000000,-0.008700,0.000000,-0.988900, , , 
19317.000000,968199.000000,75549924.000000, , , ,-0.650391,-0.325195,0.000000
19318.000000,968200.000000,75549924.000000,0.011600,-0.005800,-0.971500, , , 
19319.000000,968299.000000,75549924.000000,0.008700,-0.026100,-0.965700, , , 
19320.000000,968300.000000,75549924.000000, , , ,-0.325195,0.000000,0.000000
19321.000000,968400.000000,75549924.000000,-0.002900,-0.002900,-0.971500, , , 
19322.000000,968401.000000,75549924.000000, , , ,-0.650391,0.000000,0.000000
19323.000000,968492.000000,75549924.000000, , , ,-0.325195,0.000000,0.000000
19324.000000,968499.000000,75549924.000000,0.002900,0.000000,-0.977300, , , 
19325.000000,968593.000000,75549924.000000, , , ,-0.650391,0.000000,0.000000
19326.000000,968600.000000,75549924.000000,0.000000,-0.008700,-1.009200, , , 
19327.000000,968694.000000,75549924.000000, , , ,-0.325195,0.000000,0.000000
19328.000000,968699.000000,75549924.000000,0.002900,0.020300,-0.986000, , , 
19329.000000,968795.000000,75549924.000000, , , ,-0.325195,0.000000,0.000000
19330.000000,968800.000000,75549924.000000,0.002900,-0.005800,-0.968600, , , 
19331.000000,968896.000000,75549924.000000, , , ,-0.650391,0.000000,0.325195
19332.000000,968899.000000,75549924.000000,0.000000,-0.008700,-0.968600, , , 
19333.000000,968997.000000,75549924.000000, , , ,-0.975586,-0.325195,0.000000
19334.000000,969000.000000,75549924.000000,0.014500,-0.011600,-0.962800, , , 
19335.000000,969098.000000,75549924.000000, , , ,-0.325195,0.000000,0.000000
19336.000000,969099.000000,75549924.000000,-0.005800,0.000000,-0.988900, , , 
19337.000000,969199.000000,75549924.000000, , , ,-0.325195,0.000000,0.000000
19338.000000,969200.000000,75549924.000000,-0.005800,0.000000,-1.009200, , , 
19339.000000,969299.000000,75549924.000000,0.005800,0.005800,-0.997600, , , 
19340.000000,969300.000000,75549924.000000, , , ,-0.650391,0.000000,0.000000
19341.000000,969400.000000,75549924.000000,0.000000,0.000000,-0.994700, , , 
19342.000000,969401.000000,75549924.000000, , , ,0.000000,0.000000,0.000000
19343.000000,969492.000000,75549924.000000, , , ,0.000000,0.000000,0.000000
19344.000000,969499.000000,75549924.000000,0.002900,-0.008700,-0.983100, , , 
19345.000000,969593.000000,75549924.000000, , , ,-0.650391,0.000000,0.000000
19346.000000,969600.000000,75549924.000000,0.011600,-0.014500,-0.968600, , , 
19347.000000,969694.000000,75549924.000000, , , ,-0.975586,-0.325195,0.000000
19348.000000,969699.000000,75549924.000000,0.011600,-0.017400,-0.965700, , , 
19349.000000,969795.000000,75549924.000000, , , ,-0.650391,-0.325195,0.000000
19350.000000,969800.000000,75549924.000000,0.000000,-0.005800,-0.986000, , , 
19351.000000,969896.000000,75549924.000000, , , ,-0.325195,0.000000,-0.325195
19352.000000,969899.000000,75549924.000000,0.000000,0.000000,-1.020800, , , 
19353.000000,969997.000000,75549924.000000, , , ,-0.325195,0.000000,-0.325195
19354.000000,970000.000000,75549924.000000,0.011600,-0.011600,-1.006300, , , 
19355.000000,970098.000000,75549924.000000, , , ,-0.325195,0.000000,-0.325195
19356.000000,970099.000000,75549924.000000,0.005800,-0.002900,-0.988900, , , 
19357.000000,970199.000000,75549924.000000, , , ,-0.325195,-0.650391,-0.325195
19358.000000,970200.000000,75549924.000000,-0.002900,-0.014500,-0.988900, , , 
19359.000000,970299.000000,75549924.000000,0.011600,0.000000,-0.971500, , , 
19360.000000,970300.000000,75549924.000000, , , ,-0.975586,-0.650391,-0.325195
19361.000000,970400.000000,75549924.000000,0.000000,-0.017400,-0.980200, , , 
19362.000000,970401.000000,75549924.000000, , , ,-0.325195,-0.325195,0.000000
19363.000000,970492.000000,75549924.000000, , , ,-0.650391,0.000000,0.000000
19364.000000,970499.000000,75549924.000000,0.000000,0.000000,-0.983100, , , 
19365.000000,970593.000000,75549924.000000, , , ,-0.650391,0.000000,0.000000
19366.000000,970600.000000,75549924.000000,0.002900,0.000000,-0.980200, , , 
19367.000000,970694.000000,75549924.000000, , , ,-0.325195,-0.325195,0.000000
19368.000000,970699.000000,75549924.000000,-0.002900,0.002900,-0.986000, , , 
19369.000000,970795.000000,75549924.000000, , , ,0.000000,-0.650391,0.000000
19370.000000,970800.000000,75549924.000000,0.014500,-0.020300,-0.962800, , , 
19371.000000,970896.000000,75549924.000000, , , ,0.000000,0.000000,0.000000
19372.000000,970899.000000,75549924.000000,-0.005800,-0.005800,-0.991800, , , 
19373.000000,970997.000000,75549924.000000, , , ,-0.325195,0.000000,0.000000
19374.000000,971000.000000,75549924.000000,0.008700,-0.008700,-0.980200, , , 
19375.000000,971098.000000,75549924.000000, , , ,-0.650391,0.000000,0.000000
19376.000000,971099.000000,75549924.000000,0.000000,0.002900,-0.994700, , , 
19377.000000,971199.000000,75549924.000000, , , ,-0.650391,-0.325195,0.000000
19378.000000,971200.000000,75549924.000000,0.005800,-0.008700,-1.000500, , , 
19379.000000,971299.000000,75549924.000000,0.008700,-0.008700,-0.957000, , , 
19380.000000,971300.000000,75549924.000000, , , ,-0.650391,-0.325195,-0.325195
19381.000000,971400.000000,75549924.000000,-0.002900,-0.014500,-0.994700, , , 
19382.000000,971401.000000,75549924.000000, , , ,-0.325195,0.000000,0.000000
19383.000000,971492.000000,75549924.000000, , , ,-0.650391,0.000000,0.000000
19384.000000,971499.000000,75549924.000000,0.000000,-0.023200,-0.988900, , , 
19385.000000,971593.000000,75549924.000000, , , ,-0.325195,-0.325195,-0.325195
19386.000000,971600.000000,75549924.000000,0.014500,-0.011600,-0.974400, , , 
19387.000000,971694.000000,75549924.000000, , , ,0.000000,-0.650391,-0.325195
19388.000000,971699.000000,75549924.000000,0.000000,-0.034800,-0.971500, , , 
19389.000000,971795.000000,75549924.000000, , , ,0.000000,0.000000,-0.325195
19390.000000,971800.000000,75549924.000000,0.008700,-0.040600,-0.980200, , , 
19391.000000,971896.000000,75549924.000000, , , ,0.000000,0.000000,0.000000
19392.000000,971899.000000,75549924.000000,0.000000,-0.026100,-0.986000, , , 
19393.000000,971997.000000,75549924.000000, , , ,-0.650391,0.000000,0.000000
19394.000000,972000.000000,75549924.000000,-0.011600,-0.049300,-1.012100, , , 
19395.000000,972098.000000,75549924.000000, , , ,-0.650391,0.000000,-0.325195
19396.000000,972099.000000,75549924.000000,0.014500,-0.020300,-0.994700, , , 
19397.000000,972199.000000,75549924.000000, , , ,0.000000,-0.325195,-0.325195
19398.000000,972200.000000,75549924.000000,-0.011600,-0.026100,-0.954100, , , 
19399.000000,972299.000000,75549924.000000,-0.008700,-0.026100,-0.965700, , , 
19400.000000,972300.000000,75549924.000000, , , ,-0.325195,-0.650391,-0.325195
19401.000000,972400.000000,75549924.000000,-0.008700,-0.040600,-1.017900, , , 
19402.000000,972401.000000,75549924.000000, , , ,-0.325195,0.325195,-0.325195
19403.000000,972492.000000,75549924.000000, , , ,-1.300781,0.000000,0.325195
19404.000000,972499.000000,75549924.000000,0.000000,-0.031900,-1.038200, , , 
19405.000000,972593.000000,75549924.000000, , , ,-0.975586,0.000000,0.000000
19406.000000,972600.000000,75549924.000000,0.017400,-0.008700,-0.971500, , , 
19407.000000,972694.000000,75549924.000000, , , ,-0.325195,-0.650391,-0.325195
19408.000000,972699.000000,75549924.000000,0.014500,-0.017400,-0.948300, , , 
19409.000000,972795.000000,75549924.000000, , , ,-0.650391,-0.325195,-0.325195
19410.000000,972800.000000,75549924.000000,0.005800,-0.005800,-0.968600, , , 
19411.000000,972896.000000,75549924.000000, , , ,-0.325195,0.000000,-0.325195
19412.000000,972899.000000,75549924.000000,0.000000,-0.020300,-0.974400, , , 
19413.000000,972997.000000,75549924.000000, , , ,-0.650391,-0.325195,0.000000
19414.000000,973000.000000,75549924.000000,0.000000,-0.011600,-0.986000, , , 
19415.000000,973098.000000,75549924.000000, , , ,-0.325195,0.000000,0.000000
19416.000000,973099.000000,75549924.000000,0.005800,0.008700,-0.983100, , , 
19417.000000,973199.000000,75549924.000000, , , ,-0.650391,-0.325195,0.000000
19418.000000,973200.000000,75549924.000000,0.000000,-0.005800,-0.991800, , , 
19419.000000,973299.000000,75549924.000000,0.008700,-0.011600,-0.988900, , , 
19420.000000,973300.000000,75549924.000000, , , ,-0.650391,0.000000,-0.650391
19421.000000,973400.000000,75549924.000000,0.002900,-0.008700,-0.997600, , , 
19422.000000,973401.000000,75549924.000000, , , ,-0.325195,0.000000,-0.325195
19423.000000,973492.000000,75549924.000000, , , ,-0.650391,0.000000,0.000000
19424.000000,973499.000000,75549924.000000,0.008700,-0.020300,-0.994700, , , 
19425.000000,973593.000000,75549924.000000, , , ,-0.325195,0.000000,-0.325195
19426.000000,973600.000000,75549924.000000,0.011600,-0.026100,-0.965700, , , 
19427.000000,973694.000000,75549924.000000, , , ,0.000000,0.000000,0.000000
19428.000000,973699.000000,75549924.000000,0.005800,-0.023200,-0.983100, , , 
19429.000000,973795.000000,75549924.000000, , , ,-0.325195,-0.650391,-0.325195
19430.000000,973800.000000,75549924.000000,0.002900,-0.034800,-0.988900, , , 
19431.000000,973896.000000,75549924.000000, , , ,-0.325195,-0.325195,-0.650391
19432.000000,973899.000000,75549924.000000,0.011600,-0.023200,-0.959900, , , 
19433.000000,973997.000000,75549924.000000, , , ,-0.325195,0.000000,0.325195
19434.000000,974000.000000,75549924.000000,-0.002900,-0.031900,-0.977300, , , 
19435.000000,974098.000000,75549924.000000, , , ,-0.975586,0.000000,-0.325195
19436.000000,974099.000000,75549924.000000,0.000000,-0.017400,-0.997600, , , 
19437.000000,974199.000000,75549924.000000, , , ,-0.975586,0.000000,0.000000
19438.000000,974200.000000,75549924.000000,0.002900,-0.023200,-1.015000, , , 
19439.000000,974299.000000,75549924.000000,0.002900,-0.014500,-0.991800, , , 
19440.000000,974300.000000,75549924.000000, , , ,-0.325195,0.000000,0.000000
19441.000000,974400.000000,75549924.000000,0.000000,-0.026100,-0.986000, , , 
19442.000000,974401.000000,75549924.000000, , , ,-0.650391,0.325195,-0.325195
19443.000000,974492.000000,75549924.000000, , , ,-0.975586,0.000000,0.000000
19444.000000,974499.000000,75549924.000000,0.002900,-0.029000,-1.000500, , , 
19445.000000,974593.000000,75549924.000000, , , ,-0.650391,0.000000,-0.650391
19446.000000,974600.000000,75549924.000000,0.002900,-0.023200,-0.994700, , , 
19447.000000,974694.000000,75549924.000000, , , ,-0.650391,-0.650391,-0.325195
19448.000000,974699.000000,75549924.000000,0.023200,-0.023200,-0.954100, , , 
19449.000000,974795.000000,75549924.000000, , , ,0.000000,-0.650391,0.000000
19450.000000,974800.000000,75549924.000000,-0.011600,-0.026100,-0.959900, , , 
19451.000000,974896.000000,75549924.000000, , , ,-0.650391,0.325195,0.000000
19452.000000,974899.000000,75549924.000000,0.002900,-0.023200,-0.983100, , , 
19453.000000,974997.000000,75549924.000000, , , ,-1.300781,0.000000,0.000000
19454.000000,975000.000000,75549924.000000,-0.005800,-0.034800,-1.000500, , , 
19455.000000,975098.000000,75549924.000000, , , ,-0.650391,0.000000,-0.325195
19456.000000,975099.000000,75549924.000000,0.002900,-0.026100,-0.991800, , , 
19457.000000,975199.000000,75549924.000000, , , ,0.000000,0.000000,0.000000
19458.000000,975200.000000,75549924.000000,0.014500,-0.043500,-0.983100, , , 
19459.000000,975299.000000,75549924.000000,0.008700,-0.011600,-0.965700, , , 
19460.000000,975300.000000,75549924.000000, , , ,-0.325195,-0.325195,-0.325195
19461.000000,975400.000000,75549924.000000,0.002900,-0.029000,-0.942500, , , 
19462.000000,975401.000000,75549924.000000, , , ,-0.650391,-0.975586,-0.325195
19463.000000,975492.000000,75549924.000000, , , ,-1.300781,-0.975586,0.000000
19464.000000,975499.000000,75549924.000000,0.008700,-0.029000,-0.939600, , , 
19465.000000,975593.000000,75549924.000000, , , ,0.000000,0.000000,0.000000
19466.000000,975600.000000,75549924.000000,-0.005800,-0.011600,-1.000500, , , 
19467.000000,975694.000000,75549924.000000, , , ,0.000000,0.325195,-0.325195
19468.000000,975699.000000,75549924.000000,0.002900,-0.029000,-1.046900, , , 
19469.000000,975795.000000,75549924.000000, , , ,-1.625977,-0.650391,0.325195
19470.000000,975800.000000,75549924.000000,0.026100,-0.058000,-0.997600, , , 
19471.000000,975896.000000,75549924.000000, , , ,-1.625977,-0.325195,-0.325195
19472.000000,975899.000000,75549924.000000,-0.014500,-0.008700,-0.962800, , , 
19473.000000,975997.000000,75549924.000000, , , ,-0.650391,0.325195,-0.325195
19474.000000,976000.000000,75549924.000000,-0.002900,0.002900,-1.035300, , , 
19475.000000,976098.000000,75549924.000000, , , ,0.650391,-0.650391,-0.650391
19476.000000,976099.000000,75549924.000000,0.029000,-0.002900,-0.954100, , , 
19477.000000,976199.000000,75549924.000000, , , ,0.325195,-0.325195,-0.325195
19478.000000,976200.000000,75549924.000000,-0.017400,-0.034800,-0.951200, , , 
19479.000000,976299.000000,75549924.000000,0.000000,-0.031900,-1.009200, , , 
19480.000000,976300.000000,75549924.000000, , , ,0.000000,0.000000,-0.325195
19481.000000,976400.000000,75549924.000000,0.011600,-0.029000,-0.959900, , , 
19482.000000,976401.000000,75549924.000000, , , ,-0.650391,0.000000,0.000000
19483.000000,976492.000000,75549924.000000, , , ,-0.650391,0.000000,0.000000
19484.000000,976499.000000,75549924.000000,-0.020300,-0.023200,-0.994700, , , 
19485.000000,976593.000000,75549924.000000, , , ,-0.650391,0.000000,0.000000
19486.000000,976600.000000,75549924.000000,0.008700,-0.014500,-1.000500, , , 
19487.000000,976694.000000,75549924.000000, , , ,-0.650391,0.000000,0.000000
19488.000000,976699.000000,75549924.000000,0.008700,-0.020300,-0.971500, , , 
19489.000000,976795.000000,75549924.000000, , , ,-0.975586,0.000000,0.000000
19490.000000,976800.000000,75549924.000000,0.000000,-0.029000,-1.000500, , , 
19491.000000,976896.000000,75549924.000000, , , ,-0.975586,0.000000,-0.325195
19492.000000,976899.000000,75549924.000000,0.000000,-0.005800,-0.988900, , , 
19493.000000,976997.000000,75549924.000000, , , ,0.000000,0.000000,0.000000
19494.000000,977000.000000,75549924.000000,0.017400,-0.008700,-0.986000, , , 
19495.000000,977098.000000,75549924.000000, , , ,-0.325195,0.000000,-0.325195
19496.000000,977099.000000,75549924.000000,0.000000,-0.011600,-1.003400, , , 
19497.000000,977199.000000,75549924.000000, , , ,0.000000,0.000000,0.000000
19498.000000,977200.000000,75549924.000000,0.017400,-0.026100,-0.980200, , , 
19499.000000,977299.000000,75549924.000000,0.005800,-0.020300,-0.959900, , , 
19500.000000,977300.000000,75549924.000000, , , ,-0.650391,-0.975586,0.000000
19501.000000,977400.000000,75549924.000000,-0.008700,-0.005800,-0.957000, , , 
19502.000000,977401.000000,75549924.000000, , , ,-0.975586,0.000000,0.000000
19503.000000,977492.000000,75549924.000000, , , ,-0.650391,0.000000,0.325195
19504.000000,977499.000000,75549924.000000,0.014500,-0.011600,-1.006300, , , 
19505.000000,977593.000000,75549924.000000, , , ,-0.975586,0.000000,0.000000
19506.000000,977600.000000,75549924.000000,0.005800,0.002900,-1.012100, , , 
19507.000000,977694.000000,75549924.000000, , , ,-0.325195,0.000000,0.000000
19508.000000,977699.000000,75549924.000000,0.014500,0.005800,-0.983100, , , 
19509.000000,977795.000000,75549924.000000, , , ,-0.325195,0.000000,0.000000
19510.000000,977800.000000,75549924.000000,-0.002900,-0.008700,-0.983100, , , 
19511.000000,977896.000000,75549924.000000, , , ,-0.975586,-0.325195,0.000000
19512.000000,977899.000000,75549924.000000,0.008700,-0.008700,-0.977300, , , 
19513.000000,977997.000000,75549924.000000, , , ,-0.650391,0.000000,0.000000
19514.000000,978000.000000,75549924.000000,0.002900,0.000000,-0.954100, , , 
19515.000000,978098.000000,75549924.000000, , , ,-0.650391,0.000000,0.000000
19516.000000,978099.000000,75549924.000000,-0.008700,-0.023200,-0.986000, , , 
19517.000000,978199.000000,75549924.000000, , , ,-0.650391,0.000000,0.000000
19518.000000,978200.000000,75549924.000000,0.000000,0.005800,-0.991800, , , 
19519.000000,978299.000000,75549924.000000,0.005800,0.000000,-1.015000, , , 
19520.000000,978300.000000,75549924.000000, , , ,-0.325195,0.325195,-0.325195
19521.000000,978400.000000,75549924.000000,0.008700,-0.005800,-0.988900, , , 
19522.000000,978401.000000,75549924.000000, , , ,-0.650391,-0.325195,0.000000
19523.000000,978492.000000,75549924.000000, , , ,-0.975586,-0.325195,0.000000
19524.000000,978499.000000,75549924.000000,0.014500,-0.011600,-0.959900, , , 
19525.000000,978593.000000,75549924.000000, , , ,-0.650391,-0.650391,0.000000
19526.000000,978600.000000,75549924.000000,-0.005800,0.000000,-0.957000, , , 
19527.000000,978694.000000,75549924.000000, , , ,-0.975586,0.000000,0.000000
19528.000000,978699.000000,75549924.000000,0.008700,-0.023200,-0.980200, , , 
19529.000000,978795.000000,75549924.000000, , , ,0.000000,-0.325195,0.000000
19530.000000,978800.000000,75549924.000000,0.002900,0.000000,-0.945400, , , 
19531.000000,978896.000000,75549924.000000, , , ,0.000000,-0.650391,0.000000
19532.000000,978899.000000,75549924.000000,-0.002900,-0.014500,-0.948300, , , 
19533.000000,978997.000000,75549924.000000, , , ,-0.325195,-0.325195,0.000000
19534.000000,979000.000000,75549924.000000,0.000000,-0.011600,-0.971500, , , 
19535.000000,979098.000000,75549924.000000, , , ,-1.300781,0.000000,0.000000
19536.000000,979099.000000,75549924.000000,-0.014500,-0.008700,-1.038200, , , 
19537.000000,979199.000000,75549924.000000, , , ,-1.951172,0.000000,0.325195
19538.000000,979200.000000,75549924.000000,0.011600,0.005800,-1.038200, , , 
19539.000000,979299.000000,75549924.000000,0.000000,0.008700,-0.994700, , , 
19540.000000,979300.000000,75549924.000000, , , ,-0.975586,0.000000,0.000000
19541.000000,979400.000000,75549924.000000,-0.008700,-0.023200,-0.991800, , , 
19542.000000,979401.000000,75549924.000000, , , ,-0.650391,0.000000,0.000000
19543.000000,979492.000000,75549924.000000, , , ,-1.300781,-0.325195,-0.325195
19544.000000,979499.000000,75549924.000000,0.008700,-0.011600,-0.977300, , , 
19545.000000,979593.000000,75549924.000000, , , ,-1.300781,0.325195,-0.325195
19546.000000,979600.000000,75549924.000000,0.000000,0.014500,-1.017900, , , 
19547.000000,979694.000000,75549924.000000, , , ,0.000000,0.000000,-0.325195
19548.000000,979699.000000,75549924.000000,0.008700,-0.017400,-0.971500, , , 
19549.000000,979795.000000,75549924.000000, , , ,-0.325195,-0.325195,0.000000
19550.000000,979800.000000,75549924.000000,-0.011600,-0.008700,-0.971500, , , 
19551.000000,979896.000000,75549924.000000, , , ,-0.325195,-0.325195,-0.325195
19552.000000,979899.000000,75549924.000000,0.014500,-0.008700,-0.983100, , , 
19553.000000,979997.000000,75549924.000000, , , ,-0.325195,-0.325195,-0.325195
19554.000000,980000.000000,75549924.000000,-0.002900,-0.026100,-0.945400, , , 
19555.000000,980098.000000,75549924.000000, , , ,-0.975586,-0.325195,0.000000
19556.000000,980099.000000,75549924.000000,-0.005800,-0.029000,-0.980200, , , 
19557.000000,980199.000000,75549924.000000, , , ,-0.975586,0.000000,0.000000
19558.000000,980200.000000,75549924.000000,-0.002900,-0.020300,-0.994700, , , 
19559.000000,980299.000000,75549924.000000,0.000000,-0.002900,-1.035300, , , 
19560.000000,980300.000000,75549924.000000, , , ,-0.975586,0.975586,0.000000
19561.000000,980400.000000,75549924.000000,0.008700,0.023200,-1.035300, , , 
19562.000000,980401.000000,75549924.000000, , , ,0.000000,0.000000,0.000000
19563.000000,980492.000000,75549924.000000, , , ,0.325195,0.000000,-0.650391
19564.000000,980499.000000,75549924.000000,0.002900,-0.008700,-0.983100, , , 
19565.000000,980593.000000,75549924.000000, , , ,-0.325195,0.000000,0.000000
19566.000000,980600.000000,75549924.000000,0.002900,-0.008700,-0.971500, , , 
19567.000000,980694.000000,75549924.000000, , , ,-0.325195,-0.325195,0.000000
19568.000000,980699.000000,75549924.000000,0.000000,0.002900,-0.983100, , , 
19569.000000,980795.000000,75549924.000000, , , ,0.000000,0.000000,0.000000
19570.000000,980800.000000,75549924.000000,0.011600,-0.002900,-0.968600, , , 
19571.000000,980896.000000,75549924.000000, , , ,-0.650391,0.000000,0.325195
19572.000000,980899.000000,75549924.000000,0.000000,0.002900,-0.965700, , , 
19573.000000,980997.000000,75549924.000000, , , ,0.000000,-0.650391,0.650391
19574.000000,981000.000000,75549924.000000,-0.005800,0.026100,-0.997600, , , 
19575.000000,981098.000000,75549924.000000, , , ,-0.650391,-0.325195,0.000000
19576.000000,981099.000000,75549924.000000,0.008700,-0.005800,-0.997600, , , 
19577.000000,981199.000000,75549924.000000, , , ,-0.650391,-0.325195,0.000000
19578.000000,981200.000000,75549924.000000,0.002900,0.005800,-0.971500, , , 
19579.000000,981299.000000,75549924.000000,0.011600,0.017400,-0.968600, , , 
19580.000000,981300.000000,75549924.000000, , , ,-0.975586,0.000000,0.000000
19581.000000,981400.000000,75549924.000000,0.002900,0.011600,-1.006300, , , 
19582.000000,981401.000000,75549924.000000, , , ,-0.975586,0.000000,0.000000
19583.000000,981492.000000,75549924.000000, , , ,-0.650391,0.000000,0.000000
19584.000000,981499.000000,75549924.000000,0.005800,0.031900,-1.017900, , , 
19585.000000,981593.000000,75549924.000000, , , ,0.000000,0.000000,0.000000
19586.000000,981600.000000,75549924.000000,0.005800,-0.037700,-0.980200, , , 
19587.000000,981694.000000,75549924.000000, , , ,-0.650391,-0.325195,0.000000
19588.000000,981699.000000,75549924.000000,-0.008700,-0.026100,-0.983100, , , 
19589.000000,981795.000000,75549924.000000, , , ,-0.650391,-0.650391,0.000000
19590.000000,981800.000000,75549924.000000,0.020300,0.008700,-0.974400, , , 
19591.000000,981896.000000,75549924.000000, , , ,-0.975586,-0.650391,0.000000
19592.000000,981899.000000,75549924.000000,0.014500,0.002900,-0.980200, , , 
19593.000000,981997.000000,75549924.000000, , , ,-0.975586,-0.975586,0.000000
19594.000000,982000.000000,75549924.000000,-0.002900,0.000000,-0.971500, , , 
19595.000000,982098.000000,75549924.000000, , , ,-0.650391,0.000000,0.000000
19596.000000,982099.000000,75549924.000000,0.000000,0.011600,-0.994700, , , 
19597.000000,982199.000000,75549924.000000, , , ,-0.975586,-0.325195,-0.325195
19598.000000,982200.000000,75549924.000000,-0.011600,-0.043500,-0.991800, , , 
19599.000000,982299.000000,75549924.000000,0.000000,0.008700,-0.986000, , , 
19600.000000,982300.000000,75549924.000000, , , ,0.000000,0.325195,-0.325195
19601.000000,982400.000000,75549924.000000,0.005800,-0.011600,-0.986000, , , 
19602.000000,982401.000000,75549924.000000, , , ,-0.325195,-0.325195,-0.650391
19603.000000,982492.000000,75549924.000000, , , ,0.000000,-0.325195,-0.325195
19604.000000,982499.000000,75549924.000000,0.000000,-0.008700,-0.991800, , , 
19605.000000,982593.000000,75549924.000000, , , ,-0.325195,0.000000,-0.325195
19606.000000,982600.000000,75549924.000000,0.014500,-0.011600,-1.006300, , , 
19607.000000,982694.000000,75549924.000000, , , ,0.000000,0.000000,-0.650391
19608.000000,982699.000000,75549924.000000,-0.008700,0.017400,-1.003400, , , 
19609.000000,982795.000000,75549924.000000, , , ,-0.975586,-0.325195,-1.625977
19610.000000,982800.000000,75549924.000000,0.014500,-0.075400,-0.930900, , , 
19611.000000,982896.000000,75549924.000000, , , ,-0.650391,-0.975586,0.325195
19612.000000,982899.000000,75549924.000000,-0.011600,-0.002900,-0.994700, , , 
19613.000000,982997.000000,75549924.000000, , , ,-0.325195,0.650391,0.000000
19614.000000,983000.000000,75549924.000000,0.020300,-0.017400,-0.994700, , , 
19615.000000,983098.000000,75549924.000000, , , ,-0.650391,-0.650391,-0.650391
19616.000000,983099.000000,75549924.000000,0.002900,-0.005800,-0.988900, , , 
19617.000000,983199.000000,75549924.000000, , , ,-0.975586,-0.650391,-0.650391
19618.000000,983200.000000,75549924.000000,-0.011600,-0.037700,-1.006300, , , 
19619.000000,983299.000000,75549924.000000,0.000000,-0.011600,-0.986000, , , 
19620.000000,983300.000000,75549924.000000, , , ,-0.325195,0.000000,-0.325195
19621.000000,983400.000000,75549924.000000,0.000000,-0.008700,-1.012100, , , 
19622.000000,983401.000000,75549924.000000, , , ,0.000000,0.000000,0.000000
19623.000000,983501.000000,75549924.000000,0.020300,-0.017400,-0.991800,0.000000,0.000000,-0.650391
19624.000000,983592.000000,75549924.000000, , , ,-0.325195,0.000000,0.000000
19625.000000,983599.000000,75549924.000000,0.017400,0.000000,-1.000500, , , 
19626.000000,983693.000000,75549924.000000, , , ,0.000000,-0.325195,0.000000
19627.000000,983700.000000,75549924.000000,0.017400,-0.011600,-0.974400, , , 
19628.000000,983794.000000,75549924.000000, , , ,-0.325195,-0.325195,0.000000
19629.000000,983799.000000,75549924.000000,0.000000,-0.005800,-0.951200, , , 
19630.000000,983895.000000,75549924.000000, , , ,-0.325195,0.000000,-0.650391
19631.000000,983900.000000,75549924.000000,0.002900,0.017400,-0.980200, , , 
19632.000000,983996.000000,75549924.000000, , , ,-0.325195,-0.325195,-0.325195
19633.000000,983999.000000,75549924.000000,-0.002900,-0.005800,-1.009200, , , 
19634.000000,984097.000000,75549924.000000, , , ,-0.325195,-0.975586,0.000000
19635.000000,984100.000000,75549924.000000,0.023200,-0.017400,-0.965700, , , 
19636.000000,984198.000000,75549924.000000, , , ,-0.650391,0.000000,-0.325195
19637.000000,984199.000000,75549924.000000,-0.008700,-0.008700,-0.974400, , , 
19638.000000,984299.000000,75549924.000000, , , ,-0.650391,-0.325195,0.000000
19639.000000,984300.000000,75549924.000000,0.011600,-0.008700,-0.962800, , , 
19640.000000,984399.000000,75549924.000000,0.000000,-0.011600,-0.977300, , , 
19641.000000,984400.000000,75549924.000000, , , ,-0.325195,-0.650391,-0.325195
19642.000000,984500.000000,75549924.000000,-0.008700,-0.014500,-1.000500, , , 
19643.000000,984501.000000,75549924.000000, , , ,-0.650391,0.325195,0.000000
19644.000000,984592.000000,75549924.000000, , , ,-0.650391,0.325195,-0.325195
19645.000000,984599.000000,75549924.000000,0.008700,-0.008700,-1.020800, , , 
19646.000000,984693.000000,75549924.000000, , , ,0.000000,-0.650391,0.000000
19647.000000,984700.000000,75549924.000000,0.000000,-0.020300,-0.980200, , , 
19648.000000,984794.000000,75549924.000000, , , ,-0.325195,0.000000,0.000000
19649.000000,984799.000000,75549924.000000,-0.005800,-0.023200,-1.000500, , , 
19650.000000,984895.000000,75549924.000000, , , ,-0.975586,-0.325195,0.975586
19651.000000,984900.000000,75549924.000000,0.008700,-0.014500,-0.980200, , , 
19652.000000,984996.000000,75549924.000000, , , ,-0.975586,0.650391,0.325195
19653.000000,984999.000000,75549924.000000,-0.008700,-0.031900,-0.994700, , , 
19654.000000,985097.000000,75549924.000000, , , ,-0.975586,-0.325195,-0.650391
19655.000000,985100.000000,75549924.000000,-0.005800,0.000000,-0.988900, , , 
19656.000000,985198.000000,75549924.000000, , , ,-0.325195,-0.325195,-0.325195
19657.000000,985199.000000,75549924.000000,0.002900,0.000000,-0.977300, , , 
19658.000000,985299.000000,75549924.000000, , , ,-0.325195,0.000000,0.000000
19659.000000,985300.000000,75549924.000000,-0.002900,-0.005800,-0.980200, , , 
19660.000000,985399.000000,75549924.000000,0.000000,-0.029000,-0.977300, , , 
19661.000000,985400.000000,75549924.000000, , , ,-0.975586,0.000000,0.000000
19662.000000,985500.000000,75549924.000000,0.002900,-0.020300,-0.991800, , , 
19663.000000,985501.000000,75549924.000000, , , ,-0.325195,0.000000,0.000000
19664.000000,985592.000000,75549924.000000, , , ,-0.650391,-0.975586,-0.650391
19665.000000,985599.000000,75549924.000000,0.008700,-0.002900,-0.971500, , , 
19666.000000,985693.000000,75549924.000000, , , ,-0.325195,0.000000,-0.325195
19667.000000,985700.000000,75549924.000000,-0.002900,-0.002900,-0.983100, , , 
19668.000000,985794.000000,75549924.000000, , , ,0.000000,0.000000,0.000000
19669.000000,985800.000000,75549924.000000,0.000000,-0.014500,-0.986000, , , 
19670.000000,985894.000000,75549924.000000, , , ,-0.650391,0.000000,0.000000
19671.000000,985899.000000,75549924.000000,0.008700,-0.005800,-0.980200, , , 
19672.000000,985995.000000,75549924.000000, , , ,-0.325195,-0.325195,0.000000
19673.000000,986000.000000,75549924.000000,0.002900,-0.017400,-0.945400, , , 
19674.000000,986096.000000,75549924.000000, , , ,0.000000,-0.650391,0.000000
19675.000000,986099.000000,75549924.000000,0.011600,-0.014500,-0.954100, , , 
19676.000000,986197.000000,75549924.000000, , , ,-1.300781,0.000000,0.000000
19677.000000,986200.000000,75549924.000000,0.011600,-0.023200,-0.986000, , , 
19678.000000,986298.000000,75549924.000000, , , ,-1.300781,-0.325195,0.325195
19679.000000,986299.000000,75549924.000000,0.000000,0.034800,-0.994700, , , 
19680.000000,986399.000000,75549924.000000, , , ,-0.650391,-0.650391,-0.650391
19681.000000,986400.000000,75549924.000000,0.000000,0.034800,-0.986000, , , 
19682.000000,986499.000000,75549924.000000,0.005800,0.002900,-0.971500, , , 
19683.000000,986500.000000,75549924.000000, , , ,-0.325195,-0.325195,-1.300781
19684.000000,986600.000000,75549924.000000,-0.002900,-0.008700,-0.962800, , , 
19685.000000,986601.000000,75549924.000000, , , ,-0.650391,-0.650391,0.000000
19686.000000,986692.000000,75549924.000000, , , ,0.000000,0.000000,0.000000
19687.000000,986699.000000,75549924.000000,0.014500,0.002900,-0.988900, , , 
19688.000000,986793.000000,75549924.000000, , , ,0.000000,-0.325195,-0.325195
19689.000000,986800.000000,75549924.000000,0.011600,-0.011600,-0.983100, , , 
19690.000000,986894.000000,75549924.000000, , , ,0.000000,-0.650391,0.000000
19691.000000,986899.000000,75549924.000000,0.014500,-0.008700,-0.933800, , , 
19692.000000,986995.000000,75549924.000000, , , ,-0.325195,-0.650391,0.000000
19693.000000,987000.000000,75549924.000000,-0.005800,-0.014500,-0.968600, , , 
19694.000000,987096.000000,75549924.000000, , , ,-1.300781,0.000000,-0.325195
19695.000000,987099.000000,75549924.000000,0.026100,-0.008700,-0.991800, , , 
19696.000000,987197.000000,75549924.000000, , , ,-0.650391,0.000000,0.000000
19697.000000,987200.000000,75549924.000000,0.011600,-0.005800,-0.977300, , , 
19698.000000,987298.000000,75549924.000000, , , ,-0.325195,0.000000,0.000000
19699.000000,987299.000000,75549924.000000,0.014500,0.020300,-0.968600, , , 
19700.000000,987399.000000,75549924.000000, , , ,0.000000,0.000000,0.000000
19701.000000,987400.000000,75549924.000000,0.002900,0.011600,-0.968600, , , 
19702.000000,987499.000000,75549924.000000,0.011600,-0.011600,-0.980200, , , 
19703.000000,987500.000000,75549924.000000, , , ,-0.325195,-0.325195,-0.325195
19704.000000,987600.000000,75549924.000000,0.005800,0.000000,-0.962800, , , 
19705.000000,987601.000000,75549924.000000, , , ,-0.325195,-0.325195,0.000000
19706.000000,987692.000000,75549924.000000, , , ,-0.325195,0.000000,-0.325195
19707.000000,987699.000000,75549924.000000,0.002900,-0.008700,-0.971500, , , 
19708.000000,987793.000000,75549924.000000, , , ,0.000000,-0.325195,-0.325195
19709.000000,987800.000000,75549924.000000,0.000000,-0.005800,-0.980200, , , 
19710.000000,987894.000000,75549924.000000, , , ,-0.650391,-0.650391,-0.325195
19711.000000,987899.000000,75549924.000000,0.005800,-0.011600,-0.962800, , , 
19712.000000,987995.000000,75549924.000000, , , ,-0.325195,0.000000,0.000000
19713.000000,988000.000000,75549924.000000,0.005800,-0.014500,-0.977300, , , 
19714.000000,988096.000000,75549924.000000, , , ,-0.650391,-0.325195,0.000000
19715.000000,988099.000000,75549924.000000,0.005800,0.000000,-0.968600, , , 
19716.000000,988197.000000,75549924.000000, , , ,-0.975586,0.000000,0.000000
19717.000000,988200.000000,75549924.000000,0.000000,-0.005800,-0.997600, , , 
19718.000000,988298.000000,75549924.000000, , , ,-0.650391,-0.325195,0.000000
19719.000000,988299.000000,75549924.000000,0.011600,-0.017400,-0.991800, , , 
19720.000000,988399.000000,75549924.000000, , , ,0.000000,-0.650391,-0.325195
19721.000000,988400.000000,75549924.000000,0.002900,-0.014500,-0.965700, , , 
19722.000000,988499.000000,75549924.000000,0.026100,-0.017400,-0.951200, , , 
19723.000000,988500.000000,75549924.000000, , , ,-0.325195,-0.650391,-0.325195
19724.000000,988600.000000,75549924.000000,-0.002900,-0.014500,-0.968600, , , 
19725.000000,988601.000000,75549924.000000, , , ,0.000000,-0.325195,0.000000
19726.000000,988692.000000,75549924.000000, , , ,-0.650391,0.000000,0.000000
19727.000000,988699.000000,75549924.000000,0.005800,-0.029000,-0.974400, , , 
19728.000000,988793.000000,75549924.000000, , , ,-1.300781,-0.325195,0.000000
19729.000000,988800.000000,75549924.000000,0.008700,-0.031900,-0.971500, , , 
19730.000000,988894.000000,75549924.000000, , , ,-1.300781,-0.325195,0.000000
19731.000000,988899.000000,75549924.000000,-0.008700,-0.037700,-0.971500, , , 
19732.000000,988995.000000,75549924.000000, , , ,-0.975586,0.000000,-0.325195
19733.000000,989000.000000,75549924.000000,0.005800,-0.040600,-0.994700, , , 
19734.000000,989096.000000,75549924.000000, , , ,-0.975586,0.000000,-0.975586
19735.000000,989099.000000,75549924.000000,0.000000,-0.005800,-0.994700, , , 
19736.000000,989197.000000,75549924.000000, , , ,-0.650391,-0.650391,-0.650391
19737.000000,989200.000000,75549924.000000,0.017400,-0.002900,-0.983100, , , 
19738.000000,989298.000000,75549924.000000, , , ,0.000000,0.000000,-0.325195
19739.000000,989299.000000,75549924.000000,0.011600,-0.020300,-0.997600, , , 
19740.000000,989399.000000,75549924.000000, , , ,0.000000,-0.325195,0.000000
19741.000000,989400.000000,75549924.000000,0.002900,-0.017400,-0.948300, , , 
19742.000000,989499.000000,75549924.000000,0.000000,-0.037700,-0.959900, , , 
19743.000000,989500.000000,75549924.000000, , , ,0.000000,-0.975586,-2.276367
19744.000000,989600.000000,75549924.000000,0.011600,-0.011600,-0.971500, , , 
19745.000000,989601.000000,75549924.000000, , , ,-1.951172,0.000000,-0.325195
19746.000000,989692.000000,75549924.000000, , , ,-0.975586,-0.325195,0.000000
19747.000000,989699.000000,75549924.000000,0.000000,-0.017400,-0.988900, , , 
19748.000000,989793.000000,75549924.000000, , , ,-0.325195,0.000000,0.000000
19749.000000,989800.000000,75549924.000000,0.005800,-0.002900,-0.997600, , , 
19750.000000,989894.000000,75549924.000000, , , ,0.000000,0.000000,0.000000
19751.000000,989899.000000,75549924.000000,0.014500,-0.008700,-0.983100, , , 
19752.000000,989995.000000,75549924.000000, , , ,-0.325195,-0.975586,0.000000
19753.000000,990000.000000,75549924.000000,0.002900,-0.005800,-0.948300, , , 
19754.000000,990096.000000,75549924.000000, , , ,-0.325195,0.650391,0.000000
19755.000000,990099.000000,75549924.000000,-0.017400,-0.023200,-1.006300, , , 
19756.000000,990197.000000,75549924.000000, , , ,-1.300781,0.000000,0.000000
19757.000000,990200.000000,75549924.000000,0.002900,-0.017400,-1.003400, , , 
19758.000000,990298.000000,75549924.000000, , , ,-0.650391,0.000000,0.000000
19759.000000,990299.000000,75549924.000000,0.005800,-0.008700,-0.965700, , , 
19760.000000,990399.000000,75549924.000000, , , ,-0.650391,0.000000,-0.325195
19761.000000,990400.000000,75549924.000000,-0.011600,-0.011600,-0.974400, , , 
19762.000000,990499.000000,75549924.000000,0.005800,0.005800,-0.971500, , , 
19763.000000,990500.000000,75549924.000000, , , ,0.000000,-0.325195,0.325195
19764.000000,990600.000000,75549924.000000,-0.005800,-0.020300,-0.994700, , , 
19765.000000,990601.000000,75549924.000000, , , ,-0.325195,-0.325195,0.000000
19766.000000,990692.000000,75549924.000000, , , ,-0.650391,-0.325195,-0.325195
19767.000000,990699.000000,75549924.000000,0.008700,-0.020300,-0.974400, , , 
19768.000000,990793.000000,75549924.000000, , , ,-0.325195,0.000000,0.000000
19769.000000,990800.000000,75549924.000000,0.000000,-0.020300,-0.962800, , , 
19770.000000,990894.000000,75549924.000000, , , ,0.000000,0.000000,0.000000
19771.000000,990899.000000,75549924.000000,0.000000,-0.008700,-0.991800, , , 
19772.000000,990995.000000,75549924.000000, , , ,-0.650391,-0.650391,0.000000
19773.000000,991000.000000,75549924.000000,0.000000,-0.020300,-0.986000, , , 
19774.000000,991096.000000,75549924.000000, , , ,-0.325195,-0.325195,-0.325195
19775.000000,991099.000000,75549924.000000,-0.005800,-0.023200,-0.983100, , , 
19776.000000,991197.000000,75549924.000000, , , ,0.000000,0.000000,0.000000
19777.000000,991200.000000,75549924.000000,-0.014500,-0.011600,-0.974400, , , 
19778.000000,991298.000000,75549924.000000, , , ,-0.325195,0.000000,0.000000
19779.000000,991299.000000,75549924.000000,-0.008700,-0.020300,-0.959900, , , 
19780.000000,991399.000000,75549924.000000, , , ,0.000000,0.000000,0.000000
19781.000000,991400.000000,75549924.000000,-0.011600,-0.011600,-0.983100, , , 
19782.000000,991499.000000,75549924.000000,-0.014500,-0.020300,-1.000500, , , 
19783.000000,991500.000000,75549924.000000, , , ,-0.325195,-0.325195,0.000000
19784.000000,991600.000000,75549924.000000,-0.014500,-0.026100,-1.015000, , , 
19785.000000,991601.000000,75549924.000000, , , ,-0.325195,0.325195,0.000000
19786.000000,991692.000000,75549924.000000, , , ,-1.300781,0.325195,-0.325195
19787.000000,991699.000000,75549924.000000,-0.008700,-0.017400,-1.023700, , , 
19788.000000,991793.000000,75549924.000000, , , ,-0.975586,-0.325195,0.000000
19789.000000,991800.000000,75549924.000000,-0.002900,-0.011600,-0.968600, , , 
19790.000000,991894.000000,75549924.000000, , , ,0.000000,0.000000,0.000000
19791.000000,991899.000000,75549924.000000,-0.023200,-0.020300,-0.983100, , , 
19792.000000,991995.000000,75549924.000000, , , ,-0.650391,0.000000,0.000000
19793.000000,992000.000000,75549924.000000,-0.017400,-0.020300,-1.006300, , , 
19794.000000,992096.000000,75549924.000000, , , ,-0.325195,-0.325195,-0.325195
19795.000000,992099.000000,75549924.000000,0.000000,-0.011600,-0.983100, , , 
19796.000000,992197.000000,75549924.000000, , , ,-0.325195,-0.650391,-0.325195
19797.000000,992200.000000,75549924.000000,-0.005800,-0.014500,-0.959900, , , 
19798.000000,992298.000000,75549924.000000, , , ,0.000000,-0.650391,-0.650391
19799.000000,992299.000000,75549924.000000,-0.014500,-0.011600,-0.959900, , , 
19800.000000,992399.000000,75549924.000000, , , ,-0.325195,0.000000,-0.325195
19801.000000,992400.000000,75549924.000000,-0.017400,-0.020300,-1.000500, , , 
19802.000000,992499.000000,75549924.000000,-0.017400,-0.031900,-1.020800, , , 
19803.000000,992500.000000,75549924.000000, , , ,-0.650391,0.325195,0.000000
19804.000000,992600.000000,75549924.000000,0.005800,-0.017400,-0.977300, , , 
19805.000000,992601.000000,75549924.000000, , , ,-0.975586,-0.325195,-0.325195
19806.000000,992692.000000,75549924.000000, , , ,-0.975586,-0.325195,-0.325195
19807.000000,992699.000000,75549924.000000,-0.031900,-0.017400,-0.948300, , , 
19808.000000,992793.000000,75549924.000000, , , ,-0.650391,-0.975586,-0.325195
19809.000000,992800.000000,75549924.000000,0.002900,-0.029000,-0.959900, , , 
19810.000000,992894.000000,75549924.000000, , , ,-0.325195,0.000000,-0.325195
19811.000000,992899.000000,75549924.000000,-0.020300,-0.017400,-0.959900, , , 
19812.000000,992995.000000,75549924.000000, , , ,-0.975586,0.000000,0.000000
19813.000000,993000.000000,75549924.000000,-0.017400,-0.037700,-1.020800, , , 
19814.000000,993096.000000,75549924.000000, , , ,-1.300781,0.000000,0.000000
19815.000000,993099.000000,75549924.000000,-0.002900,-0.008700,-0.997600, , , 
19816.000000,993197.000000,75549924.000000, , , ,-0.975586,-0.325195,-0.325195
19817.000000,993200.000000,75549924.000000,-0.011600,-0.017400,-0.954100, , , 
19818.000000,993298.000000,75549924.000000, , , ,-0.650391,-0.325195,0.000000
19819.000000,993299.000000,75549924.000000,-0.014500,-0.034800,-0.962800, , , 
19820.000000,993399.000000,75549924.000000, , , ,-0.650391,-0.325195,-0.325195
19821.000000,993400.000000,75549924.000000,-0.005800,-0.011600,-0.980200, , , 
19822.000000,993499.000000,75549924.000000,-0.029000,-0.023200,-1.020800, , , 
19823.000000,993500.000000,75549924.000000, , , ,-0.650391,0.325195,-0.325195
19824.000000,993600.000000,75549924.000000,-0.011600,-0.017400,-1.046900, , , 
19825.000000,993601.000000,75549924.000000, , , ,-0.975586,0.325195,-0.325195
19826.000000,993692.000000,75549924.000000, , , ,-0.650391,0.000000,0.000000
19827.000000,993699.000000,75549924.000000,-0.011600,-0.002900,-1.012100, , , 
19828.000000,993793.000000,75549924.000000, , , ,-0.650391,0.000000,0.000000
19829.000000,993800.000000,75549924.000000,-0.005800,-0.017400,-0.974400, , , 
19830.000000,993894.000000,75549924.000000, , , ,0.000000,-0.975586,-0.650391
19831.000000,993899.000000,75549924.000000,0.014500,-0.017400,-0.910600, , , 
19832.000000,993995.000000,75549924.000000, , , ,0.000000,-0.325195,-0.325195
19833.000000,994000.000000,75549924.000000,-0.023200,-0.026100,-0.959900, , , 
19834.000000,994096.000000,75549924.000000, , , ,-0.650391,0.325195,-0.325195
19835.000000,994099.000000,75549924.000000,-0.011600,-0.023200,-1.012100, , , 
19836.000000,994197.000000,75549924.000000, , , ,-1.300781,0.000000,0.000000
19837.000000,994200.000000,75549924.000000,-0.011600,-0.046400,-1.017900, , , 
19838.000000,994298.000000,75549924.000000, , , ,-0.650391,-0.650391,0.000000
19839.000000,994299.000000,75549924.000000,-0.011600,-0.011600,-0.980200, , , 
19840.000000,994399.000000,75549924.000000, , , ,0.000000,-0.650391,-0.325195
19841.000000,994400.000000,75549924.000000,-0.017400,0.011600,-0.951200, , , 
19842.000000,994499.000000,75549924.000000,-0.014500,-0.020300,-0.968600, , , 
19843.000000,994500.000000,75549924.000000, , , ,-0.325195,-0.325195,0.000000
19844.000000,994600.000000,75549924.000000,-0.029000,-0.029000,-1.017900, , , 
19845.000000,994601.000000,75549924.000000, , , ,-0.325195,0.000000,-0.325195
19846.000000,994692.000000,75549924.000000, , , ,0.000000,-0.325195,-0.325195
19847.000000,994699.000000,75549924.000000,-0.008700,-0.026100,-0.997600, , , 
19848.000000,994793.000000,75549924.000000, , , ,-0.325195,0.000000,-0.650391
19849.000000,994800.000000,75549924.000000,-0.026100,-0.055100,-0.988900, , , 
19850.000000,994894.000000,75549924.000000, , , ,-0.650391,-0.325195,0.000000
19851.000000,994899.000000,75549924.000000,-0.005800,-0.020300,-0.974400, , , 
19852.000000,994995.000000,75549924.000000, , , ,-0.325195,-0.650391,0.000000
19853.000000,995000.000000,75549924.000000,-0.026100,-0.008700,-0.968600, , , 
19854.000000,995096.000000,75549924.000000, , , ,-0.975586,0.000000,0.000000
19855.000000,995099.000000,75549924.000000,0.002900,-0.023200,-0.988900, , , 
19856.000000,995197.000000,75549924.000000, , , ,-0.325195,-0.650391,1.300781
19857.000000,995200.000000,75549924.000000,-0.031900,0.014500,-0.977300, , , 
19858.000000,995298.000000,75549924.000000, , , ,0.000000,0.000000,-1.300781
19859.000000,995299.000000,75549924.000000,-0.011600,-0.031900,-0.994700, , , 
19860.000000,995399.000000,75549924.000000, , , ,0.325195,0.000000,-0.325195
19861.000000,995400.000000,75549924.000000,-0.029000,-0.020300,-1.003400, , , 
19862.000000,995499.000000,75549924.000000,-0.014500,-0.014500,-1.003400, , , 
19863.000000,995500.000000,75549924.000000, , , ,0.000000,0.000000,0.000000
19864.000000,995600.000000,75549924.000000,-0.014500,-0.058000,-1.020800, , , 
19865.000000,995601.000000,75549924.000000, , , ,-0.325195,0.000000,0.000000
19866.000000,995692.000000,75549924.000000, , , ,-0.650391,-0.325195,-0.325195
19867.000000,995699.000000,75549924.000000,-0.014500,-0.043500,-0.991800, , , 
19868.000000,995793.000000,75549924.000000, , , ,-1.951172,0.000000,0.000000
19869.000000,995800.000000,75549924.000000,-0.014500,-0.031900,-0.983100, , , 
19870.000000,995894.000000,75549924.000000, , , ,-1.300781,-0.650391,-0.325195
19871.000000,995899.000000,75549924.000000,-0.002900,-0.008700,-0.959900, , , 
19872.000000,995995.000000,75549924.000000, , , ,-0.975586,-0.650391,0.000000
19873.000000,996000.000000,75549924.000000,-0.011600,-0.002900,-0.945400, , , 
19874.000000,996096.000000,75549924.000000, , , ,-0.650391,-0.325195,-0.325195
19875.000000,996099.000000,75549924.000000,-0.008700,0.000000,-0.959900, , , 
19876.000000,996197.000000,75549924.000000, , , ,-0.325195,-0.650391,-0.325195
19877.000000,996200.000000,75549924.000000,-0.026100,-0.014500,-0.971500, , , 
19878.000000,996298.000000,75549924.000000, , , ,-0.325195,0.000000,0.000000
19879.000000,996299.000000,75549924.000000,-0.002900,-0.034800,-1.003400, , , 
19880.000000,996399.000000,75549924.000000, , , ,-0.325195,0.000000,-0.325195
19881.000000,996400.000000,75549924.000000,-0.023200,-0.023200,-1.009200, , , 
19882.000000,996499.000000,75549924.000000,-0.017400,-0.023200,-0.997600, , , 
19883.000000,996500.000000,75549924.000000, , , ,-0.325195,0.000000,0.000000
19884.000000,996600.000000,75549924.000000,-0.011600,-0.029000,-1.003400, , , 
19885.000000,996601.000000,75549924.000000, , , ,-0.975586,0.325195,-0.325195
19886.000000,996692.000000,75549924.000000, , , ,-0.650391,0.000000,0.000000
19887.000000,996699.000000,75549924.000000,-0.011600,-0.031900,-0.980200, , , 
19888.000000,996793.000000,75549924.000000, , , ,-1.300781,0.000000,0.000000
19889.000000,996800.000000,75549924.000000,-0.008700,-0.023200,-0.957000, , , 
19890.000000,996894.000000,75549924.000000, , , ,0.000000,-0.325195,0.000000
19891.000000,996899.000000,75549924.000000,-0.011600,0.000000,-0.980200, , , 
19892.000000,996995.000000,75549924.000000, , , ,-0.650391,-0.650391,0.000000
19893.000000,997000.000000,75549924.000000,-0.008700,0.000000,-0.980200, , , 
19894.000000,997096.000000,75549924.000000, , , ,-0.325195,0.000000,-0.325195
19895.000000,997099.000000,75549924.000000,-0.014500,0.002900,-0.980200, , , 
19896.000000,997197.000000,75549924.000000, , , ,-0.650391,0.000000,0.000000
19897.000000,997200.000000,75549924.000000,-0.014500,-0.002900,-1.000500, , , 
19898.000000,997298.000000,75549924.000000, , , ,-1.300781,-0.325195,0.000000
19899.000000,997299.000000,75549924.000000,0.005800,0.026100,-0.977300, , , 
19900.000000,997399.000000,75549924.000000, , , ,-0.650391,0.975586,-2.276367
19901.000000,997400.000000,75549924.000000,-0.040600,0.014500,-0.997600, , , 
19902.000000,997499.000000,75549924.000000,-0.002900,0.000000,-0.962800, , , 
19903.000000,997500.000000,75549924.000000, , , ,0.000000,-0.325195,0.000000
19904.000000,997600.000000,75549924.000000,0.008700,0.000000,-0.974400, , , 
19905.000000,997601.000000,75549924.000000, , , ,0.000000,-0.325195,0.000000
19906.000000,997692.000000,75549924.000000, , , ,-0.325195,0.000000,0.000000
19907.000000,997699.000000,75549924.000000,-0.014500,-0.017400,-0.994700, , , 
19908.000000,997793.000000,75549924.000000, , , ,-0.325195,0.000000,0.000000
19909.000000,997800.000000,75549924.000000,0.011600,0.011600,-0.971500, , , 
19910.000000,997894.000000,75549924.000000, , , ,-0.325195,-0.650391,0.000000
19911.000000,997899.000000,75549924.000000,-0.008700,0.000000,-0.977300, , , 
19912.000000,997995.000000,75549924.000000, , , ,0.000000,0.000000,0.000000
19913.000000,998000.000000,75549924.000000,0.000000,-0.008700,-0.968600, , , 
19914.000000,998096.000000,75549924.000000, , , ,-0.325195,0.325195,-0.975586
19915.000000,998099.000000,75549924.000000,-0.008700,-0.031900,-0.994700, , , 
19916.000000,998197.000000,75549924.000000, , , ,-0.975586,0.325195,0.000000
19917.000000,998200.000000,75549924.000000,-0.002900,-0.040600,-1.020800, , , 
19918.000000,998298.000000,75549924.000000, , , ,0.000000,-0.325195,0.000000
19919.000000,998299.000000,75549924.000000,0.002900,-0.014500,-0.968600, , , 
19920.000000,998399.000000,75549924.000000, , , ,0.000000,0.000000,-0.325195
19921.000000,998400.000000,75549924.000000,-0.005800,-0.005800,-0.983100, , , 
19922.000000,998499.000000,75549924.000000,-0.017400,0.000000,-0.986000, , , 
19923.000000,998500.000000,75549924.000000, , , ,0.000000,0.000000,0.000000
19924.000000,998600.000000,75549924.000000,-0.002900,-0.008700,-0.974400, , , 
19925.000000,998601.000000,75549924.000000, , , ,0.000000,0.000000,0.000000
19926.000000,998692.000000,75549924.000000, , , ,-0.650391,-0.325195,0.000000
19927.000000,998699.000000,75549924.000000,0.000000,-0.005800,-0.971500, , , 
19928.000000,998793.000000,75549924.000000, , , ,-0.325195,-0.325195,0.325195
19929.000000,998800.000000,75549924.000000,-0.008700,-0.023200,-0.965700, , , 
19930.000000,998894.000000,75549924.000000, , , ,-0.975586,0.325195,0.000000
19931.000000,998899.000000,75549924.000000,-0.002900,-0.002900,-0.994700, , , 
19932.000000,998995.000000,75549924.000000, , , ,-0.325195,0.325195,0.325195
19933.000000,999000.000000,75549924.000000,-0.011600,0.017400,-1.026600, , , 
19934.000000,999096.000000,75549924.000000, , , ,-0.325195,0.000000,0.000000
19935.000000,999099.000000,75549924.000000,0.011600,-0.023200,-1.009200, , , 
19936.000000,999197.000000,75549924.000000, , , ,-0.325195,0.325195,0.000000
19937.000000,999200.000000,75549924.000000,-0.017400,0.008700,-1.000500, , , 
19938.000000,999298.000000,75549924.000000, , , ,0.325195,0.000000,0.000000
19939.000000,999299.000000,75549924.000000,-0.005800,-0.008700,-0.997600, , , 
19940.000000,999399.000000,75549924.000000, , , ,0.000000,0.000000,0.000000
19941.000000,999400.000000,75549924.000000,-0.020300,-0.014500,-1.020800, , , 
19942.000000,999499.000000,75549924.000000,0.005800,-0.002900,-1.000500, , , 
19943.000000,999500.000000,75549924.000000, , , ,0.000000,0.325195,0.000000
19944.000000,999600.000000,75549924.000000,0.031900,-0.011600,-0.951200, , , 
19945.000000,999601.000000,75549924.000000, , , ,0.000000,-0.975586,0.000000
19946.000000,999692.000000,75549924.000000, , , ,-0.325195,-0.325195,0.325195
19947.000000,999699.000000,75549924.000000,-0.026100,-0.011600,-0.968600, , , 
19948.000000,999793.000000,75549924.000000, , , ,-0.650391,0.325195,0.325195
19949.000000,999800.000000,75549924.000000,0.000000,-0.026100,-1.009200, , , 
19950.000000,999894.000000,75549924.000000, , , ,-0.325195,0.000000,-0.325195
19951.000000,999899.000000,75549924.000000,0.000000,0.000000,-1.000500, , , 
19952.000000,999995.000000,75549924.000000, , , ,-0.325195,0.000000,0.000000
19953.000000,1000000.000000,75549924.000000,-0.005800,-0.002900,-1.000500, , , 
19954.000000,1000096.000000,75549924.000000, , , ,0.000000,0.000000,0.000000
19955.000000,1000099.000000,75549924.000000,0.000000,-0.005800,-0.983100, , , 
19956.000000,1000197.000000,75549924.000000, , , ,-0.325195,-0.650391,0.000000
19957.000000,1000200.000000,75549924.000000,0.005800,-0.029000,-0.957000, , , 
19958.000000,1000298.000000,75549924.000000, , , ,-0.650391,0.000000,0.000000
19959.000000,1000299.000000,75549924.000000,-0.011600,-0.026100,-0.977300, , , 
19960.000000,1000399.000000,75549924.000000, , , ,-1.625977,0.650391,0.000000
19961.000000,1000400.000000,75549924.000000,-0.017400,-0.034800,-1.035300, , , 
19962.000000,1000499.000000,75549924.000000,0.008700,-0.002900,-1.046900, , , 
19963.000000,1000500.000000,75549924.000000, , , ,-0.650391,0.000000,0.000000
19964.000000,1000600.000000,75549924.000000,0.002900,-0.014500,-0.983100, , , 
19965.000000,1000601.000000,75549924.000000, , , ,0.000000,0.000000,0.000000
19966.000000,1000692.000000,75549924.000000, , , ,0.000000,0.000000,0.000000
19967.000000,1000699.000000,75549924.000000,-0.011600,-0.005800,-0.965700, , , 
19968.000000,1000793.000000,75549924.000000, , , ,-0.325195,0.000000,-0.325195
19969.000000,1000800.000000,75549924.000000,-0.002900,-0.026100,-0.971500, , , 
19970.000000,1000894.000000,75549924.000000, , , ,-0.650391,0.000000,0.000000
19971.000000,1000899.000000,75549924.000000,0.000000,-0.014500,-0.988900, , , 
19972.000000,1000995.000000,75549924.000000, , , ,-0.325195,0.000000,0.000000
19973.000000,1001000.000000,75549924.000000,0.000000,-0.008700,-1.003400, , , 
19974.000000,1001096.000000,75549924.000000, , , ,-0.325195,-0.325195,-0.325195
19975.000000,1001099.000000,75549924.000000,0.000000,-0.011600,-0.986000, , , 
19976.000000,1001197.000000,75549924.000000, , , ,-0.325195,0.000000,-0.325195
19977.000000,1001200.000000,75549924.000000,-0.008700,-0.029000,-0.980200, , , 
19978.000000,1001298.000000,75549924.000000, , , ,-0.650391,0.000000,0.000000
19979.000000,1001299.000000,75549924.000000,0.005800,0.005800,-0.980200, , , 
19980.000000,1001399.000000,75549924.000000, , , ,-0.325195,-0.325195,0.000000
19981.000000,1001400.000000,75549924.000000,-0.017400,-0.011600,-0.977300, , , 
19982.000000,1001499.000000,75549924.000000,0.000000,-0.011600,-0.988900, , , 
19983.000000,1001500.000000,75549924.000000, , , ,-0.325195,0.000000,0.000000
19984.000000,1001600.000000,75549924.000000,0.005800,-0.002900,-0.957000, , , 
19985.000000,1001601.000000,75549924.000000, , , ,-0.325195,-0.650391,0.000000
19986.000000,1001692.000000,75549924.000000, , , ,0.000000,-0.325195,0.000000
19987.000000,1001699.000000,75549924.000000,-0.002900,0.011600,-0.959900, , , 
19988.000000,1001793.000000,75549924.000000, , , ,-0.325195,0.000000,0.000000
19989.000000,1001800.000000,75549924.000000,0.000000,-0.002900,-0.997600, , , 
19990.000000,1001894.000000,75549924.000000, , , ,0.000000,0.000000,0.000000
19991.000000,1001899.000000,75549924.000000,-0.011600,-0.031900,-0.994700, , , 
19992.000000,1001995.000000,75549924.000000, , , ,-0.650391,-0.325195,-0.325195
19993.000000,1002000.000000,75549924.000000,0.000000,-0.037700,-1.017900, , , 
19994.000000,1002096.000000,75549924.000000, , , ,-0.650391,0.325195,-0.325195
19995.000000,1002099.000000,75549924.000000,-0.002900,-0.002900,-1.003400, , , 
19996.000000,1002197.000000,75549924.000000, , , ,-0.975586,0.000000,-0.325195
19997.000000,1002200.000000,75549924.000000,0.000000,-0.023200,-0.971500, , , 
19998.000000,1002298.000000,75549924.000000, , , ,0.000000,0.325195,0.000000
19999.000000,1002299.000000,75549924.000000,-0.005800,-0.040600,-0.980200, , , 
20000.000000,1002399.000000,75549924.000000, , , ,-0.650391,0.000000,-0.325195
20001.000000,1002400.000000,75549924.000000,0.000000,-0.040600,-0.977300, , , 
20002.000000,1002499.000000,75549924.000000,0.000000,-0.037700,-0.983100, , , 
20003.000000,1002500.000000,75549924.000000, , , ,-0.975586,0.000000,-0.325195
20004.000000,1002600.000000,75549924.000000,-0.005800,-0.031900,-0.980200, , , 
20005.000000,1002601.000000,75549924.000000, , , ,-0.975586,-0.325195,-0.325195
20006.000000,1002692.000000,75549924.000000, , , ,-0.650391,0.000000,-0.650391
20007.000000,1002699.000000,75549924.000000,0.000000,-0.029000,-0.968600, , , 
20008.000000,1002793.000000,75549924.000000, , , ,-0.325195,0.000000,-0.325195
20009.000000,1002800.000000,75549924.000000,-0.008700,-0.037700,-0.994700, , , 
20010.000000,1002894.000000,75549924.000000, , , ,0.000000,0.000000,-0.325195
20011.000000,1002899.000000,75549924.000000,0.005800,-0.011600,-0.974400, , , 
20012.000000,1002995.000000,75549924.000000, , , ,-0.325195,0.000000,-0.325195
20013.000000,1003000.000000,75549924.000000,-0.011600,-0.017400,-0.988900, , , 
20014.000000,1003096.000000,75549924.000000, , , ,-0.975586,0.325195,0.000000
20015.000000,1003099.000000,75549924.000000,-0.005800,-0.029000,-1.000500, , , 
20016.000000,1003197.000000,75549924.000000, , , ,-1.625977,0.000000,0.000000
20017.000000,1003200.000000,75549924.000000,0.000000,-0.011600,-0.988900, , , 
20018.000000,1003298.000000,75549924.000000, , , ,-0.325195,-0.325195,0.000000
20019.000000,1003299.000000,75549924.000000,0.000000,-0.008700,-0.983100, , , 
20020.000000,1003399.000000,75549924.000000, , , ,0.000000,-0.325195,-0.325195
20021.000000,1003400.000000,75549924.000000,0.000000,-0.011600,-0.962800, , , 
20022.000000,1003499.000000,75549924.000000,-0.008700,-0.011600,-0.988900, , , 
20023.000000,1003500.000000,75549924.000000, , , ,0.000000,0.000000,-0.325195
20024.000000,1003600.000000,75549924.000000,0.000000,-0.017400,-1.003400, , , 
20025.000000,1003601.000000,75549924.000000, , , ,-0.650391,0.000000,0.000000
20026.000000,1003692.000000,75549924.000000, , , ,0.000000,0.000000,-0.325195
20027.000000,1003699.000000,75549924.000000,-0.005800,-0.023200,-0.983100, , , 
20028.000000,1003793.000000,75549924.000000, , , ,-0.650391,0.000000,0.000000
20029.000000,1003800.000000,75549924.000000,-0.017400,-0.020300,-0.986000, , , 
20030.000000,1003894.000000,75549924.000000, , , ,-0.975586,0.000000,0.000000
20031.000000,1003899.000000,75549924.000000,-0.005800,-0.008700,-0.991800, , , 
20032.000000,1003995.000000,75549924.000000, , , ,-0.975586,0.000000,0.000000
20033.000000,1004000.000000,75549924.000000,0.000000,-0.005800,-0.986000, , , 
20034.000000,1004096.000000,75549924.000000, , , ,-0.650391,-0.650391,-0.325195
20035.000000,1004099.000000,75549924.000000,-0.002900,-0.020300,-1.003400, , , 
20036.000000,1004197.000000,75549924.000000, , , ,0.000000,0.000000,-0.325195
20037.000000,1004200.000000,75549924.000000,0.005800,-0.005800,-0.974400, , , 
20038.000000,1004298.000000,75549924.000000, , , ,0.000000,-0.975586,0.000000
20039.000000,1004299.000000,75549924.000000,0.005800,-0.023200,-0.936700, , , 
20040.000000,1004399.000000,75549924.000000, , , ,0.000000,-0.325195,-0.325195
20041.000000,1004400.000000,75549924.000000,-0.026100,-0.026100,-0.968600, , , 
20042.000000,1004499.000000,75549924.000000,0.005800,-0.052200,-1.023700, , , 
20043.000000,1004500.000000,75549924.000000, , , ,-0.650391,0.650391,-0.325195
20044.000000,1004600.000000,75549924.000000,-0.002900,-0.023200,-0.980200, , , 
20045.000000,1004601.000000,75549924.000000, , , ,-0.975586,-0.325195,-0.325195
20046.000000,1004692.000000,75549924.000000, , , ,-0.650391,-0.325195,0.000000
20047.000000,1004699.000000,75549924.000000,-0.002900,-0.014500,-0.959900, , , 
20048.000000,1004793.000000,75549924.000000, , , ,-0.325195,-0.325195,-0.325195
20049.000000,1004800.000000,75549924.000000,0.002900,-0.008700,-0.951200, , , 
20050.000000,1004894.000000,75549924.000000, , , ,0.000000,0.000000,0.000000
20051.000000,1004899.000000,75549924.000000,-0.008700,-0.034800,-0.988900, , , 
20052.000000,1004995.000000,75549924.000000, , , ,0.000000,0.000000,-0.325195
20053.000000,1005000.000000,75549924.000000,0.002900,-0.029000,-0.991800, , , 
20054.000000,1005096.000000,75549924.000000, , , ,0.000000,0.000000,-0.325195
20055.000000,1005099.000000,75549924.000000,-0.008700,-0.060900,-1.000500, , , 
20056.000000,1005197.000000,75549924.000000, , , ,-0.975586,0.000000,-0.325195
20057.000000,1005200.000000,75549924.000000,0.008700,-0.040600,-0.959900, , , 
20058.000000,1005298.000000,75549924.000000, , , ,0.000000,-0.325195,-0.650391
20059.000000,1005299.000000,75549924.000000,-0.008700,-0.029000,-0.974400, , , 
20060.000000,1005399.000000,75549924.000000, , , ,-0.325195,-0.650391,-0.325195
20061.000000,1005400.000000,75549924.000000,-0.002900,-0.043500,-0.997600, , , 
20062.000000,1005499.000000,75549924.000000,-0.002900,-0.034800,-0.986000, , , 
20063.000000,1005500.000000,75549924.000000, , , ,-0.975586,-0.325195,-0.325195
20064.000000,1005600.000000,75549924.000000,-0.005800,-0.040600,-0.986000, , , 
20065.000000,1005601.000000,75549924.000000, , , ,-0.650391,0.000000,-0.325195
20066.000000,1005692.000000,75549924.000000, , , ,-0.975586,0.000000,0.000000
20067.000000,1005699.000000,75549924.000000,0.008700,-0.034800,-0.977300, , , 
20068.000000,1005793.000000,75549924.000000, , , ,-0.650391,0.000000,-0.325195
20069.000000,1005800.000000,75549924.000000,0.005800,-0.020300,-0.986000, , , 
20070.000000,1005894.000000,75549924.000000, , , ,-0.325195,-0.325195,0.000000
20071.000000,1005899.000000,75549924.000000,-0.002900,-0.023200,-0.977300, , , 
20072.000000,1005995.000000,75549924.000000, , , ,0.000000,0.000000,0.000000
20073.000000,1006000.000000,75549924.000000,0.000000,-0.020300,-0.983100, , , 
20074.000000,1006096.000000,75549924.000000, , , ,-0.650391,0.000000,0.000000
20075.000000,1006099.000000,75549924.000000,-0.005800,-0.008700,-0.994700, , , 
20076.000000,1006197.000000,75549924.000000, , , ,-0.975586,0.325195,0.000000
20077.000000,1006200.000000,75549924.000000,0.000000,-0.014500,-0.991800, , , 
20078.000000,1006298.000000,75549924.000000, , , ,-0.650391,0.325195,0.000000
20079.000000,1006299.000000,75549924.000000,0.000000,-0.005800,-0.986000, , , 
20080.000000,1006399.000000,75549924.000000, , , ,-1.625977,-0.325195,0.000000
20081.000000,1006400.000000,75549924.000000,0.000000,-0.008700,-0.997600, , , 
20082.000000,1006499.000000,75549924.000000,0.002900,0.000000,-0.974400, , , 
20083.000000,1006500.000000,75549924.000000, , , ,-0.975586,0.000000,0.325195
20084.000000,1006600.000000,75549924.000000,-0.011600,0.005800,-0.983100, , , 
20085.000000,1006601.000000,75549924.000000, , , ,-1.300781,-0.650391,0.000000
20086.000000,1006692.000000,75549924.000000, , , ,-0.325195,-0.325195,0.000000
20087.000000,1006699.000000,75549924.000000,-0.017400,0.002900,-0.983100, , , 
20088.000000,1006793.000000,75549924.000000, , , ,0.000000,0.000000,0.000000
20089.000000,1006800.000000,75549924.000000,0.000000,0.000000,-0.977300, , , 
20090.000000,1006894.000000,75549924.000000, , , ,-0.325195,0.000000,0.650391
20091.000000,1006899.000000,75549924.000000,-0.002900,-0.026100,-0.971500, , , 
20092.000000,1006995.000000,75549924.000000, , , ,-0.325195,0.000000,0.325195
20093.000000,1007000.000000,75549924.000000,-0.011600,-0.011600,-0.968600, , , 
20094.000000,1007096.000000,75549924.000000, , , ,-0.325195,0.000000,0.000000
20095.000000,1007099.000000,75549924.000000,-0.008700,-0.008700,-1.017900, , , 
20096.000000,1007197.000000,75549924.000000, , , ,-0.650391,0.000000,0.000000
20097.000000,1007200.000000,75549924.000000,0.014500,-0.020300,-1.015000, , , 
20098.000000,1007298.000000,75549924.000000, , , ,-0.650391,0.000000,-0.325195
20099.000000,1007299.000000,75549924.000000,-0.005800,0.000000,-0.974400, , , 
20100.000000,1007399.000000,75549924.000000, , , ,-1.300781,-0.325195,0.000000
20101.000000,1007400.000000,75549924.000000,0.017400,-0.008700,-0.959900, , , 
20102.000000,1007499.000000,75549924.000000,-0.014500,0.000000,-0.974400, , , 
20103.000000,1007500.000000,75549924.000000, , , ,-0.325195,0.000000,0.000000
20104.000000,1007600.000000,75549924.000000,0.011600,-0.002900,-0.965700, , , 
20105.000000,1007601.000000,75549924.000000, , , ,0.000000,-0.650391,-0.650391
20106.000000,1007692.000000,75549924.000000, , , ,-0.325195,-0.325195,0.000000
20107.000000,1007699.000000,75549924.000000,-0.008700,-0.023200,-0.977300, , , 
20108.000000,1007793.000000,75549924.000000, , , ,0.000000,0.000000,-0.325195
20109.000000,1007800.000000,75549924.000000,0.000000,-0.023200,-0.971500, , , 
20110.000000,1007894.000000,75549924.000000, , , ,-0.650391,-0.325195,-0.325195
20111.000000,1007899.000000,75549924.000000,-0.002900,-0.046400,-1.015000, , , 
20112.000000,1007995.000000,75549924.000000, , , ,-0.975586,-0.325195,-0.650391
20113.000000,1008000.000000,75549924.000000,-0.017400,-0.026100,-0.988900, , , 
20114.000000,1008096.000000,75549924.000000, , , ,-0.650391,0.000000,-0.325195
20115.000000,1008099.000000,75549924.000000,0.008700,0.002900,-1.000500, , , 
20116.000000,1008197.000000,75549924.000000, , , ,0.000000,0.000000,-0.325195
20117.000000,1008200.000000,75549924.000000,-0.005800,-0.017400,-0.983100, , , 
20118.000000,1008298.000000,75549924.000000, , , ,-0.650391,0.000000,0.000000
20119.000000,1008299.000000,75549924.000000,-0.002900,-0.026100,-0.991800, , , 
20120.000000,1008399.000000,75549924.000000, , , ,-0.975586,0.000000,0.000000
20121.000000,1008400.000000,75549924.000000,0.002900,-0.034800,-0.991800, , , 
20122.000000,1008499.000000,75549924.000000,-0.002900,-0.020300,-0.959900, , , 
20123.000000,1008500.000000,75549924.000000, , , ,-0.650391,-0.325195,0.000000
20124.000000,1008600.000000,75549924.000000,-0.002900,-0.017400,-0.977300, , , 
20125.000000,1008601.000000,75549924.000000, , , ,-0.975586,0.000000,0.000000
20126.000000,1008692.000000,75549924.000000, , , ,-0.650391,-0.325195,0.000000
20127.000000,1008699.000000,75549924.000000,-0.002900,-0.026100,-0.988900, , , 
20128.000000,1008793.000000,75549924.000000, , , ,-0.325195,-0.650391,0.000000
20129.000000,1008800.000000,75549924.000000,0.000000,-0.002900,-0.974400, , , 
20130.000000,1008894.000000,75549924.000000, , , ,-0.325195,0.000000,0.000000
20131.000000,1008899.000000,75549924.000000,-0.005800,-0.046400,-0.988900, , , 
20132.000000,1008995.000000,75549924.000000, , , ,-0.325195,0.000000,-0.325195
20133.000000,1009000.000000,75549924.000000,0.000000,-0.026100,-1.015000, , , 
20134.000000,1009096.000000,75549924.000000, , , ,-0.325195,0.000000,-0.325195
20135.000000,1009099.000000,75549924.000000,0.011600,0.000000,-0.974400, , , 
20136.000000,1009197.000000,75549924.000000, , , ,-0.975586,-0.975586,0.000000
20137.000000,1009200.000000,75549924.000000,0.005800,-0.005800,-0.959900, , , 
20138.000000,1009298.000000,75549924.000000, , , ,0.000000,0.000000,-0.325195
20139.000000,1009299.000000,75549924.000000,-0.023200,-0.040600,-0.971500, , , 
20140.000000,1009399.000000,75549924.000000, , , ,-0.325195,0.000000,-0.325195
20141.000000,1009400.000000,75549924.000000,0.020300,-0.031900,-0.957000, , , 
20142.000000,1009499.000000,75549924.000000,-0.005800,-0.066700,-0.974400, , , 
20143.000000,1009500.000000,75549924.000000, , , ,-0.975586,0.000000,-0.650391
20144.000000,1009600.000000,75549924.000000,-0.002900,-0.005800,-1.017900, , , 
20145.000000,1009601.000000,75549924.000000, , , ,-0.650391,0.650391,1.300781
20146.000000,1009692.000000,75549924.000000, , , ,-0.975586,0.000000,0.325195
20147.000000,1009699.000000,75549924.000000,0.017400,0.020300,-1.044000, , , 
20148.000000,1009793.000000,75549924.000000, , , ,-0.650391,-0.975586,-0.325195
20149.000000,1009800.000000,75549924.000000,-0.005800,0.005800,-0.971500, , , 
20150.000000,1009894.000000,75549924.000000, , , ,-0.325195,0.325195,0.650391
20151.000000,1009899.000000,75549924.000000,0.000000,0.029000,-0.971500, , , 
20152.000000,1009995.000000,75549924.000000, , , ,0.000000,0.000000,0.325195
20153.000000,1010000.000000,75549924.000000,-0.011600,0.002900,-0.988900, , , 
20154.000000,1010096.000000,75549924.000000, , , ,-0.325195,-0.650391,0.000000
20155.000000,1010099.000000,75549924.000000,0.020300,0.014500,-0.968600, , , 
20156.000000,1010197.000000,75549924.000000, , , ,0.000000,0.000000,0.000000
20157.000000,1010200.000000,75549924.000000,-0.002900,0.014500,-0.977300, , , 
20158.000000,1010298.000000,75549924.000000, , , ,0.000000,0.000000,0.000000
20159.000000,1010299.000000,75549924.000000,-0.008700,0.014500,-0.962800, , , 
20160.000000,1010399.000000,75549924.000000, , , ,-0.650391,-0.975586,0.000000
20161.000000,1010400.000000,75549924.000000,-0.023200,-0.008700,-0.971500, , , 
20162.000000,1010499.000000,75549924.000000,-0.002900,0.000000,-1.006300, , , 
20163.000000,1010500.000000,75549924.000000, , , ,-0.650391,-0.650391,0.000000
20164.000000,1010600.000000,75549924.000000,0.000000,0.026100,-0.980200, , , 
20165.000000,1010601.000000,75549924.000000, , , ,-0.325195,-0.325195,-0.325195
20166.000000,1010692.000000,75549924.000000, , , ,-0.325195,-0.975586,0.000000
20167.000000,1010699.000000,75549924.000000,0.000000,0.000000,-0.988900, , , 
20168.000000,1010793.000000,75549924.000000, , , ,0.000000,0.000000,-0.325195
20169.000000,1010800.000000,75549924.000000,0.000000,0.005800,-0.977300, , , 
20170.000000,1010894.000000,75549924.000000, , , ,-0.650391,-0.325195,-0.325195
20171.000000,1010899.000000,75549924.000000,0.000000,-0.014500,-0.994700, , , 
20172.000000,1010995.000000,75549924.000000, , , ,-0.650391,0.650391,-1.300781
20173.000000,1011000.000000,75549924.000000,0.014500,-0.017400,-0.983100, , , 
20174.000000,1011096.000000,75549924.000000, , , ,0.000000,0.325195,-0.325195
20175.000000,1011099.000000,75549924.000000,-0.002900,0.052200,-0.968600, , , 
20176.000000,1011197.000000,75549924.000000, , , ,0.000000,-0.650391,0.325195
20177.000000,1011200.000000,75549924.000000,-0.002900,-0.008700,-0.971500, , , 
20178.000000,1011298.000000,75549924.000000, , , ,-0.975586,0.650391,0.000000
20179.000000,1011299.000000,75549924.000000,-0.020300,0.000000,-1.038200, , , 
20180.000000,1011399.000000,75549924.000000, , , ,-0.975586,0.325195,-0.325195
20181.000000,1011400.000000,75549924.000000,-0.008700,-0.023200,-1.029500, , , 
20182.000000,1011499.000000,75549924.000000,-0.005800,-0.002900,-1.003400, , , 
20183.000000,1011500.000000,75549924.000000, , , ,-0.650391,0.325195,0.000000
20184.000000,1011600.000000,75549924.000000,-0.002900,-0.014500,-0.971500, , , 
20185.000000,1011601.000000,75549924.000000, , , ,-0.650391,0.000000,0.000000
20186.000000,1011692.000000,75549924.000000, , , ,-1.300781,-0.650391,-0.325195
20187.000000,1011699.000000,75549924.000000,0.002900,-0.020300,-0.977300, , , 
20188.000000,1011793.000000,75549924.000000, , , ,-0.975586,-0.325195,-0.650391
20189.000000,1011800.000000,75549924.000000,-0.014500,-0.008700,-0.988900, , , 
20190.000000,1011894.000000,75549924.000000, , , ,0.000000,0.000000,-0.650391
20191.000000,1011899.000000,75549924.000000,0.000000,-0.014500,-0.994700, , , 
20192.000000,1011995.000000,75549924.000000, , , ,-0.650391,0.000000,-0.975586
20193.000000,1012000.000000,75549924.000000,-0.002900,-0.031900,-0.977300, , , 
20194.000000,1012096.000000,75549924.000000, , , ,-0.975586,0.000000,-0.650391
20195.000000,1012099.000000,75549924.000000,0.002900,-0.046400,-0.977300, , , 
20196.000000,1012197.000000,75549924.000000, , , ,-1.300781,0.000000,-0.650391
20197.000000,1012200.000000,75549924.000000,0.000000,-0.037700,-0.974400, , , 
20198.000000,1012298.000000,75549924.000000, , , ,-1.300781,-0.325195,-0.325195
20199.000000,1012299.000000,75549924.000000,-0.020300,-0.043500,-0.997600, , , 
20200.000000,1012399.000000,75549924.000000, , , ,-1.625977,0.000000,-0.325195
20201.000000,1012400.000000,75549924.000000,0.002900,-0.020300,-1.000500, , , 
20202.000000,1012499.000000,75549924.000000,-0.011600,-0.017400,-1.009200, , , 
20203.000000,1012500.000000,75549924.000000, , , ,-1.300781,0.000000,-0.325195
20204.000000,1012600.000000,75549924.000000,-0.005800,-0.005800,-1.003400, , , 
20205.000000,1012601.000000,75549924.000000, , , ,-1.951172,0.000000,-0.650391
20206.000000,1012692.000000,75549924.000000, , , ,-1.951172,0.000000,-0.325195
20207.000000,1012699.000000,75549924.000000,0.008700,-0.005800,-0.991800, , , 
20208.000000,1012793.000000,75549924.000000, , , ,-1.951172,-0.650391,-0.325195
20209.000000,1012800.000000,75549924.000000,-0.002900,-0.002900,-0.974400, , , 
20210.000000,1012894.000000,75549924.000000, , , ,-1.300781,0.000000,-0.650391
20211.000000,1012899.000000,75549924.000000,-0.002900,-0.020300,-0.991800, , , 
20212.000000,1012995.000000,75549924.000000, , , ,-1.625977,0.000000,-0.975586
20213.000000,1013000.000000,75549924.000000,-0.011600,-0.002900,-1.020800, , , 
20214.000000,1013096.000000,75549924.000000, , , ,-1.300781,-0.325195,-0.650391
20215.000000,1013099.000000,75549924.000000,0.002900,-0.005800,-1.015000, , , 
20216.000000,1013197.000000,75549924.000000, , , ,-1.625977,0.325195,-0.325195
20217.000000,1013200.000000,75549924.000000,0.014500,-0.011600,-0.994700, , , 
20218.000000,1013298.000000,75549924.000000, , , ,-1.625977,-0.650391,-0.650391
20219.000000,1013299.000000,75549924.000000,0.011600,-0.026100,-0.951200, , , 
20220.000000,1013399.000000,75549924.000000, , , ,-1.625977,-0.325195,-0.975586
20221.000000,1013400.000000,75549924.000000,-0.002900,-0.023200,-0.959900, , , 
20222.000000,1013499.000000,75549924.000000,-0.002900,-0.049300,-0.994700, , , 
20223.000000,1013500.000000,75549924.000000, , , ,-1.625977,0.000000,-1.300781
20224.000000,1013600.000000,75549924.000000,-0.008700,-0.034800,-1.020800, , , 
20225.000000,1013601.000000,75549924.000000, , , ,-2.276367,0.000000,-0.650391
20226.000000,1013692.000000,75549924.000000, , , ,-1.951172,0.650391,-0.650391
20227.000000,1013699.000000,75549924.000000,0.002900,-0.023200,-1.003400, , , 
20228.000000,1013793.000000,75549924.000000, , , ,-2.276367,0.000000,-0.325195
20229.000000,1013800.000000,75549924.000000,-0.005800,-0.029000,-0.991800, , , 
20230.000000,1013894.000000,75549924.000000, , , ,-1.951172,-0.325195,-0.975586
20231.000000,1013899.000000,75549924.000000,0.017400,-0.023200,-0.977300, , , 
20232.000000,1013995.000000,75549924.000000, , , ,-1.300781,0.000000,-0.650391
20233.000000,1014000.000000,75549924.000000,-0.014500,-0.011600,-0.988900, , , 
20234.000000,1014096.000000,75549924.000000, , , ,-1.951172,0.000000,-0.650391
20235.000000,1014099.000000,75549924.000000,0.011600,-0.020300,-0.997600, , , 
20236.000000,1014197.000000,75549924.000000, , , ,-1.300781,0.650391,-0.650391
20237.000000,1014200.000000,75549924.000000,0.000000,-0.026100,-1.012100, , , 
20238.000000,1014298.000000,75549924.000000, , , ,-1.951172,0.325195,-0.975586
20239.000000,1014299.000000,75549924.000000,-0.005800,-0.011600,-1.023700, , , 
20240.000000,1014399.000000,75549924.000000, , , ,-1.951172,0.000000,-1.625977
20241.000000,1014400.000000,75549924.000000,0.011600,-0.031900,-1.000500, , , 
20242.000000,1014499.000000,75549924.000000,0.011600,-0.014500,-0.951200, , , 
20243.000000,1014500.000000,75549924.000000, , , ,-1.625977,-0.650391,-1.625977
20244.000000,1014600.000000,75549924.000000,0.002900,-0.026100,-0.939600, , , 
20245.000000,1014601.000000,75549924.000000, , , ,-1.300781,-0.650391,-1.300781
20246.000000,1014692.000000,75549924.000000, , , ,-1.300781,0.000000,-1.300781
20247.000000,1014699.000000,75549924.000000,0.000000,-0.031900,-0.951200, , , 
20248.000000,1014793.000000,75549924.000000, , , ,-0.975586,0.000000,-1.300781
20249.000000,1014800.000000,75549924.000000,0.000000,-0.031900,-0.994700, , , 
20250.000000,1014894.000000,75549924.000000, , , ,-0.975586,0.000000,-1.300781
20251.000000,1014899.000000,75549924.000000,0.005800,-0.031900,-0.994700, , , 
20252.000000,1014995.000000,75549924.000000, , , ,0.000000,-0.325195,-1.625977
20253.000000,1015000.000000,75549924.000000,0.011600,-0.029000,-0.977300, , , 
20254.000000,1015096.000000,75549924.000000, , , ,-0.650391,0.000000,-1.625977
20255.000000,1015099.000000,75549924.000000,0.000000,-0.020300,-0.997600, , , 
20256.000000,1015197.000000,75549924.000000, , , ,-0.975586,0.325195,-1.300781
20257.000000,1015200.000000,75549924.000000,0.017400,-0.026100,-0.991800, , , 
20258.000000,1015298.000000,75549924.000000, , , ,-0.975586,0.000000,-0.325195
20259.000000,1015299.000000,75549924.000000,0.017400,-0.031900,-0.977300, , , 
20260.000000,1015399.000000,75549924.000000, , , ,-0.975586,-0.650391,-1.300781
20261.000000,1015400.000000,75549924.000000,0.002900,0.000000,-0.954100, , , 
20262.000000,1015499.000000,75549924.000000,0.005800,-0.005800,-0.991800, , , 
20263.000000,1015500.000000,75549924.000000, , , ,-0.975586,0.000000,-1.300781
20264.000000,1015600.000000,75549924.000000,0.020300,-0.023200,-0.997600, , , 
20265.000000,1015601.000000,75549924.000000, , , ,-1.300781,0.000000,-0.650391
20266.000000,1015692.000000,75549924.000000, , , ,-0.650391,-0.325195,-1.300781
20267.000000,1015699.000000,75549924.000000,0.005800,-0.026100,-0.988900, , , 
20268.000000,1015793.000000,75549924.000000, , , ,-0.975586,0.000000,-1.300781
20269.000000,1015800.000000,75549924.000000,0.017400,-0.020300,-0.994700, , , 
20270.000000,1015894.000000,75549924.000000, , , ,-0.650391,0.000000,-1.300781
20271.000000,1015899.000000,75549924.000000,0.014500,-0.005800,-0.977300, , , 
20272.000000,1015995.000000,75549924.000000, , , ,-0.975586,0.000000,-1.300781
20273.000000,1016000.000000,75549924.000000,0.008700,0.002900,-0.994700, , , 
20274.000000,1016096.000000,75549924.000000, , , ,-0.975586,0.000000,-1.625977
20275.000000,1016099.000000,75549924.000000,0.011600,-0.020300,-1.017900, , , 
20276.000000,1016197.000000,75549924.000000, , , ,-0.975586,0.000000,-1.625977
20277.000000,1016200.000000,75549924.000000,0.000000,-0.026100,-1.000500, , , 
20278.000000,1016298.000000,75549924.000000, , , ,-0.325195,0.000000,-1.300781
20279.000000,1016299.000000,75549924.000000,0.011600,-0.011600,-1.029500, , , 
20280.000000,1016399.000000,75549924.000000, , , ,0.325195,0.325195,-1.300781
20281.000000,1016400.000000,75549924.000000,0.017400,-0.023200,-1.000500, , , 
20282.000000,1016499.000000,75549924.000000,0.026100,-0.023200,-0.928000, , , 
20283.000000,1016500.000000,75549924.000000, , , ,0.000000,-0.650391,-1.300781
20284.000000,1016600.000000,75549924.000000,0.005800,-0.034800,-0.951200, , , 
20285.000000,1016601.000000,75549924.000000, , , ,-0.650391,-0.325195,-1.625977
20286.000000,1016692.000000,75549924.000000, , , ,-0.325195,0.000000,-1.300781
20287.000000,1016699.000000,75549924.000000,0.014500,-0.026100,-0.971500, , , 
20288.000000,1016793.000000,75549924.000000, , , ,-0.975586,0.000000,-0.975586
20289.000000,1016800.000000,75549924.000000,0.005800,-0.008700,-1.009200, , , 
20290.000000,1016894.000000,75549924.000000, , , ,-0.325195,0.000000,-1.300781
20291.000000,1016899.000000,75549924.000000,0.005800,0.000000,-1.006300, , , 
20292.000000,1016995.000000,75549924.000000, , , ,0.000000,-0.325195,-1.300781
20293.000000,1017000.000000,75549924.000000,0.011600,-0.002900,-0.994700, , , 
20294.000000,1017096.000000,75549924.000000, , , ,-0.650391,0.325195,-1.300781
20295.000000,1017099.000000,75549924.000000,0.008700,-0.014500,-0.994700, , , 
20296.000000,1017197.000000,75549924.000000, , , ,-0.650391,0.000000,-0.650391
20297.000000,1017200.000000,75549924.000000,0.011600,-0.011600,-0.965700, , , 
20298.000000,1017298.000000,75549924.000000, , , ,-0.650391,-0.325195,-0.650391
20299.000000,1017299.000000,75549924.000000,0.008700,-0.005800,-0.980200, , , 
20300.000000,1017399.000000,75549924.000000, , , ,-1.300781,-0.325195,-0.975586
20301.000000,1017400.000000,75549924.000000,0.014500,0.000000,-0.997600, , , 
20302.000000,1017499.000000,75549924.000000,0.011600,-0.011600,-1.003400, , , 
20303.000000,1017500.000000,75549924.000000, , , ,-0.650391,0.325195,-0.975586
20304.000000,1017600.000000,75549924.000000,0.011600,-0.011600,-1.003400, , , 
20305.000000,1017601.000000,75549924.000000, , , ,-0.325195,0.000000,-1.951172
20306.000000,1017692.000000,75549924.000000, , , ,-0.650391,0.325195,-1.300781
20307.000000,1017699.000000,75549924.000000,0.023200,-0.023200,-0.983100, , , 
20308.000000,1017793.000000,75549924.000000, , , ,0.000000,0.000000,-1.625977
20309.000000,1017800.000000,75549924.000000,0.023200,-0.017400,-0.974400, , , 
20310.000000,1017894.000000,75549924.000000, , , ,0.000000,-0.325195,-1.625977
20311.000000,1017899.000000,75549924.000000,-0.005800,-0.052200,-0.991800, , , 
20312.000000,1017995.000000,75549924.000000, , , ,0.000000,-0.325195,-1.625977
20313.000000,1018000.000000,75549924.000000,0.034800,-0.043500,-0.951200, , , 
20314.000000,1018096.000000,75549924.000000, , , ,0.000000,-1.300781,-2.276367
20315.000000,1018099.000000,75549924.000000,0.000000,-0.055100,-0.942500, , , 
20316.000000,1018197.000000,75549924.000000, , , ,0.000000,-0.325195,-2.276367
20317.000000,1018200.000000,75549924.000000,0.005800,-0.069600,-0.974400, , , 
20318.000000,1018298.000000,75549924.000000, , , ,-1.300781,0.000000,-1.300781
20319.000000,1018299.000000,75549924.000000,0.011600,-0.084100,-1.009200, , , 
20320.000000,1018399.000000,75549924.000000, , , ,-1.300781,0.000000,-1.951172
20321.000000,1018400.000000,75549924.000000,0.020300,-0.058000,-1.055600, , , 
20322.000000,1018499.000000,75549924.000000,0.000000,-0.060900,-1.009200, , , 
20323.000000,1018500.000000,75549924.000000, , , ,-0.325195,0.000000,-1.300781
20324.000000,1018600.000000,75549924.000000,0.014500,-0.060900,-1.006300, , , 
20325.000000,1018601.000000,75549924.000000, , , ,-0.650391,0.325195,-2.276367
20326.000000,1018692.000000,75549924.000000, , , ,-0.325195,0.000000,-1.625977
20327.000000,1018699.000000,75549924.000000,0.017400,-0.058000,-0.971500, , , 
20328.000000,1018793.000000,75549924.000000, , , ,-0.650391,0.000000,-1.951172
20329.000000,1018800.000000,75549924.000000,0.008700,-0.063800,-0.980200, , , 
20330.000000,1018894.000000,75549924.000000, , , ,-0.975586,-0.650391,-1.625977
20331.000000,1018899.000000,75549924.000000,0.011600,-0.055100,-0.968600, , , 
20332.000000,1018995.000000,75549924.000000, , , ,0.000000,0.000000,-1.625977
20333.000000,1019000.000000,75549924.000000,0.014500,-0.040600,-0.977300, , , 
20334.000000,1019096.000000,75549924.000000, , , ,-0.975586,0.000000,-1.951172
20335.000000,1019099.000000,75549924.000000,0.011600,-0.058000,-0.980200, , , 
20336.000000,1019197.000000,75549924.000000, , , ,-0.975586,0.000000,-2.276367
20337.000000,1019200.000000,75549924.000000,0.008700,-0.046400,-0.983100, , , 
20338.000000,1019298.000000,75549924.000000, , , ,-0.650391,0.000000,-1.625977
20339.000000,1019299.000000,75549924.000000,0.008700,-0.031900,-0.991800, , , 
20340.000000,1019399.000000,75549924.000000, , , ,-0.975586,0.000000,-0.975586
20341.000000,1019400.000000,75549924.000000,0.000000,-0.029000,-1.012100, , , 
20342.000000,1019499.000000,75549924.000000,0.014500,-0.031900,-0.974400, , , 
20343.000000,1019500.000000,75549924.000000, , , ,0.000000,0.000000,-1.625977
20344.000000,1019600.000000,75549924.000000,0.008700,-0.049300,-0.957000, , , 
20345.000000,1019601.000000,75549924.000000, , , ,0.000000,-0.325195,-1.625977
20346.000000,1019692.000000,75549924.000000, , , ,-0.325195,0.000000,-1.951172
20347.000000,1019699.000000,75549924.000000,-0.002900,-0.043500,-0.994700, , , 
20348.000000,1019793.000000,75549924.000000, , , ,-0.650391,0.000000,-1.625977
20349.000000,1019800.000000,75549924.000000,0.011600,-0.040600,-1.009200, , , 
20350.000000,1019894.000000,75549924.000000, , , ,-0.650391,-0.325195,-1.300781
20351.000000,1019899.000000,75549924.000000,0.002900,-0.031900,-0.983100, , , 
20352.000000,1019995.000000,75549924.000000, , , ,-0.975586,-0.650391,-1.300781
20353.000000,1020000.000000,75549924.000000,0.008700,-0.040600,-0.965700, , , 
20354.000000,1020096.000000,75549924.000000, , , ,-1.300781,-0.325195,-1.300781
20355.000000,1020099.000000,75549924.000000,0.000000,-0.017400,-0.971500, , , 
20356.000000,1020197.000000,75549924.000000, , , ,-1.300781,0.000000,-1.300781
20357.000000,1020200.000000,75549924.000000,-0.014500,-0.020300,-1.012100, , , 
20358.000000,1020298.000000,75549924.000000, , , ,-0.975586,0.000000,-1.300781
20359.000000,1020299.000000,75549924.000000,0.017400,-0.014500,-1.009200, , , 
20360.000000,1020399.000000,75549924.000000, , , ,-0.975586,0.000000,-1.300781
20361.000000,1020400.000000,75549924.000000,0.000000,-0.014500,-0.980200, , , 
20362.000000,1020499.000000,75549924.000000,0.000000,-0.026100,-1.000500, , , 
20363.000000,1020500.000000,75549924.000000, , , ,0.000000,-0.325195,-1.625977
20364.000000,1020600.000000,75549924.000000,0.014500,-0.026100,-0.968600, , , 
20365.000000,1020601.000000,75549924.000000, , , ,-0.325195,-0.650391,-1.625977
20366.000000,1020692.000000,75549924.000000, , , ,-0.325195,-0.325195,-1.625977
20367.000000,1020699.000000,75549924.000000,0.000000,-0.040600,-0.965700, , , 
20368.000000,1020793.000000,75549924.000000, , , ,-0.325195,-0.325195,-1.625977
20369.000000,1020800.000000,75549924.000000,0.008700,-0.034800,-0.971500, , , 
20370.000000,1020894.000000,75549924.000000, , , ,-0.650391,0.000000,-1.625977
20371.000000,1020899.000000,75549924.000000,-0.008700,-0.037700,-0.988900, , , 
20372.000000,1020995.000000,75549924.000000, , , ,-1.300781,0.000000,-1.300781
20373.000000,1021000.000000,75549924.000000,0.008700,-0.020300,-0.997600, , , 
20374.000000,1021096.000000,75549924.000000, , , ,-0.325195,0.000000,-1.625977
20375.000000,1021099.000000,75549924.000000,0.000000,-0.017400,-1.000500, , , 
20376.000000,1021197.000000,75549924.000000, , , ,-0.325195,0.000000,-1.625977
20377.000000,1021200.000000,75549924.000000,0.000000,-0.029000,-0.997600, , , 
20378.000000,1021298.000000,75549924.000000, , , ,-0.325195,0.000000,-2.276367
20379.000000,1021299.000000,75549924.000000,0.008700,-0.046400,-1.006300, , , 
20380.000000,1021399.000000,75549924.000000, , , ,0.000000,0.000000,-1.951172
20381.000000,1021400.000000,75549924.000000,0.000000,-0.037700,-0.988900, , , 
20382.000000,1021499.000000,75549924.000000,0.011600,-0.029000,-0.983100, , , 
20383.000000,1021500.000000,75549924.000000, , , ,-0.325195,0.000000,-1.300781
20384.000000,1021600.000000,75549924.000000,0.011600,-0.017400,-0.988900, , , 
20385.000000,1021601.000000,75549924.000000, , , ,-0.325195,-0.325195,-1.300781
20386.000000,1021692.000000,75549924.000000, , , ,-0.650391,0.000000,-1.300781
20387.000000,1021699.000000,75549924.000000,0.005800,-0.020300,-1.000500, , , 
20388.000000,1021793.000000,75549924.000000, , , ,-0.325195,0.000000,-1.300781
20389.000000,1021800.000000,75549924.000000,0.000000,-0.017400,-1.012100, , , 
20390.000000,1021894.000000,75549924.000000, , , ,0.000000,0.325195,-1.300781
20391.000000,1021899.000000,75549924.000000,0.008700,0.000000,-0.994700, , , 
20392.000000,1021995.000000,75549924.000000, , , ,0.000000,-0.975586,-1.300781
20393.000000,1022000.000000,75549924.000000,0.000000,-0.008700,-0.939600, , , 
20394.000000,1022096.000000,75549924.000000, , , ,0.000000,0.000000,-0.975586
20395.000000,1022099.000000,75549924.000000,-0.008700,-0.031900,-0.977300, , , 
20396.000000,1022197.000000,75549924.000000, , , ,0.000000,0.000000,-1.300781
20397.000000,1022200.000000,75549924.000000,0.005800,-0.031900,-1.000500, , , 
20398.000000,1022298.000000,75549924.000000, , , ,-0.650391,0.000000,-0.975586
20399.000000,1022299.000000,75549924.000000,0.002900,-0.023200,-0.988900, , , 
20400.000000,1022399.000000,75549924.000000, , , ,-0.650391,0.000000,-0.975586
20401.000000,1022400.000000,75549924.000000,0.008700,-0.011600,-0.971500, , , 
20402.000000,1022499.000000,75549924.000000,0.000000,-0.005800,-0.962800, , , 
20403.000000,1022500.000000,75549924.000000, , , ,0.000000,-0.325195,-1.625977
20404.000000,1022600.000000,75549924.000000,0.000000,-0.037700,-1.012100, , , 
20405.000000,1022601.000000,75549924.000000, , , ,-0.650391,0.000000,-1.625977
20406.000000,1022692.000000,75549924.000000, , , ,-0.650391,0.000000,-1.300781
20407.000000,1022699.000000,75549924.000000,0.017400,-0.029000,-0.983100, , , 
20408.000000,1022793.000000,75549924.000000, , , ,-0.975586,0.000000,-1.625977
20409.000000,1022800.000000,75549924.000000,-0.008700,-0.043500,-0.971500, , , 
20410.000000,1022894.000000,75549924.000000, , , ,0.000000,0.325195,-0.975586
20411.000000,1022899.000000,75549924.000000,-0.008700,-0.031900,-1.012100, , , 
20412.000000,1022995.000000,75549924.000000, , , ,0.000000,0.000000,-1.300781
20413.000000,1023000.000000,75549924.000000,0.011600,-0.023200,-0.983100, , , 
20414.000000,1023096.000000,75549924.000000, , , ,0.000000,-0.325195,-1.625977
20415.000000,1023099.000000,75549924.000000,0.017400,-0.043500,-0.977300, , , 
20416.000000,1023197.000000,75549924.000000, , , ,0.000000,0.000000,-1.951172
20417.000000,1023200.000000,75549924.000000,0.000000,-0.052200,-0.974400, , , 
20418.000000,1023298.000000,75549924.000000, , , ,-0.650391,0.000000,-1.625977
20419.000000,1023299.000000,75549924.000000,-0.002900,-0.055100,-1.003400, , , 
20420.000000,1023399.000000,75549924.000000, , , ,-1.300781,0.325195,-1.625977
20421.000000,1023400.000000,75549924.000000,-0.008700,-0.069600,-1.046900, , , 
20422.000000,1023499.000000,75549924.000000,0.020300,-0.049300,-1.020800, , , 
20423.000000,1023500.000000,75549924.000000, , , ,-0.975586,0.000000,-1.625977
20424.000000,1023600.000000,75549924.000000,-0.005800,-0.034800,-0.974400, , , 
20425.000000,1023601.000000,75549924.000000, , , ,-0.325195,0.000000,-1.625977
20426.000000,1023692.000000,75549924.000000, , , ,-0.650391,-0.650391,-1.951172
20427.000000,1023699.000000,75549924.000000,0.014500,-0.058000,-0.928000, , , 
20428.000000,1023793.000000,75549924.000000, , , ,0.000000,-0.325195,-1.625977
20429.000000,1023800.000000,75549924.000000,-0.002900,-0.046400,-0.954100, , , 
20430.000000,1023894.000000,75549924.000000, , , ,-0.650391,-0.325195,-2.601563
20431.000000,1023899.000000,75549924.000000,0.000000,-0.055100,-0.997600, , , 
20432.000000,1023995.000000,75549924.000000, , , ,-0.975586,0.000000,-1.951172
20433.000000,1024000.000000,75549924.000000,0.002900,-0.058000,-1.006300, , , 
20434.000000,1024096.000000,75549924.000000, , , ,-1.300781,0.000000,-1.625977
20435.000000,1024099.000000,75549924.000000,0.005800,-0.066700,-0.988900, , , 
20436.000000,1024197.000000,75549924.000000, , , ,-1.300781,0.000000,-1.300781
20437.000000,1024200.000000,75549924.000000,-0.011600,-0.058000,-1.003400, , , 
20438.000000,1024298.000000,75549924.000000, , , ,-0.975586,0.000000,-1.625977
20439.000000,1024299.000000,75549924.000000,0.014500,-0.046400,-0.997600, , , 
20440.000000,1024399.000000,75549924.000000, , , ,-0.650391,0.000000,-1.951172
20441.000000,1024400.000000,75549924.000000,0.000000,-0.060900,-0.980200, , , 
20442.000000,1024499.000000,75549924.000000,-0.005800,-0.046400,-0.977300, , , 
20443.000000,1024500.000000,75549924.000000, , , ,-0.650391,-0.325195,-1.951172
20444.000000,1024600.000000,75549924.000000,0.017400,-0.052200,-1.006300, , , 
20445.000000,1024601.000000,75549924.000000, , , ,-0.650391,0.000000,-1.625977
20446.000000,1024692.000000,75549924.000000, , , ,-0.975586,-0.650391,-0.975586
20447.000000,1024699.000000,75549924.000000,-0.008700,-0.046400,-0.980200, , , 
20448.000000,1024793.000000,75549924.000000, , , ,-0.650391,0.000000,-1.625977
20449.000000,1024800.000000,75549924.000000,0.014500,-0.034800,-0.954100, , , 
20450.000000,1024894.000000,75549924.000000, , , ,-0.975586,0.000000,-1.625977
20451.000000,1024899.000000,75549924.000000,-0.005800,-0.026100,-0.968600, , , 
20452.000000,1024995.000000,75549924.000000, , , ,-0.650391,0.000000,-1.625977
20453.000000,1025000.000000,75549924.000000,0.020300,-0.040600,-1.006300, , , 
20454.000000,1025096.000000,75549924.000000, , , ,-0.650391,0.000000,-1.625977
20455.000000,1025099.000000,75549924.000000,0.005800,-0.029000,-1.000500, , , 
20456.000000,1025197.000000,75549924.000000, , , ,-0.325195,0.000000,-1.300781
20457.000000,1025200.000000,75549924.000000,-0.020300,-0.037700,-1.009200, , , 
20458.000000,1025298.000000,75549924.000000, , , ,-0.975586,0.000000,-1.625977
20459.000000,1025299.000000,75549924.000000,0.017400,-0.023200,-0.997600, , , 
20460.000000,1025399.000000,75549924.000000, , , ,0.000000,0.000000,-0.975586
20461.000000,1025400.000000,75549924.000000,-0.002900,-0.026100,-0.991800, , , 
20462.000000,1025499.000000,75549924.000000,0.000000,-0.034800,-1.006300, , , 
20463.000000,1025500.000000,75549924.000000, , , ,-0.650391,0.000000,-1.300781
20464.000000,1025600.000000,75549924.000000,0.023200,-0.020300,-0.959900, , , 
20465.000000,1025601.000000,75549924.000000, , , ,-0.650391,-0.325195,-1.300781
20466.000000,1025692.000000,75549924.000000, , , ,-0.975586,-0.325195,-0.975586
20467.000000,1025699.000000,75549924.000000,-0.008700,-0.023200,-0.962800, , , 
20468.000000,1025793.000000,75549924.000000, , , ,-1.300781,0.000000,-1.300781
20469.000000,1025800.000000,75549924.000000,0.026100,-0.029000,-0.980200, , , 
20470.000000,1025894.000000,75549924.000000, , , ,-1.300781,0.000000,-1.625977
20471.000000,1025899.000000,75549924.000000,0.005800,-0.014500,-0.980200, , , 
20472.000000,1025995.000000,75549924.000000, , , ,-0.325195,-0.325195,-1.300781
20473.000000,1026000.000000,75549924.000000,0.020300,-0.020300,-0.959900, , , 
20474.000000,1026096.000000,75549924.000000, , , ,-0.325195,0.000000,-1.300781
20475.000000,1026099.000000,75549924.000000,-0.014500,-0.017400,-0.991800, , , 
20476.000000,1026197.000000,75549924.000000, , , ,0.000000,0.000000,-0.975586
20477.000000,1026200.000000,75549924.000000,0.005800,-0.026100,-1.009200, , , 
20478.000000,1026298.000000,75549924.000000, , , ,-0.325195,0.000000,-1.625977
20479.000000,1026299.000000,75549924.000000,0.002900,-0.034800,-0.983100, , , 
20480.000000,1026399.000000,75549924.000000, , , ,0.000000,0.000000,-0.975586
20481.000000,1026400.000000,75549924.000000,0.005800,0.000000,-0.968600, , , 
20482.000000,1026499.000000,75549924.000000,0.000000,-0.017400,-1.000500, , , 
20483.000000,1026500.000000,75549924.000000, , , ,0.000000,0.000000,-1.300781
20484.000000,1026600.000000,75549924.000000,0.017400,-0.052200,-1.023700, , , 
20485.000000,1026601.000000,75549924.000000, , , ,-0.650391,0.000000,-1.300781
20486.000000,1026692.000000,75549924.000000, , , ,-0.975586,0.000000,-1.300781
20487.000000,1026699.000000,75549924.000000,0.000000,-0.026100,-1.006300, , , 
20488.000000,1026793.000000,75549924.000000, , , ,-0.325195,-0.325195,-1.300781
20489.000000,1026800.000000,75549924.000000,0.029000,-0.043500,-0.959900, , , 
20490.000000,1026894.000000,75549924.000000, , , ,-0.650391,-0.325195,-1.625977
20491.000000,1026899.000000,75549924.000000,0.000000,-0.020300,-0.957000, , , 
20492.000000,1026995.000000,75549924.000000, , , ,-0.325195,0.000000,-2.276367
20493.000000,1027000.000000,75549924.000000,-0.011600,-0.034800,-1.000500, , , 
20494.000000,1027096.000000,75549924.000000, , , ,0.000000,0.000000,-1.951172
20495.000000,1027099.000000,75549924.000000,0.011600,-0.049300,-0.988900, , , 
20496.000000,1027197.000000,75549924.000000, , , ,-0.325195,-0.650391,-1.625977
20497.000000,1027200.000000,75549924.000000,0.000000,-0.020300,-0.968600, , , 
20498.000000,1027298.000000,75549924.000000, , , ,-0.325195,0.325195,-1.625977
20499.000000,1027299.000000,75549924.000000,0.008700,-0.046400,-0.980200, , , 
20500.000000,1027399.000000,75549924.000000, , , ,-0.650391,-0.325195,-1.625977
20501.000000,1027400.000000,75549924.000000,0.000000,-0.052200,-0.986000, , , 
20502.000000,1027499.000000,75549924.000000,0.014500,-0.058000,-0.980200, , , 
20503.000000,1027500.000000,75549924.000000, , , ,-0.975586,-0.325195,-1.951172
20504.000000,1027600.000000,75549924.000000,0.002900,-0.052200,-0.980200, , , 
20505.000000,1027601.000000,75549924.000000, , , ,-0.975586,0.000000,-1.625977
20506.000000,1027692.000000,75549924.000000, , , ,-0.975586,0.000000,-1.300781
20507.000000,1027699.000000,75549924.000000,0.000000,-0.020300,-0.988900, , , 
20508.000000,1027793.000000,75549924.000000, , , ,-0.325195,0.000000,-1.625977
20509.000000,1027800.000000,75549924.000000,0.011600,-0.008700,-1.003400, , , 
20510.000000,1027894.000000,75549924.000000, , , ,0.000000,0.000000,-1.625977
20511.000000,1027899.000000,75549924.000000,0.002900,-0.023200,-0.977300, , , 
20512.000000,1027995.000000,75549924.000000, , , ,-0.650391,0.000000,-0.975586
20513.000000,1028000.000000,75549924.000000,-0.002900,-0.043500,-0.997600, , , 
20514.000000,1028096.000000,75549924.000000, , , ,-0.325195,0.000000,-1.625977
20515.000000,1028099.000000,75549924.000000,-0.002900,-0.049300,-0.991800, , , 
20516.000000,1028197.000000,75549924.000000, , , ,-0.325195,0.000000,-1.300781
20517.000000,1028200.000000,75549924.000000,-0.002900,-0.040600,-0.986000, , , 
20518.000000,1028298.000000,75549924.000000, , , ,-0.650391,0.000000,-1.300781
20519.000000,1028299.000000,75549924.000000,0.008700,-0.040600,-1.015000, , , 
20520.000000,1028399.000000,75549924.000000, , , ,-0.650391,0.000000,-1.625977
20521.000000,1028400.000000,75549924.000000,-0.002900,-0.026100,-0.983100, , , 
20522.000000,1028499.000000,75549924.000000,0.023200,-0.037700,-0.965700, , , 
20523.000000,1028500.000000,75549924.000000, , , ,-0.975586,-0.325195,-1.300781
20524.000000,1028600.000000,75549924.000000,0.000000,-0.060900,-0.974400, , , 
20525.000000,1028601.000000,75549924.000000, , , ,-1.300781,0.000000,-1.951172
20526.000000,1028692.000000,75549924.000000, , , ,-1.300781,-0.650391,-1.625977
20527.000000,1028699.000000,75549924.000000,0.008700,-0.029000,-0.974400, , , 
20528.000000,1028793.000000,75549924.000000, , , ,-0.975586,0.000000,-1.951172
20529.000000,1028800.000000,75549924.000000,0.000000,-0.040600,-0.988900, , , 
20530.000000,1028894.000000,75549924.000000, , , ,-0.650391,-0.325195,-1.625977
20531.000000,1028899.000000,75549924.000000,0.002900,-0.040600,-0.986000, , , 
20532.000000,1028995.000000,75549924.000000, , , ,0.000000,0.000000,-1.951172
20533.000000,1029000.000000,75549924.000000,0.000000,-0.029000,-0.974400, , , 
20534.000000,1029096.000000,75549924.000000, , , ,-0.325195,-0.325195,-1.625977
20535.000000,1029099.000000,75549924.000000,0.000000,-0.060900,-1.009200, , , 
20536.000000,1029197.000000,75549924.000000, , , ,-0.650391,-0.325195,-1.625977
20537.000000,1029200.000000,75549924.000000,0.011600,-0.040600,-0.991800, , , 
20538.000000,1029298.000000,75549924.000000, , , ,-0.325195,0.000000,-1.625977
20539.000000,1029299.000000,75549924.000000,-0.002900,-0.031900,-0.986000, , , 
20540.000000,1029399.000000,75549924.000000, , , ,-0.650391,0.325195,-1.300781
20541.000000,1029400.000000,75549924.000000,-0.005800,-0.040600,-1.000500, , , 
20542.000000,1029499.000000,75549924.000000,0.000000,-0.034800,-1.015000, , , 
20543.000000,1029500.000000,75549924.000000, , , ,-1.300781,0.000000,-1.625977
20544.000000,1029600.000000,75549924.000000,0.002900,-0.037700,-1.009200, , , 
20545.000000,1029601.000000,75549924.000000, , , ,-0.325195,0.000000,-1.625977
20546.000000,1029692.000000,75549924.000000, , , ,-0.650391,0.000000,-1.300781
20547.000000,1029699.000000,75549924.000000,-0.011600,-0.020300,-1.012100, , , 
20548.000000,1029793.000000,75549924.000000, , , ,-0.650391,0.000000,-1.625977
20549.000000,1029800.000000,75549924.000000,0.008700,-0.023200,-0.994700, , , 
20550.000000,1029894.000000,75549924.000000, , , ,-0.975586,-0.650391,-0.650391
20551.000000,1029899.000000,75549924.000000,0.002900,-0.037700,-0.957000, , , 
20552.000000,1029995.000000,75549924.000000, , , ,-1.300781,0.000000,-1.300781
20553.000000,1030000.000000,75549924.000000,0.005800,-0.058000,-0.980200, , , 
20554.000000,1030096.000000,75549924.000000, , , ,-1.300781,0.325195,-1.300781
20555.000000,1030099.000000,75549924.000000,0.008700,-0.023200,-0.988900, , , 
20556.000000,1030197.000000,75549924.000000, , , ,-0.650391,-0.650391,-1.625977
20557.000000,1030200.000000,75549924.000000,0.002900,-0.005800,-0.959900, , , 
20558.000000,1030298.000000,75549924.000000, , , ,0.000000,0.000000,-1.300781
20559.000000,1030299.000000,75549924.000000,0.000000,-0.011600,-0.965700, , , 
20560.000000,1030399.000000,75549924.000000, , , ,0.000000,0.000000,-0.975586
20561.000000,1030400.000000,75549924.000000,0.000000,-0.034800,-0.997600, , , 
20562.000000,1030499.000000,75549924.000000,0.008700,0.002900,-0.994700, , , 
20563.000000,1030500.000000,75549924.000000, , , ,0.000000,0.000000,-1.625977
20564.000000,1030600.000000,75549924.000000,0.000000,-0.031900,-1.006300, , , 
20565.000000,1030601.000000,75549924.000000, , , ,-0.325195,0.000000,-1.625977
20566.000000,1030692.000000,75549924.000000, , , ,-0.975586,-0.325195,-1.300781
20567.000000,1030699.000000,75549924.000000,0.008700,-0.008700,-0.965700, , , 
20568.000000,1030793.000000,75549924.000000, , , ,-0.325195,-0.975586,-0.975586
20569.000000,1030800.000000,75549924.000000,0.008700,-0.034800,-0.933800, , , 
20570.000000,1030894.000000,75549924.000000, , , ,-0.650391,-0.325195,-1.625977
20571.000000,1030899.000000,75549924.000000,-0.008700,-0.060900,-0.959900, , , 
20572.000000,1030995.000000,75549924.000000, , , ,-0.975586,0.325195,-1.625977
20573.000000,1031000.000000,75549924.000000,0.002900,-0.060900,-1.003400, , , 
20574.000000,1031096.000000,75549924.000000, , , ,-1.300781,0.000000,-1.625977
20575.000000,1031099.000000,75549924.000000,0.000000,-0.031900,-0.988900, , , 
20576.000000,1031197.000000,75549924.000000, , , ,-0.325195,-0.325195,-1.625977
20577.000000,1031200.000000,75549924.000000,0.000000,-0.026100,-0.980200, , , 
20578.000000,1031298.000000,75549924.000000, , , ,-0.325195,0.000000,-1.625977
20579.000000,1031299.000000,75549924.000000,0.005800,-0.037700,-0.986000, , , 
20580.000000,1031399.000000,75549924.000000, , , ,-0.325195,0.000000,-1.625977
20581.000000,1031400.000000,75549924.000000,-0.005800,-0.029000,-1.000500, , , 
20582.000000,1031499.000000,75549924.000000,0.002900,-0.029000,-1.017900, , , 
20583.000000,1031500.000000,75549924.000000, , , ,-0.650391,0.325195,-1.625977
20584.000000,1031600.000000,75549924.000000,0.014500,-0.029000,-0.997600, , , 
20585.000000,1031601.000000,75549924.000000, , , ,0.000000,0.000000,-1.625977
20586.000000,1031692.000000,75549924.000000, , , ,-0.650391,-0.650391,-1.300781
20587.000000,1031699.000000,75549924.000000,0.000000,-0.031900,-0.959900, , , 
20588.000000,1031793.000000,75549924.000000, , , ,-0.325195,-0.325195,-1.300781
20589.000000,1031800.000000,75549924.000000,0.014500,-0.017400,-0.942500, , , 
20590.000000,1031894.000000,75549924.000000, , , ,0.000000,-0.650391,-1.300781
20591.000000,1031899.000000,75549924.000000,-0.002900,-0.008700,-0.948300, , , 
20592.000000,1031995.000000,75549924.000000, , , ,0.000000,-0.325195,-1.625977
20593.000000,1032000.000000,75549924.000000,0.002900,-0.011600,-0.994700, , , 
20594.000000,1032096.000000,75549924.000000, , , ,0.000000,0.000000,-1.625977
20595.000000,1032099.000000,75549924.000000,0.002900,-0.034800,-1.003400, , , 
20596.000000,1032197.000000,75549924.000000, , , ,-0.325195,0.000000,-1.300781
20597.000000,1032200.000000,75549924.000000,0.000000,-0.014500,-1.006300, , , 
20598.000000,1032298.000000,75549924.000000, , , ,0.650391,0.325195,-0.975586
20599.000000,1032299.000000,75549924.000000,0.002900,-0.002900,-0.991800, , , 
20600.000000,1032399.000000,75549924.000000, , , ,0.325195,0.000000,-0.975586
20601.000000,1032400.000000,75549924.000000,-0.005800,-0.029000,-0.977300, , , 
20602.000000,1032499.000000,75549924.000000,0.020300,-0.017400,-0.965700, , , 
20603.000000,1032500.000000,75549924.000000, , , ,0.325195,-0.325195,-1.625977
20604.000000,1032600.000000,75549924.000000,-0.002900,-0.017400,-0.954100, , , 
20605.000000,1032601.000000,75549924.000000, , , ,0.000000,-0.650391,-0.975586
20606.000000,1032692.000000,75549924.000000, , , ,0.000000,0.325195,-0.325195
20607.000000,1032699.000000,75549924.000000,-0.002900,-0.002900,-1.012100, , , 
20608.000000,1032793.000000,75549924.000000, , , ,0.000000,0.000000,-0.650391
20609.000000,1032800.000000,75549924.000000,0.026100,0.000000,-0.997600, , , 
20610.000000,1032894.000000,75549924.000000, , , ,0.000000,-0.325195,-0.650391
20611.000000,1032899.000000,75549924.000000,-0.005800,-0.002900,-0.986000, , , 
20612.000000,1032995.000000,75549924.000000, , , ,0.000000,0.000000,-0.325195
20613.000000,1033000.000000,75549924.000000,0.000000,-0.002900,-1.009200, , , 
20614.000000,1033096.000000,75549924.000000, , , ,0.000000,-0.325195,-0.650391
20615.000000,1033099.000000,75549924.000000,0.011600,-0.005800,-0.994700, , , 
20616.000000,1033197.000000,75549924.000000, , , ,0.325195,0.325195,-0.325195
20617.000000,1033200.000000,75549924.000000,0.000000,0.002900,-1.009200, , , 
20618.000000,1033298.000000,75549924.000000, , , ,0.975586,0.000000,-0.975586
20619.000000,1033299.000000,75549924.000000,0.002900,-0.002900,-0.980200, , , 
20620.000000,1033399.000000,75549924.000000, , , ,0.650391,0.650391,-0.650391
20621.000000,1033400.000000,75549924.000000,-0.005800,-0.023200,-0.988900, , , 
20622.000000,1033499.000000,75549924.000000,0.014500,-0.023200,-0.962800, , , 
20623.000000,1033500.000000,75549924.000000, , , ,0.325195,-0.325195,-0.975586
20624.000000,1033600.000000,75549924.000000,0.000000,-0.020300,-0.962800, , , 
20625.000000,1033601.000000,75549924.000000, , , ,0.325195,-0.650391,-0.650391
20626.000000,1033692.000000,75549924.000000, , , ,0.000000,-0.650391,-0.325195
20627.000000,1033699.000000,75549924.000000,0.017400,-0.014500,-0.954100, , , 
20628.000000,1033793.000000,75549924.000000, , , ,0.650391,0.000000,-0.650391
20629.000000,1033800.000000,75549924.000000,-0.008700,-0.011600,-0.980200, , , 
20630.000000,1033894.000000,75549924.000000, , , ,0.650391,0.000000,-0.325195
20631.000000,1033899.000000,75549924.000000,0.000000,-0.017400,-0.988900, , , 
20632.000000,1033995.000000,75549924.000000, , , ,0.000000,0.000000,-0.325195
20633.000000,1034000.000000,75549924.000000,0.000000,-0.034800,-1.017900, , , 
20634.000000,1034096.000000,75549924.000000, , , ,0.000000,0.000000,0.000000
20635.000000,1034099.000000,75549924.000000,0.002900,-0.002900,-1.012100, , , 
20636.000000,1034197.000000,75549924.000000, , , ,0.000000,-0.325195,0.000000
20637.000000,1034200.000000,75549924.000000,0.005800,0.017400,-1.003400, , , 
20638.000000,1034298.000000,75549924.000000, , , ,0.650391,-0.325195,-0.325195
20639.000000,1034299.000000,75549924.000000,-0.014500,0.023200,-0.988900, , , 
20640.000000,1034399.000000,75549924.000000, , , ,0.000000,-0.325195,0.000000
20641.000000,1034400.000000,75549924.000000,-0.023200,0.000000,-0.977300, , , 
20642.000000,1034499.000000,75549924.000000,-0.031900,-0.005800,-0.986000, , , 
20643.000000,1034500.000000,75549924.000000, , , ,-0.975586,0.000000,0.325195
20644.000000,1034600.000000,75549924.000000,-0.029000,0.002900,-0.986000, , , 
20645.000000,1034601.000000,75549924.000000, , , ,-0.650391,0.000000,0.000000
20646.000000,1034692.000000,75549924.000000, , , ,-0.975586,0.000000,0.000000
20647.000000,1034699.000000,75549924.000000,-0.031900,-0.023200,-0.977300, , , 
20648.000000,1034793.000000,75549924.000000, , , ,-0.650391,0.000000,-0.650391
20649.000000,1034800.000000,75549924.000000,-0.055100,-0.011600,-1.006300, , , 
20650.000000,1034894.000000,75549924.000000, , , ,0.000000,0.000000,0.000000
20651.000000,1034899.000000,75549924.000000,-0.037700,-0.011600,-0.983100, , , 
20652.000000,1034995.000000,75549924.000000, , , ,0.000000,-0.325195,-0.325195
20653.000000,1035000.000000,75549924.000000,-0.046400,-0.011600,-0.962800, , , 
20654.000000,1035096.000000,75549924.000000, , , ,0.000000,0.325195,-0.325195
20655.000000,1035099.000000,75549924.000000,-0.049300,-0.011600,-0.991800, , , 
20656.000000,1035197.000000,75549924.000000, , , ,-0.325195,0.325195,-0.650391
20657.000000,1035200.000000,75549924.000000,-0.017400,-0.023200,-1.006300, , , 
20658.000000,1035298.000000,75549924.000000, , , ,0.000000,0.325195,-0.325195
20659.000000,1035301.000000,75549924.000000,-0.002900,-0.026100,-0.980200, , , 
20660.000000,1035398.000000,75549924.000000, , , ,0.000000,-0.650391,0.000000
20661.000000,1035399.000000,75549924.000000,0.005800,-0.011600,-0.957000, , , 
20662.000000,1035499.000000,75549924.000000, , , ,0.000000,0.000000,0.000000
20663.000000,1035500.000000,75549924.000000,0.011600,-0.005800,-0.968600, , , 
20664.000000,1035599.000000,75549924.000000,0.000000,0.002900,-0.974400, , , 
20665.000000,1035600.000000,75549924.000000, , , ,-0.650391,-0.325195,0.000000
20666.000000,1035700.000000,75549924.000000,0.000000,0.008700,-0.988900, , , 
20667.000000,1035701.000000,75549924.000000, , , ,-0.325195,0.000000,0.325195
20668.000000,1035792.000000,75549924.000000, , , ,0.000000,-0.325195,0.000000
20669.000000,1035799.000000,75549924.000000,0.002900,0.014500,-0.991800, , , 
20670.000000,1035893.000000,75549924.000000, , , ,-0.325195,0.000000,0.650391
20671.000000,1035900.000000,75549924.000000,-0.005800,0.014500,-1.020800, , , 
20672.000000,1035994.000000,75549924.000000, , , ,-0.650391,0.000000,0.000000
20673.000000,1035999.000000,75549924.000000,-0.005800,0.000000,-1.035300, , , 
20674.000000,1036095.000000,75549924.000000, , , ,-1.625977,-1.951172,-1.300781
20675.000000,1036100.000000,75549924.000000,-0.005800,0.000000,-0.974400, , , 
20676.000000,1036196.000000,75549924.000000, , , ,0.000000,0.000000,-0.975586
20677.000000,1036199.000000,75549924.000000,-0.008700,0.037700,-0.980200, , , 
20678.000000,1036297.000000,75549924.000000, , , ,0.000000,0.000000,0.000000
20679.000000,1036300.000000,75549924.000000,-0.008700,0.000000,-1.006300, , , 
20680.000000,1036398.000000,75549924.000000, , , ,-0.325195,-0.650391,-0.325195
20681.000000,1036399.000000,75549924.000000,0.020300,-0.005800,-0.951200, , , 
20682.000000,1036499.000000,75549924.000000, , , ,-0.975586,0.000000,0.000000
20683.000000,1036500.000000,75549924.000000,0.000000,-0.031900,-0.957000, , , 
20684.000000,1036599.000000,75549924.000000,0.002900,-0.002900,-0.957000, , , 
20685.000000,1036600.000000,75549924.000000, , , ,-1.300781,0.000000,0.000000
20686.000000,1036700.000000,75549924.000000,0.000000,-0.026100,-0.988900, , , 
20687.000000,1036701.000000,75549924.000000, , , ,-1.625977,-0.325195,0.000000
20688.000000,1036792.000000,75549924.000000, , , ,-0.650391,0.000000,-0.325195
20689.000000,1036799.000000,75549924.000000,0.002900,0.031900,-0.986000, , , 
20690.000000,1036893.000000,75549924.000000, , , ,-0.325195,-0.325195,-0.325195
20691.000000,1036900.000000,75549924.000000,0.002900,0.008700,-1.003400, , , 
20692.000000,1036994.000000,75549924.000000, , , ,-0.325195,0.000000,0.000000
20693.000000,1036999.000000,75549924.000000,0.000000,-0.014500,-0.991800, , , 
20694.000000,1037095.000000,75549924.000000, , , ,-0.325195,0.000000,0.000000
20695.000000,1037100.000000,75549924.000000,0.008700,0.000000,-0.983100, , , 
20696.000000,1037196.000000,75549924.000000, , , ,-0.650391,-0.650391,0.000000
20697.000000,1037199.000000,75549924.000000,0.005800,-0.014500,-0.971500, , , 
20698.000000,1037297.000000,75549924.000000, , , ,0.000000,0.000000,0.000000
20699.000000,1037300.000000,75549924.000000,0.002900,0.000000,-0.957000, , , 
20700.000000,1037398.000000,75549924.000000, , , ,0.000000,-0.325195,-0.325195
20701.000000,1037399.000000,75549924.000000,-0.017400,-0.005800,-0.997600, , , 
20702.000000,1037499.000000,75549924.000000, , , ,0.000000,-0.325195,0.000000
20703.000000,1037500.000000,75549924.000000,-0.023200,-0.026100,-1.017900, , , 
20704.000000,1037599.000000,75549924.000000,-0.023200,-0.031900,-0.994700, , , 
20705.000000,1037600.000000,75549924.000000, , , ,-0.650391,-0.650391,0.000000
20706.000000,1037700.000000,75549924.000000,-0.031900,-0.026100,-0.980200, , , 
20707.000000,1037701.000000,75549924.000000, , , ,-1.951172,0.000000,0.000000
20708.000000,1037792.000000,75549924.000000, , , ,-0.975586,-0.325195,0.000000
20709.000000,1037799.000000,75549924.000000,-0.031900,0.011600,-0.959900, , , 
20710.000000,1037893.000000,75549924.000000, , , ,-0.650391,-0.325195,0.000000
20711.000000,1037900.000000,75549924.000000,-0.049300,-0.017400,-0.980200, , , 
20712.000000,1037994.000000,75549924.000000, , , ,-0.325195,-0.325195,0.000000
20713.000000,1037999.000000,75549924.000000,-0.058000,0.002900,-0.977300, , , 
20714.000000,1038095.000000,75549924.000000, , , ,0.000000,0.000000,0.000000
20715.000000,1038100.000000,75549924.000000,-0.063800,-0.002900,-0.965700, , , 
20716.000000,1038196.000000,75549924.000000, , , ,-0.325195,-0.325195,0.000000
20717.000000,1038199.000000,75549924.000000,-0.063800,-0.014500,-0.997600, , , 
20718.000000,1038297.000000,75549924.000000, , , ,-0.325195,0.000000,0.000000
20719.000000,1038300.000000,75549924.000000,-0.055100,-0.014500,-1.003400, , , 
20720.000000,1038398.000000,75549924.000000, , , ,-1.300781,-1.300781,0.000000
20721.000000,1038400.000000,75549924.000000,-0.049300,-0.020300,-0.971500, , , 
20722.000000,1038498.000000,75549924.000000, , , ,-1.300781,-0.325195,0.000000
20723.000000,1038499.000000,75549924.000000,-0.060900,-0.008700,-0.971500, , , 
20724.000000,1038599.000000,75549924.000000, , , ,-0.975586,0.000000,0.000000
20725.000000,1038600.000000,75549924.000000,-0.075400,-0.017400,-0.988900, , , 
20726.000000,1038699.000000,75549924.000000,-0.046400,-0.002900,-0.997600, , , 
20727.000000,1038700.000000,75549924.000000, , , ,-1.300781,0.000000,-0.325195
20728.000000,1038800.000000,75549924.000000,-0.043500,0.005800,-0.974400, , , 
20729.000000,1038801.000000,75549924.000000, , , ,-0.325195,0.000000,-0.325195
20730.000000,1038892.000000,75549924.000000, , , ,0.325195,0.325195,-0.650391
20731.000000,1038899.000000,75549924.000000,-0.029000,-0.005800,-0.994700, , , 
20732.000000,1038993.000000,75549924.000000, , , ,0.000000,0.000000,-0.325195
20733.000000,1039000.000000,75549924.000000,-0.005800,-0.017400,-0.965700, , , 
20734.000000,1039094.000000,75549924.000000, , , ,-0.325195,0.000000,-0.325195
20735.000000,1039101.000000,75549924.000000,-0.008700,-0.017400,-0.994700, , , 
20736.000000,1039194.000000,75549924.000000, , , ,-1.300781,0.325195,0.000000
20737.000000,1039199.000000,75549924.000000,0.008700,-0.040600,-0.997600, , , 
20738.000000,1039295.000000,75549924.000000, , , ,-1.300781,-0.325195,0.000000
20739.000000,1039300.000000,75549924.000000,0.017400,-0.002900,-0.957000, , , 
20740.000000,1039396.000000,75549924.000000, , , ,-0.650391,-0.325195,-0.325195
20741.000000,1039399.000000,75549924.000000,0.014500,0.011600,-0.977300, , , 
20742.000000,1039497.000000,75549924.000000, , , ,0.000000,0.650391,-0.325195
20743.000000,1039500.000000,75549924.000000,0.005800,0.005800,-0.988900, , , 
20744.000000,1039598.000000,75549924.000000, , , ,0.000000,-0.325195,-0.325195
20745.000000,1039599.000000,75549924.000000,0.020300,-0.014500,-0.983100, , , 
20746.000000,1039699.000000,75549924.000000, , , ,0.000000,-0.325195,-0.325195
20747.000000,1039700.000000,75549924.000000,0.008700,-0.017400,-0.968600, , , 
20748.000000,1039799.000000,75549924.000000,0.014500,-0.014500,-0.977300, , , 
20749.000000,1039800.000000,75549924.000000, , , ,-0.650391,0.000000,-0.325195
20750.000000,1039900.000000,75549924.000000,0.040600,-0.005800,-0.965700, , , 
20751.000000,1039901.000000,75549924.000000, , , ,-0.650391,0.000000,0.000000
20752.000000,1039992.000000,75549924.000000, , , ,0.000000,-0.325195,-0.325195
20753.000000,1039999.000000,75549924.000000,0.029000,-0.005800,-0.986000, , , 
20754.000000,1040093.000000,75549924.000000, , , ,-0.650391,0.000000,0.000000
20755.000000,1040100.000000,75549924.000000,0.023200,-0.011600,-0.994700, , , 
20756.000000,1040194.000000,75549924.000000, , , ,-0.325195,0.325195,0.000000
20757.000000,1040199.000000,75549924.000000,0.031900,-0.002900,-1.003400, , , 
20758.000000,1040295.000000,75549924.000000, , , ,0.000000,-0.325195,-0.325195
20759.000000,1040300.000000,75549924.000000,0.049300,-0.011600,-0.986000, , , 
20760.000000,1040396.000000,75549924.000000, , , ,-0.325195,-0.650391,-0.325195
20761.000000,1040399.000000,75549924.000000,0.043500,-0.029000,-0.957000, , , 
20762.000000,1040497.000000,75549924.000000, , , ,-0.650391,-0.325195,-0.325195
20763.000000,1040500.000000,75549924.000000,0.026100,-0.017400,-0.951200, , , 
20764.000000,1040598.000000,75549924.000000, , , ,-0.325195,-0.325195,0.000000
20765.000000,1040599.000000,75549924.000000,0.031900,-0.026100,-1.003400, , , 
20766.000000,1040699.000000,75549924.000000, , , ,-1.300781,0.325195,-0.325195
20767.000000,1040700.000000,75549924.000000,0.040600,-0.014500,-1.023700, , , 
20768.000000,1040799.000000,75549924.000000,0.055100,-0.031900,-1.006300, , , 
20769.000000,1040800.000000,75549924.000000, , , ,-0.650391,0.000000,0.000000
20770.000000,1040900.000000,75549924.000000,0.055100,-0.017400,-0.988900, , , 
20771.000000,1040901.000000,75549924.000000, , , ,-0.325195,0.000000,-0.325195
20772.000000,1040992.000000,75549924.000000, , , ,0.000000,0.000000,-0.325195
20773.000000,1040999.000000,75549924.000000,0.052200,-0.011600,-0.968600, , , 
20774.000000,1041093.000000,75549924.000000, , , ,-0.325195,0.000000,-0.325195
20775.000000,1041100.000000,75549924.000000,0.060900,-0.005800,-0.965700, , , 
20776.000000,1041194.000000,75549924.000000, , , ,0.000000,0.000000,-0.325195
20777.000000,1041199.000000,75549924.000000,0.049300,-0.023200,-0.968600, , , 
20778.000000,1041295.000000,75549924.000000, , , ,-0.325195,-0.650391,-0.325195
20779.000000,1041300.000000,75549924.000000,0.052200,-0.026100,-0.965700, , , 
20780.000000,1041396.000000,75549924.000000, , , ,-0.650391,0.000000,0.000000
20781.000000,1041399.000000,75549924.000000,0.055100,-0.023200,-0.971500, , , 
20782.000000,1041497.000000,75549924.000000, , , ,-1.300781,-0.325195,-0.325195
20783.000000,1041500.000000,75549924.000000,0.043500,-0.026100,-0.986000, , , 
20784.000000,1041598.000000,75549924.000000, , , ,-1.300781,0.000000,0.000000
20785.000000,1041599.000000,75549924.000000,0.031900,0.000000,-1.017900, , , 
20786.000000,1041699.000000,75549924.000000, , , ,-0.975586,-1.300781,-1.300781
20787.000000,1041700.000000,75549924.000000,0.078300,0.011600,-0.974400, , , 
20788.000000,1041799.000000,75549924.000000,-0.002900,-0.060900,-0.925100, , , 
20789.000000,1041800.000000,75549924.000000, , , ,-0.650391,-0.650391,-0.650391
20790.000000,1041900.000000,75549924.000000,0.017400,0.008700,-1.012100, , , 
20791.000000,1041901.000000,75549924.000000, , , ,-1.300781,0.325195,0.650391
20792.000000,1041992.000000,75549924.000000, , , ,-0.650391,-0.325195,-0.325195
20793.000000,1041999.000000,75549924.000000,0.011600,0.002900,-0.954100, , , 
20794.000000,1042093.000000,75549924.000000, , , ,-0.325195,-0.650391,-0.325195
20795.000000,1042100.000000,75549924.000000,-0.002900,-0.008700,-0.951200, , , 
20796.000000,1042194.000000,75549924.000000, , , ,0.650391,-0.325195,-0.325195
20797.000000,1042199.000000,75549924.000000,0.023200,0.005800,-0.945400, , , 
20798.000000,1042295.000000,75549924.000000, , , ,0.000000,-0.325195,-0.325195
20799.000000,1042300.000000,75549924.000000,-0.008700,-0.031900,-0.971500, , , 
20800.000000,1042396.000000,75549924.000000, , , ,-1.300781,-0.650391,0.325195
20801.000000,1042399.000000,75549924.000000,-0.020300,-0.031900,-0.994700, , , 
20802.000000,1042497.000000,75549924.000000, , , ,-0.650391,0.000000,-0.325195
20803.000000,1042500.000000,75549924.000000,-0.023200,-0.011600,-0.994700, , , 
20804.000000,1042598.000000,75549924.000000, , , ,-0.325195,-0.975586,-0.325195
20805.000000,1042599.000000,75549924.000000,-0.040600,-0.014500,-0.971500, , , 
20806.000000,1042699.000000,75549924.000000, , , ,-0.325195,0.000000,-0.325195
20807.000000,1042700.000000,75549924.000000,-0.023200,-0.002900,-0.974400, , , 
20808.000000,1042799.000000,75549924.000000,-0.052200,-0.023200,-0.959900, , , 
20809.000000,1042800.000000,75549924.000000, , , ,-0.325195,-0.975586,-0.650391
20810.000000,1042900.000000,75549924.000000,-0.055100,-0.017400,-0.959900, , , 
20811.000000,1042901.000000,75549924.000000, , , ,0.000000,-0.325195,0.000000
20812.000000,1042992.000000,75549924.000000, , , ,0.000000,0.325195,0.000000
20813.000000,1042999.000000,75549924.000000,-0.066700,-0.031900,-0.983100, , , 
20814.000000,1043093.000000,75549924.000000, , , ,0.000000,-0.325195,0.000000
20815.000000,1043100.000000,75549924.000000,-0.049300,0.000000,-0.991800, , , 
20816.000000,1043194.000000,75549924.000000, , , ,0.000000,-0.650391,-0.325195
20817.000000,1043199.000000,75549924.000000,-0.052200,-0.026100,-0.948300, , , 
20818.000000,1043295.000000,75549924.000000, , , ,-0.975586,-0.650391,0.000000
20819.000000,1043300.000000,75549924.000000,-0.063800,-0.034800,-0.957000, , , 
20820.000000,1043396.000000,75549924.000000, , , ,-1.951172,0.325195,0.000000
20821.000000,1043399.000000,75549924.000000,-0.029000,-0.020300,-1.000500, , , 
20822.000000,1043497.000000,75549924.000000, , , ,-1.300781,0.000000,-0.325195
20823.000000,1043500.000000,75549924.000000,0.011600,-0.008700,-0.994700, , , 
20824.000000,1043598.000000,75549924.000000, , , ,-1.300781,-0.325195,0.000000
20825.000000,1043599.000000,75549924.000000,0.017400,-0.008700,-0.951200, , , 
20826.000000,1043699.000000,75549924.000000, , , ,-0.650391,0.000000,0.000000
20827.000000,1043700.000000,75549924.000000,0.020300,0.008700,-0.948300, , , 
20828.000000,1043799.000000,75549924.000000,0.020300,0.029000,-0.957000, , , 
20829.000000,1043800.000000,75549924.000000, , , ,0.000000,-0.325195,0.000000
20830.000000,1043900.000000,75549924.000000,0.031900,-0.020300,-0.977300, , , 
20831.000000,1043901.000000,75549924.000000, , , ,-1.625977,-0.325195,-0.650391
20832.000000,1043992.000000,75549924.000000, , , ,-0.325195,0.325195,0.000000
20833.000000,1043999.000000,75549924.000000,0.008700,-0.014500,-1.012100, , , 
20834.000000,1044093.000000,75549924.000000, , , ,0.000000,-0.325195,0.000000
20835.000000,1044100.000000,75549924.000000,0.034800,0.002900,-1.023700, , , 
20836.000000,1044194.000000,75549924.000000, , , ,-0.325195,-0.325195,0.000000
20837.000000,1044199.000000,75549924.000000,0.026100,-0.014500,-0.988900, , , 
20838.000000,1044295.000000,75549924.000000, , , ,0.000000,0.000000,-0.325195
20839.000000,1044300.000000,75549924.000000,0.029000,-0.014500,-0.974400, , , 
20840.000000,1044396.000000,75549924.000000, , , ,-0.975586,0.000000,0.000000
20841.000000,1044399.000000,75549924.000000,0.040600,-0.040600,-0.986000, , , 
20842.000000,1044497.000000,75549924.000000, , , ,-0.325195,-0.325195,0.000000
20843.000000,1044500.000000,75549924.000000,0.049300,-0.002900,-0.962800, , , 
20844.000000,1044598.000000,75549924.000000, , , ,-0.325195,0.000000,-0.975586
20845.000000,1044599.000000,75549924.000000,0.011600,-0.034800,-0.994700, , , 
20846.000000,1044699.000000,75549924.000000, , , ,0.000000,0.000000,-0.325195
20847.000000,1044700.000000,75549924.000000,0.037700,-0.011600,-1.012100, , , 
20848.000000,1044799.000000,75549924.000000,0.058000,-0.020300,-0.991800, , , 
20849.000000,1044800.000000,75549924.000000, , , ,0.000000,0.000000,-0.325195
20850.000000,1044900.000000,75549924.000000,0.020300,-0.023200,-0.954100, , , 
20851.000000,1044901.000000,75549924.000000, , , ,-0.650391,-0.650391,0.000000
20852.000000,1044992.000000,75549924.000000, , , ,0.000000,-0.650391,-0.325195
20853.000000,1044999.000000,75549924.000000,0.017400,-0.017400,-0.965700, , , 
20854.000000,1045093.000000,75549924.000000, , , ,0.000000,-0.325195,0.000000
20855.000000,1045100.000000,75549924.000000,0.011600,-0.011600,-0.977300, , , 
20856.000000,1045194.000000,75549924.000000, , , ,0.000000,0.000000,-0.325195
20857.000000,1045199.000000,75549924.000000,0.011600,-0.011600,-1.000500, , , 
20858.000000,1045295.000000,75549924.000000, , , ,0.000000,-0.325195,-0.325195
20859.000000,1045300.000000,75549924.000000,0.017400,-0.023200,-0.994700, , , 
20860.000000,1045396.000000,75549924.000000, , , ,0.000000,0.000000,0.000000
20861.000000,1045399.000000,75549924.000000,0.014500,-0.014500,-0.980200, , , 
20862.000000,1045497.000000,75549924.000000, , , ,-0.325195,-0.325195,-0.325195
20863.000000,1045500.000000,75549924.000000,0.023200,-0.023200,-0.977300, , , 
20864.000000,1045598.000000,75549924.000000, , , ,-0.650391,0.325195,0.000000
20865.000000,1045599.000000,75549924.000000,0.005800,-0.008700,-0.983100, , , 
20866.000000,1045699.000000,75549924.000000, , , ,0.000000,0.000000,0.000000
20867.000000,1045700.000000,75549924.000000,0.005800,-0.002900,-0.994700, , , 
20868.000000,1045799.000000,75549924.000000,0.005800,-0.011600,-0.988900, , , 
20869.000000,1045800.000000,75549924.000000, , , ,-0.325195,0.000000,0.000000
20870.000000,1045900.000000,75549924.000000,0.005800,-0.017400,-1.009200, , , 
20871.000000,1045901.000000,75549924.000000, , , ,-0.650391,-0.325195,0.325195
20872.000000,1045992.000000,75549924.000000, , , ,-0.650391,-0.325195,0.975586
20873.000000,1045999.000000,75549924.000000,0.008700,-0.011600,-0.988900, , , 
20874.000000,1046093.000000,75549924.000000, , , ,-1.300781,0.325195,0.650391
20875.000000,1046100.000000,75549924.000000,0.011600,0.011600,-0.991800, , , 
20876.000000,1046194.000000,75549924.000000, , , ,-0.325195,0.000000,0.000000
20877.000000,1046199.000000,75549924.000000,0.005800,0.014500,-0.974400, , , 
20878.000000,1046295.000000,75549924.000000, , , ,-0.650391,-0.650391,0.000000
20879.000000,1046300.000000,75549924.000000,0.000000,0.000000,-0.962800, , , 
20880.000000,1046396.000000,75549924.000000, , , ,-0.650391,-0.325195,0.000000
20881.000000,1046399.000000,75549924.000000,0.000000,-0.005800,-0.983100, , , 
20882.000000,1046497.000000,75549924.000000, , , ,-0.650391,-0.325195,0.000000
20883.000000,1046500.000000,75549924.000000,0.000000,-0.014500,-0.997600, , , 
20884.000000,1046598.000000,75549924.000000, , , ,-0.325195,0.000000,-0.325195
20885.000000,1046599.000000,75549924.000000,0.000000,-0.017400,-0.994700, , , 
20886.000000,1046699.000000,75549924.000000, , , ,-0.325195,0.000000,-0.325195
20887.000000,1046700.000000,75549924.000000,0.000000,-0.020300,-0.991800, , , 
20888.000000,1046799.000000,75549924.000000,0.002900,-0.026100,-0.974400, , , 
20889.000000,1046800.000000,75549924.000000, , , ,0.000000,-0.325195,-0.325195
20890.000000,1046900.000000,75549924.000000,0.008700,-0.037700,-0.928000, , , 
20891.000000,1046901.000000,75549924.000000, , , ,-0.650391,-0.975586,0.000000
20892.000000,1046992.000000,75549924.000000, , , ,-0.325195,-0.650391,-0.325195
20893.000000,1046999.000000,75549924.000000,-0.020300,-0.037700,-0.945400, , , 
20894.000000,1047093.000000,75549924.000000, , , ,0.000000,-0.650391,-0.325195
20895.000000,1047100.000000,75549924.000000,-0.011600,-0.046400,-0.991800, , , 
20896.000000,1047194.000000,75549924.000000, , , ,-0.650391,0.325195,-0.325195
20897.000000,1047199.000000,75549924.000000,0.000000,-0.011600,-1.035300, , , 
20898.000000,1047295.000000,75549924.000000, , , ,-0.650391,0.000000,-0.325195
20899.000000,1047300.000000,75549924.000000,-0.017400,-0.029000,-1.032400, , , 
20900.000000,1047396.000000,75549924.000000, , , ,-1.300781,0.325195,0.000000
20901.000000,1047399.000000,75549924.000000,0.000000,-0.046400,-1.009200, , , 
20902.000000,1047497.000000,75549924.000000, , , ,-0.650391,0.000000,-0.325195
20903.000000,1047500.000000,75549924.000000,0.005800,-0.026100,-0.965700, , , 
20904.000000,1047598.000000,75549924.000000, , , ,-0.650391,-0.650391,-0.325195
20905.000000,1047599.000000,75549924.000000,-0.002900,-0.023200,-0.939600, , , 
20906.000000,1047699.000000,75549924.000000, , , ,-0.650391,0.000000,0.000000
20907.000000,1047700.000000,75549924.000000,0.002900,-0.008700,-0.948300, , , 
20908.000000,1047799.000000,75549924.000000,-0.023200,-0.017400,-0.991800, , , 
20909.000000,1047800.000000,75549924.000000, , , ,0.000000,-0.325195,-0.325195
20910.000000,1047900.000000,75549924.000000,-0.011600,-0.026100,-1.046900, , , 
20911.000000,1047901.000000,75549924.000000, , , ,-0.975586,0.325195,-0.325195
20912.000000,1047992.000000,75549924.000000, , , ,-1.300781,0.325195,-0.650391
20913.000000,1047999.000000,75549924.000000,0.000000,-0.034800,-1.029500, , , 
20914.000000,1048093.000000,75549924.000000, , , ,-0.975586,-0.325195,-0.325195
20915.000000,1048100.000000,75549924.000000,0.008700,-0.014500,-0.954100, , , 
20916.000000,1048194.000000,75549924.000000, , , ,-0.325195,-0.650391,-0.325195
20917.000000,1048199.000000,75549924.000000,-0.002900,-0.026100,-0.925100, , , 
20918.000000,1048295.000000,75549924.000000, , , ,0.000000,-0.650391,-0.325195
20919.000000,1048300.000000,75549924.000000,-0.005800,-0.014500,-0.945400, , , 
20920.000000,1048396.000000,75549924.000000, , , ,0.000000,-0.325195,-0.325195
20921.000000,1048399.000000,75549924.000000,-0.002900,-0.002900,-0.957000, , , 
20922.000000,1048497.000000,75549924.000000, , , ,0.000000,0.000000,-0.650391
20923.000000,1048500.000000,75549924.000000,-0.017400,-0.031900,-0.994700, , , 
20924.000000,1048598.000000,75549924.000000, , , ,-0.975586,0.000000,0.000000
20925.000000,1048601.000000,75549924.000000,-0.002900,-0.034800,-1.026600, , , 
20926.000000,1048698.000000,75549924.000000, , , ,-0.975586,0.000000,-0.325195
20927.000000,1048699.000000,75549924.000000,0.000000,-0.026100,-1.009200, , , 
20928.000000,1048799.000000,75549924.000000, , , ,-0.650391,-0.325195,0.000000
20929.000000,1048800.000000,75549924.000000,-0.014500,-0.020300,-0.977300, , , 
20930.000000,1048899.000000,75549924.000000,-0.002900,-0.005800,-0.980200, , , 
20931.000000,1048900.000000,75549924.000000, , , ,-0.650391,0.000000,-0.325195
20932.000000,1049000.000000,75549924.000000,0.000000,-0.005800,-0.962800, , , 
20933.000000,1049001.000000,75549924.000000, , , ,-0.325195,-0.650391,0.000000
20934.000000,1049092.000000,75549924.000000, , , ,0.000000,0.000000,-0.650391
20935.000000,1049099.000000,75549924.000000,-0.014500,-0.058000,-0.986000, , , 
20936.000000,1049193.000000,75549924.000000, , , ,-1.300781,0.000000,-0.325195
20937.000000,1049200.000000,75549924.000000,-0.005800,-0.017400,-1.000500, , , 
20938.000000,1049294.000000,75549924.000000, , , ,-0.650391,0.325195,0.000000
20939.000000,1049299.000000,75549924.000000,-0.014500,-0.020300,-1.000500, , , 
20940.000000,1049395.000000,75549924.000000, , , ,-0.975586,0.000000,0.000000
20941.000000,1049400.000000,75549924.000000,-0.002900,-0.008700,-0.980200, , , 
20942.000000,1049496.000000,75549924.000000, , , ,-0.650391,-0.325195,0.000000
20943.000000,1049499.000000,75549924.000000,0.000000,-0.005800,-0.974400, , , 
20944.000000,1049597.000000,75549924.000000, , , ,-0.325195,0.000000,0.000000
20945.000000,1049600.000000,75549924.000000,-0.002900,-0.020300,-0.951200, , , 
20946.000000,1049698.000000,75549924.000000, , , ,-0.650391,0.000000,0.000000
20947.000000,1049699.000000,75549924.000000,-0.014500,-0.002900,-0.997600, , , 
20948.000000,1049799.000000,75549924.000000, , , ,-0.650391,0.000000,0.000000
20949.000000,1049800.000000,75549924.000000,0.000000,-0.023200,-1.000500, , , 
20950.000000,1049899.000000,75549924.000000,0.000000,-0.002900,-0.968600, , , 
20951.000000,1049900.000000,75549924.000000, , , ,-0.650391,-0.325195,0.000000
20952.000000,1050000.000000,75549924.000000,-0.011600,-0.008700,-0.974400, , , 
20953.000000,1050001.000000,75549924.000000, , , ,-0.325195,-0.650391,-0.325195
20954.000000,1050092.000000,75549924.000000, , , ,-0.650391,0.000000,0.000000
20955.000000,1050099.000000,75549924.000000,0.000000,0.000000,-0.991800, , , 
20956.000000,1050193.000000,75549924.000000, , , ,-0.325195,-0.325195,0.000000
20957.000000,1050200.000000,75549924.000000,-0.008700,0.000000,-0.980200, , , 
20958.000000,1050294.000000,75549924.000000, , , ,0.000000,-0.650391,0.000000
20959.000000,1050299.000000,75549924.000000,-0.008700,-0.023200,-0.971500, , , 
20960.000000,1050395.000000,75549924.000000, , , ,0.000000,0.000000,-0.325195
20961.000000,1050400.000000,75549924.000000,-0.002900,0.000000,-0.971500, , , 
20962.000000,1050496.000000,75549924.000000, , , ,-0.325195,-0.325195,0.000000
20963.000000,1050499.000000,75549924.000000,-0.014500,-0.017400,-0.988900, , , 
20964.000000,1050597.000000,75549924.000000, , , ,-0.325195,0.000000,-0.325195
20965.000000,1050600.000000,75549924.000000,-0.011600,-0.011600,-1.006300, , , 
20966.000000,1050698.000000,75549924.000000, , , ,-0.650391,0.000000,0.000000
20967.000000,1050699.000000,75549924.000000,-0.002900,-0.005800,-1.000500, , , 
20968.000000,1050799.000000,75549924.000000, , , ,-0.650391,0.000000,0.000000
20969.000000,1050800.000000,75549924.000000,-0.011600,-0.005800,-1.009200, , , 
20970.000000,1050899.000000,75549924.000000,-0.014500,0.000000,-0.980200, , , 
20971.000000,1050900.000000,75549924.000000, , , ,-0.650391,0.000000,0.000000
20972.000000,1051000.000000,75549924.000000,-0.008700,-0.002900,-0.986000, , , 
20973.000000,1051001.000000,75549924.000000, , , ,-0.650391,0.000000,0.000000
20974.000000,1051092.000000,75549924.000000, , , ,-0.975586,0.000000,0.000000
20975.000000,1051099.000000,75549924.000000,0.005800,-0.005800,-0.971500, , , 
20976.000000,1051193.000000,75549924.000000, , , ,-0.650391,-0.650391,0.000000
20977.000000,1051200.000000,75549924.000000,-0.008700,-0.011600,-0.930900, , , 
20978.000000,1051294.000000,75549924.000000, , , ,-0.325195,-0.650391,0.000000
20979.000000,1051299.000000,75549924.000000,-0.005800,-0.005800,-0.965700, , , 
20980.000000,1051395.000000,75549924.000000, , , ,-0.650391,-0.325195,-0.325195
20981.000000,1051400.000000,75549924.000000,-0.008700,0.000000,-0.977300, , , 
20982.000000,1051496.000000,75549924.000000, , , ,-0.650391,-0.325195,0.000000
20983.000000,1051499.000000,75549924.000000,-0.005800,-0.014500,-0.954100, , , 
20984.000000,1051597.000000,75549924.000000, , , ,-0.650391,0.000000,0.000000
20985.000000,1051600.000000,75549924.000000,-0.017400,-0.011600,-0.991800, , , 
20986.000000,1051698.000000,75549924.000000, , , ,-0.650391,0.000000,-0.325195
20987.000000,1051699.000000,75549924.000000,-0.002900,0.000000,-1.006300, , , 
20988.000000,1051799.000000,75549924.000000, , , ,-0.650391,0.000000,-0.325195
20989.000000,1051800.000000,75549924.000000,-0.008700,-0.014500,-1.006300, , , 
20990.000000,1051899.000000,75549924.000000,-0.011600,-0.008700,-1.009200, , , 
20991.000000,1051900.000000,75549924.000000, , , ,-0.650391,0.000000,0.000000
20992.000000,1052000.000000,75549924.000000,-0.011600,-0.017400,-1.003400, , , 
20993.000000,1052001.000000,75549924.000000, , , ,0.000000,0.000000,0.000000
20994.000000,1052092.000000,75549924.000000, , , ,0.000000,0.000000,0.000000
20995.000000,1052099.000000,75549924.000000,-0.014500,-0.020300,-1.000500, , , 
20996.000000,1052193.000000,75549924.000000, , , ,0.000000,-0.325195,-0.325195
20997.000000,1052200.000000,75549924.000000,0.000000,-0.011600,-0.959900, , , 
20998.000000,1052294.000000,75549924.000000, , , ,-0.650391,-0.650391,0.000000
20999.000000,1052299.000000,75549924.000000,-0.008700,-0.005800,-0.954100, , , 
21000.000000,1052395.000000,75549924.000000, , , ,-0.650391,-0.325195,0.000000
21001.000000,1052400.000000,75549924.000000,-0.020300,-0.029000,-0.974400, , , 
21002.000000,1052496.000000,75549924.000000, , , ,-0.975586,0.000000,-0.325195
21003.000000,1052499.000000,75549924.000000,-0.023200,-0.031900,-1.003400, , , 
21004.000000,1052597.000000,75549924.000000, , , ,-1.300781,0.000000,0.000000
21005.000000,1052600.000000,75549924.000000,-0.008700,-0.011600,-1.000500, , , 
21006.000000,1052698.000000,75549924.000000, , , ,-1.300781,-0.325195,0.000000
21007.000000,1052699.000000,75549924.000000,-0.005800,-0.002900,-0.971500, , , 
21008.000000,1052799.000000,75549924.000000, , , ,-0.975586,-0.325195,-0.325195
21009.000000,1052800.000000,75549924.000000,-0.008700,-0.008700,-0.959900, , , 
21010.000000,1052899.000000,75549924.000000,-0.014500,0.000000,-0.983100, , , 
21011.000000,1052900.000000,75549924.000000, , , ,-0.975586,0.000000,0.000000
21012.000000,1053000.000000,75549924.000000,-0.008700,-0.005800,-1.009200, , , 
21013.000000,1053001.000000,75549924.000000, , , ,0.000000,0.325195,0.000000
21014.000000,1053092.000000,75549924.000000, , , ,0.000000,0.000000,-0.650391
21015.000000,1053099.000000,75549924.000000,-0.005800,-0.008700,-1.003400, , , 
21016.000000,1053193.000000,75549924.000000, , , ,0.000000,-0.325195,-0.325195
21017.000000,1053200.000000,75549924.000000,-0.005800,-0.023200,-0.962800, , , 
21018.000000,1053294.000000,75549924.000000, , , ,-0.325195,0.000000,-0.650391
21019.000000,1053299.000000,75549924.000000,-0.005800,-0.020300,-0.974400, , , 
21020.000000,1053395.000000,75549924.000000, , , ,-0.650391,0.000000,0.000000
21021.000000,1053400.000000,75549924.000000,-0.002900,-0.008700,-0.986000, , , 
21022.000000,1053496.000000,75549924.000000, , , ,-0.325195,0.000000,0.000000
21023.000000,1053499.000000,75549924.000000,-0.005800,-0.005800,-0.986000, , , 
21024.000000,1053597.000000,75549924.000000, , , ,-0.325195,0.000000,0.000000
21025.000000,1053600.000000,75549924.000000,0.002900,0.002900,-0.994700, , , 
21026.000000,1053698.000000,75549924.000000, , , ,0.000000,-0.650391,-0.325195
21027.000000,1053699.000000,75549924.000000,-0.005800,-0.008700,-0.980200, , , 
21028.000000,1053799.000000,75549924.000000, , , ,-0.325195,0.000000,-0.325195
21029.000000,1053800.000000,75549924.000000,0.000000,-0.014500,-0.997600, , , 
21030.000000,1053899.000000,75549924.000000,-0.002900,-0.008700,-0.986000, , , 
21031.000000,1053900.000000,75549924.000000, , , ,-0.325195,-0.325195,0.000000
21032.000000,1054000.000000,75549924.000000,-0.011600,-0.017400,-0.974400, , , 
21033.000000,1054001.000000,75549924.000000, , , ,-0.650391,0.000000,-0.325195
21034.000000,1054092.000000,75549924.000000, , , ,-0.975586,0.000000,0.000000
21035.000000,1054099.000000,75549924.000000,-0.011600,-0.014500,-0.988900, , , 
21036.000000,1054193.000000,75549924.000000, , , ,-0.975586,0.000000,0.000000
21037.000000,1054200.000000,75549924.000000,-0.005800,0.011600,-1.000500, , , 
21038.000000,1054294.000000,75549924.000000, , , ,-0.650391,-0.650391,-0.325195
21039.000000,1054299.000000,75549924.000000,0.002900,-0.008700,-0.971500, , , 
21040.000000,1054395.000000,75549924.000000, , , ,-0.325195,-0.325195,0.000000
21041.000000,1054400.000000,75549924.000000,-0.014500,-0.014500,-0.965700, , , 
21042.000000,1054496.000000,75549924.000000, , , ,-0.975586,-0.650391,0.000000
21043.000000,1054499.000000,75549924.000000,0.000000,-0.017400,-0.939600, , , 
21044.000000,1054597.000000,75549924.000000, , , ,-0.975586,-0.325195,0.000000
21045.000000,1054600.000000,75549924.000000,-0.020300,0.005800,-0.962800, , , 
21046.000000,1054698.000000,75549924.000000, , , ,-0.650391,0.000000,0.000000
21047.000000,1054699.000000,75549924.000000,-0.002900,0.008700,-1.020800, , , 
21048.000000,1054799.000000,75549924.000000, , , ,-0.325195,-0.650391,-0.325195
21049.000000,1054800.000000,75549924.000000,-0.020300,-0.014500,-1.026600, , , 
21050.000000,1054899.000000,75549924.000000,-0.002900,0.000000,-1.000500, , , 
21051.000000,1054900.000000,75549924.000000, , , ,0.325195,0.325195,0.975586
21052.000000,1055000.000000,75549924.000000,0.002900,-0.011600,-0.951200, , , 
21053.000000,1055001.000000,75549924.000000, , , ,0.000000,-0.325195,-0.325195
21054.000000,1055092.000000,75549924.000000, , , ,0.000000,-0.650391,-0.325195
21055.000000,1055099.000000,75549924.000000,-0.005800,-0.023200,-0.942500, , , 
21056.000000,1055193.000000,75549924.000000, , , ,-0.975586,-0.325195,0.000000
21057.000000,1055200.000000,75549924.000000,-0.008700,-0.014500,-0.980200, , , 
21058.000000,1055294.000000,75549924.000000, , , ,-0.650391,-0.325195,0.000000
21059.000000,1055299.000000,75549924.000000,0.005800,-0.002900,-0.980200, , , 
21060.000000,1055395.000000,75549924.000000, , , ,-0.650391,0.000000,0.000000
21061.000000,1055400.000000,75549924.000000,-0.017400,-0.005800,-0.988900, , , 
21062.000000,1055496.000000,75549924.000000, , , ,-0.650391,0.000000,0.000000
21063.000000,1055499.000000,75549924.000000,-0.005800,-0.014500,-1.026600, , , 
21064.000000,1055597.000000,75549924.000000, , , ,-0.325195,-0.325195,-0.650391
21065.000000,1055600.000000,75549924.000000,0.011600,-0.011600,-0.997600, , , 
21066.000000,1055698.000000,75549924.000000, , , ,0.000000,-0.975586,-0.650391
21067.000000,1055699.000000,75549924.000000,0.002900,-0.008700,-0.951200, , , 
21068.000000,1055799.000000,75549924.000000, , , ,0.000000,-0.325195,-0.975586
21069.000000,1055800.000000,75549924.000000,0.014500,-0.020300,-0.954100, , , 
21070.000000,1055899.000000,75549924.000000,-0.014500,-0.023200,-0.959900, , , 
21071.000000,1055900.000000,75549924.000000, , , ,0.000000,-0.325195,0.000000
21072.000000,1056000.000000,75549924.000000,-0.005800,-0.026100,-0.988900, , , 
21073.000000,1056001.000000,75549924.000000, , , ,-0.325195,0.000000,-0.650391
21074.000000,1056092.000000,75549924.000000, , , ,-0.650391,-0.325195,0.000000
21075.000000,1056099.000000,75549924.000000,-0.002900,-0.029000,-1.017900, , , 
21076.000000,1056193.000000,75549924.000000, , , ,-0.975586,0.000000,-0.325195
21077.000000,1056200.000000,75549924.000000,-0.020300,-0.017400,-1.023700, , , 
21078.000000,1056294.000000,75549924.000000, , , ,-1.300781,0.325195,0.325195
21079.000000,1056299.000000,75549924.000000,0.008700,-0.020300,-1.015000, , , 
21080.000000,1056395.000000,75549924.000000, , , ,-0.650391,-0.325195,-0.325195
21081.000000,1056400.000000,75549924.000000,-0.008700,-0.002900,-0.959900, , , 
21082.000000,1056496.000000,75549924.000000, , , ,-0.650391,0.000000,-0.325195
21083.000000,1056499.000000,75549924.000000,-0.008700,-0.031900,-1.000500, , , 
21084.000000,1056597.000000,75549924.000000, , , ,-1.300781,0.325195,-0.325195
21085.000000,1056600.000000,75549924.000000,-0.005800,-0.031900,-1.026600, , , 
21086.000000,1056698.000000,75549924.000000, , , ,-1.300781,0.000000,0.000000
21087.000000,1056699.000000,75549924.000000,0.005800,-0.029000,-0.974400, , , 
21088.000000,1056799.000000,75549924.000000, , , ,-0.325195,-0.975586,-0.650391
21089.000000,1056800.000000,75549924.000000,-0.002900,0.000000,-0.916400, , , 
21090.000000,1056899.000000,75549924.000000,-0.011600,0.000000,-0.930900, , , 
21091.000000,1056900.000000,75549924.000000, , , ,0.000000,-0.325195,0.325195
21092.000000,1057000.000000,75549924.000000,-0.011600,-0.020300,-0.957000, , , 
21093.000000,1057001.000000,75549924.000000, , , ,0.000000,0.000000,-0.650391
21094.000000,1057092.000000,75549924.000000, , , ,-0.325195,0.000000,-0.325195
21095.000000,1057099.000000,75549924.000000,-0.014500,-0.017400,-0.988900, , , 
21096.000000,1057193.000000,75549924.000000, , , ,-0.650391,0.000000,0.000000
21097.000000,1057200.000000,75549924.000000,-0.005800,-0.014500,-1.023700, , , 
21098.000000,1057294.000000,75549924.000000, , , ,-1.300781,0.000000,0.000000
21099.000000,1057299.000000,75549924.000000,0.005800,-0.014500,-1.003400, , , 
21100.000000,1057395.000000,75549924.000000, , , ,-0.975586,-0.975586,0.000000
21101.000000,1057400.000000,75549924.000000,-0.005800,0.000000,-0.925100, , , 
21102.000000,1057496.000000,75549924.000000, , , ,0.000000,0.000000,-0.325195
21103.000000,1057499.000000,75549924.000000,-0.026100,0.000000,-0.980200, , , 
21104.000000,1057597.000000,75549924.000000, , , ,0.000000,0.325195,-0.325195
21105.000000,1057600.000000,75549924.000000,0.000000,0.000000,-1.012100, , , 
21106.000000,1057698.000000,75549924.000000, , , ,0.000000,-0.650391,-0.325195
21107.000000,1057699.000000,75549924.000000,0.000000,0.023200,-0.980200, , , 
21108.000000,1057799.000000,75549924.000000, , , ,-0.325195,0.325195,-0.650391
21109.000000,1057800.000000,75549924.000000,-0.011600,-0.034800,-0.991800, , , 
21110.000000,1057899.000000,75549924.000000,0.005800,-0.014500,-0.980200, , , 
21111.000000,1057900.000000,75549924.000000, , , ,-0.975586,0.000000,0.000000
21112.000000,1058000.000000,75549924.000000,-0.005800,-0.002900,-0.965700, , , 
21113.000000,1058001.000000,75549924.000000, , , ,-0.650391,-0.650391,0.000000
21114.000000,1058092.000000,75549924.000000, , , ,-0.975586,-0.325195,0.000000
21115.000000,1058099.000000,75549924.000000,-0.002900,0.000000,-0.968600, , , 
21116.000000,1058193.000000,75549924.000000, , , ,-0.325195,0.000000,0.650391
21117.000000,1058200.000000,75549924.000000,-0.017400,0.008700,-0.991800, , , 
21118.000000,1058294.000000,75549924.000000, , , ,-0.325195,0.325195,0.000000
21119.000000,1058299.000000,75549924.000000,0.000000,0.002900,-1.020800, , , 
21120.000000,1058395.000000,75549924.000000, , , ,0.325195,-0.325195,0.000000
21121.000000,1058400.000000,75549924.000000,-0.002900,0.023200,-0.986000, , , 
21122.000000,1058496.000000,75549924.000000, , , ,0.000000,0.000000,0.000000
21123.000000,1058499.000000,75549924.000000,0.000000,-0.014500,-0.968600, , , 
21124.000000,1058597.000000,75549924.000000, , , ,-0.325195,0.000000,-0.325195
21125.000000,1058600.000000,75549924.000000,-0.002900,-0.005800,-0.957000, , , 
21126.000000,1058698.000000,75549924.000000, , , ,-0.325195,-0.650391,0.000000
21127.000000,1058699.000000,75549924.000000,0.002900,-0.023200,-0.916400, , , 
21128.000000,1058799.000000,75549924.000000, , , ,-0.650391,-0.975586,0.000000
21129.000000,1058800.000000,75549924.000000,0.008700,0.017400,-0.904800, , , 
21130.000000,1058899.000000,75549924.000000,-0.069600,0.008700,-1.142600, , , 
21131.000000,1058900.000000,75549924.000000, , , ,0.650391,1.951172,-0.650391
21132.000000,1059000.000000,75549924.000000,0.008700,-0.029000,-1.273100, , , 
21133.000000,1059001.000000,75549924.000000, , , ,-0.650391,3.251953,-0.975586
21134.000000,1059092.000000,75549924.000000, , , ,-1.951172,0.325195,-0.325195
21135.000000,1059099.000000,75549924.000000,-0.029000,0.000000,-1.206400, , , 
21136.000000,1059193.000000,75549924.000000, , , ,0.650391,-0.325195,-0.325195
21137.000000,1059200.000000,75549924.000000,0.072500,0.040600,-0.875800, , , 
21138.000000,1059294.000000,75549924.000000, , , ,0.000000,-1.951172,7.154297
21139.000000,1059299.000000,75549924.000000,-0.037700,-0.008700,-0.780100, , , 
21140.000000,1059395.000000,75549924.000000, , , ,-0.975586,0.975586,-4.227539
21141.000000,1059400.000000,75549924.000000,0.000000,-0.034800,-0.846800, , , 
21142.000000,1059496.000000,75549924.000000, , , ,-0.650391,0.325195,0.000000
21143.000000,1059499.000000,75549924.000000,0.017400,-0.002900,-0.933800, , , 
21144.000000,1059597.000000,75549924.000000, , , ,-0.650391,0.000000,0.650391
21145.000000,1059600.000000,75549924.000000,0.000000,0.008700,-1.020800, , , 
21146.000000,1059698.000000,75549924.000000, , , ,-0.650391,-1.300781,0.000000
21147.000000,1059701.000000,75549924.000000,-0.011600,0.017400,-1.041100, , , 
21148.000000,1059798.000000,75549924.000000, , , ,-0.975586,-1.300781,0.975586
21149.000000,1059799.000000,75549924.000000,0.017400,0.011600,-0.933800, , , 
21150.000000,1059899.000000,75549924.000000, , , ,0.000000,0.650391,0.000000
21151.000000,1059900.000000,75549924.000000,-0.075400,0.031900,-1.000500, , , 
21152.000000,1059999.000000,75549924.000000,0.000000,-0.029000,-1.104900, , , 
21153.000000,1060000.000000,75549924.000000, , , ,-0.975586,1.625977,0.000000
21154.000000,1060100.000000,75549924.000000,0.008700,0.000000,-0.994700, , , 
21155.000000,1060101.000000,75549924.000000, , , ,-0.975586,0.000000,0.000000
21156.000000,1060192.000000,75549924.000000, , , ,-0.325195,0.000000,0.000000
21157.000000,1060199.000000,75549924.000000,-0.011600,0.008700,-0.942500, , , 
21158.000000,1060293.000000,75549924.000000, , , ,0.000000,-0.650391,0.000000
21159.000000,1060300.000000,75549924.000000,0.002900,-0.017400,-0.942500, , , 
21160.000000,1060394.000000,75549924.000000, , , ,-0.975586,0.000000,0.325195
21161.000000,1060399.000000,75549924.000000,0.000000,-0.017400,-0.901900, , , 
21162.000000,1060495.000000,75549924.000000, , , ,-0.650391,-0.650391,0.325195
21163.000000,1060500.000000,75549924.000000,-0.005800,0.005800,-0.925100, , , 
21164.000000,1060596.000000,75549924.000000, , , ,0.325195,-2.601563,-0.325195
21165.000000,1060599.000000,75549924.000000,0.000000,0.020300,-0.872900, , , 
21166.000000,1060697.000000,75549924.000000, , , ,1.625977,1.625977,-1.625977
21167.000000,1060700.000000,75549924.000000,-0.037700,-0.037700,-1.067200, , , 
21168.000000,1060798.000000,75549924.000000, , , ,-0.975586,-0.325195,-0.975586
21169.000000,1060799.000000,75549924.000000,0.023200,-0.092800,-1.090400, , , 
21170.000000,1060899.000000,75549924.000000, , , ,-1.625977,0.325195,4.227539
21171.000000,1060900.000000,75549924.000000,-0.023200,-0.052200,-1.017900, , , 
21172.000000,1060999.000000,75549924.000000,-0.069600,-0.046400,-1.174500, , , 
21173.000000,1061000.000000,75549924.000000, , , ,-1.625977,3.251953,-1.625977
21174.000000,1061100.000000,75549924.000000,0.069600,-0.005800,-1.061400, , , 
21175.000000,1061101.000000,75549924.000000, , , ,0.000000,0.650391,-0.975586
21176.000000,1061192.000000,75549924.000000, , , ,1.300781,-2.276367,-0.650391
21177.000000,1061199.000000,75549924.000000,0.008700,-0.008700,-0.838100, , , 
21178.000000,1061293.000000,75549924.000000, , , ,0.000000,-0.975586,0.000000
21179.000000,1061300.000000,75549924.000000,-0.017400,-0.078300,-0.826500, , , 
21180.000000,1061394.000000,75549924.000000, , , ,-1.951172,0.325195,0.000000
21181.000000,1061399.000000,75549924.000000,-0.011600,-0.037700,-0.939600, , , 
21182.000000,1061495.000000,75549924.000000, , , ,-1.300781,0.975586,0.000000
21183.000000,1061500.000000,75549924.000000,-0.002900,0.000000,-1.038200, , , 
21184.000000,1061596.000000,75549924.000000, , , ,-1.300781,0.650391,0.325195
21185.000000,1061599.000000,75549924.000000,-0.005800,0.020300,-1.113600, , , 
21186.000000,1061697.000000,75549924.000000, , , ,-0.325195,0.000000,0.000000
21187.000000,1061700.000000,75549924.000000,0.000000,0.000000,-1.075900, , , 
21188.000000,1061798.000000,75549924.000000, , , ,0.000000,-1.300781,-0.325195
21189.000000,1061799.000000,75549924.000000,0.014500,-0.005800,-0.933800, , , 
21190.000000,1061899.000000,75549924.000000, , , ,0.000000,-1.625977,0.000000
21191.000000,1061900.000000,75549924.000000,-0.020300,0.000000,-0.867100, , , 
21192.000000,1061999.000000,75549924.000000,-0.020300,-0.023200,-0.951200, , , 
21193.000000,1062000.000000,75549924.000000, , , ,-0.650391,0.325195,0.000000
21194.000000,1062100.000000,75549924.000000,-0.014500,0.000000,-1.046900, , , 
21195.000000,1062101.000000,75549924.000000, , , ,-1.300781,0.650391,0.325195
21196.000000,1062192.000000,75549924.000000, , , ,-1.300781,0.650391,0.000000
21197.000000,1062199.000000,75549924.000000,-0.011600,0.020300,-1.067200, , , 
21198.000000,1062293.000000,75549924.000000, , , ,0.000000,-0.650391,0.000000
21199.000000,1062300.000000,75549924.000000,0.023200,0.020300,-0.965700, , , 
21200.000000,1062394.000000,75549924.000000, , , ,0.325195,-1.625977,0.000000
21201.000000,1062399.000000,75549924.000000,0.002900,0.014500,-0.884500, , , 
21202.000000,1062495.000000,75549924.000000, , , ,0.000000,-0.650391,0.000000
21203.000000,1062500.000000,75549924.000000,-0.017400,-0.011600,-0.916400, , , 
21204.000000,1062596.000000,75549924.000000, , , ,-0.650391,0.325195,0.000000
21205.000000,1062599.000000,75549924.000000,-0.008700,-0.008700,-1.000500, , , 
21206.000000,1062697.000000,75549924.000000, , , ,-0.325195,0.650391,0.000000
21207.000000,1062700.000000,75549924.000000,-0.008700,0.002900,-1.046900, , , 
21208.000000,1062798.000000,75549924.000000, , , ,0.000000,0.975586,-0.325195
21209.000000,1062799.000000,75549924.000000,-0.005800,-0.029000,-1.096200, , , 
21210.000000,1062899.000000,75549924.000000, , , ,0.000000,-0.325195,-0.325195
21211.000000,1062900.000000,75549924.000000,0.017400,-0.023200,-1.015000, , , 
21212.000000,1062999.000000,75549924.000000,-0.005800,-0.031900,-0.933800, , , 
21213.000000,1063000.000000,75549924.000000, , , ,0.000000,-0.650391,-0.650391
21214.000000,1063100.000000,75549924.000000,-0.005800,-0.046400,-0.948300, , , 
21215.000000,1063101.000000,75549924.000000, , , ,-0.650391,0.000000,-0.325195
21216.000000,1063192.000000,75549924.000000, , , ,-0.650391,0.325195,0.000000
21217.000000,1063199.000000,75549924.000000,0.002900,-0.026100,-0.980200, , , 
21218.000000,1063293.000000,75549924.000000, , , ,-0.650391,-0.650391,-0.325195
21219.000000,1063300.000000,75549924.000000,0.000000,-0.023200,-0.954100, , , 
21220.000000,1063394.000000,75549924.000000, , , ,0.000000,-0.650391,-0.325195
21221.000000,1063399.000000,75549924.000000,-0.005800,-0.014500,-0.933800, , , 
21222.000000,1063495.000000,75549924.000000, , , ,-0.325195,0.000000,0.000000
21223.000000,1063500.000000,75549924.000000,-0.011600,-0.034800,-1.006300, , , 
21224.000000,1063596.000000,75549924.000000, , , ,-1.300781,0.975586,0.000000
21225.000000,1063599.000000,75549924.000000,-0.014500,-0.040600,-1.070100, , , 
21226.000000,1063697.000000,75549924.000000, , , ,-1.951172,0.000000,0.000000
21227.000000,1063700.000000,75549924.000000,0.014500,-0.017400,-1.032400, , , 
21228.000000,1063798.000000,75549924.000000, , , ,-0.650391,-0.325195,0.000000
21229.000000,1063799.000000,75549924.000000,0.002900,-0.005800,-0.959900, , , 
21230.000000,1063899.000000,75549924.000000, , , ,-0.975586,0.000000,0.000000
21231.000000,1063900.000000,75549924.000000,-0.008700,-0.023200,-0.945400, , , 
21232.000000,1063999.000000,75549924.000000,0.026100,-0.023200,-0.939600, , , 
21233.000000,1064000.000000,75549924.000000, , , ,-0.325195,0.000000,0.000000
21234.000000,1064100.000000,75549924.000000,-0.020300,-0.031900,-0.974400, , , 
21235.000000,1064101.000000,75549924.000000, , , ,-0.650391,-0.325195,-0.325195
21236.000000,1064192.000000,75549924.000000, , , ,-0.650391,0.000000,-0.325195
21237.000000,1064199.000000,75549924.000000,0.008700,-0.020300,-1.003400, , , 
21238.000000,1064293.000000,75549924.000000, , , ,-0.650391,-0.325195,-0.325195
21239.000000,1064300.000000,75549924.000000,0.002900,-0.029000,-0.977300, , , 
21240.000000,1064394.000000,75549924.000000, , , ,-0.975586,-0.325195,0.000000
21241.000000,1064399.000000,75549924.000000,0.000000,-0.017400,-0.977300, , , 
21242.000000,1064495.000000,75549924.000000, , , ,-0.975586,-0.325195,0.000000
21243.000000,1064500.000000,75549924.000000,0.002900,-0.023200,-0.962800, , , 
21244.000000,1064596.000000,75549924.000000, , , ,-0.650391,-0.650391,-0.325195
21245.000000,1064599.000000,75549924.000000,0.000000,-0.014500,-0.971500, , , 
21246.000000,1064697.000000,75549924.000000, , , ,0.000000,-0.325195,0.000000
21247.000000,1064700.000000,75549924.000000,0.000000,-0.037700,-0.971500, , , 
21248.000000,1064798.000000,75549924.000000, , , ,0.000000,0.000000,-0.325195
21249.000000,1064799.000000,75549924.000000,-0.005800,-0.026100,-0.994700, , , 
21250.000000,1064899.000000,75549924.000000, , , ,-0.325195,0.000000,-0.325195
21251.000000,1064900.000000,75549924.000000,0.000000,-0.020300,-1.035300, , , 
21252.000000,1064999.000000,75549924.000000,0.014500,-0.037700,-0.994700, , , 
21253.000000,1065000.000000,75549924.000000, , , ,-0.650391,0.000000,-0.325195
21254.000000,1065100.000000,75549924.000000,0.005800,-0.020300,-0.916400, , , 
21255.000000,1065101.000000,75549924.000000, , , ,-0.650391,-1.300781,0.000000
21256.000000,1065192.000000,75549924.000000, , , ,-0.650391,0.000000,0.000000
21257.000000,1065199.000000,75549924.000000,-0.020300,-0.017400,-0.951200, , , 
21258.000000,1065293.000000,75549924.000000, , , ,-0.325195,0.975586,-0.325195
21259.000000,1065300.000000,75549924.000000,-0.017400,-0.020300,-1.035300, , , 
21260.000000,1065394.000000,75549924.000000, , , ,-0.325195,0.000000,0.000000
21261.000000,1065399.000000,75549924.000000,0.014500,-0.011600,-1.029500, , , 
21262.000000,1065495.000000,75549924.000000, , , ,-0.650391,-0.325195,0.000000
21263.000000,1065500.000000,75549924.000000,-0.002900,-0.011600,-0.988900, , , 
21264.000000,1065596.000000,75549924.000000, , , ,0.325195,0.000000,-0.325195
21265.000000,1065599.000000,75549924.000000,0.002900,-0.008700,-0.977300, , , 
21266.000000,1065697.000000,75549924.000000, , , ,0.325195,-0.650391,-0.650391
21267.000000,1065700.000000,75549924.000000,0.008700,-0.020300,-0.965700, , , 
21268.000000,1065798.000000,75549924.000000, , , ,-0.325195,-0.325195,-0.650391
21269.000000,1065799.000000,75549924.000000,0.017400,-0.049300,-0.968600, , , 
21270.000000,1065899.000000,75549924.000000, , , ,-0.650391,0.000000,-0.325195
21271.000000,1065900.000000,75549924.000000,-0.008700,-0.040600,-0.986000, , , 
21272.000000,1065999.000000,75549924.000000,0.005800,-0.046400,-0.997600, , , 
21273.000000,1066000.000000,75549924.000000, , , ,-0.650391,0.000000,-0.650391
21274.000000,1066100.000000,75549924.000000,0.005800,-0.040600,-0.983100, , , 
21275.000000,1066101.000000,75549924.000000, , , ,-0.325195,-0.325195,-0.650391
21276.000000,1066192.000000,75549924.000000, , , ,0.000000,-0.325195,-0.975586
21277.000000,1066199.000000,75549924.000000,0.011600,-0.026100,-0.968600, , , 
21278.000000,1066293.000000,75549924.000000, , , ,-1.300781,0.000000,-0.650391
21279.000000,1066300.000000,75549924.000000,0.002900,-0.043500,-1.000500, , , 
21280.000000,1066394.000000,75549924.000000, , , ,-0.650391,-0.325195,0.000000
21281.000000,1066399.000000,75549924.000000,0.014500,-0.017400,-0.959900, , , 
21282.000000,1066495.000000,75549924.000000, , , ,-0.650391,-0.650391,-0.325195
21283.000000,1066500.000000,75549924.000000,0.000000,-0.023200,-0.962800, , , 
21284.000000,1066596.000000,75549924.000000, , , ,-0.650391,-0.650391,-0.325195
21285.000000,1066599.000000,75549924.000000,0.000000,-0.023200,-0.988900, , , 
21286.000000,1066697.000000,75549924.000000, , , ,-1.300781,-0.325195,0.000000
21287.000000,1066700.000000,75549924.000000,0.000000,-0.029000,-1.023700, , , 
21288.000000,1066798.000000,75549924.000000, , , ,-1.625977,0.325195,0.000000
21289.000000,1066801.000000,75549924.000000,0.005800,-0.008700,-1.046900, , , 
21290.000000,1066898.000000,75549924.000000, , , ,-0.650391,-0.650391,0.000000
21291.000000,1066899.000000,75549924.000000,0.020300,-0.008700,-0.965700, , , 
21292.000000,1066999.000000,75549924.000000, , , ,-0.650391,-0.975586,0.000000
21293.000000,1067000.000000,75549924.000000,0.005800,-0.008700,-0.916400, , , 
21294.000000,1067099.000000,75549924.000000,-0.011600,-0.020300,-0.954100, , , 
21295.000000,1067100.000000,75549924.000000, , , ,0.325195,-0.650391,-0.650391
21296.000000,1067200.000000,75549924.000000,0.000000,-0.034800,-0.980200, , , 
21297.000000,1067201.000000,75549924.000000, , , ,0.000000,-0.325195,-0.325195
21298.000000,1067292.000000,75549924.000000, , , ,-0.650391,-0.325195,-0.325195
21299.000000,1067299.000000,75549924.000000,-0.005800,-0.026100,-0.991800, , , 
21300.000000,1067393.000000,75549924.000000, , , ,-0.650391,-0.325195,-0.325195
21301.000000,1067400.000000,75549924.000000,0.000000,-0.020300,-0.994700, , , 
21302.000000,1067494.000000,75549924.000000, , , ,-0.975586,0.650391,0.000000
21303.000000,1067499.000000,75549924.000000,-0.011600,-0.029000,-1.029500, , , 
21304.000000,1067595.000000,75549924.000000, , , ,-0.975586,0.000000,0.000000
21305.000000,1067600.000000,75549924.000000,0.011600,-0.014500,-1.017900, , , 
21306.000000,1067696.000000,75549924.000000, , , ,-0.975586,-0.325195,0.000000
21307.000000,1067699.000000,75549924.000000,0.002900,-0.002900,-0.948300, , , 
21308.000000,1067797.000000,75549924.000000, , , ,-0.325195,-0.650391,0.325195
21309.000000,1067800.000000,75549924.000000,0.000000,0.014500,-0.942500, , , 
21310.000000,1067898.000000,75549924.000000, , , ,0.325195,0.000000,0.000000
21311.000000,1067899.000000,75549924.000000,-0.005800,0.002900,-0.971500, , , 
21312.000000,1067999.000000,75549924.000000, , , ,0.325195,-0.650391,0.325195
21313.000000,1068000.000000,75549924.000000,0.005800,-0.014500,-0.945400, , , 
21314.000000,1068099.000000,75549924.000000,-0.017400,-0.011600,-0.954100, , , 
21315.000000,1068100.000000,75549924.000000, , , ,0.325195,-0.650391,-0.325195
21316.000000,1068200.000000,75549924.000000,-0.011600,-0.031900,-0.994700, , , 
21317.000000,1068201.000000,75549924.000000, , , ,0.000000,0.000000,0.000000
21318.000000,1068292.000000,75549924.000000, , , ,-0.975586,0.325195,0.000000
21319.000000,1068299.000000,75549924.000000,0.000000,-0.029000,-1.044000, , , 
21320.000000,1068393.000000,75549924.000000, , , ,-0.975586,0.000000,0.000000
21321.000000,1068400.000000,75549924.000000,0.011600,-0.002900,-1.023700, , , 
21322.000000,1068494.000000,75549924.000000, , , ,-0.975586,0.000000,0.000000
21323.000000,1068499.000000,75549924.000000,0.000000,-0.002900,-0.971500, , , 
21324.000000,1068595.000000,75549924.000000, , , ,-0.975586,-0.325195,0.000000
21325.000000,1068600.000000,75549924.000000,0.005800,0.000000,-0.965700, , , 
21326.000000,1068696.000000,75549924.000000, , , ,-0.650391,-0.325195,0.000000
21327.000000,1068699.000000,75549924.000000,0.000000,0.000000,-0.962800, , , 
21328.000000,1068797.000000,75549924.000000, , , ,-0.325195,0.000000,0.000000
21329.000000,1068800.000000,75549924.000000,-0.005800,-0.008700,-0.986000, , , 
21330.000000,1068898.000000,75549924.000000, , , ,-0.650391,0.000000,0.000000
21331.000000,1068899.000000,75549924.000000,0.000000,-0.011600,-1.000500, , , 
21332.000000,1068999.000000,75549924.000000, , , ,-0.325195,0.000000,0.000000
21333.000000,1069000.000000,75549924.000000,0.000000,-0.005800,-0.997600, , , 
21334.000000,1069099.000000,75549924.000000,-0.002900,-0.023200,-1.000500, , , 
21335.000000,1069100.000000,75549924.000000, , , ,-0.325195,0.000000,0.000000
21336.000000,1069200.000000,75549924.000000,0.005800,-0.017400,-0.986000, , , 
21337.000000,1069201.000000,75549924.000000, , , ,-0.650391,0.000000,0.000000
21338.000000,1069292.000000,75549924.000000, , , ,-0.650391,-0.325195,0.000000
21339.000000,1069299.000000,75549924.000000,0.000000,-0.005800,-0.962800, , , 
21340.000000,1069393.000000,75549924.000000, , , ,-0.650391,-0.325195,0.325195
21341.000000,1069400.000000,75549924.000000,0.005800,-0.014500,-0.965700, , , 
21342.000000,1069494.000000,75549924.000000, , , ,-0.325195,0.000000,0.000000
21343.000000,1069499.000000,75549924.000000,-0.011600,-0.008700,-0.965700, , , 
21344.000000,1069595.000000,75549924.000000, , , ,-0.325195,0.000000,0.000000
21345.000000,1069600.000000,75549924.000000,0.000000,-0.014500,-0.986000, , , 
21346.000000,1069696.000000,75549924.000000, , , ,0.000000,0.000000,0.000000
21347.000000,1069699.000000,75549924.000000,0.000000,-0.017400,-0.983100, , , 
21348.000000,1069797.000000,75549924.000000, , , ,-0.650391,-0.325195,0.000000
21349.000000,1069800.000000,75549924.000000,0.000000,-0.023200,-0.968600, , , 
21350.000000,1069898.000000,75549924.000000, , , ,-1.300781,0.000000,0.000000
21351.000000,1069899.000000,75549924.000000,0.008700,-0.034800,-0.974400, , , 
21352.000000,1069999.000000,75549924.000000, , , ,-0.975586,-0.325195,0.000000
21353.000000,1070000.000000,75549924.000000,-0.002900,-0.005800,-0.988900, , , 
21354.000000,1070099.000000,75549924.000000,-0.005800,-0.005800,-0.997600, , , 
21355.000000,1070100.000000,75549924.000000, , , ,-0.325195,0.000000,0.000000
21356.000000,1070200.000000,75549924.000000,0.000000,-0.023200,-0.988900, , , 
21357.000000,1070201.000000,75549924.000000, , , ,-0.650391,-0.325195,0.000000
21358.000000,1070292.000000,75549924.000000, , , ,-0.650391,-0.325195,0.000000
21359.000000,1070299.000000,75549924.000000,0.000000,-0.011600,-0.971500, , , 
21360.000000,1070393.000000,75549924.000000, , , ,-0.325195,0.000000,-0.325195
21361.000000,1070400.000000,75549924.000000,-0.029000,-0.020300,-0.986000, , , 
21362.000000,1070494.000000,75549924.000000, , , ,-0.325195,0.325195,0.000000
21363.000000,1070499.000000,75549924.000000,-0.005800,-0.020300,-1.006300, , , 
21364.000000,1070595.000000,75549924.000000, , , ,-0.325195,0.000000,-0.325195
21365.000000,1070600.000000,75549924.000000,0.000000,-0.023200,-1.003400, , , 
21366.000000,1070696.000000,75549924.000000, , , ,0.000000,0.000000,-0.325195
21367.000000,1070699.000000,75549924.000000,-0.005800,-0.023200,-1.015000, , , 
21368.000000,1070797.000000,75549924.000000, , , ,0.000000,0.000000,-0.325195
21369.000000,1070800.000000,75549924.000000,0.000000,-0.017400,-0.974400, , , 
21370.000000,1070898.000000,75549924.000000, , , ,-0.650391,0.000000,0.000000
21371.000000,1070899.000000,75549924.000000,0.000000,-0.031900,-0.954100, , , 
21372.000000,1070999.000000,75549924.000000, , , ,0.000000,-0.975586,-0.325195
21373.000000,1071000.000000,75549924.000000,-0.005800,0.000000,-0.948300, , , 
21374.000000,1071099.000000,75549924.000000,-0.005800,-0.020300,-0.977300, , , 
21375.000000,1071100.000000,75549924.000000, , , ,0.000000,-0.325195,-0.325195
21376.000000,1071200.000000,75549924.000000,0.002900,-0.020300,-0.980200, , , 
21377.000000,1071201.000000,75549924.000000, , , ,-0.650391,0.000000,-0.325195
21378.000000,1071292.000000,75549924.000000, , , ,-0.325195,-0.325195,-0.325195
21379.000000,1071299.000000,75549924.000000,-0.002900,-0.023200,-0.965700, , , 
21380.000000,1071393.000000,75549924.000000, , , ,-0.650391,-0.650391,0.000000
21381.000000,1071400.000000,75549924.000000,0.000000,-0.046400,-0.954100, , , 
21382.000000,1071494.000000,75549924.000000, , , ,-1.300781,0.000000,0.000000
21383.000000,1071499.000000,75549924.000000,-0.026100,-0.040600,-0.983100, , , 
21384.000000,1071595.000000,75549924.000000, , , ,-2.276367,0.650391,-0.325195
21385.000000,1071600.000000,75549924.000000,-0.002900,-0.034800,-1.038200, , , 
21386.000000,1071696.000000,75549924.000000, , , ,-1.300781,0.650391,-0.325195
21387.000000,1071699.000000,75549924.000000,-0.011600,-0.026100,-1.046900, , , 
21388.000000,1071797.000000,75549924.000000, , , ,-0.325195,0.000000,-0.650391
21389.000000,1071800.000000,75549924.000000,-0.005800,-0.026100,-1.006300, , , 
21390.000000,1071898.000000,75549924.000000, , , ,0.000000,-0.325195,-0.650391
21391.000000,1071899.000000,75549924.000000,0.000000,-0.034800,-0.971500, , , 
21392.000000,1071999.000000,75549924.000000, , , ,0.000000,-0.650391,-0.650391
21393.000000,1072000.000000,75549924.000000,-0.005800,-0.026100,-0.945400, , , 
21394.000000,1072099.000000,75549924.000000,-0.014500,-0.046400,-0.980200, , , 
21395.000000,1072100.000000,75549924.000000, , , ,-0.325195,0.000000,-0.325195
21396.000000,1072200.000000,75549924.000000,-0.011600,-0.072500,-1.015000, , , 
21397.000000,1072201.000000,75549924.000000, , , ,-0.975586,0.325195,-0.650391
21398.000000,1072292.000000,75549924.000000, , , ,-0.650391,0.325195,-0.325195
21399.000000,1072299.000000,75549924.000000,-0.005800,-0.029000,-1.029500, , , 
21400.000000,1072393.000000,75549924.000000, , , ,-1.625977,-0.325195,-0.325195
21401.000000,1072400.000000,75549924.000000,0.000000,-0.043500,-0.980200, , , 
21402.000000,1072494.000000,75549924.000000, , , ,-0.975586,-1.300781,-0.325195
21403.000000,1072499.000000,75549924.000000,0.002900,-0.008700,-0.907700, , , 
21404.000000,1072595.000000,75549924.000000, , , ,0.000000,-1.300781,-0.325195
21405.000000,1072600.000000,75549924.000000,0.000000,0.008700,-0.881600, , , 
21406.000000,1072696.000000,75549924.000000, , , ,0.000000,-0.650391,-0.325195
21407.000000,1072699.000000,75549924.000000,-0.020300,-0.020300,-0.930900, , , 
21408.000000,1072797.000000,75549924.000000, , , ,-0.325195,0.325195,0.000000
21409.000000,1072800.000000,75549924.000000,-0.017400,-0.029000,-1.000500, , , 
21410.000000,1072898.000000,75549924.000000, , , ,0.000000,0.000000,0.000000
21411.000000,1072899.000000,75549924.000000,-0.017400,0.005800,-1.049800, , , 
21412.000000,1072999.000000,75549924.000000, , , ,0.000000,0.000000,-0.325195
21413.000000,1073000.000000,75549924.000000,-0.011600,-0.031900,-1.058500, , , 
21414.000000,1073099.000000,75549924.000000,-0.014500,-0.014500,-1.006300, , , 
21415.000000,1073100.000000,75549924.000000, , , ,0.000000,0.000000,0.000000
21416.000000,1073200.000000,75549924.000000,-0.005800,-0.026100,-0.977300, , , 
21417.000000,1073201.000000,75549924.000000, , , ,0.000000,0.000000,0.000000
21418.000000,1073292.000000,75549924.000000, , , ,-0.650391,0.000000,0.000000
21419.000000,1073299.000000,75549924.000000,-0.014500,-0.020300,-0.974400, , , 
21420.000000,1073393.000000,75549924.000000, , , ,-1.625977,0.000000,0.000000
21421.000000,1073400.000000,75549924.000000,-0.008700,-0.026100,-0.988900, , , 
21422.000000,1073494.000000,75549924.000000, , , ,-1.625977,0.000000,0.000000
21423.000000,1073499.000000,75549924.000000,-0.014500,-0.005800,-1.000500, , , 
21424.000000,1073595.000000,75549924.000000, , , ,-1.300781,0.000000,0.000000
21425.000000,1073600.000000,75549924.000000,0.000000,-0.008700,-0.988900, , , 
21426.000000,1073696.000000,75549924.000000, , , ,-0.975586,-0.325195,-0.325195
21427.000000,1073699.000000,75549924.000000,-0.011600,-0.005800,-0.988900, , , 
21428.000000,1073797.000000,75549924.000000, , , ,0.000000,0.000000,0.000000
21429.000000,1073800.000000,75549924.000000,-0.011600,0.008700,-0.977300, , , 
21430.000000,1073898.000000,75549924.000000, , , ,0.000000,-0.650391,0.000000
21431.000000,1073899.000000,75549924.000000,0.000000,-0.023200,-0.945400, , , 
21432.000000,1073999.000000,75549924.000000, , , ,-0.975586,-0.325195,0.000000
21433.000000,1074000.000000,75549924.000000,-0.026100,-0.014500,-0.974400, , , 
21434.000000,1074099.000000,75549924.000000,-0.005800,0.005800,-1.009200, , , 
21435.000000,1074100.000000,75549924.000000, , , ,0.000000,0.000000,0.000000
21436.000000,1074200.000000,75549924.000000,-0.020300,-0.029000,-1.000500, , , 
21437.000000,1074201.000000,75549924.000000, , , ,0.000000,0.325195,0.000000
21438.000000,1074292.000000,75549924.000000, , , ,-0.325195,0.000000,0.000000
21439.000000,1074299.000000,75549924.000000,-0.008700,-0.020300,-1.003400, , , 
21440.000000,1074393.000000,75549924.000000, , , ,-0.325195,-0.975586,0.000000
21441.000000,1074400.000000,75549924.000000,0.000000,-0.026100,-0.959900, , , 
21442.000000,1074494.000000,75549924.000000, , , ,-1.300781,-0.975586,0.000000
21443.000000,1074499.000000,75549924.000000,-0.002900,-0.031900,-0.954100, , , 
21444.000000,1074595.000000,75549924.000000, , , ,-1.625977,-0.650391,-0.325195
21445.000000,1074600.000000,75549924.000000,-0.014500,-0.011600,-0.962800, , , 
21446.000000,1074696.000000,75549924.000000, , , ,-2.276367,0.000000,0.000000
21447.000000,1074699.000000,75549924.000000,-0.014500,-0.034800,-0.980200, , , 
21448.000000,1074797.000000,75549924.000000, , , ,-1.300781,0.000000,-0.325195
21449.000000,1074800.000000,75549924.000000,0.008700,-0.023200,-0.980200, , , 
21450.000000,1074898.000000,75549924.000000, , , ,-0.325195,-0.650391,-0.325195
21451.000000,1074899.000000,75549924.000000,-0.008700,-0.011600,-0.959900, , , 
21452.000000,1074999.000000,75549924.000000, , , ,-0.650391,0.000000,-0.325195
21453.000000,1075000.000000,75549924.000000,-0.005800,-0.034800,-1.000500, , , 
21454.000000,1075099.000000,75549924.000000,-0.008700,-0.026100,-1.006300, , , 
21455.000000,1075100.000000,75549924.000000, , , ,-0.325195,0.000000,-0.650391
21456.000000,1075200.000000,75549924.000000,0.000000,-0.020300,-0.980200, , , 
21457.000000,1075201.000000,75549924.000000, , , ,-0.650391,-0.975586,-0.325195
21458.000000,1075292.000000,75549924.000000, , , ,0.000000,-0.325195,-0.650391
21459.000000,1075299.000000,75549924.000000,-0.011600,-0.046400,-0.968600, , , 
21460.000000,1075393.000000,75549924.000000, , , ,-0.650391,0.000000,0.000000
21461.000000,1075400.000000,75549924.000000,-0.014500,-0.031900,-0.994700, , , 
21462.000000,1075494.000000,75549924.000000, , , ,-0.975586,0.325195,0.000000
21463.000000,1075499.000000,75549924.000000,-0.005800,-0.031900,-1.020800, , , 
21464.000000,1075595.000000,75549924.000000, , , ,-0.650391,-0.325195,-0.325195
21465.000000,1075600.000000,75549924.000000,0.005800,-0.014500,-0.980200, , , 
21466.000000,1075696.000000,75549924.000000, , , ,-0.650391,-0.325195,0.000000
21467.000000,1075699.000000,75549924.000000,-0.005800,0.005800,-0.962800, , , 
21468.000000,1075797.000000,75549924.000000, , , ,-0.325195,0.000000,0.000000
21469.000000,1075800.000000,75549924.000000,-0.005800,0.005800,-0.988900, , , 
21470.000000,1075898.000000,75549924.000000, , , ,-0.975586,0.325195,0.000000
21471.000000,1075899.000000,75549924.000000,-0.014500,-0.014500,-1.006300, , , 
21472.000000,1075999.000000,75549924.000000, , , ,-1.300781,0.325195,0.000000
21473.000000,1076000.000000,75549924.000000,0.014500,0.005800,-1.006300, , , 
21474.000000,1076099.000000,75549924.000000,-0.002900,0.005800,-0.942500, , , 
21475.000000,1076100.000000,75549924.000000, , , ,-0.650391,-0.325195,0.000000
21476.000000,1076200.000000,75549924.000000,-0.002900,0.002900,-0.942500, , , 
21477.000000,1076201.000000,75549924.000000, , , ,-0.650391,-0.650391,0.000000
21478.000000,1076292.000000,75549924.000000, , , ,0.000000,-0.650391,0.000000
21479.000000,1076299.000000,75549924.000000,-0.023200,-0.005800,-0.968600, , , 
21480.000000,1076393.000000,75549924.000000, , , ,0.000000,0.000000,0.000000
21481.000000,1076400.000000,75549924.000000,0.000000,-0.005800,-1.009200, , , 
21482.000000,1076494.000000,75549924.000000, , , ,0.000000,0.000000,0.000000
21483.000000,1076499.000000,75549924.000000,-0.008700,-0.005800,-1.015000, , , 
21484.000000,1076595.000000,75549924.000000, , , ,0.000000,0.000000,-0.325195
21485.000000,1076600.000000,75549924.000000,0.011600,-0.005800,-0.988900, , , 
21486.000000,1076696.000000,75549924.000000, , , ,-0.325195,0.000000,0.000000
21487.000000,1076699.000000,75549924.000000,-0.008700,-0.017400,-0.994700, , , 
21488.000000,1076797.000000,75549924.000000, , , ,-0.650391,0.000000,0.000000
21489.000000,1076800.000000,75549924.000000,-0.002900,-0.017400,-1.006300, , , 
21490.000000,1076898.000000,75549924.000000, , , ,-0.975586,0.000000,0.000000
21491.000000,1076899.000000,75549924.000000,0.000000,-0.014500,-0.986000, , , 
21492.000000,1076999.000000,75549924.000000, , , ,-0.975586,-0.650391,0.000000
21493.000000,1077000.000000,75549924.000000,0.002900,-0.014500,-0.980200, , , 
21494.000000,1077099.000000,75549924.000000,0.000000,0.000000,-0.957000, , , 
21495.000000,1077100.000000,75549924.000000, , , ,-0.650391,-0.325195,0.000000
21496.000000,1077200.000000,75549924.000000,0.000000,-0.008700,-0.957000, , , 
21497.000000,1077201.000000,75549924.000000, , , ,-0.325195,-0.325195,0.000000
21498.000000,1077292.000000,75549924.000000, , , ,0.000000,-0.650391,0.000000
21499.000000,1077299.000000,75549924.000000,-0.014500,-0.008700,-0.974400, , , 
21500.000000,1077393.000000,75549924.000000, , , ,-0.325195,0.000000,-0.325195
21501.000000,1077400.000000,75549924.000000,0.000000,-0.017400,-1.020800, , , 
21502.000000,1077494.000000,75549924.000000, , , ,-0.650391,0.000000,-0.325195
21503.000000,1077499.000000,75549924.000000,0.002900,-0.046400,-1.017900, , , 
21504.000000,1077595.000000,75549924.000000, , , ,-1.300781,0.000000,0.000000
21505.000000,1077600.000000,75549924.000000,-0.008700,-0.005800,-1.000500, , , 
21506.000000,1077696.000000,75549924.000000, , , ,-0.975586,-0.325195,-0.325195
21507.000000,1077699.000000,75549924.000000,0.034800,-0.017400,-0.948300, , , 
21508.000000,1077797.000000,75549924.000000, , , ,-0.325195,-0.650391,-0.325195
21509.000000,1077800.000000,75549924.000000,-0.034800,-0.020300,-0.957000, , , 
21510.000000,1077898.000000,75549924.000000, , , ,0.000000,0.000000,0.000000
21511.000000,1077899.000000,75549924.000000,0.011600,-0.011600,-0.994700, , , 
21512.000000,1077999.000000,75549924.000000, , , ,-0.650391,0.000000,-0.325195
21513.000000,1078000.000000,75549924.000000,-0.005800,-0.023200,-1.012100, , , 
21514.000000,1078099.000000,75549924.000000,0.002900,-0.029000,-1.026600, , , 
21515.000000,1078100.000000,75549924.000000, , , ,-0.325195,0.000000,-0.325195
21516.000000,1078200.000000,75549924.000000,0.014500,-0.031900,-1.017900, , , 
21517.000000,1078201.000000,75549924.000000, , , ,-0.325195,0.325195,0.000000
21518.000000,1078292.000000,75549924.000000, , , ,-0.325195,-0.325195,0.000000
21519.000000,1078299.000000,75549924.000000,0.011600,-0.023200,-0.977300, , , 
21520.000000,1078393.000000,75549924.000000, , , ,-0.650391,-0.650391,0.000000
21521.000000,1078400.000000,75549924.000000,0.000000,-0.002900,-0.930900, , , 
21522.000000,1078494.000000,75549924.000000, , , ,-0.325195,0.000000,-0.325195
21523.000000,1078499.000000,75549924.000000,-0.020300,-0.029000,-0.983100, , , 
21524.000000,1078595.000000,75549924.000000, , , ,-0.650391,0.000000,0.000000
21525.000000,1078600.000000,75549924.000000,0.000000,-0.011600,-1.006300, , , 
21526.000000,1078696.000000,75549924.000000, , , ,-0.975586,0.325195,-0.325195
21527.000000,1078699.000000,75549924.000000,0.000000,-0.023200,-1.020800, , , 
21528.000000,1078797.000000,75549924.000000, , , ,-0.325195,-0.325195,-0.325195
21529.000000,1078800.000000,75549924.000000,-0.008700,0.002900,-1.012100, , , 
21530.000000,1078898.000000,75549924.000000, , , ,0.000000,0.000000,0.000000
21531.000000,1078899.000000,75549924.000000,0.011600,-0.014500,-0.988900, , , 
21532.000000,1078999.000000,75549924.000000, , , ,0.325195,0.000000,-0.325195
21533.000000,1079000.000000,75549924.000000,0.000000,-0.017400,-0.986000, , , 
21534.000000,1079099.000000,75549924.000000,0.000000,-0.023200,-0.965700, , , 
21535.000000,1079100.000000,75549924.000000, , , ,0.325195,-0.325195,-0.325195
21536.000000,1079200.000000,75549924.000000,-0.002900,-0.040600,-0.988900, , , 
21537.000000,1079201.000000,75549924.000000, , , ,0.000000,0.000000,0.000000
21538.000000,1079292.000000,75549924.000000, , , ,-1.300781,0.000000,-0.325195
21539.000000,1079299.000000,75549924.000000,0.005800,-0.037700,-1.009200, , , 
21540.000000,1079393.000000,75549924.000000, , , ,-0.975586,0.000000,0.000000
21541.000000,1079400.000000,75549924.000000,-0.005800,-0.011600,-0.988900, , , 
21542.000000,1079494.000000,75549924.000000, , , ,-0.650391,0.000000,-0.325195
21543.000000,1079499.000000,75549924.000000,-0.002900,-0.020300,-1.009200, , , 
21544.000000,1079595.000000,75549924.000000, , , ,-0.650391,0.650391,0.000000
21545.000000,1079600.000000,75549924.000000,0.000000,-0.014500,-1.035300, , , 
21546.000000,1079696.000000,75549924.000000, , , ,-0.325195,0.000000,-0.650391
21547.000000,1079699.000000,75549924.000000,0.005800,-0.026100,-1.009200, , , 
21548.000000,1079797.000000,75549924.000000, , , ,-0.975586,-0.325195,0.000000
21549.000000,1079800.000000,75549924.000000,0.002900,-0.023200,-0.968600, , , 
21550.000000,1079898.000000,75549924.000000, , , ,-0.650391,0.000000,0.000000
21551.000000,1079899.000000,75549924.000000,-0.002900,-0.014500,-0.968600, , , 
21552.000000,1079999.000000,75549924.000000, , , ,-0.975586,0.000000,0.000000
21553.000000,1080000.000000,75549924.000000,0.002900,-0.023200,-0.986000, , , 
21554.000000,1080099.000000,75549924.000000,-0.002900,-0.002900,-0.994700, , , 
21555.000000,1080100.000000,75549924.000000, , , ,0.000000,0.000000,0.000000
21556.000000,1080200.000000,75549924.000000,0.008700,-0.008700,-0.974400, , , 
21557.000000,1080201.000000,75549924.000000, , , ,-0.325195,0.000000,0.000000
21558.000000,1080292.000000,75549924.000000, , , ,0.000000,-0.325195,0.000000
21559.000000,1080299.000000,75549924.000000,0.020300,-0.014500,-0.977300, , , 
21560.000000,1080393.000000,75549924.000000, , , ,-0.975586,-0.325195,0.000000
21561.000000,1080400.000000,75549924.000000,-0.002900,-0.002900,-0.977300, , , 
21562.000000,1080494.000000,75549924.000000, , , ,-0.650391,-0.325195,0.000000
21563.000000,1080499.000000,75549924.000000,0.000000,-0.011600,-0.968600, , , 
21564.000000,1080595.000000,75549924.000000, , , ,-0.650391,-0.650391,0.000000
21565.000000,1080600.000000,75549924.000000,0.011600,-0.008700,-0.959900, , , 
21566.000000,1080696.000000,75549924.000000, , , ,-0.325195,0.000000,0.000000
21567.000000,1080699.000000,75549924.000000,-0.002900,-0.005800,-0.974400, , , 
21568.000000,1080797.000000,75549924.000000, , , ,0.000000,0.000000,0.000000
21569.000000,1080800.000000,75549924.000000,-0.020300,-0.008700,-1.012100, , , 
21570.000000,1080898.000000,75549924.000000, , , ,-0.325195,0.000000,-0.975586
21571.000000,1080899.000000,75549924.000000,0.008700,-0.031900,-1.009200, , , 
21572.000000,1080999.000000,75549924.000000, , , ,-0.650391,-0.325195,0.000000
21573.000000,1081000.000000,75549924.000000,-0.002900,-0.026100,-0.962800, , , 
21574.000000,1081099.000000,75549924.000000,0.000000,0.002900,-0.965700, , , 
21575.000000,1081100.000000,75549924.000000, , , ,-1.300781,0.000000,0.000000
21576.000000,1081200.000000,75549924.000000,0.000000,-0.008700,-0.986000, , , 
21577.000000,1081201.000000,75549924.000000, , , ,-0.975586,0.325195,0.650391
21578.000000,1081292.000000,75549924.000000, , , ,-0.975586,0.000000,0.000000
21579.000000,1081299.000000,75549924.000000,0.005800,-0.014500,-0.997600, , , 
21580.000000,1081393.000000,75549924.000000, , , ,-0.650391,-0.325195,0.000000
21581.000000,1081400.000000,75549924.000000,0.011600,-0.008700,-0.945400, , , 
21582.000000,1081494.000000,75549924.000000, , , ,0.000000,-0.650391,0.000000
21583.000000,1081499.000000,75549924.000000,0.000000,-0.011600,-0.951200, , , 
21584.000000,1081595.000000,75549924.000000, , , ,-0.325195,-0.325195,0.000000
21585.000000,1081600.000000,75549924.000000,0.000000,-0.023200,-0.971500, , , 
21586.000000,1081696.000000,75549924.000000, , , ,-0.325195,0.000000,-0.325195
21587.000000,1081699.000000,75549924.000000,-0.008700,-0.005800,-1.000500, , , 
21588.000000,1081797.000000,75549924.000000, , , ,-0.325195,0.000000,-0.325195
21589.000000,1081800.000000,75549924.000000,0.000000,-0.011600,-1.012100, , , 
21590.000000,1081898.000000,75549924.000000, , , ,-0.650391,0.650391,0.000000
21591.000000,1081899.000000,75549924.000000,-0.014500,-0.026100,-1.038200, , , 
21592.000000,1081999.000000,75549924.000000, , , ,-1.625977,0.650391,0.000000
21593.000000,1082000.000000,75549924.000000,0.017400,-0.017400,-1.044000, , , 
21594.000000,1082099.000000,75549924.000000,0.000000,0.000000,-0.959900, , , 
21595.000000,1082100.000000,75549924.000000, , , ,0.000000,-0.325195,-0.650391
21596.000000,1082200.000000,75549924.000000,0.008700,0.000000,-0.936700, , , 
21597.000000,1082201.000000,75549924.000000, , , ,-0.325195,-0.650391,-0.325195
21598.000000,1082292.000000,75549924.000000, , , ,0.000000,0.000000,0.000000
21599.000000,1082299.000000,75549924.000000,-0.005800,-0.008700,-0.968600, , , 
21600.000000,1082393.000000,75549924.000000, , , ,-0.325195,0.325195,-0.325195
21601.000000,1082400.000000,75549924.000000,-0.005800,-0.020300,-1.003400, , , 
21602.000000,1082494.000000,75549924.000000, , , ,0.325195,0.000000,0.000000
21603.000000,1082499.000000,75549924.000000,0.014500,-0.005800,-1.009200, , , 
21604.000000,1082595.000000,75549924.000000, , , ,0.000000,0.000000,0.000000
21605.000000,1082600.000000,75549924.000000,0.011600,-0.017400,-0.977300, , , 
21606.000000,1082696.000000,75549924.000000, , , ,-0.325195,-0.325195,0.000000
21607.000000,1082699.000000,75549924.000000,0.000000,-0.020300,-0.959900, , , 
21608.000000,1082797.000000,75549924.000000, , , ,-0.975586,0.000000,0.000000
21609.000000,1082800.000000,75549924.000000,-0.005800,-0.026100,-0.991800, , , 
21610.000000,1082898.000000,75549924.000000, , , ,-0.975586,0.325195,0.000000
21611.000000,1082899.000000,75549924.000000,0.008700,0.000000,-1.003400, , , 
21612.000000,1082999.000000,75549924.000000, , , ,-1.300781,0.000000,0.000000
21613.000000,1083000.000000,75549924.000000,0.000000,-0.026100,-1.015000, , , 
21614.000000,1083099.000000,75549924.000000,0.000000,-0.020300,-0.988900, , , 
21615.000000,1083100.000000,75549924.000000, , , ,-1.625977,0.000000,0.000000
21616.000000,1083200.000000,75549924.000000,0.005800,-0.005800,-0.954100, , , 
21617.000000,1083201.000000,75549924.000000, , , ,-1.625977,-0.650391,0.000000
21618.000000,1083292.000000,75549924.000000, , , ,-0.975586,-0.650391,0.000000
21619.000000,1083299.000000,75549924.000000,0.014500,0.000000,-0.939600, , , 
21620.000000,1083393.000000,75549924.000000, , , ,0.000000,-0.650391,0.325195
21621.000000,1083400.000000,75549924.000000,-0.008700,0.002900,-0.945400, , , 
21622.000000,1083494.000000,75549924.000000, , , ,-0.650391,0.325195,0.000000
21623.000000,1083499.000000,75549924.000000,0.002900,-0.040600,-1.020800, , , 
21624.000000,1083595.000000,75549924.000000, , , ,-1.625977,0.000000,-0.325195
21625.000000,1083600.000000,75549924.000000,0.005800,-0.005800,-1.003400, , , 
21626.000000,1083696.000000,75549924.000000, , , ,-0.650391,-0.325195,0.325195
21627.000000,1083699.000000,75549924.000000,0.011600,-0.005800,-0.977300, , , 
21628.000000,1083797.000000,75549924.000000, , , ,-0.650391,0.325195,-0.325195
21629.000000,1083800.000000,75549924.000000,-0.008700,-0.020300,-1.009200, , , 
21630.000000,1083898.000000,75549924.000000, , , ,-0.325195,0.000000,-0.325195
21631.000000,1083901.000000,75549924.000000,0.008700,-0.023200,-1.020800, , , 
21632.000000,1083998.000000,75549924.000000, , , ,-0.975586,-0.650391,-0.325195
21633.000000,1083999.000000,75549924.000000,0.014500,-0.031900,-0.997600, , , 
21634.000000,1084099.000000,75549924.000000, , , ,-0.975586,0.000000,0.000000
21635.000000,1084100.000000,75549924.000000,0.000000,0.005800,-0.974400, , , 
21636.000000,1084199.000000,75549924.000000,0.005800,-0.017400,-0.977300, , , 
21637.000000,1084200.000000,75549924.000000, , , ,-0.975586,0.000000,0.000000
21638.000000,1084300.000000,75549924.000000,0.011600,-0.002900,-0.968600, , , 
21639.000000,1084301.000000,75549924.000000, , , ,-0.650391,0.000000,0.000000
21640.000000,1084392.000000,75549924.000000, , , ,-0.650391,-0.325195,0.000000
21641.000000,1084399.000000,75549924.000000,-0.014500,0.000000,-0.991800, , , 
21642.000000,1084493.000000,75549924.000000, , , ,-0.975586,0.325195,0.000000
21643.000000,1084500.000000,75549924.000000,0.002900,-0.040600,-1.009200, , , 
21644.000000,1084594.000000,75549924.000000, , , ,-1.625977,-1.300781,0.000000
21645.000000,1084599.000000,75549924.000000,0.020300,0.005800,-0.954100, , , 
21646.000000,1084695.000000,75549924.000000, , , ,-0.975586,-0.325195,0.000000
21647.000000,1084700.000000,75549924.000000,0.000000,-0.008700,-0.945400, , , 
21648.000000,1084796.000000,75549924.000000, , , ,0.000000,0.000000,0.000000
21649.000000,1084799.000000,75549924.000000,0.000000,0.005800,-0.974400, , , 
21650.000000,1084897.000000,75549924.000000, , , ,0.000000,0.000000,0.000000
21651.000000,1084900.000000,75549924.000000,0.023200,0.000000,-0.980200, , , 
21652.000000,1084998.000000,75549924.000000, , , ,0.000000,-0.650391,-0.325195
21653.000000,1084999.000000,75549924.000000,0.011600,-0.040600,-0.974400, , , 
21654.000000,1085099.000000,75549924.000000, , , ,-0.325195,-0.650391,0.000000
21655.000000,1085100.000000,75549924.000000,0.008700,-0.014500,-0.936700, , , 
21656.000000,1085199.000000,75549924.000000,0.000000,-0.014500,-0.980200, , , 
21657.000000,1085200.000000,75549924.000000, , , ,-0.650391,0.000000,-0.325195
21658.000000,1085300.000000,75549924.000000,-0.008700,-0.014500,-1.064300, , , 
21659.000000,1085301.000000,75549924.000000, , , ,0.000000,0.975586,0.000000
21660.000000,1085392.000000,75549924.000000, , , ,-0.650391,0.000000,0.000000
21661.000000,1085399.000000,75549924.000000,0.031900,-0.011600,-1.046900, , , 
21662.000000,1085493.000000,75549924.000000, , , ,-0.325195,0.000000,-0.325195
21663.000000,1085500.000000,75549924.000000,0.000000,0.002900,-0.986000, , , 
21664.000000,1085594.000000,75549924.000000, , , ,-0.325195,-1.625977,-0.325195
21665.000000,1085599.000000,75549924.000000,0.020300,0.002900,-0.922200, , , 
21666.000000,1085695.000000,75549924.000000, , , ,-0.325195,-0.325195,-0.325195
21667.000000,1085700.000000,75549924.000000,-0.005800,-0.026100,-0.928000, , , 
21668.000000,1085796.000000,75549924.000000, , , ,-0.975586,0.000000,0.000000
21669.000000,1085799.000000,75549924.000000,0.000000,-0.017400,-0.983100, , , 
21670.000000,1085897.000000,75549924.000000, , , ,-0.975586,0.000000,0.000000
21671.000000,1085900.000000,75549924.000000,-0.011600,-0.005800,-1.009200, , , 
21672.000000,1085998.000000,75549924.000000, , , ,-0.650391,0.325195,-0.325195
21673.000000,1085999.000000,75549924.000000,-0.002900,-0.017400,-1.061400, , , 
21674.000000,1086099.000000,75549924.000000, , , ,-0.325195,0.000000,0.000000
21675.000000,1086100.000000,75549924.000000,0.023200,0.014500,-1.026600, , , 
21676.000000,1086199.000000,75549924.000000,0.008700,-0.011600,-0.933800, , , 
21677.000000,1086200.000000,75549924.000000, , , ,0.325195,-1.300781,-0.325195
21678.000000,1086300.000000,75549924.000000,-0.011600,-0.037700,-0.968600, , , 
21679.000000,1086301.000000,75549924.000000, , , ,-0.325195,0.000000,-0.650391
21680.000000,1086392.000000,75549924.000000, , , ,-0.975586,0.000000,0.000000
21681.000000,1086399.000000,75549924.000000,0.000000,-0.026100,-0.997600, , , 
21682.000000,1086493.000000,75549924.000000, , , ,-0.975586,0.325195,0.000000
21683.000000,1086500.000000,75549924.000000,0.026100,-0.029000,-1.003400, , , 
21684.000000,1086594.000000,75549924.000000, , , ,-1.300781,-0.650391,0.000000
21685.000000,1086599.000000,75549924.000000,0.017400,0.002900,-0.930900, , , 
21686.000000,1086695.000000,75549924.000000, , , ,-0.975586,-0.325195,0.000000
21687.000000,1086700.000000,75549924.000000,-0.008700,-0.011600,-0.965700, , , 
21688.000000,1086796.000000,75549924.000000, , , ,-0.650391,0.000000,-0.325195
21689.000000,1086799.000000,75549924.000000,0.005800,0.020300,-1.020800, , , 
21690.000000,1086897.000000,75549924.000000, , , ,-0.325195,-0.650391,0.000000
21691.000000,1086900.000000,75549924.000000,0.008700,0.008700,-0.974400, , , 
21692.000000,1086998.000000,75549924.000000, , , ,-0.650391,0.000000,0.000000
21693.000000,1086999.000000,75549924.000000,-0.002900,-0.017400,-0.968600, , , 
21694.000000,1087099.000000,75549924.000000, , , ,0.000000,0.000000,0.000000
21695.000000,1087100.000000,75549924.000000,0.005800,-0.020300,-0.971500, , , 
21696.000000,1087199.000000,75549924.000000,0.000000,-0.026100,-1.006300, , , 
21697.000000,1087200.000000,75549924.000000, , , ,-0.650391,-0.325195,0.000000
21698.000000,1087300.000000,75549924.000000,0.002900,-0.014500,-1.000500, , , 
21699.000000,1087301.000000,75549924.000000, , , ,-0.975586,0.000000,-0.650391
21700.000000,1087392.000000,75549924.000000, , , ,-0.975586,0.000000,-0.325195
21701.000000,1087399.000000,75549924.000000,0.005800,-0.023200,-1.003400, , , 
21702.000000,1087493.000000,75549924.000000, , , ,0.000000,0.000000,-0.325195
21703.000000,1087500.000000,75549924.000000,0.011600,-0.029000,-0.977300, , , 
21704.000000,1087594.000000,75549924.000000, , , ,-0.325195,-0.325195,-0.325195
21705.000000,1087599.000000,75549924.000000,0.002900,-0.020300,-0.954100, , , 
21706.000000,1087695.000000,75549924.000000, , , ,-0.325195,-0.650391,-0.325195
21707.000000,1087700.000000,75549924.000000,0.005800,-0.020300,-0.959900, , , 
21708.000000,1087796.000000,75549924.000000, , , ,0.325195,0.000000,-0.650391
21709.000000,1087799.000000,75549924.000000,0.002900,-0.020300,-0.997600, , , 
21710.000000,1087897.000000,75549924.000000, , , ,0.000000,0.000000,-0.325195
21711.000000,1087900.000000,75549924.000000,0.002900,-0.026100,-1.017900, , , 
21712.000000,1087998.000000,75549924.000000, , , ,-0.650391,0.000000,-0.325195
21713.000000,1087999.000000,75549924.000000,0.002900,-0.046400,-0.991800, , , 
21714.000000,1088099.000000,75549924.000000, , , ,-0.975586,-0.325195,-0.325195
21715.000000,1088100.000000,75549924.000000,0.002900,-0.037700,-0.980200, , , 
21716.000000,1088199.000000,75549924.000000,0.002900,-0.026100,-0.965700, , , 
21717.000000,1088200.000000,75549924.000000, , , ,-0.975586,0.000000,-0.325195
21718.000000,1088300.000000,75549924.000000,0.008700,-0.023200,-0.968600, , , 
21719.000000,1088301.000000,75549924.000000, , , ,-0.325195,-0.650391,-0.325195
21720.000000,1088392.000000,75549924.000000, , , ,-0.325195,0.000000,0.000000
21721.000000,1088399.000000,75549924.000000,0.000000,-0.023200,-0.983100, , , 
21722.000000,1088493.000000,75549924.000000, , , ,-0.650391,-0.325195,0.000000
21723.000000,1088500.000000,75549924.000000,0.008700,-0.011600,-0.988900, , , 
21724.000000,1088594.000000,75549924.000000, , , ,-0.650391,-0.325195,0.000000
21725.000000,1088599.000000,75549924.000000,0.000000,-0.002900,-0.994700, , , 
21726.000000,1088695.000000,75549924.000000, , , ,-0.975586,0.000000,0.000000
21727.000000,1088700.000000,75549924.000000,0.000000,-0.026100,-1.009200, , , 
21728.000000,1088796.000000,75549924.000000, , , ,-0.975586,0.000000,0.000000
21729.000000,1088799.000000,75549924.000000,0.017400,-0.017400,-1.000500, , , 
21730.000000,1088897.000000,75549924.000000, , , ,-0.325195,-0.325195,0.000000
21731.000000,1088900.000000,75549924.000000,0.005800,0.000000,-0.974400, , , 
21732.000000,1088998.000000,75549924.000000, , , ,-0.325195,0.000000,0.000000
21733.000000,1088999.000000,75549924.000000,0.008700,0.000000,-0.945400, , , 
21734.000000,1089099.000000,75549924.000000, , , ,0.000000,-0.650391,-0.325195
21735.000000,1089100.000000,75549924.000000,0.002900,-0.002900,-0.948300, , , 
21736.000000,1089199.000000,75549924.000000,-0.002900,-0.005800,-0.986000, , , 
21737.000000,1089200.000000,75549924.000000, , , ,0.000000,0.325195,-0.650391
21738.000000,1089300.000000,75549924.000000,0.005800,-0.034800,-1.032400, , , 
21739.000000,1089301.000000,75549924.000000, , , ,0.000000,0.000000,-0.650391
21740.000000,1089392.000000,75549924.000000, , , ,-0.325195,0.000000,0.000000
21741.000000,1089399.000000,75549924.000000,0.011600,-0.031900,-0.994700, , , 
21742.000000,1089493.000000,75549924.000000, , , ,-0.325195,-0.325195,-0.325195
21743.000000,1089500.000000,75549924.000000,0.008700,-0.011600,-0.962800, , , 
21744.000000,1089594.000000,75549924.000000, , , ,-0.650391,-0.975586,0.000000
21745.000000,1089599.000000,75549924.000000,0.000000,-0.029000,-0.988900, , , 
21746.000000,1089695.000000,75549924.000000, , , ,-0.650391,0.000000,-0.325195
21747.000000,1089700.000000,75549924.000000,0.000000,-0.017400,-0.983100, , , 
21748.000000,1089796.000000,75549924.000000, , , ,-0.325195,0.325195,-0.325195
21749.000000,1089799.000000,75549924.000000,0.000000,-0.023200,-1.009200, , , 
21750.000000,1089897.000000,75549924.000000, , , ,-0.325195,0.000000,-0.325195
21751.000000,1089900.000000,75549924.000000,0.002900,-0.017400,-0.991800, , , 
21752.000000,1089998.000000,75549924.000000, , , ,-0.325195,-0.325195,-0.325195
21753.000000,1089999.000000,75549924.000000,0.008700,-0.023200,-0.957000, , , 
21754.000000,1090099.000000,75549924.000000, , , ,-0.650391,-0.650391,0.000000
21755.000000,1090100.000000,75549924.000000,-0.002900,-0.037700,-0.965700, , , 
21756.000000,1090199.000000,75549924.000000,0.002900,-0.023200,-0.965700, , , 
21757.000000,1090200.000000,75549924.000000, , , ,-0.975586,-0.325195,0.000000
21758.000000,1090300.000000,75549924.000000,-0.002900,-0.020300,-1.006300, , , 
21759.000000,1090301.000000,75549924.000000, , , ,-0.975586,0.000000,-0.325195
21760.000000,1090392.000000,75549924.000000, , , ,-0.650391,0.000000,0.000000
21761.000000,1090399.000000,75549924.000000,-0.002900,-0.014500,-1.020800, , , 
21762.000000,1090493.000000,75549924.000000, , , ,-0.650391,-0.325195,0.000000
21763.000000,1090500.000000,75549924.000000,0.008700,-0.011600,-0.983100, , , 
21764.000000,1090594.000000,75549924.000000, , , ,0.000000,-0.325195,-0.325195
21765.000000,1090599.000000,75549924.000000,0.000000,-0.020300,-0.951200, , , 
21766.000000,1090695.000000,75549924.000000, , , ,-0.650391,-0.325195,0.000000
21767.000000,1090700.000000,75549924.000000,-0.008700,-0.023200,-0.965700, , , 
21768.000000,1090796.000000,75549924.000000, , , ,-0.325195,-0.325195,0.000000
21769.000000,1090799.000000,75549924.000000,0.000000,-0.014500,-0.965700, , , 
21770.000000,1090897.000000,75549924.000000, , , ,-0.325195,0.000000,-0.325195
21771.000000,1090900.000000,75549924.000000,-0.014500,-0.020300,-0.994700, , , 
21772.000000,1090998.000000,75549924.000000, , , ,-0.650391,0.650391,-0.325195
21773.000000,1090999.000000,75549924.000000,-0.020300,-0.034800,-1.044000, , , 
21774.000000,1091099.000000,75549924.000000, , , ,-0.975586,0.325195,-0.325195
21775.000000,1091100.000000,75549924.000000,0.002900,-0.014500,-1.035300, , , 
21776.000000,1091199.000000,75549924.000000,-0.011600,-0.005800,-0.962800, , , 
21777.000000,1091200.000000,75549924.000000, , , ,0.000000,-0.650391,0.000000
21778.000000,1091300.000000,75549924.000000,0.000000,-0.020300,-0.936700, , , 
21779.000000,1091301.000000,75549924.000000, , , ,-0.975586,-0.650391,0.000000
21780.000000,1091392.000000,75549924.000000, , , ,-0.975586,-0.650391,0.325195
21781.000000,1091399.000000,75549924.000000,0.000000,0.002900,-0.945400, , , 
21782.000000,1091493.000000,75549924.000000, , , ,-0.975586,-0.325195,0.000000
21783.000000,1091500.000000,75549924.000000,-0.002900,0.002900,-0.965700, , , 
21784.000000,1091594.000000,75549924.000000, , , ,-1.300781,0.325195,0.325195
21785.000000,1091599.000000,75549924.000000,-0.008700,0.008700,-1.009200, , , 
21786.000000,1091695.000000,75549924.000000, , , ,-0.650391,-0.650391,0.000000
21787.000000,1091700.000000,75549924.000000,0.005800,0.023200,-0.994700, , , 
21788.000000,1091796.000000,75549924.000000, , , ,-0.650391,-0.325195,0.000000
21789.000000,1091799.000000,75549924.000000,-0.008700,0.014500,-0.977300, , , 
21790.000000,1091897.000000,75549924.000000, , , ,-0.650391,0.000000,0.000000
21791.000000,1091900.000000,75549924.000000,0.000000,-0.029000,-0.991800, , , 
21792.000000,1091997.000000,75549924.000000, , , ,-0.325195,-0.325195,0.000000
21793.000000,1092000.000000,75549924.000000,0.002900,-0.002900,-0.974400, , , 
21794.000000,1092098.000000,75549924.000000, , , ,0.000000,-0.325195,0.000000
21795.000000,1092099.000000,75549924.000000,0.011600,0.000000,-0.974400, , , 
21796.000000,1092199.000000,75549924.000000, , , ,0.000000,0.000000,0.325195
21797.000000,1092200.000000,75549924.000000,0.000000,-0.005800,-0.980200, , , 
21798.000000,1092299.000000,75549924.000000,-0.005800,-0.020300,-0.994700, , , 
21799.000000,1092300.000000,75549924.000000, , , ,0.000000,0.000000,0.000000
21800.000000,1092400.000000,75549924.000000,0.020300,0.005800,-0.988900, , , 
21801.000000,1092401.000000,75549924.000000, , , ,-0.650391,-0.325195,0.000000
21802.000000,1092492.000000,75549924.000000, , , ,0.000000,-0.650391,0.000000
21803.000000,1092499.000000,75549924.000000,0.000000,0.011600,-0.942500, , , 
21804.000000,1092593.000000,75549924.000000, , , ,0.650391,0.000000,-0.650391
21805.000000,1092600.000000,75549924.000000,-0.017400,-0.029000,-0.994700, , , 
21806.000000,1092694.000000,75549924.000000, , , ,0.000000,0.650391,0.000000
21807.000000,1092699.000000,75549924.000000,-0.020300,-0.055100,-1.052700, , , 
21808.000000,1092795.000000,75549924.000000, , , ,-0.325195,0.325195,0.000000
21809.000000,1092800.000000,75549924.000000,0.002900,-0.052200,-1.023700, , , 
21810.000000,1092896.000000,75549924.000000, , , ,-0.650391,-0.650391,0.000000
21811.000000,1092899.000000,75549924.000000,0.011600,-0.008700,-0.954100, , , 
21812.000000,1092997.000000,75549924.000000, , , ,-0.650391,-0.650391,0.000000
21813.000000,1093000.000000,75549924.000000,-0.011600,-0.017400,-0.936700, , , 
21814.000000,1093098.000000,75549924.000000, , , ,-0.975586,0.000000,-0.325195
21815.000000,1093099.000000,75549924.000000,-0.011600,-0.031900,-0.983100, , , 
21816.000000,1093199.000000,75549924.000000, , , ,-0.975586,0.000000,0.000000
21817.000000,1093200.000000,75549924.000000,0.005800,-0.017400,-0.997600, , , 
21818.000000,1093299.000000,75549924.000000,0.011600,-0.008700,-0.945400, , , 
21819.000000,1093300.000000,75549924.000000, , , ,-0.650391,-0.975586,0.000000
21820.000000,1093400.000000,75549924.000000,-0.002900,-0.014500,-0.957000, , , 
21821.000000,1093401.000000,75549924.000000, , , ,-0.650391,-0.325195,-0.325195
21822.000000,1093492.000000,75549924.000000, , , ,-0.325195,-0.975586,-0.325195
21823.000000,1093499.000000,75549924.000000,0.002900,-0.017400,-0.991800, , , 
21824.000000,1093593.000000,75549924.000000, , , ,-0.325195,0.650391,0.000000
21825.000000,1093600.000000,75549924.000000,0.000000,-0.034800,-1.029500, , , 
21826.000000,1093694.000000,75549924.000000, , , ,-0.325195,0.000000,0.000000
21827.000000,1093699.000000,75549924.000000,0.002900,-0.011600,-1.026600, , , 
21828.000000,1093795.000000,75549924.000000, , , ,-0.325195,0.000000,0.000000
21829.000000,1093800.000000,75549924.000000,0.000000,-0.034800,-0.991800, , , 
21830.000000,1093896.000000,75549924.000000, , , ,-0.650391,0.000000,0.000000
21831.000000,1093899.000000,75549924.000000,-0.008700,-0.029000,-0.991800, , , 
21832.000000,1093997.000000,75549924.000000, , , ,-0.650391,0.000000,0.000000
21833.000000,1094000.000000,75549924.000000,0.011600,-0.008700,-0.951200, , , 
21834.000000,1094098.000000,75549924.000000, , , ,-0.325195,-0.325195,-0.650391
21835.000000,1094099.000000,75549924.000000,-0.017400,-0.014500,-0.980200, , , 
21836.000000,1094199.000000,75549924.000000, , , ,-0.650391,0.000000,0.000000
21837.000000,1094200.000000,75549924.000000,0.005800,-0.031900,-1.006300, , , 
21838.000000,1094299.000000,75549924.000000,0.000000,-0.017400,-0.986000, , , 
21839.000000,1094300.000000,75549924.000000, , , ,-0.325195,0.000000,0.000000
21840.000000,1094400.000000,75549924.000000,0.000000,-0.031900,-0.988900, , , 
21841.000000,1094401.000000,75549924.000000, , , ,-0.325195,-0.325195,-0.650391
21842.000000,1094492.000000,75549924.000000, , , ,-0.325195,0.000000,0.000000
21843.000000,1094499.000000,75549924.000000,-0.008700,-0.034800,-0.971500, , , 
21844.000000,1094593.000000,75549924.000000, , , ,-0.325195,0.000000,-0.325195
21845.000000,1094600.000000,75549924.000000,0.000000,-0.017400,-0.962800, , , 
21846.000000,1094694.000000,75549924.000000, , , ,-0.325195,-0.325195,-0.325195
21847.000000,1094699.000000,75549924.000000,0.000000,-0.040600,-0.977300, , , 
21848.000000,1094795.000000,75549924.000000, , , ,-0.650391,0.325195,-0.325195
21849.000000,1094800.000000,75549924.000000,0.002900,-0.029000,-0.994700, , , 
21850.000000,1094896.000000,75549924.000000, , , ,-0.975586,0.000000,0.000000
21851.000000,1094899.000000,75549924.000000,0.000000,-0.002900,-1.009200, , , 
21852.000000,1094997.000000,75549924.000000, , , ,-0.650391,0.000000,-0.325195
21853.000000,1095000.000000,75549924.000000,0.000000,-0.014500,-0.997600, , , 
21854.000000,1095098.000000,75549924.000000, , , ,-0.975586,0.000000,-0.650391
21855.000000,1095099.000000,75549924.000000,0.000000,-0.026100,-0.997600, , , 
21856.000000,1095199.000000,75549924.000000, , , ,-0.975586,0.000000,0.000000
21857.000000,1095200.000000,75549924.000000,-0.002900,0.000000,-0.986000, , , 
21858.000000,1095299.000000,75549924.000000,0.000000,-0.020300,-0.974400, , , 
21859.000000,1095300.000000,75549924.000000, , , ,-0.650391,0.000000,0.000000
21860.000000,1095400.000000,75549924.000000,0.002900,-0.017400,-0.980200, , , 
21861.000000,1095401.000000,75549924.000000, , , ,-0.650391,0.000000,0.000000
21862.000000,1095492.000000,75549924.000000, , , ,-0.650391,-0.325195,-0.325195
21863.000000,1095499.000000,75549924.000000,0.005800,-0.026100,-0.971500, , , 
21864.000000,1095593.000000,75549924.000000, , , ,-0.650391,0.000000,0.000000
21865.000000,1095600.000000,75549924.000000,0.000000,-0.017400,-0.974400, , , 
21866.000000,1095694.000000,75549924.000000, , , ,-0.325195,0.000000,0.000000
21867.000000,1095701.000000,75549924.000000,-0.002900,-0.014500,-0.991800, , , 
21868.000000,1095794.000000,75549924.000000, , , ,0.000000,0.000000,0.000000
21869.000000,1095799.000000,75549924.000000,0.000000,-0.020300,-1.009200, , , 
21870.000000,1095895.000000,75549924.000000, , , ,0.325195,0.000000,0.325195
21871.000000,1095900.000000,75549924.000000,0.000000,0.000000,-0.997600, , , 
21872.000000,1095996.000000,75549924.000000, , , ,0.000000,0.325195,-0.325195
21873.000000,1095999.000000,75549924.000000,-0.011600,-0.037700,-1.023700, , , 
21874.000000,1096097.000000,75549924.000000, , , ,-1.625977,-0.650391,0.000000
21875.000000,1096100.000000,75549924.000000,0.005800,-0.058000,-1.038200, , , 
21876.000000,1096198.000000,75549924.000000, , , ,-1.300781,0.000000,0.000000
21877.000000,1096199.000000,75549924.000000,0.005800,-0.011600,-0.986000, , , 
21878.000000,1096299.000000,75549924.000000, , , ,-0.975586,0.000000,0.000000
21879.000000,1096300.000000,75549924.000000,0.000000,-0.011600,-0.959900, , , 
21880.000000,1096399.000000,75549924.000000,-0.002900,-0.002900,-0.974400, , , 
21881.000000,1096400.000000,75549924.000000, , , ,0.000000,0.325195,-0.325195
21882.000000,1096500.000000,75549924.000000,0.002900,-0.031900,-0.988900, , , 
21883.000000,1096501.000000,75549924.000000, , , ,-0.325195,-0.325195,0.000000
21884.000000,1096592.000000,75549924.000000, , , ,-0.650391,-0.325195,-0.650391
21885.000000,1096599.000000,75549924.000000,0.002900,-0.034800,-0.968600, , , 
21886.000000,1096693.000000,75549924.000000, , , ,-0.975586,0.000000,-0.650391
21887.000000,1096700.000000,75549924.000000,0.002900,-0.029000,-0.948300, , , 
21888.000000,1096794.000000,75549924.000000, , , ,-0.650391,-0.325195,-0.325195
21889.000000,1096799.000000,75549924.000000,0.005800,-0.029000,-0.968600, , , 
21890.000000,1096895.000000,75549924.000000, , , ,-0.650391,0.325195,0.000000
21891.000000,1096900.000000,75549924.000000,-0.008700,-0.037700,-1.023700, , , 
21892.000000,1096996.000000,75549924.000000, , , ,-0.650391,0.000000,0.650391
21893.000000,1096999.000000,75549924.000000,0.002900,-0.029000,-1.006300, , , 
21894.000000,1097097.000000,75549924.000000, , , ,-0.325195,0.000000,0.000000
21895.000000,1097100.000000,75549924.000000,0.002900,-0.008700,-0.971500, , , 
21896.000000,1097198.000000,75549924.000000, , , ,-0.325195,-0.650391,0.000000
21897.000000,1097199.000000,75549924.000000,0.005800,-0.020300,-0.942500, , , 
21898.000000,1097299.000000,75549924.000000, , , ,-0.650391,-0.650391,-0.325195
21899.000000,1097300.000000,75549924.000000,0.005800,0.002900,-0.939600, , , 
21900.000000,1097399.000000,75549924.000000,-0.011600,-0.014500,-0.994700, , , 
21901.000000,1097400.000000,75549924.000000, , , ,-0.325195,0.000000,0.000000
21902.000000,1097500.000000,75549924.000000,-0.017400,-0.023200,-1.029500, , , 
21903.000000,1097501.000000,75549924.000000, , , ,-0.650391,0.325195,0.000000
21904.000000,1097592.000000,75549924.000000, , , ,-0.975586,0.000000,-0.325195
21905.000000,1097599.000000,75549924.000000,0.002900,-0.017400,-1.041100, , , 
21906.000000,1097693.000000,75549924.000000, , , ,-0.650391,-0.325195,0.000000
21907.000000,1097700.000000,75549924.000000,0.023200,-0.005800,-0.980200, , , 
21908.000000,1097794.000000,75549924.000000, , , ,-0.650391,-0.325195,0.000000
21909.000000,1097799.000000,75549924.000000,0.000000,-0.014500,-0.945400, , , 
21910.000000,1097895.000000,75549924.000000, , , ,-0.650391,0.000000,0.000000
21911.000000,1097900.000000,75549924.000000,0.000000,-0.020300,-0.991800, , , 
21912.000000,1097996.000000,75549924.000000, , , ,-1.300781,-0.325195,0.000000
21913.000000,1097999.000000,75549924.000000,0.026100,0.005800,-0.971500, , , 
21914.000000,1098097.000000,75549924.000000, , , ,-0.975586,-0.325195,0.000000
21915.000000,1098100.000000,75549924.000000,0.005800,-0.011600,-0.968600, , , 
21916.000000,1098198.000000,75549924.000000, , , ,-0.650391,0.000000,0.000000
21917.000000,1098201.000000,75549924.000000,0.000000,0.000000,-0.988900, , , 
21918.000000,1098298.000000,75549924.000000, , , ,-0.650391,-0.325195,0.000000
21919.000000,1098299.000000,75549924.000000,0.020300,-0.005800,-0.986000, , , 
21920.000000,1098399.000000,75549924.000000, , , ,-0.325195,-0.325195,-0.325195
21921.000000,1098400.000000,75549924.000000,0.005800,-0.017400,-0.980200, , , 
21922.000000,1098499.000000,75549924.000000,0.008700,-0.020300,-0.974400, , , 
21923.000000,1098500.000000,75549924.000000, , , ,-0.325195,-0.325195,-0.325195
21924.000000,1098600.000000,75549924.000000,0.000000,-0.020300,-0.988900, , , 
21925.000000,1098601.000000,75549924.000000, , , ,-0.650391,0.000000,-0.325195
21926.000000,1098692.000000,75549924.000000, , , ,-0.650391,-0.325195,-0.325195
21927.000000,1098699.000000,75549924.000000,0.017400,-0.011600,-0.994700, , , 
21928.000000,1098793.000000,75549924.000000, , , ,-0.325195,-0.650391,0.000000
21929.000000,1098800.000000,75549924.000000,0.014500,0.000000,-0.962800, , , 
21930.000000,1098894.000000,75549924.000000, , , ,0.000000,-0.325195,0.000000
21931.000000,1098899.000000,75549924.000000,0.000000,-0.017400,-0.977300, , , 
21932.000000,1098995.000000,75549924.000000, , , ,0.000000,-0.325195,-0.325195
21933.000000,1099000.000000,75549924.000000,0.011600,-0.011600,-0.994700, , , 
21934.000000,1099096.000000,75549924.000000, , , ,-0.650391,0.000000,-0.325195
21935.000000,1099099.000000,75549924.000000,0.011600,-0.037700,-0.997600, , , 
21936.000000,1099197.000000,75549924.000000, , , ,-0.975586,0.000000,0.000000
21937.000000,1099200.000000,75549924.000000,0.002900,-0.029000,-0.991800, , , 
21938.000000,1099298.000000,75549924.000000, , , ,-0.325195,0.000000,-0.325195
21939.000000,1099299.000000,75549924.000000,0.026100,-0.026100,-0.962800, , , 
21940.000000,1099399.000000,75549924.000000, , , ,0.000000,-0.325195,-0.325195
21941.000000,1099400.000000,75549924.000000,0.014500,-0.040600,-0.965700, , , 
21942.000000,1099499.000000,75549924.000000,0.002900,-0.052200,-0.994700, , , 
21943.000000,1099500.000000,75549924.000000, , , ,-0.975586,0.325195,-0.650391
21944.000000,1099600.000000,75549924.000000,0.020300,-0.058000,-1.006300, , , 
21945.000000,1099601.000000,75549924.000000, , , ,-0.975586,0.000000,0.000000
21946.000000,1099692.000000,75549924.000000, , , ,-0.325195,0.000000,0.000000
21947.000000,1099699.000000,75549924.000000,0.014500,-0.017400,-0.974400, , , 
21948.000000,1099793.000000,75549924.000000, , , ,-0.325195,-0.325195,0.000000
21949.000000,1099800.000000,75549924.000000,0.014500,-0.029000,-0.971500, , , 
21950.000000,1099894.000000,75549924.000000, , , ,0.000000,0.000000,-0.325195
21951.000000,1099899.000000,75549924.000000,0.011600,-0.005800,-0.986000, , , 
21952.000000,1099995.000000,75549924.000000, , , ,-0.325195,0.000000,0.000000
21953.000000,1100000.000000,75549924.000000,0.008700,-0.029000,-0.988900, , , 
21954.000000,1100096.000000,75549924.000000, , , ,-0.650391,-0.325195,0.000000
21955.000000,1100099.000000,75549924.000000,0.014500,-0.031900,-0.991800, , , 
21956.000000,1100197.000000,75549924.000000, , , ,-0.975586,0.000000,0.325195
21957.000000,1100200.000000,75549924.000000,0.005800,-0.020300,-0.994700, , , 
21958.000000,1100298.000000,75549924.000000, , , ,-0.975586,-0.650391,-0.325195
21959.000000,1100299.000000,75549924.000000,0.014500,-0.023200,-0.988900, , , 
21960.000000,1100399.000000,75549924.000000, , , ,-0.650391,0.000000,-0.650391
21961.000000,1100400.000000,75549924.000000,0.011600,-0.017400,-0.974400, , , 
21962.000000,1100499.000000,75549924.000000,0.005800,0.005800,-0.957000, , , 
21963.000000,1100500.000000,75549924.000000, , , ,-1.300781,-0.325195,-0.650391
21964.000000,1100600.000000,75549924.000000,0.023200,-0.020300,-0.962800, , , 
21965.000000,1100601.000000,75549924.000000, , , ,-1.300781,-0.650391,0.000000
21966.000000,1100692.000000,75549924.000000, , , ,-0.650391,0.000000,0.000000
21967.000000,1100699.000000,75549924.000000,-0.008700,-0.005800,-0.980200, , , 
21968.000000,1100793.000000,75549924.000000, , , ,-0.325195,0.325195,0.000000
21969.000000,1100800.000000,75549924.000000,0.005800,-0.002900,-1.049800, , , 
21970.000000,1100894.000000,75549924.000000, , , ,-0.650391,0.000000,0.000000
21971.000000,1100899.000000,75549924.000000,0.005800,-0.005800,-1.032400, , , 
21972.000000,1100995.000000,75549924.000000, , , ,0.000000,0.000000,0.000000
21973.000000,1101000.000000,75549924.000000,0.023200,0.002900,-0.968600, , , 
21974.000000,1101096.000000,75549924.000000, , , ,-0.325195,-0.325195,0.000000
21975.000000,1101099.000000,75549924.000000,0.008700,-0.026100,-0.957000, , , 
21976.000000,1101197.000000,75549924.000000, , , ,0.000000,0.000000,-0.650391
21977.000000,1101200.000000,75549924.000000,0.023200,-0.011600,-0.980200, , , 
21978.000000,1101298.000000,75549924.000000, , , ,-0.325195,0.000000,0.000000
21979.000000,1101299.000000,75549924.000000,0.017400,-0.017400,-0.983100, , , 
21980.000000,1101399.000000,75549924.000000, , , ,-0.325195,-0.325195,0.000000
21981.000000,1101400.000000,75549924.000000,0.008700,-0.046400,-0.977300, , , 
21982.000000,1101499.000000,75549924.000000,0.014500,-0.020300,-0.974400, , , 
21983.000000,1101500.000000,75549924.000000, , , ,-0.650391,-0.325195,0.000000
21984.000000,1101600.000000,75549924.000000,-0.017400,-0.017400,-0.986000, , , 
21985.000000,1101601.000000,75549924.000000, , , ,-0.650391,0.000000,0.000000
21986.000000,1101692.000000,75549924.000000, , , ,-0.325195,0.000000,0.000000
21987.000000,1101699.000000,75549924.000000,0.020300,-0.034800,-0.991800, , , 
21988.000000,1101793.000000,75549924.000000, , , ,0.000000,0.000000,0.000000
21989.000000,1101800.000000,75549924.000000,0.011600,-0.008700,-0.980200, , , 
21990.000000,1101894.000000,75549924.000000, , , ,-0.325195,0.000000,-0.325195
21991.000000,1101899.000000,75549924.000000,0.008700,-0.014500,-1.000500, , , 
21992.000000,1101995.000000,75549924.000000, , , ,-0.650391,0.000000,-0.325195
21993.000000,1102000.000000,75549924.000000,0.014500,-0.034800,-0.977300, , , 
21994.000000,1102096.000000,75549924.000000, , , ,-0.325195,-0.650391,0.000000
21995.000000,1102099.000000,75549924.000000,0.026100,-0.011600,-0.954100, , , 
21996.000000,1102197.000000,75549924.000000, , , ,0.000000,-0.650391,0.000000
21997.000000,1102200.000000,75549924.000000,0.002900,-0.005800,-0.957000, , , 
21998.000000,1102298.000000,75549924.000000, , , ,-0.650391,0.325195,-0.325195
21999.000000,1102301.000000,75549924.000000,0.000000,-0.026100,-1.015000, , , 
22000.000000,1102398.000000,75549924.000000, , , ,-0.650391,0.000000,-0.325195
22001.000000,1102399.000000,75549924.000000,0.008700,-0.017400,-1.029500, , , 
22002.000000,1102499.000000,75549924.000000, , , ,0.000000,-0.325195,-0.325195
22003.000000,1102500.000000,75549924.000000,0.023200,-0.023200,-0.980200, , , 
22004.000000,1102599.000000,75549924.000000,0.017400,-0.020300,-0.951200, , , 
22005.000000,1102600.000000,75549924.000000, , , ,-0.325195,-0.650391,-0.650391
22006.000000,1102700.000000,75549924.000000,0.005800,-0.017400,-0.974400, , , 
22007.000000,1102701.000000,75549924.000000, , , ,-0.650391,0.000000,0.000000
22008.000000,1102792.000000,75549924.000000, , , ,0.000000,0.000000,-0.325195
22009.000000,1102799.000000,75549924.000000,0.002900,-0.023200,-1.003400, , , 
22010.000000,1102893.000000,75549924.000000, , , ,-0.650391,0.000000,0.000000
22011.000000,1102900.000000,75549924.000000,0.017400,-0.026100,-1.003400, , , 
22012.000000,1102994.000000,75549924.000000, , , ,-0.325195,-0.325195,-0.325195
22013.000000,1102999.000000,75549924.000000,0.005800,-0.029000,-0.974400, , , 
22014.000000,1103095.000000,75549924.000000, , , ,-0.975586,0.000000,0.000000
22015.000000,1103100.000000,75549924.000000,0.011600,-0.023200,-0.983100, , , 
22016.000000,1103196.000000,75549924.000000, , , ,-0.975586,0.000000,0.000000
22017.000000,1103199.000000,75549924.000000,0.002900,-0.017400,-0.994700, , , 
22018.000000,1103297.000000,75549924.000000, , , ,-0.325195,0.000000,0.000000
22019.000000,1103300.000000,75549924.000000,0.014500,-0.017400,-0.991800, , , 
22020.000000,1103398.000000,75549924.000000, , , ,-0.650391,-0.650391,-0.325195
22021.000000,1103399.000000,75549924.000000,0.017400,-0.020300,-0.965700, , , 
22022.000000,1103499.000000,75549924.000000, , , ,-0.325195,-0.650391,-0.325195
22023.000000,1103500.000000,75549924.000000,0.000000,-0.017400,-0.951200, , , 
22024.000000,1103599.000000,75549924.000000,0.011600,-0.031900,-0.968600, , , 
22025.000000,1103600.000000,75549924.000000, , , ,-0.325195,-0.325195,0.000000
22026.000000,1103700.000000,75549924.000000,0.014500,-0.020300,-0.959900, , , 
22027.000000,1103701.000000,75549924.000000, , , ,0.000000,-0.325195,0.000000
22028.000000,1103792.000000,75549924.000000, , , ,-0.325195,-0.325195,-0.325195
22029.000000,1103799.000000,75549924.000000,0.000000,-0.017400,-0.980200, , , 
22030.000000,1103893.000000,75549924.000000, , , ,-0.650391,0.000000,-0.325195
22031.000000,1103900.000000,75549924.000000,0.002900,-0.040600,-1.026600, , , 
22032.000000,1103994.000000,75549924.000000, , , ,-0.975586,0.975586,1.300781
22033.000000,1103999.000000,75549924.000000,0.005800,-0.020300,-1.012100, , , 
22034.000000,1104095.000000,75549924.000000, , , ,-0.975586,-0.650391,-1.300781
22035.000000,1104100.000000,75549924.000000,0.020300,-0.017400,-0.971500, , , 
22036.000000,1104196.000000,75549924.000000, , , ,-0.325195,-0.650391,-0.325195
22037.000000,1104199.000000,75549924.000000,0.000000,-0.014500,-0.959900, , , 
22038.000000,1104297.000000,75549924.000000, , , ,-0.325195,0.000000,-0.325195
22039.000000,1104300.000000,75549924.000000,0.005800,-0.020300,-0.988900, , , 
22040.000000,1104398.000000,75549924.000000, , , ,-0.650391,0.000000,0.000000
22041.000000,1104399.000000,75549924.000000,0.005800,-0.031900,-0.983100, , , 
22042.000000,1104499.000000,75549924.000000, , , ,-0.650391,-0.325195,0.000000
22043.000000,1104500.000000,75549924.000000,0.002900,-0.014500,-0.983100, , , 
22044.000000,1104599.000000,75549924.000000,0.002900,-0.037700,-0.988900, , , 
22045.000000,1104600.000000,75549924.000000, , , ,-0.975586,0.000000,0.000000
22046.000000,1104700.000000,75549924.000000,0.000000,-0.023200,-0.994700, , , 
22047.000000,1104701.000000,75549924.000000, , , ,-0.650391,0.000000,0.000000
22048.000000,1104792.000000,75549924.000000, , , ,-0.325195,0.000000,0.000000
22049.000000,1104799.000000,75549924.000000,0.011600,-0.005800,-0.988900, , , 
22050.000000,1104893.000000,75549924.000000, , , ,0.000000,0.000000,0.000000
22051.000000,1104900.000000,75549924.000000,0.002900,-0.008700,-0.988900, , , 
22052.000000,1104994.000000,75549924.000000, , , ,-0.325195,0.000000,0.000000
22053.000000,1104999.000000,75549924.000000,0.000000,-0.005800,-0.977300, , , 
22054.000000,1105095.000000,75549924.000000, , , ,-0.325195,0.000000,0.000000
22055.000000,1105100.000000,75549924.000000,0.000000,-0.020300,-0.968600, , , 
22056.000000,1105196.000000,75549924.000000, , , ,-0.650391,0.000000,0.000000
22057.000000,1105199.000000,75549924.000000,0.000000,-0.034800,-0.986000, , , 
22058.000000,1105297.000000,75549924.000000, , , ,-0.975586,-0.325195,0.000000
22059.000000,1105300.000000,75549924.000000,0.005800,-0.014500,-0.988900, , , 
22060.000000,1105398.000000,75549924.000000, , , ,-1.300781,0.000000,0.000000
22061.000000,1105399.000000,75549924.000000,0.000000,-0.029000,-1.017900, , , 
22062.000000,1105499.000000,75549924.000000, , , ,-0.650391,0.325195,0.000000
22063.000000,1105500.000000,75549924.000000,0.000000,0.000000,-1.003400, , , 
22064.000000,1105599.000000,75549924.000000,0.014500,0.008700,-0.951200, , , 
22065.000000,1105600.000000,75549924.000000, , , ,0.000000,-0.650391,0.000000
22066.000000,1105700.000000,75549924.000000,-0.008700,0.000000,-0.951200, , , 
22067.000000,1105701.000000,75549924.000000, , , ,0.325195,0.000000,0.000000
22068.000000,1105801.000000,75549924.000000,0.008700,-0.011600,-1.006300, , , 
22069.000000,1105802.000000,75549924.000000, , , ,-0.325195,0.325195,0.000000
22070.000000,1105892.000000,75549924.000000, , , ,-0.975586,0.000000,0.325195
22071.000000,1105899.000000,75549924.000000,0.008700,-0.023200,-0.991800, , , 
22072.000000,1105993.000000,75549924.000000, , , ,-0.650391,0.000000,0.325195
22073.000000,1106000.000000,75549924.000000,-0.008700,0.000000,-0.974400, , , 
22074.000000,1106094.000000,75549924.000000, , , ,-0.975586,0.325195,0.000000
22075.000000,1106099.000000,75549924.000000,0.000000,0.002900,-1.009200, , , 
22076.000000,1106195.000000,75549924.000000, , , ,-0.325195,0.000000,0.000000
22077.000000,1106200.000000,75549924.000000,0.029000,-0.017400,-1.009200, , , 
22078.000000,1106296.000000,75549924.000000, , , ,-0.325195,-0.325195,0.000000
22079.000000,1106299.000000,75549924.000000,0.000000,-0.014500,-0.988900, , , 
22080.000000,1106397.000000,75549924.000000, , , ,0.000000,0.000000,-0.325195
22081.000000,1106400.000000,75549924.000000,0.014500,-0.023200,-0.971500, , , 
22082.000000,1106498.000000,75549924.000000, , , ,-0.325195,0.000000,0.000000
22083.000000,1106499.000000,75549924.000000,0.000000,-0.020300,-0.962800, , , 
22084.000000,1106599.000000,75549924.000000, , , ,-0.975586,0.000000,0.000000
22085.000000,1106600.000000,75549924.000000,-0.011600,-0.031900,-0.997600, , , 
22086.000000,1106699.000000,75549924.000000,0.005800,-0.026100,-1.000500, , , 
22087.000000,1106700.000000,75549924.000000, , , ,-0.975586,0.000000,0.000000
22088.000000,1106800.000000,75549924.000000,-0.005800,0.000000,-0.997600, , , 
22089.000000,1106801.000000,75549924.000000, , , ,-0.650391,0.325195,-0.650391
22090.000000,1106892.000000,75549924.000000, , , ,-1.300781,0.000000,0.000000
22091.000000,1106899.000000,75549924.000000,0.020300,-0.008700,-0.986000, , , 
22092.000000,1106993.000000,75549924.000000, , , ,-0.325195,-0.650391,-0.325195
22093.000000,1107000.000000,75549924.000000,0.020300,0.023200,-0.971500, , , 
22094.000000,1107094.000000,75549924.000000, , , ,-0.650391,0.000000,-0.650391
22095.000000,1107099.000000,75549924.000000,0.000000,-0.002900,-0.974400, , , 
22096.000000,1107195.000000,75549924.000000, , , ,-0.325195,0.000000,0.325195
22097.000000,1107200.000000,75549924.000000,0.011600,0.026100,-0.983100, , , 
22098.000000,1107296.000000,75549924.000000, , , ,-0.650391,0.000000,0.325195
22099.000000,1107299.000000,75549924.000000,-0.005800,0.005800,-0.997600, , , 
22100.000000,1107397.000000,75549924.000000, , , ,-0.975586,-0.325195,0.000000
22101.000000,1107400.000000,75549924.000000,0.002900,0.005800,-0.983100, , , 
22102.000000,1107498.000000,75549924.000000, , , ,-1.300781,0.000000,0.975586
22103.000000,1107499.000000,75549924.000000,0.005800,0.014500,-0.959900, , , 
22104.000000,1107599.000000,75549924.000000, , , ,-0.325195,0.000000,0.975586
22105.000000,1107600.000000,75549924.000000,0.000000,0.023200,-0.974400, , , 
22106.000000,1107699.000000,75549924.000000,-0.005800,0.023200,-1.017900, , , 
22107.000000,1107700.000000,75549924.000000, , , ,-0.650391,0.000000,0.325195
22108.000000,1107800.000000,75549924.000000,0.008700,0.017400,-1.017900, , , 
22109.000000,1107801.000000,75549924.000000, , , ,-0.325195,0.000000,0.325195
22110.000000,1107892.000000,75549924.000000, , , ,-1.300781,-0.325195,0.000000
22111.000000,1107899.000000,75549924.000000,0.000000,0.000000,-0.977300, , , 
22112.000000,1107993.000000,75549924.000000, , , ,-1.625977,0.000000,0.650391
22113.000000,1108000.000000,75549924.000000,0.005800,0.029000,-0.983100, , , 
22114.000000,1108094.000000,75549924.000000, , , ,-0.325195,-0.325195,0.325195
22115.000000,1108099.000000,75549924.000000,0.026100,0.020300,-0.954100, , , 
22116.000000,1108195.000000,75549924.000000, , , ,-0.650391,0.000000,0.650391
22117.000000,1108200.000000,75549924.000000,-0.002900,0.008700,-0.980200, , , 
22118.000000,1108296.000000,75549924.000000, , , ,-0.650391,0.000000,0.000000
22119.000000,1108299.000000,75549924.000000,0.000000,0.020300,-0.988900, , , 
22120.000000,1108397.000000,75549924.000000, , , ,-0.650391,0.000000,0.325195
22121.000000,1108400.000000,75549924.000000,0.014500,0.020300,-1.000500, , , 
22122.000000,1108498.000000,75549924.000000, , , ,-0.325195,-0.325195,0.325195
22123.000000,1108499.000000,75549924.000000,0.020300,0.023200,-1.003400, , , 
22124.000000,1108599.000000,75549924.000000, , , ,0.000000,0.000000,0.325195
22125.000000,1108600.000000,75549924.000000,0.002900,0.002900,-0.986000, , , 
22126.000000,1108699.000000,75549924.000000,0.002900,0.008700,-0.988900, , , 
22127.000000,1108700.000000,75549924.000000, , , ,-0.975586,0.000000,0.325195
22128.000000,1108800.000000,75549924.000000,0.002900,0.017400,-0.988900, , , 
22129.000000,1108801.000000,75549924.000000, , , ,-0.325195,-0.325195,0.325195
22130.000000,1108892.000000,75549924.000000, , , ,0.000000,-0.650391,0.325195
22131.000000,1108899.000000,75549924.000000,0.002900,0.014500,-0.971500, , , 
22132.000000,1108993.000000,75549924.000000, , , ,-0.650391,-0.325195,0.325195
22133.000000,1109000.000000,75549924.000000,0.000000,0.000000,-0.988900, , , 
22134.000000,1109094.000000,75549924.000000, , , ,-0.325195,-0.325195,0.325195
22135.000000,1109099.000000,75549924.000000,-0.008700,0.005800,-0.977300, , , 
22136.000000,1109195.000000,75549924.000000, , , ,-0.325195,-0.650391,0.000000
22137.000000,1109200.000000,75549924.000000,0.008700,0.011600,-0.968600, , , 
22138.000000,1109296.000000,75549924.000000, , , ,-0.325195,-0.325195,0.000000
22139.000000,1109299.000000,75549924.000000,0.011600,0.011600,-0.986000, , , 
22140.000000,1109397.000000,75549924.000000, , , ,-0.650391,-0.325195,0.325195
22141.000000,1109400.000000,75549924.000000,0.002900,0.014500,-0.986000, , , 
22142.000000,1109498.000000,75549924.000000, , , ,-0.975586,-0.325195,0.000000
22143.000000,1109499.000000,75549924.000000,0.000000,0.002900,-0.994700, , , 
22144.000000,1109599.000000,75549924.000000, , , ,-0.975586,0.000000,0.325195
22145.000000,1109600.000000,75549924.000000,-0.005800,0.017400,-0.983100, , , 
22146.000000,1109699.000000,75549924.000000,-0.002900,0.008700,-0.994700, , , 
22147.000000,1109700.000000,75549924.000000, , , ,-0.650391,-0.325195,0.000000
22148.000000,1109800.000000,75549924.000000,0.023200,0.002900,-0.991800, , , 
22149.000000,1109801.000000,75549924.000000, , , ,-0.650391,0.000000,0.000000
22150.000000,1109892.000000,75549924.000000, , , ,-0.650391,0.000000,0.000000
22151.000000,1109899.000000,75549924.000000,-0.008700,0.000000,-0.988900, , , 
22152.000000,1109993.000000,75549924.000000, , , ,0.000000,-0.650391,0.000000
22153.000000,1110000.000000,75549924.000000,0.026100,0.002900,-0.965700, , , 
22154.000000,1110094.000000,75549924.000000, , , ,-0.650391,-0.325195,0.325195
22155.000000,1110099.000000,75549924.000000,0.005800,0.008700,-0.971500, , , 
22156.000000,1110195.000000,75549924.000000, , , ,-0.975586,0.000000,0.000000
22157.000000,1110200.000000,75549924.000000,-0.005800,-0.002900,-1.017900, , , 
22158.000000,1110296.000000,75549924.000000, , , ,-0.975586,-0.325195,0.650391
22159.000000,1110299.000000,75549924.000000,0.017400,0.000000,-0.997600, , , 
22160.000000,1110397.000000,75549924.000000, , , ,-0.650391,-0.325195,0.000000
22161.000000,1110400.000000,75549924.000000,-0.002900,0.026100,-0.977300, , , 
22162.000000,1110498.000000,75549924.000000, , , ,0.000000,0.000000,0.325195
22163.000000,1110499.000000,75549924.000000,0.005800,0.011600,-0.971500, , , 
22164.000000,1110599.000000,75549924.000000, , , ,0.000000,0.000000,0.325195
22165.000000,1110600.000000,75549924.000000,0.002900,0.005800,-0.983100, , , 
22166.000000,1110699.000000,75549924.000000,0.002900,0.008700,-1.000500, , , 
22167.000000,1110700.000000,75549924.000000, , , ,0.000000,0.000000,0.000000
22168.000000,1110800.000000,75549924.000000,0.005800,0.000000,-0.983100, , , 
22169.000000,1110801.000000,75549924.000000, , , ,-0.325195,0.000000,0.000000
22170.000000,1110892.000000,75549924.000000, , , ,-0.325195,-0.975586,0.650391
22171.000000,1110899.000000,75549924.000000,0.008700,0.008700,-0.948300, , , 
22172.000000,1110993.000000,75549924.000000, , , ,0.000000,-0.650391,0.000000
22173.000000,1111000.000000,75549924.000000,0.005800,0.005800,-0.957000, , , 
22174.000000,1111094.000000,75549924.000000, , , ,0.325195,0.000000,0.000000
22175.000000,1111099.000000,75549924.000000,0.002900,-0.008700,-0.991800, , , 
22176.000000,1111195.000000,75549924.000000, , , ,0.000000,0.000000,0.325195
22177.000000,1111200.000000,75549924.000000,0.002900,0.008700,-1.012100, , , 
22178.000000,1111296.000000,75549924.000000, , , ,-0.325195,0.000000,0.000000
22179.000000,1111299.000000,75549924.000000,0.000000,0.011600,-1.003400, , , 
22180.000000,1111397.000000,75549924.000000, , , ,-0.650391,0.000000,0.000000
22181.000000,1111400.000000,75549924.000000,0.011600,-0.023200,-1.003400, , , 
22182.000000,1111498.000000,75549924.000000, , , ,-1.625977,-0.650391,0.000000
22183.000000,1111500.000000,75549924.000000,0.000000,-0.014500,-0.980200, , , 
22184.000000,1111598.000000,75549924.000000, , , ,-1.300781,0.000000,0.000000
22185.000000,1111599.000000,75549924.000000,0.011600,0.017400,-0.988900, , , 
22186.000000,1111699.000000,75549924.000000, , , ,-0.650391,0.000000,-1.300781
22187.000000,1111700.000000,75549924.000000,-0.002900,0.000000,-0.991800, , , 
22188.000000,1111799.000000,75549924.000000,0.000000,0.000000,-0.986000, , , 
22189.000000,1111800.000000,75549924.000000, , , ,-0.325195,0.000000,0.000000
22190.000000,1111900.000000,75549924.000000,0.000000,0.000000,-0.986000, , , 
22191.000000,1111901.000000,75549924.000000, , , ,0.325195,0.325195,0.975586
22192.000000,1111992.000000,75549924.000000, , , ,0.000000,-0.325195,0.325195
22193.000000,1111999.000000,75549924.000000,0.020300,-0.014500,-0.965700, , , 
22194.000000,1112093.000000,75549924.000000, , , ,0.000000,0.000000,0.000000
22195.000000,1112100.000000,75549924.000000,0.000000,-0.014500,-0.983100, , , 
22196.000000,1112194.000000,75549924.000000, , , ,-0.325195,0.325195,0.650391
22197.000000,1112199.000000,75549924.000000,0.000000,-0.014500,-1.009200, , , 
22198.000000,1112295.000000,75549924.000000, , , ,-0.650391,0.000000,-0.325195
22199.000000,1112300.000000,75549924.000000,0.008700,0.000000,-1.015000, , , 
22200.000000,1112396.000000,75549924.000000, , , ,-0.975586,0.000000,0.000000
22201.000000,1112399.000000,75549924.000000,0.020300,-0.005800,-0.994700, , , 
22202.000000,1112497.000000,75549924.000000, , , ,0.000000,-0.325195,0.000000
22203.000000,1112500.000000,75549924.000000,0.002900,0.005800,-0.965700, , , 
22204.000000,1112598.000000,75549924.000000, , , ,-0.650391,-0.650391,0.000000
22205.000000,1112599.000000,75549924.000000,0.020300,-0.023200,-0.957000, , , 
22206.000000,1112699.000000,75549924.000000, , , ,-0.975586,-0.650391,-0.325195
22207.000000,1112700.000000,75549924.000000,0.005800,-0.011600,-0.954100, , , 
22208.000000,1112799.000000,75549924.000000,0.008700,-0.002900,-0.971500, , , 
22209.000000,1112800.000000,75549924.000000, , , ,-0.975586,-0.325195,0.000000
22210.000000,1112900.000000,75549924.000000,0.002900,-0.014500,-0.994700, , , 
22211.000000,1112901.000000,75549924.000000, , , ,-0.975586,-0.325195,0.000000
22212.000000,1112992.000000,75549924.000000, , , ,-0.325195,-0.325195,0.000000
22213.000000,1112999.000000,75549924.000000,0.020300,0.000000,-1.003400, , , 
22214.000000,1113093.000000,75549924.000000, , , ,0.000000,-0.325195,-0.325195
22215.000000,1113100.000000,75549924.000000,0.011600,0.011600,-0.977300, , , 
22216.000000,1113194.000000,75549924.000000, , , ,0.000000,0.000000,0.000000
22217.000000,1113199.000000,75549924.000000,0.014500,-0.011600,-0.977300, , , 
22218.000000,1113295.000000,75549924.000000, , , ,-0.325195,0.325195,0.000000
22219.000000,1113300.000000,75549924.000000,0.005800,-0.017400,-0.988900, , , 
22220.000000,1113396.000000,75549924.000000, , , ,-0.325195,0.000000,0.000000
22221.000000,1113399.000000,75549924.000000,0.002900,-0.031900,-0.991800, , , 
22222.000000,1113497.000000,75549924.000000, , , ,-0.325195,-0.325195,0.000000
22223.000000,1113500.000000,75549924.000000,0.017400,0.000000,-0.971500, , , 
22224.000000,1113598.000000,75549924.000000, , , ,-1.300781,-0.650391,0.325195
22225.000000,1113599.000000,75549924.000000,0.011600,0.000000,-0.936700, , , 
22226.000000,1113699.000000,75549924.000000, , , ,-0.650391,-0.975586,0.000000
22227.000000,1113700.000000,75549924.000000,0.023200,0.031900,-0.957000, , , 
22228.000000,1113799.000000,75549924.000000,0.017400,0.040600,-0.957000, , , 
22229.000000,1113800.000000,75549924.000000, , , ,0.325195,-0.650391,0.325195
22230.000000,1113900.000000,75549924.000000,-0.002900,0.000000,-1.006300, , , 
22231.000000,1113901.000000,75549924.000000, , , ,0.000000,0.000000,0.325195
22232.000000,1113992.000000,75549924.000000, , , ,-0.975586,0.000000,0.000000
22233.000000,1113999.000000,75549924.000000,0.026100,0.011600,-1.009200, , , 
22234.000000,1114093.000000,75549924.000000, , , ,-0.325195,-0.650391,0.325195
22235.000000,1114100.000000,75549924.000000,0.011600,0.020300,-0.965700, , , 
22236.000000,1114194.000000,75549924.000000, , , ,-0.650391,0.000000,0.325195
22237.000000,1114199.000000,75549924.000000,0.008700,0.037700,-0.971500, , , 
22238.000000,1114295.000000,75549924.000000, , , ,-0.650391,-0.325195,0.650391
22239.000000,1114300.000000,75549924.000000,0.002900,0.011600,-0.983100, , , 
22240.000000,1114396.000000,75549924.000000, , , ,-0.975586,-0.325195,0.325195
22241.000000,1114399.000000,75549924.000000,0.005800,0.017400,-0.977300, , , 
22242.000000,1114497.000000,75549924.000000, , , ,-0.650391,-0.325195,0.000000
22243.000000,1114500.000000,75549924.000000,0.005800,0.014500,-0.994700, , , 
22244.000000,1114598.000000,75549924.000000, , , ,0.000000,-0.325195,0.325195
22245.000000,1114599.000000,75549924.000000,0.020300,0.023200,-0.980200, , , 
22246.000000,1114699.000000,75549924.000000, , , ,-0.325195,-0.650391,-0.325195
22247.000000,1114700.000000,75549924.000000,0.002900,-0.002900,-0.945400, , , 
22248.000000,1114799.000000,75549924.000000,0.000000,0.000000,-0.968600, , , 
22249.000000,1114800.000000,75549924.000000, , , ,0.000000,-0.650391,0.325195
22250.000000,1114900.000000,75549924.000000,0.011600,-0.002900,-0.980200, , , 
22251.000000,1114901.000000,75549924.000000, , , ,0.000000,0.000000,0.325195
22252.000000,1115001.000000,75549924.000000,0.005800,0.020300,-0.977300, , , 
22253.000000,1115002.000000,75549924.000000, , , ,-0.325195,-0.325195,0.325195
22254.000000,1115092.000000,75549924.000000, , , ,-0.325195,-0.975586,0.000000
22255.000000,1115099.000000,75549924.000000,0.020300,0.005800,-0.948300, , , 
22256.000000,1115193.000000,75549924.000000, , , ,-0.325195,0.000000,0.000000
22257.000000,1115200.000000,75549924.000000,-0.002900,0.017400,-0.971500, , , 
22258.000000,1115294.000000,75549924.000000, , , ,0.000000,0.000000,0.000000
22259.000000,1115299.000000,75549924.000000,0.014500,0.014500,-0.997600, , , 
22260.000000,1115395.000000,75549924.000000, , , ,-0.325195,0.000000,0.000000
22261.000000,1115400.000000,75549924.000000,0.005800,0.029000,-0.977300, , , 
22262.000000,1115496.000000,75549924.000000, , , ,0.000000,-0.325195,0.650391
22263.000000,1115499.000000,75549924.000000,0.000000,0.002900,-0.991800, , , 
22264.000000,1115597.000000,75549924.000000, , , ,-0.650391,-0.325195,0.000000
22265.000000,1115600.000000,75549924.000000,0.023200,-0.008700,-0.980200, , , 
22266.000000,1115698.000000,75549924.000000, , , ,-0.650391,-0.325195,0.000000
22267.000000,1115699.000000,75549924.000000,0.020300,0.000000,-0.977300, , , 
22268.000000,1115799.000000,75549924.000000, , , ,-0.325195,0.000000,0.000000
22269.000000,1115800.000000,75549924.000000,0.000000,0.020300,-0.974400, , , 
22270.000000,1115899.000000,75549924.000000,0.017400,0.008700,-0.965700, , , 
22271.000000,1115900.000000,75549924.000000, , , ,-0.975586,-0.975586,0.325195
22272.000000,1116000.000000,75549924.000000,0.005800,0.000000,-0.983100, , , 
22273.000000,1116001.000000,75549924.000000, , , ,0.000000,0.000000,0.000000
22274.000000,1116092.000000,75549924.000000, , , ,0.000000,0.000000,0.000000
22275.000000,1116099.000000,75549924.000000,0.005800,0.011600,-0.988900, , , 
22276.000000,1116193.000000,75549924.000000, , , ,-0.975586,-0.325195,0.000000
22277.000000,1116200.000000,75549924.000000,0.011600,0.002900,-0.986000, , , 
22278.000000,1116294.000000,75549924.000000, , , ,-0.325195,-0.650391,0.000000
22279.000000,1116299.000000,75549924.000000,0.011600,0.008700,-0.957000, , , 
22280.000000,1116395.000000,75549924.000000, , , ,-0.325195,-0.325195,0.325195
22281.000000,1116400.000000,75549924.000000,0.002900,-0.008700,-0.968600, , , 
22282.000000,1116496.000000,75549924.000000, , , ,-0.325195,-0.325195,0.000000
22283.000000,1116499.000000,75549924.000000,0.011600,-0.005800,-0.965700, , , 
22284.000000,1116597.000000,75549924.000000, , , ,-0.650391,0.000000,0.000000
22285.000000,1116600.000000,75549924.000000,-0.005800,0.002900,-0.971500, , , 
22286.000000,1116698.000000,75549924.000000, , , ,-1.300781,0.000000,0.000000
22287.000000,1116699.000000,75549924.000000,0.000000,-0.008700,-0.994700, , , 
22288.000000,1116799.000000,75549924.000000, , , ,-0.650391,-0.325195,0.000000
22289.000000,1116800.000000,75549924.000000,0.000000,0.005800,-0.986000, , , 
22290.000000,1116899.000000,75549924.000000,0.002900,0.008700,-0.959900, , , 
22291.000000,1116900.000000,75549924.000000, , , ,-0.650391,-0.650391,0.325195
22292.000000,1117000.000000,75549924.000000,0.005800,0.005800,-0.965700, , , 
22293.000000,1117001.000000,75549924.000000, , , ,0.000000,-0.325195,0.000000
22294.000000,1117092.000000,75549924.000000, , , ,0.000000,0.000000,0.000000
22295.000000,1117099.000000,75549924.000000,-0.005800,0.005800,-0.986000, , , 
22296.000000,1117193.000000,75549924.000000, , , ,-0.650391,0.000000,0.325195
22297.000000,1117200.000000,75549924.000000,0.002900,-0.005800,-1.023700, , , 
22298.000000,1117294.000000,75549924.000000, , , ,-0.325195,0.000000,0.000000
22299.000000,1117299.000000,75549924.000000,0.005800,0.002900,-1.000500, , , 
22300.000000,1117395.000000,75549924.000000, , , ,-0.325195,-0.650391,0.650391
22301.000000,1117400.000000,75549924.000000,-0.005800,0.020300,-0.954100, , , 
22302.000000,1117496.000000,75549924.000000, , , ,-0.325195,-0.325195,0.000000
22303.000000,1117499.000000,75549924.000000,0.000000,0.000000,-0.951200, , , 
22304.000000,1117597.000000,75549924.000000, , , ,-0.650391,-0.325195,0.000000
22305.000000,1117600.000000,75549924.000000,-0.014500,0.011600,-0.968600, , , 
22306.000000,1117698.000000,75549924.000000, , , ,-0.325195,0.325195,0.000000
22307.000000,1117699.000000,75549924.000000,-0.002900,0.020300,-1.000500, , , 
22308.000000,1117799.000000,75549924.000000, , , ,-0.975586,0.000000,0.000000
22309.000000,1117800.000000,75549924.000000,0.002900,0.011600,-1.017900, , , 
22310.000000,1117899.000000,75549924.000000,-0.005800,0.011600,-1.003400, , , 
22311.000000,1117900.000000,75549924.000000, , , ,-0.650391,0.000000,0.000000
22312.000000,1118000.000000,75549924.000000,0.000000,0.017400,-0.957000, , , 
22313.000000,1118001.000000,75549924.000000, , , ,-0.650391,-0.650391,0.000000
22314.000000,1118092.000000,75549924.000000, , , ,-0.650391,0.000000,0.325195
22315.000000,1118099.000000,75549924.000000,-0.014500,0.000000,-0.974400, , , 
22316.000000,1118193.000000,75549924.000000, , , ,-0.650391,-0.325195,0.325195
22317.000000,1118200.000000,75549924.000000,-0.005800,0.011600,-0.974400, , , 
22318.000000,1118294.000000,75549924.000000, , , ,0.000000,-0.650391,0.325195
22319.000000,1118299.000000,75549924.000000,0.008700,0.020300,-0.939600, , , 
22320.000000,1118395.000000,75549924.000000, , , ,0.000000,-1.300781,0.000000
22321.000000,1118400.000000,75549924.000000,-0.017400,0.020300,-0.910600, , , 
22322.000000,1118496.000000,75549924.000000, , , ,-0.325195,0.000000,0.000000
22323.000000,1118499.000000,75549924.000000,-0.031900,0.011600,-1.003400, , , 
22324.000000,1118597.000000,75549924.000000, , , ,-0.975586,1.300781,0.000000
22325.000000,1118600.000000,75549924.000000,-0.014500,0.002900,-1.093300, , , 
22326.000000,1118698.000000,75549924.000000, , , ,-1.300781,0.325195,0.325195
22327.000000,1118699.000000,75549924.000000,0.000000,0.023200,-1.073000, , , 
22328.000000,1118799.000000,75549924.000000, , , ,-0.975586,-0.650391,0.650391
22329.000000,1118800.000000,75549924.000000,-0.002900,0.023200,-0.977300, , , 
22330.000000,1118899.000000,75549924.000000,-0.008700,0.014500,-0.939600, , , 
22331.000000,1118900.000000,75549924.000000, , , ,-0.325195,0.000000,0.000000
22332.000000,1119000.000000,75549924.000000,-0.014500,0.002900,-0.977300, , , 
22333.000000,1119001.000000,75549924.000000, , , ,-0.650391,0.000000,0.000000
22334.000000,1119092.000000,75549924.000000, , , ,-0.325195,0.000000,0.325195
22335.000000,1119099.000000,75549924.000000,-0.008700,0.000000,-0.986000, , , 
22336.000000,1119193.000000,75549924.000000, , , ,0.000000,-0.325195,0.000000
22337.000000,1119200.000000,75549924.000000,-0.005800,0.023200,-0.977300, , , 
22338.000000,1119294.000000,75549924.000000, , , ,0.000000,-0.650391,0.000000
22339.000000,1119299.000000,75549924.000000,0.000000,0.005800,-0.962800, , , 
22340.000000,1119395.000000,75549924.000000, , , ,0.000000,0.000000,0.000000
22341.000000,1119400.000000,75549924.000000,-0.014500,0.011600,-0.959900, , , 
22342.000000,1119496.000000,75549924.000000, , , ,-0.325195,-0.325195,0.000000
22343.000000,1119499.000000,75549924.000000,-0.008700,-0.005800,-0.959900, , , 
22344.000000,1119597.000000,75549924.000000, , , ,-0.650391,0.000000,0.000000
22345.000000,1119600.000000,75549924.000000,-0.014500,0.000000,-0.974400, , , 
22346.000000,1119698.000000,75549924.000000, , , ,-0.650391,0.000000,0.000000
22347.000000,1119699.000000,75549924.000000,-0.005800,-0.005800,-0.986000, , , 
22348.000000,1119799.000000,75549924.000000, , , ,-0.650391,0.000000,0.325195
22349.000000,1119800.000000,75549924.000000,-0.017400,0.011600,-1.003400, , , 
22350.000000,1119899.000000,75549924.000000,-0.014500,-0.005800,-1.015000, , , 
22351.000000,1119900.000000,75549924.000000, , , ,0.000000,0.000000,0.000000
22352.000000,1120000.000000,75549924.000000,-0.011600,0.011600,-1.003400, , , 
22353.000000,1120001.000000,75549924.000000, , , ,-0.325195,0.650391,0.000000
22354.000000,1120092.000000,75549924.000000, , , ,-0.325195,0.000000,-0.325195
22355.000000,1120099.000000,75549924.000000,-0.011600,0.000000,-1.003400, , , 
22356.000000,1120193.000000,75549924.000000, , , ,0.000000,0.000000,0.000000
22357.000000,1120200.000000,75549924.000000,0.000000,-0.002900,-0.983100, , , 
22358.000000,1120294.000000,75549924.000000, , , ,-0.325195,-0.325195,0.000000
22359.000000,1120299.000000,75549924.000000,-0.008700,0.002900,-0.939600, , , 
22360.000000,1120395.000000,75549924.000000, , , ,-0.650391,0.000000,0.325195
22361.000000,1120400.000000,75549924.000000,-0.014500,0.005800,-0.968600, , , 
22362.000000,1120496.000000,75549924.000000, , , ,-0.650391,0.000000,0.000000
22363.000000,1120499.000000,75549924.000000,-0.011600,0.005800,-0.977300, , , 
22364.000000,1120597.000000,75549924.000000, , , ,-0.975586,0.000000,0.000000
22365.000000,1120600.000000,75549924.000000,0.000000,-0.002900,-0.988900, , , 
22366.000000,1120698.000000,75549924.000000, , , ,-0.650391,0.000000,0.000000
22367.000000,1120699.000000,75549924.000000,-0.008700,0.008700,-0.988900, , , 
22368.000000,1120799.000000,75549924.000000, , , ,0.000000,0.000000,0.000000
22369.000000,1120800.000000,75549924.000000,-0.011600,0.005800,-1.009200, , , 
22370.000000,1120899.000000,75549924.000000,-0.002900,0.000000,-1.012100, , , 
22371.000000,1120900.000000,75549924.000000, , , ,0.000000,0.325195,-0.325195
22372.000000,1121000.000000,75549924.000000,-0.020300,0.005800,-0.959900, , , 
22373.000000,1121001.000000,75549924.000000, , , ,0.000000,-1.300781,0.000000
22374.000000,1121092.000000,75549924.000000, , , ,-0.650391,0.000000,0.000000
22375.000000,1121099.000000,75549924.000000,-0.017400,0.000000,-0.974400, , , 
22376.000000,1121193.000000,75549924.000000, , , ,-0.975586,0.000000,0.000000
22377.000000,1121200.000000,75549924.000000,-0.014500,0.000000,-1.017900, , , 
22378.000000,1121294.000000,75549924.000000, , , ,-0.325195,0.000000,0.000000
22379.000000,1121299.000000,75549924.000000,0.000000,0.002900,-1.015000, , , 
22380.000000,1121395.000000,75549924.000000, , , ,0.000000,0.000000,0.000000
22381.000000,1121400.000000,75549924.000000,0.002900,0.000000,-0.977300, , , 
22382.000000,1121496.000000,75549924.000000, , , ,-0.325195,-0.650391,0.000000
22383.000000,1121499.000000,75549924.000000,-0.011600,0.005800,-0.951200, , , 
22384.000000,1121597.000000,75549924.000000, , , ,-0.975586,-0.325195,0.000000
22385.000000,1121600.000000,75549924.000000,0.002900,-0.005800,-0.945400, , , 
22386.000000,1121698.000000,75549924.000000, , , ,-0.325195,-0.325195,0.000000
22387.000000,1121699.000000,75549924.000000,-0.011600,0.008700,-0.965700, , , 
22388.000000,1121799.000000,75549924.000000, , , ,0.000000,-0.650391,0.000000
22389.000000,1121800.000000,75549924.000000,-0.017400,-0.002900,-0.997600, , , 
22390.000000,1121899.000000,75549924.000000,0.000000,-0.017400,-0.986000, , , 
22391.000000,1121900.000000,75549924.000000, , , ,-0.975586,-0.325195,0.000000
22392.000000,1122000.000000,75549924.000000,-0.037700,-0.002900,-0.986000, , , 
22393.000000,1122001.000000,75549924.000000, , , ,-0.325195,0.000000,0.000000
22394.000000,1122092.000000,75549924.000000, , , ,-1.300781,0.000000,0.000000
22395.000000,1122099.000000,75549924.000000,-0.005800,0.000000,-1.026600, , , 
22396.000000,1122193.000000,75549924.000000, , , ,-0.650391,0.000000,0.000000
22397.000000,1122200.000000,75549924.000000,0.000000,0.026100,-1.009200, , , 
22398.000000,1122294.000000,75549924.000000, , , ,0.000000,-0.325195,0.000000
22399.000000,1122299.000000,75549924.000000,-0.017400,-0.008700,-0.988900, , , 
22400.000000,1122395.000000,75549924.000000, , , ,-0.325195,0.000000,0.000000
22401.000000,1122400.000000,75549924.000000,-0.008700,-0.002900,-0.997600, , , 
22402.000000,1122496.000000,75549924.000000, , , ,-0.325195,-0.325195,0.000000
22403.000000,1122499.000000,75549924.000000,0.000000,-0.008700,-0.965700, , , 
22404.000000,1122597.000000,75549924.000000, , , ,-0.325195,0.000000,0.000000
22405.000000,1122600.000000,75549924.000000,-0.023200,0.000000,-0.983100, , , 
22406.000000,1122698.000000,75549924.000000, , , ,-0.650391,0.000000,0.000000
22407.000000,1122699.000000,75549924.000000,0.000000,0.000000,-0.994700, , , 
22408.000000,1122799.000000,75549924.000000, , , ,-0.650391,-0.325195,0.000000
22409.000000,1122800.000000,75549924.000000,-0.002900,0.008700,-0.974400, , , 
22410.000000,1122899.000000,75549924.000000,-0.005800,0.000000,-0.965700, , , 
22411.000000,1122900.000000,75549924.000000, , , ,-0.650391,-0.325195,0.000000
22412.000000,1123000.000000,75549924.000000,-0.014500,-0.002900,-0.977300, , , 
22413.000000,1123001.000000,75549924.000000, , , ,-0.325195,0.000000,0.000000
22414.000000,1123092.000000,75549924.000000, , , ,-0.975586,0.000000,0.325195
22415.000000,1123099.000000,75549924.000000,-0.011600,0.002900,-0.974400, , , 
22416.000000,1123193.000000,75549924.000000, , , ,-0.650391,0.000000,0.000000
22417.000000,1123200.000000,75549924.000000,-0.011600,0.011600,-1.003400, , , 
22418.000000,1123294.000000,75549924.000000, , , ,-0.325195,0.000000,0.325195
22419.000000,1123299.000000,75549924.000000,-0.002900,0.011600,-0.988900, , , 
22420.000000,1123395.000000,75549924.000000, , , ,-0.650391,-0.325195,0.000000
22421.000000,1123400.000000,75549924.000000,-0.011600,0.000000,-0.945400, , , 
22422.000000,1123496.000000,75549924.000000, , , ,-0.975586,0.000000,0.325195
22423.000000,1123499.000000,75549924.000000,-0.020300,0.011600,-0.965700, , , 
22424.000000,1123597.000000,75549924.000000, , , ,-0.975586,0.000000,0.000000
22425.000000,1123600.000000,75549924.000000,-0.005800,0.014500,-0.994700, , , 
22426.000000,1123698.000000,75549924.000000, , , ,-0.650391,0.000000,0.000000
22427.000000,1123699.000000,75549924.000000,-0.011600,0.000000,-1.006300, , , 
22428.000000,1123799.000000,75549924.000000, , , ,-0.650391,0.325195,0.000000
22429.000000,1123800.000000,75549924.000000,-0.008700,0.014500,-1.006300, , , 
22430.000000,1123899.000000,75549924.000000,-0.002900,0.000000,-0.994700, , , 
22431.000000,1123900.000000,75549924.000000, , , ,-0.325195,0.325195,0.000000
22432.000000,1124000.000000,75549924.000000,-0.002900,0.000000,-0.962800, , , 
22433.000000,1124001.000000,75549924.000000, , , ,-0.325195,-0.325195,0.000000
22434.000000,1124092.000000,75549924.000000, , , ,-0.325195,-0.325195,0.000000
22435.000000,1124099.000000,75549924.000000,-0.014500,0.002900,-0.983100, , , 
22436.000000,1124193.000000,75549924.000000, , , ,-0.650391,0.000000,-0.325195
22437.000000,1124200.000000,75549924.000000,-0.005800,-0.017400,-1.015000, , , 
22438.000000,1124294.000000,75549924.000000, , , ,0.000000,0.000000,0.000000
22439.000000,1124299.000000,75549924.000000,-0.002900,-0.005800,-0.997600, , , 
22440.000000,1124395.000000,75549924.000000, , , ,-0.650391,0.000000,-0.325195
22441.000000,1124400.000000,75549924.000000,0.002900,0.008700,-0.945400, , , 
22442.000000,1124496.000000,75549924.000000, , , ,-0.650391,-0.325195,0.000000
22443.000000,1124499.000000,75549924.000000,-0.011600,-0.008700,-0.962800, , , 
22444.000000,1124597.000000,75549924.000000, , , ,-0.650391,0.000000,-0.325195
22445.000000,1124600.000000,75549924.000000,0.000000,0.002900,-1.000500, , , 
22446.000000,1124698.000000,75549924.000000, , , ,0.000000,0.000000,-0.325195
22447.000000,1124699.000000,75549924.000000,0.000000,-0.011600,-1.006300, , , 
22448.000000,1124799.000000,75549924.000000, , , ,-0.650391,0.000000,0.000000
22449.000000,1124800.000000,75549924.000000,0.000000,0.000000,-0.965700, , , 
22450.000000,1124899.000000,75549924.000000,-0.002900,-0.017400,-0.945400, , , 
22451.000000,1124900.000000,75549924.000000, , , ,-0.650391,-0.650391,0.000000
22452.000000,1125000.000000,75549924.000000,-0.008700,0.000000,-0.954100, , , 
22453.000000,1125001.000000,75549924.000000, , , ,-0.325195,-0.650391,0.000000
22454.000000,1125092.000000,75549924.000000, , , ,-0.325195,-0.325195,0.000000
22455.000000,1125099.000000,75549924.000000,0.002900,0.008700,-0.971500, , , 
22456.000000,1125193.000000,75549924.000000, , , ,0.000000,-0.325195,-0.325195
22457.000000,1125200.000000,75549924.000000,-0.002900,0.008700,-0.997600, , , 
22458.000000,1125294.000000,75549924.000000, , , ,0.000000,0.325195,0.325195
22459.000000,1125299.000000,75549924.000000,-0.005800,-0.008700,-1.012100, , , 
22460.000000,1125395.000000,75549924.000000, , , ,-0.325195,0.000000,-0.325195
22461.000000,1125400.000000,75549924.000000,0.005800,0.000000,-1.012100, , , 
22462.000000,1125496.000000,75549924.000000, , , ,0.000000,0.000000,-0.325195
22463.000000,1125499.000000,75549924.000000,-0.008700,0.011600,-1.023700, , , 
22464.000000,1125597.000000,75549924.000000, , , ,-0.325195,0.000000,0.000000
22465.000000,1125600.000000,75549924.000000,0.020300,0.000000,-0.986000, , , 
22466.000000,1125698.000000,75549924.000000, , , ,-0.325195,-0.650391,-0.325195
22467.000000,1125699.000000,75549924.000000,0.000000,0.000000,-0.945400, , , 
22468.000000,1125799.000000,75549924.000000, , , ,-0.650391,0.000000,0.000000
22469.000000,1125800.000000,75549924.000000,-0.011600,-0.002900,-0.977300, , , 
22470.000000,1125899.000000,75549924.000000,0.008700,-0.002900,-0.965700, , , 
22471.000000,1125900.000000,75549924.000000, , , ,-1.300781,-0.650391,0.000000
22472.000000,1126000.000000,75549924.000000,0.000000,-0.005800,-0.968600, , , 
22473.000000,1126001.000000,75549924.000000, , , ,-1.300781,-0.325195,0.325195
22474.000000,1126092.000000,75549924.000000, , , ,-0.975586,-0.650391,0.325195
22475.000000,1126099.000000,75549924.000000,0.000000,0.005800,-0.974400, , , 
22476.000000,1126193.000000,75549924.000000, , , ,-0.325195,0.000000,0.000000
22477.000000,1126200.000000,75549924.000000,-0.011600,0.002900,-0.983100, , , 
22478.000000,1126294.000000,75549924.000000, , , ,-0.650391,0.000000,0.000000
22479.000000,1126299.000000,75549924.000000,-0.014500,0.002900,-1.017900, , , 
22480.000000,1126395.000000,75549924.000000, , , ,-0.325195,0.000000,0.000000
22481.000000,1126400.000000,75549924.000000,-0.002900,-0.011600,-1.012100, , , 
22482.000000,1126496.000000,75549924.000000, , , ,-0.325195,0.000000,0.000000
22483.000000,1126499.000000,75549924.000000,0.000000,0.002900,-0.997600, , , 
22484.000000,1126597.000000,75549924.000000, , , ,0.000000,-0.325195,0.000000
22485.000000,1126600.000000,75549924.000000,0.011600,0.000000,-0.965700, , , 
22486.000000,1126698.000000,75549924.000000, , , ,0.000000,-0.650391,-0.325195
22487.000000,1126699.000000,75549924.000000,-0.014500,-0.029000,-0.968600, , , 
22488.000000,1126799.000000,75549924.000000, , , ,-0.325195,0.000000,0.000000
22489.000000,1126800.000000,75549924.000000,-0.005800,-0.034800,-0.994700, , , 
22490.000000,1126899.000000,75549924.000000,0.008700,-0.011600,-1.015000, , , 
22491.000000,1126900.000000,75549924.000000, , , ,0.000000,0.325195,0.000000
22492.000000,1127000.000000,75549924.000000,-0.005800,-0.020300,-1.041100, , , 
22493.000000,1127001.000000,75549924.000000, , , ,-0.650391,0.000000,0.000000
22494.000000,1127092.000000,75549924.000000, , , ,-0.975586,0.650391,-0.325195
22495.000000,1127099.000000,75549924.000000,-0.005800,-0.031900,-1.032400, , , 
22496.000000,1127193.000000,75549924.000000, , , ,-0.325195,0.000000,-0.325195
22497.000000,1127200.000000,75549924.000000,0.000000,-0.020300,-1.017900, , , 
22498.000000,1127294.000000,75549924.000000, , , ,-0.325195,0.000000,-0.325195
22499.000000,1127299.000000,75549924.000000,0.002900,-0.017400,-0.991800, , , 
22500.000000,1127395.000000,75549924.000000, , , ,-0.325195,0.325195,0.000000
22501.000000,1127400.000000,75549924.000000,-0.005800,-0.023200,-1.009200, , , 
22502.000000,1127496.000000,75549924.000000, , , ,-0.650391,0.325195,0.325195
22503.000000,1127499.000000,75549924.000000,-0.005800,-0.023200,-1.032400, , , 
22504.000000,1127597.000000,75549924.000000, , , ,-0.650391,0.325195,0.000000
22505.000000,1127600.000000,75549924.000000,0.000000,-0.017400,-1.009200, , , 
22506.000000,1127698.000000,75549924.000000, , , ,-0.975586,-0.650391,0.000000
22507.000000,1127699.000000,75549924.000000,-0.002900,-0.017400,-0.971500, , , 
22508.000000,1127799.000000,75549924.000000, , , ,0.000000,-0.325195,0.000000
22509.000000,1127800.000000,75549924.000000,-0.005800,0.000000,-0.968600, , , 
22510.000000,1127899.000000,75549924.000000,-0.020300,-0.017400,-1.015000, , , 
22511.000000,1127900.000000,75549924.000000, , , ,0.000000,0.000000,-0.325195
22512.000000,1128000.000000,75549924.000000,-0.005800,-0.031900,-1.052700, , , 
22513.000000,1128001.000000,75549924.000000, , , ,-0.325195,0.650391,-0.325195
22514.000000,1128092.000000,75549924.000000, , , ,-0.650391,-0.325195,0.000000
22515.000000,1128099.000000,75549924.000000,-0.005800,-0.034800,-1.035300, , , 
22516.000000,1128193.000000,75549924.000000, , , ,-0.325195,0.000000,-0.325195
22517.000000,1128200.000000,75549924.000000,0.005800,0.000000,-0.971500, , , 
22518.000000,1128294.000000,75549924.000000, , , ,-0.325195,0.000000,-0.325195
22519.000000,1128299.000000,75549924.000000,0.002900,-0.026100,-0.968600, , , 
22520.000000,1128395.000000,75549924.000000, , , ,-0.325195,0.650391,-0.325195
22521.000000,1128400.000000,75549924.000000,-0.014500,-0.026100,-1.006300, , , 
22522.000000,1128496.000000,75549924.000000, , , ,-0.650391,0.000000,-0.325195
22523.000000,1128499.000000,75549924.000000,0.002900,-0.011600,-1.017900, , , 
22524.000000,1128597.000000,75549924.000000, , , ,0.000000,0.000000,0.325195
22525.000000,1128600.000000,75549924.000000,0.000000,-0.014500,-0.991800, , , 
22526.000000,1128698.000000,75549924.000000, , , ,0.000000,-0.325195,0.000000
22527.000000,1128699.000000,75549924.000000,0.002900,-0.017400,-0.977300, , , 
22528.000000,1128799.000000,75549924.000000, , , ,0.000000,0.000000,-0.325195
22529.000000,1128800.000000,75549924.000000,0.000000,-0.026100,-0.968600, , , 
22530.000000,1128899.000000,75549924.000000,-0.005800,-0.029000,-0.988900, , , 
22531.000000,1128900.000000,75549924.000000, , , ,-0.975586,0.000000,-0.325195
22532.000000,1129000.000000,75549924.000000,0.002900,-0.040600,-1.006300, , , 
22533.000000,1129001.000000,75549924.000000, , , ,-0.975586,0.000000,0.000000
22534.000000,1129092.000000,75549924.000000, , , ,-0.650391,0.000000,-0.325195
22535.000000,1129099.000000,75549924.000000,0.002900,-0.029000,-0.974400, , , 
22536.000000,1129193.000000,75549924.000000, , , ,-0.650391,-0.975586,-0.325195
22537.000000,1129200.000000,75549924.000000,0.000000,-0.023200,-0.962800, , , 
22538.000000,1129294.000000,75549924.000000, , , ,-0.650391,-0.325195,0.000000
22539.000000,1129299.000000,75549924.000000,-0.008700,-0.031900,-0.977300, , , 
22540.000000,1129395.000000,75549924.000000, , , ,-0.975586,-0.325195,-0.650391
22541.000000,1129400.000000,75549924.000000,-0.008700,-0.014500,-0.968600, , , 
22542.000000,1129496.000000,75549924.000000, , , ,0.000000,0.000000,-0.325195
22543.000000,1129499.000000,75549924.000000,-0.005800,-0.020300,-1.006300, , , 
22544.000000,1129597.000000,75549924.000000, , , ,0.000000,0.000000,-0.325195
22545.000000,1129600.000000,75549924.000000,0.000000,-0.023200,-1.017900, , , 
22546.000000,1129698.000000,75549924.000000, , , ,-0.325195,0.000000,-0.325195
22547.000000,1129699.000000,75549924.000000,0.005800,-0.023200,-1.029500, , , 
22548.000000,1129799.000000,75549924.000000, , , ,-0.650391,0.000000,0.000000
22549.000000,1129800.000000,75549924.000000,0.014500,-0.026100,-0.980200, , , 
22550.000000,1129899.000000,75549924.000000,0.008700,-0.011600,-0.954100, , , 
22551.000000,1129900.000000,75549924.000000, , , ,-0.650391,-0.325195,0.000000
22552.000000,1130000.000000,75549924.000000,0.008700,-0.017400,-0.971500, , , 
22553.000000,1130001.000000,75549924.000000, , , ,-0.650391,0.000000,-0.325195
22554.000000,1130092.000000,75549924.000000, , , ,-0.975586,0.000000,0.000000
22555.000000,1130099.000000,75549924.000000,0.005800,-0.023200,-0.991800, , , 
22556.000000,1130193.000000,75549924.000000, , , ,-0.975586,0.000000,0.000000
22557.000000,1130200.000000,75549924.000000,0.017400,-0.023200,-0.997600, , , 
22558.000000,1130294.000000,75549924.000000, , , ,-0.650391,-0.650391,-0.975586
22559.000000,1130299.000000,75549924.000000,0.008700,-0.020300,-0.988900, , , 
22560.000000,1130395.000000,75549924.000000, , , ,-0.650391,-0.650391,-0.325195
22561.000000,1130400.000000,75549924.000000,0.014500,-0.055100,-0.997600, , , 
22562.000000,1130496.000000,75549924.000000, , , ,-0.325195,0.000000,0.000000
22563.000000,1130499.000000,75549924.000000,0.011600,-0.026100,-0.988900, , , 
22564.000000,1130597.000000,75549924.000000, , , ,-0.650391,-0.325195,-0.325195
22565.000000,1130600.000000,75549924.000000,0.031900,-0.026100,-0.951200, , , 
22566.000000,1130698.000000,75549924.000000, , , ,-0.975586,-1.300781,0.000000
22567.000000,1130699.000000,75549924.000000,0.017400,-0.023200,-0.913500, , , 
22568.000000,1130799.000000,75549924.000000, , , ,0.000000,0.000000,-0.325195
22569.000000,1130800.000000,75549924.000000,0.005800,0.000000,-0.974400, , , 
22570.000000,1130899.000000,75549924.000000,0.011600,-0.014500,-1.012100, , , 
22571.000000,1130900.000000,75549924.000000, , , ,0.000000,-0.325195,-0.325195
22572.000000,1131000.000000,75549924.000000,0.011600,-0.037700,-1.049800, , , 
22573.000000,1131001.000000,75549924.000000, , , ,-0.975586,0.000000,0.000000
22574.000000,1131092.000000,75549924.000000, , , ,-0.650391,0.000000,0.000000
22575.000000,1131099.000000,75549924.000000,0.043500,-0.026100,-1.006300, , , 
22576.000000,1131193.000000,75549924.000000, , , ,-0.325195,0.000000,0.000000
22577.000000,1131200.000000,75549924.000000,0.017400,-0.023200,-0.971500, , , 
22578.000000,1131294.000000,75549924.000000, , , ,-0.325195,0.000000,0.000000
22579.000000,1131299.000000,75549924.000000,0.020300,-0.043500,-0.957000, , , 
22580.000000,1131395.000000,75549924.000000, , , ,-0.650391,-0.325195,-0.325195
22581.000000,1131400.000000,75549924.000000,0.020300,-0.020300,-0.954100, , , 
22582.000000,1131496.000000,75549924.000000, , , ,-0.650391,0.000000,0.000000
22583.000000,1131499.000000,75549924.000000,0.005800,-0.026100,-0.991800, , , 
22584.000000,1131597.000000,75549924.000000, , , ,-0.325195,0.325195,0.000000
22585.000000,1131600.000000,75549924.000000,0.014500,-0.037700,-1.017900, , , 
22586.000000,1131698.000000,75549924.000000, , , ,-1.300781,0.000000,0.000000
22587.000000,1131699.000000,75549924.000000,0.034800,-0.011600,-1.009200, , , 
22588.000000,1131799.000000,75549924.000000, , , ,-0.325195,-0.650391,0.325195
22589.000000,1131800.000000,75549924.000000,0.014500,-0.014500,-0.962800, , , 
22590.000000,1131899.000000,75549924.000000,0.017400,-0.017400,-0.962800, , , 
22591.000000,1131900.000000,75549924.000000, , , ,-0.650391,-0.325195,-0.325195
22592.000000,1132000.000000,75549924.000000,0.017400,-0.014500,-0.988900, , , 
22593.000000,1132001.000000,75549924.000000, , , ,-0.975586,0.000000,-0.325195
22594.000000,1132092.000000,75549924.000000, , , ,-0.650391,-0.325195,0.000000
22595.000000,1132099.000000,75549924.000000,0.014500,0.000000,-0.986000, , , 
22596.000000,1132193.000000,75549924.000000, , , ,-0.650391,0.000000,0.000000
22597.000000,1132200.000000,75549924.000000,0.026100,-0.020300,-0.988900, , , 
22598.000000,1132294.000000,75549924.000000, , , ,-0.325195,-0.325195,0.000000
22599.000000,1132299.000000,75549924.000000,0.017400,-0.011600,-0.980200, , , 
22600.000000,1132395.000000,75549924.000000, , , ,-0.650391,-0.325195,0.000000
22601.000000,1132400.000000,75549924.000000,0.014500,-0.014500,-0.983100, , , 
22602.000000,1132496.000000,75549924.000000, , , ,-1.300781,-0.325195,0.000000
22603.000000,1132499.000000,75549924.000000,0.014500,-0.008700,-0.974400, , , 
22604.000000,1132597.000000,75549924.000000, , , ,-0.650391,-0.650391,0.000000
22605.000000,1132600.000000,75549924.000000,0.020300,-0.002900,-0.971500, , , 
22606.000000,1132698.000000,75549924.000000, , , ,-0.975586,0.000000,-0.325195
22607.000000,1132699.000000,75549924.000000,0.008700,-0.031900,-1.017900, , , 
22608.000000,1132799.000000,75549924.000000, , , ,-0.650391,0.000000,0.000000
22609.000000,1132800.000000,75549924.000000,0.000000,-0.005800,-1.015000, , , 
22610.000000,1132899.000000,75549924.000000,0.017400,-0.002900,-0.986000, , , 
22611.000000,1132900.000000,75549924.000000, , , ,-0.650391,0.000000,0.000000
22612.000000,1133000.000000,75549924.000000,0.023200,-0.014500,-0.980200, , , 
22613.000000,1133001.000000,75549924.000000, , , ,-0.975586,0.000000,0.000000
22614.000000,1133092.000000,75549924.000000, , , ,-0.975586,0.000000,0.000000
22615.000000,1133099.000000,75549924.000000,0.020300,-0.008700,-0.983100, , , 
22616.000000,1133193.000000,75549924.000000, , , ,-0.975586,-0.325195,0.000000
22617.000000,1133200.000000,75549924.000000,0.017400,-0.011600,-0.962800, , , 
22618.000000,1133294.000000,75549924.000000, , , ,0.000000,0.000000,0.000000
22619.000000,1133299.000000,75549924.000000,0.011600,0.000000,-0.959900, , , 
22620.000000,1133395.000000,75549924.000000, , , ,-0.650391,0.000000,0.000000
22621.000000,1133400.000000,75549924.000000,0.008700,-0.008700,-0.991800, , , 
22622.000000,1133496.000000,75549924.000000, , , ,-0.650391,0.000000,-0.650391
22623.000000,1133499.000000,75549924.000000,0.011600,0.000000,-0.997600, , , 
22624.000000,1133597.000000,75549924.000000, , , ,-0.325195,0.000000,0.325195
22625.000000,1133600.000000,75549924.000000,0.020300,0.000000,-0.983100, , , 
22626.000000,1133698.000000,75549924.000000, , , ,0.000000,-0.325195,0.000000
22627.000000,1133699.000000,75549924.000000,0.005800,-0.011600,-0.971500, , , 
22628.000000,1133799.000000,75549924.000000, , , ,-0.325195,-0.650391,0.000000
22629.000000,1133800.000000,75549924.000000,0.005800,-0.014500,-0.991800, , , 
22630.000000,1133899.000000,75549924.000000,0.020300,-0.005800,-0.980200, , , 
22631.000000,1133900.000000,75549924.000000, , , ,-0.650391,-0.325195,0.000000
22632.000000,1134000.000000,75549924.000000,0.002900,-0.008700,-0.997600, , , 
22633.000000,1134001.000000,75549924.000000, , , ,-0.325195,0.000000,0.000000
22634.000000,1134092.000000,75549924.000000, , , ,0.000000,0.000000,-0.325195
22635.000000,1134099.000000,75549924.000000,0.014500,-0.014500,-0.988900, , , 
22636.000000,1134193.000000,75549924.000000, , , ,-0.650391,0.000000,0.000000
22637.000000,1134200.000000,75549924.000000,0.011600,-0.014500,-0.986000, , , 
22638.000000,1134294.000000,75549924.000000, , , ,-0.975586,0.000000,0.000000
22639.000000,1134299.000000,75549924.000000,0.031900,-0.011600,-0.997600, , , 
22640.000000,1134395.000000,75549924.000000, , , ,-0.650391,-0.325195,0.000000
22641.000000,1134400.000000,75549924.000000,0.017400,-0.011600,-0.968600, , , 
22642.000000,1134496.000000,75549924.000000, , , ,-0.325195,0.000000,-0.325195
22643.000000,1134499.000000,75549924.000000,-0.002900,-0.017400,-1.012100, , , 
22644.000000,1134597.000000,75549924.000000, , , ,-0.325195,-0.325195,0.000000
22645.000000,1134600.000000,75549924.000000,0.014500,-0.002900,-1.009200, , , 
22646.000000,1134698.000000,75549924.000000, , , ,-0.975586,-0.325195,0.000000
22647.000000,1134699.000000,75549924.000000,0.020300,-0.005800,-0.977300, , , 
22648.000000,1134799.000000,75549924.000000, , , ,-0.325195,0.000000,0.000000
22649.000000,1134800.000000,75549924.000000,0.011600,-0.008700,-0.945400, , , 
22650.000000,1134899.000000,75549924.000000,0.005800,-0.011600,-0.965700, , , 
22651.000000,1134900.000000,75549924.000000, , , ,-0.325195,-0.650391,-0.325195
22652.000000,1135000.000000,75549924.000000,0.023200,-0.020300,-1.012100, , , 
22653.000000,1135001.000000,75549924.000000, , , ,-0.325195,0.000000,-0.325195
22654.000000,1135092.000000,75549924.000000, , , ,0.000000,0.000000,-0.650391
22655.000000,1135099.000000,75549924.000000,0.005800,-0.020300,-1.015000, , , 
22656.000000,1135193.000000,75549924.000000, , , ,-0.650391,-0.325195,0.000000
22657.000000,1135200.000000,75549924.000000,0.011600,-0.029000,-0.986000, , , 
22658.000000,1135294.000000,75549924.000000, , , ,-0.650391,0.000000,-0.325195
22659.000000,1135299.000000,75549924.000000,0.020300,-0.034800,-0.954100, , , 
22660.000000,1135395.000000,75549924.000000, , , ,-0.325195,-0.650391,-0.325195
22661.000000,1135400.000000,75549924.000000,0.005800,-0.023200,-0.945400, , , 
22662.000000,1135496.000000,75549924.000000, , , ,-0.325195,-0.325195,-0.325195
22663.000000,1135499.000000,75549924.000000,0.011600,-0.011600,-0.986000, , , 
22664.000000,1135597.000000,75549924.000000, , , ,0.000000,0.000000,-0.650391
22665.000000,1135600.000000,75549924.000000,0.002900,-0.026100,-1.003400, , , 
22666.000000,1135698.000000,75549924.000000, , , ,-0.650391,0.000000,0.000000
22667.000000,1135699.000000,75549924.000000,0.014500,-0.029000,-1.009200, , , 
22668.000000,1135799.000000,75549924.000000, , , ,-0.325195,0.000000,0.000000
22669.000000,1135800.000000,75549924.000000,0.011600,-0.029000,-1.000500, , , 
22670.000000,1135899.000000,75549924.000000,-0.002900,-0.026100,-0.971500, , , 
22671.000000,1135900.000000,75549924.000000, , , ,0.000000,0.000000,0.000000
22672.000000,1136000.000000,75549924.000000,0.026100,-0.026100,-0.957000, , , 
22673.000000,1136001.000000,75549924.000000, , , ,-0.325195,-0.650391,0.000000
22674.000000,1136092.000000,75549924.000000, , , ,-0.325195,0.000000,-0.325195
22675.000000,1136099.000000,75549924.000000,0.008700,-0.005800,-0.957000, , , 
22676.000000,1136193.000000,75549924.000000, , , ,-1.300781,0.000000,0.000000
22677.000000,1136200.000000,75549924.000000,0.008700,-0.020300,-0.983100, , , 
22678.000000,1136294.000000,75549924.000000, , , ,-0.975586,-0.325195,0.000000
22679.000000,1136299.000000,75549924.000000,0.008700,-0.020300,-1.009200, , , 
22680.000000,1136395.000000,75549924.000000, , , ,-0.975586,0.000000,0.000000
22681.000000,1136400.000000,75549924.000000,0.005800,-0.008700,-1.012100, , , 
22682.000000,1136496.000000,75549924.000000, , , ,-1.300781,0.000000,0.000000
22683.000000,1136499.000000,75549924.000000,0.011600,0.000000,-1.000500, , , 
22684.000000,1136597.000000,75549924.000000, , , ,-0.325195,0.000000,0.000000
22685.000000,1136600.000000,75549924.000000,0.002900,0.014500,-0.988900, , , 
22686.000000,1136698.000000,75549924.000000, , , ,-0.325195,-0.325195,0.325195
22687.000000,1136699.000000,75549924.000000,0.014500,-0.011600,-0.954100, , , 
22688.000000,1136799.000000,75549924.000000, , , ,-0.325195,0.000000,0.000000
22689.000000,1136800.000000,75549924.000000,0.000000,-0.008700,-0.988900, , , 
22690.000000,1136899.000000,75549924.000000,0.000000,-0.026100,-1.020800, , , 
22691.000000,1136900.000000,75549924.000000, , , ,-0.325195,0.325195,0.000000
22692.000000,1137000.000000,75549924.000000,0.026100,-0.023200,-0.988900, , , 
22693.000000,1137001.000000,75549924.000000, , , ,-0.650391,-0.650391,-0.325195
22694.000000,1137092.000000,75549924.000000, , , ,-0.325195,-0.975586,-0.325195
22695.000000,1137099.000000,75549924.000000,0.000000,-0.029000,-0.945400, , , 
22696.000000,1137193.000000,75549924.000000, , , ,-0.325195,-0.325195,0.325195
22697.000000,1137200.000000,75549924.000000,0.011600,-0.014500,-0.959900, , , 
22698.000000,1137294.000000,75549924.000000, , , ,-0.650391,0.000000,0.000000
22699.000000,1137299.000000,75549924.000000,0.008700,-0.029000,-0.980200, , , 
22700.000000,1137395.000000,75549924.000000, , , ,-0.325195,0.000000,-0.650391
22701.000000,1137400.000000,75549924.000000,0.005800,-0.017400,-0.991800, , , 
22702.000000,1137496.000000,75549924.000000, , , ,-0.325195,-0.650391,0.000000
22703.000000,1137499.000000,75549924.000000,0.011600,-0.029000,-1.000500, , , 
22704.000000,1137597.000000,75549924.000000, , , ,0.000000,0.000000,-0.325195
22705.000000,1137600.000000,75549924.000000,0.000000,-0.031900,-0.986000, , , 
22706.000000,1137698.000000,75549924.000000, , , ,-0.650391,0.000000,0.000000
22707.000000,1137699.000000,75549924.000000,0.014500,-0.031900,-0.983100, , , 
22708.000000,1137799.000000,75549924.000000, , , ,-0.975586,0.000000,-0.650391
22709.000000,1137800.000000,75549924.000000,0.017400,-0.034800,-0.983100, , , 
22710.000000,1137899.000000,75549924.000000,0.002900,-0.017400,-0.980200, , , 
22711.000000,1137900.000000,75549924.000000, , , ,-0.975586,0.000000,0.000000
22712.000000,1138000.000000,75549924.000000,0.017400,-0.040600,-0.988900, , , 
22713.000000,1138001.000000,75549924.000000, , , ,-0.975586,-0.325195,0.000000
22714.000000,1138092.000000,75549924.000000, , , ,-1.300781,-0.325195,-0.325195
22715.000000,1138099.000000,75549924.000000,0.000000,-0.020300,-0.977300, , , 
22716.000000,1138193.000000,75549924.000000, , , ,-0.650391,0.000000,0.000000
22717.000000,1138200.000000,75549924.000000,0.008700,-0.023200,-0.988900, , , 
22718.000000,1138294.000000,75549924.000000, , , ,0.000000,-0.325195,0.000000
22719.000000,1138299.000000,75549924.000000,0.011600,-0.005800,-0.986000, , , 
22720.000000,1138395.000000,75549924.000000, , , ,0.000000,0.325195,0.000000
22721.000000,1138400.000000,75549924.000000,0.002900,-0.026100,-1.000500, , , 
22722.000000,1138496.000000,75549924.000000, , , ,0.000000,0.000000,-0.325195
22723.000000,1138499.000000,75549924.000000,0.014500,-0.020300,-0.997600, , , 
22724.000000,1138597.000000,75549924.000000, , , ,-0.650391,0.000000,-0.325195
22725.000000,1138600.000000,75549924.000000,0.005800,-0.026100,-0.994700, , , 
22726.000000,1138698.000000,75549924.000000, , , ,-0.650391,-0.325195,0.000000
22727.000000,1138699.000000,75549924.000000,0.023200,0.005800,-0.948300, , , 
22728.000000,1138799.000000,75549924.000000, , , ,-0.650391,-0.650391,0.000000
22729.000000,1138800.000000,75549924.000000,0.002900,-0.017400,-0.948300, , , 
22730.000000,1138899.000000,75549924.000000,0.002900,-0.014500,-0.959900, , , 
22731.000000,1138900.000000,75549924.000000, , , ,0.000000,-0.325195,0.000000
22732.000000,1139000.000000,75549924.000000,-0.005800,-0.034800,-1.000500, , , 
22733.000000,1139001.000000,75549924.000000, , , ,-0.325195,0.000000,0.000000
22734.000000,1139092.000000,75549924.000000, , , ,-0.650391,0.000000,0.000000
22735.000000,1139099.000000,75549924.000000,0.014500,-0.017400,-1.020800, , , 
22736.000000,1139193.000000,75549924.000000, , , ,-0.325195,0.000000,0.000000
22737.000000,1139200.000000,75549924.000000,0.011600,0.000000,-0.968600, , , 
22738.000000,1139294.000000,75549924.000000, , , ,-0.325195,-0.325195,0.000000
22739.000000,1139299.000000,75549924.000000,-0.005800,-0.020300,-0.994700, , , 
22740.000000,1139395.000000,75549924.000000, , , ,-0.975586,0.000000,0.000000
22741.000000,1139400.000000,75549924.000000,0.020300,-0.017400,-0.991800, , , 
22742.000000,1139496.000000,75549924.000000, , , ,-0.325195,-0.650391,0.000000
22743.000000,1139499.000000,75549924.000000,-0.008700,-0.020300,-0.962800, , , 
22744.000000,1139597.000000,75549924.000000, , , ,-0.650391,0.000000,0.000000
22745.000000,1139600.000000,75549924.000000,-0.002900,-0.020300,-0.991800, , , 
22746.000000,1139698.000000,75549924.000000, , , ,-1.300781,0.000000,0.000000
22747.000000,1139699.000000,75549924.000000,0.002900,-0.008700,-0.997600, , , 
22748.000000,1139799.000000,75549924.000000, , , ,-0.975586,-0.650391,0.000000
22749.000000,1139800.000000,75549924.000000,0.031900,0.000000,-0.971500, , , 
22750.000000,1139899.000000,75549924.000000,0.002900,0.005800,-0.962800, , , 
22751.000000,1139900.000000,75549924.000000, , , ,-0.650391,-0.325195,0.000000
22752.000000,1140000.000000,75549924.000000,0.014500,-0.008700,-0.983100, , , 
22753.000000,1140001.000000,75549924.000000, , , ,0.000000,0.000000,0.000000
22754.000000,1140092.000000,75549924.000000, , , ,-0.975586,0.000000,0.000000
22755.000000,1140099.000000,75549924.000000,0.000000,-0.020300,-1.003400, , , 
22756.000000,1140193.000000,75549924.000000, , , ,-0.975586,-0.325195,0.000000
22757.000000,1140200.000000,75549924.000000,0.029000,0.000000,-0.977300, , , 
22758.000000,1140294.000000,75549924.000000, , , ,-0.975586,-0.975586,0.000000
22759.000000,1140299.000000,75549924.000000,0.014500,0.005800,-0.933800, , , 
22760.000000,1140395.000000,75549924.000000, , , ,-0.975586,0.000000,0.325195
22761.000000,1140400.000000,75549924.000000,-0.002900,-0.008700,-0.959900, , , 
22762.000000,1140496.000000,75549924.000000, , , ,-0.975586,0.000000,0.000000
22763.000000,1140499.000000,75549924.000000,0.011600,-0.011600,-0.962800, , , 
22764.000000,1140597.000000,75549924.000000, , , ,0.000000,-0.650391,0.000000
22765.000000,1140600.000000,75549924.000000,0.005800,0.005800,-0.971500, , , 
22766.000000,1140698.000000,75549924.000000, , , ,-0.325195,0.000000,-0.325195
22767.000000,1140699.000000,75549924.000000,0.017400,0.000000,-0.983100, , , 
22768.000000,1140799.000000,75549924.000000, , , ,-0.325195,-0.325195,0.000000
22769.000000,1140800.000000,75549924.000000,0.002900,-0.020300,-0.988900, , , 
22770.000000,1140899.000000,75549924.000000,0.005800,-0.020300,-1.006300, , , 
22771.000000,1140900.000000,75549924.000000, , , ,-0.650391,0.000000,0.000000
22772.000000,1141000.000000,75549924.000000,0.029000,0.000000,-0.968600, , , 
22773.000000,1141001.000000,75549924.000000, , , ,-0.650391,-0.325195,0.000000
22774.000000,1141092.000000,75549924.000000, , , ,-0.650391,-0.325195,-0.325195
22775.000000,1141099.000000,75549924.000000,0.005800,-0.005800,-0.959900, , , 
22776.000000,1141193.000000,75549924.000000, , , ,-0.325195,0.000000,0.000000
22777.000000,1141200.000000,75549924.000000,0.000000,-0.005800,-0.980200, , , 
22778.000000,1141294.000000,75549924.000000, , , ,-0.325195,-0.650391,0.000000
22779.000000,1141299.000000,75549924.000000,0.000000,0.000000,-0.968600, , , 
22780.000000,1141395.000000,75549924.000000, , , ,0.000000,-0.325195,0.000000
22781.000000,1141400.000000,75549924.000000,0.008700,0.000000,-0.962800, , , 
22782.000000,1141496.000000,75549924.000000, , , ,0.000000,-0.325195,0.000000
22783.000000,1141499.000000,75549924.000000,0.000000,-0.008700,-0.962800, , , 
22784.000000,1141597.000000,75549924.000000, , , ,-0.650391,0.000000,0.000000
22785.000000,1141600.000000,75549924.000000,0.002900,-0.002900,-0.991800, , , 
22786.000000,1141698.000000,75549924.000000, , , ,-0.650391,0.000000,0.000000
22787.000000,1141699.000000,75549924.000000,0.002900,-0.005800,-1.000500, , , 
22788.000000,1141799.000000,75549924.000000, , , ,-1.300781,0.000000,0.000000
22789.000000,1141800.000000,75549924.000000,0.008700,0.000000,-0.977300, , , 
22790.000000,1141899.000000,75549924.000000,0.011600,0.008700,-0.962800, , , 
22791.000000,1141900.000000,75549924.000000, , , ,-0.325195,-0.650391,0.000000
22792.000000,1142000.000000,75549924.000000,0.000000,-0.026100,-0.965700, , , 
22793.000000,1142001.000000,75549924.000000, , , ,-0.650391,0.000000,0.000000
22794.000000,1142092.000000,75549924.000000, , , ,-0.325195,-0.975586,0.000000
22795.000000,1142099.000000,75549924.000000,0.014500,-0.014500,-0.968600, , , 
22796.000000,1142193.000000,75549924.000000, , , ,-0.975586,-0.975586,0.325195
22797.000000,1142200.000000,75549924.000000,0.005800,0.017400,-0.948300, , , 
22798.000000,1142294.000000,75549924.000000, , , ,-0.650391,0.000000,0.000000
22799.000000,1142301.000000,75549924.000000,0.000000,0.000000,-0.980200, , , 
22800.000000,1142394.000000,75549924.000000, , , ,0.000000,-0.325195,0.000000
22801.000000,1142399.000000,75549924.000000,0.014500,0.002900,-0.986000, , , 
22802.000000,1142495.000000,75549924.000000, , , ,-0.325195,-0.650391,0.000000
22803.000000,1142500.000000,75549924.000000,0.011600,0.000000,-0.957000, , , 
22804.000000,1142596.000000,75549924.000000, , , ,-0.325195,0.000000,0.000000
22805.000000,1142599.000000,75549924.000000,-0.002900,-0.014500,-0.986000, , , 
22806.000000,1142697.000000,75549924.000000, , , ,-0.650391,0.000000,0.000000
22807.000000,1142700.000000,75549924.000000,0.000000,-0.040600,-1.006300, , , 
22808.000000,1142798.000000,75549924.000000, , , ,-0.650391,-0.325195,0.000000
22809.000000,1142799.000000,75549924.000000,-0.014500,-0.011600,-0.986000, , , 
22810.000000,1142899.000000,75549924.000000, , , ,0.000000,0.000000,-0.325195
22811.000000,1142900.000000,75549924.000000,0.017400,-0.017400,-0.957000, , , 
22812.000000,1142999.000000,75549924.000000,0.005800,-0.008700,-0.913500, , , 
22813.000000,1143000.000000,75549924.000000, , , ,0.000000,-1.300781,-0.325195
22814.000000,1143100.000000,75549924.000000,0.000000,-0.020300,-0.951200, , , 
22815.000000,1143101.000000,75549924.000000, , , ,0.000000,0.000000,-0.325195
22816.000000,1143192.000000,75549924.000000, , , ,0.000000,-0.325195,-0.325195
22817.000000,1143199.000000,75549924.000000,0.000000,-0.011600,-0.983100, , , 
22818.000000,1143293.000000,75549924.000000, , , ,-0.650391,-0.325195,0.000000
22819.000000,1143300.000000,75549924.000000,0.000000,-0.014500,-1.000500, , , 
22820.000000,1143394.000000,75549924.000000, , , ,-0.975586,0.000000,-0.325195
22821.000000,1143399.000000,75549924.000000,0.002900,-0.002900,-1.015000, , , 
22822.000000,1143495.000000,75549924.000000, , , ,-1.300781,0.000000,0.000000
22823.000000,1143500.000000,75549924.000000,0.002900,0.000000,-0.977300, , , 
22824.000000,1143596.000000,75549924.000000, , , ,-0.325195,0.000000,0.000000
22825.000000,1143599.000000,75549924.000000,0.005800,-0.005800,-0.954100, , , 
22826.000000,1143697.000000,75549924.000000, , , ,-0.650391,-0.325195,-0.325195
22827.000000,1143700.000000,75549924.000000,0.000000,-0.026100,-0.971500, , , 
22828.000000,1143798.000000,75549924.000000, , , ,-0.325195,-0.650391,0.000000
22829.000000,1143799.000000,75549924.000000,0.008700,-0.008700,-0.951200, , , 
22830.000000,1143899.000000,75549924.000000, , , ,-0.650391,-0.650391,-0.325195
22831.000000,1143900.000000,75549924.000000,0.000000,-0.002900,-0.957000, , , 
22832.000000,1143999.000000,75549924.000000,-0.002900,-0.026100,-0.980200, , , 
22833.000000,1144000.000000,75549924.000000, , , ,-0.975586,-0.325195,-0.650391
22834.000000,1144100.000000,75549924.000000,0.008700,-0.014500,-1.003400, , , 
22835.000000,1144101.000000,75549924.000000, , , ,-0.325195,0.000000,-0.325195
22836.000000,1144192.000000,75549924.000000, , , ,-0.325195,-0.650391,0.000000
22837.000000,1144199.000000,75549924.000000,0.011600,-0.037700,-0.980200, , , 
22838.000000,1144293.000000,75549924.000000, , , ,-0.325195,-0.325195,0.325195
22839.000000,1144300.000000,75549924.000000,-0.005800,-0.014500,-0.965700, , , 
22840.000000,1144394.000000,75549924.000000, , , ,-0.325195,0.000000,-0.325195
22841.000000,1144399.000000,75549924.000000,0.000000,-0.014500,-0.974400, , , 
22842.000000,1144495.000000,75549924.000000, , , ,-0.650391,-0.325195,0.000000
22843.000000,1144500.000000,75549924.000000,-0.011600,-0.014500,-0.980200, , , 
22844.000000,1144596.000000,75549924.000000, , , ,0.000000,-0.325195,0.000000
22845.000000,1144599.000000,75549924.000000,-0.005800,-0.029000,-0.983100, , , 
22846.000000,1144697.000000,75549924.000000, , , ,-0.975586,-0.650391,-0.325195
22847.000000,1144700.000000,75549924.000000,0.011600,-0.040600,-0.971500, , , 
22848.000000,1144798.000000,75549924.000000, , , ,-0.650391,-0.975586,0.000000
22849.000000,1144799.000000,75549924.000000,0.000000,-0.008700,-0.933800, , , 
22850.000000,1144899.000000,75549924.000000, , , ,-0.325195,-0.325195,0.000000
22851.000000,1144900.000000,75549924.000000,-0.011600,-0.023200,-0.954100, , , 
22852.000000,1144999.000000,75549924.000000,-0.017400,-0.031900,-1.023700, , , 
22853.000000,1145000.000000,75549924.000000, , , ,-0.650391,0.000000,0.000000
22854.000000,1145100.000000,75549924.000000,0.000000,-0.023200,-1.044000, , , 
22855.000000,1145101.000000,75549924.000000, , , ,-0.975586,0.000000,-0.650391
22856.000000,1145192.000000,75549924.000000, , , ,-0.650391,-0.325195,0.000000
22857.000000,1145199.000000,75549924.000000,0.017400,-0.029000,-1.000500, , , 
22858.000000,1145293.000000,75549924.000000, , , ,-0.325195,0.000000,-0.325195
22859.000000,1145300.000000,75549924.000000,-0.005800,-0.008700,-0.945400, , , 
22860.000000,1145394.000000,75549924.000000, , , ,0.000000,-0.325195,-0.325195
22861.000000,1145399.000000,75549924.000000,-0.002900,0.000000,-0.951200, , , 
22862.000000,1145495.000000,75549924.000000, , , ,-0.325195,-0.650391,-0.325195
22863.000000,1145500.000000,75549924.000000,-0.023200,-0.043500,-0.980200, , , 
22864.000000,1145596.000000,75549924.000000, , , ,-0.650391,0.000000,-0.325195
22865.000000,1145599.000000,75549924.000000,-0.008700,-0.020300,-0.991800, , , 
22866.000000,1145697.000000,75549924.000000, , , ,-0.975586,0.325195,0.000000
22867.000000,1145700.000000,75549924.000000,-0.002900,-0.029000,-0.986000, , , 
22868.000000,1145798.000000,75549924.000000, , , ,-0.975586,0.000000,0.000000
22869.000000,1145799.000000,75549924.000000,-0.011600,-0.008700,-1.000500, , , 
22870.000000,1145899.000000,75549924.000000, , , ,-0.650391,-0.325195,0.000000
22871.000000,1145900.000000,75549924.000000,0.000000,-0.011600,-0.962800, , , 
22872.000000,1145999.000000,75549924.000000,-0.011600,-0.026100,-0.988900, , , 
22873.000000,1146000.000000,75549924.000000, , , ,-0.650391,-0.975586,-0.325195
22874.000000,1146100.000000,75549924.000000,-0.008700,-0.017400,-0.991800, , , 
22875.000000,1146101.000000,75549924.000000, , , ,0.000000,0.000000,-0.325195
22876.000000,1146192.000000,75549924.000000, , , ,-0.650391,0.000000,0.000000
22877.000000,1146199.000000,75549924.000000,0.000000,-0.023200,-0.991800, , , 
22878.000000,1146293.000000,75549924.000000, , , ,-0.325195,0.000000,0.000000
22879.000000,1146300.000000,75549924.000000,0.005800,-0.017400,-0.974400, , , 
22880.000000,1146394.000000,75549924.000000, , , ,-0.325195,0.000000,0.000000
22881.000000,1146399.000000,75549924.000000,-0.008700,-0.014500,-0.959900, , , 
22882.000000,1146495.000000,75549924.000000, , , ,-0.325195,0.000000,-0.325195
22883.000000,1146500.000000,75549924.000000,-0.008700,-0.017400,-0.994700, , , 
22884.000000,1146596.000000,75549924.000000, , , ,0.000000,0.325195,-0.650391
22885.000000,1146599.000000,75549924.000000,-0.005800,0.000000,-1.017900, , , 
22886.000000,1146697.000000,75549924.000000, , , ,-0.650391,0.000000,0.000000
22887.000000,1146700.000000,75549924.000000,0.005800,-0.026100,-0.994700, , , 
22888.000000,1146798.000000,75549924.000000, , , ,0.000000,-0.650391,0.000000
22889.000000,1146801.000000,75549924.000000,-0.008700,-0.023200,-0.936700, , , 
22890.000000,1146898.000000,75549924.000000, , , ,-0.975586,0.000000,0.000000
22891.000000,1146899.000000,75549924.000000,-0.008700,-0.023200,-0.968600, , , 
22892.000000,1146999.000000,75549924.000000, , , ,-0.325195,0.325195,-0.325195
22893.000000,1147000.000000,75549924.000000,-0.011600,-0.017400,-0.994700, , , 
22894.000000,1147099.000000,75549924.000000,-0.005800,-0.023200,-0.994700, , , 
22895.000000,1147100.000000,75549924.000000, , , ,0.000000,0.000000,-0.650391
22896.000000,1147200.000000,75549924.000000,-0.011600,-0.049300,-0.983100, , , 
22897.000000,1147201.000000,75549924.000000, , , ,0.000000,0.000000,-0.650391
22898.000000,1147292.000000,75549924.000000, , , ,-0.650391,-0.325195,1.300781
22899.000000,1147299.000000,75549924.000000,-0.005800,-0.037700,-0.986000, , , 
22900.000000,1147393.000000,75549924.000000, , , ,-0.325195,-0.325195,-0.325195
22901.000000,1147400.000000,75549924.000000,-0.008700,-0.014500,-0.957000, , , 
22902.000000,1147494.000000,75549924.000000, , , ,0.000000,-0.650391,0.000000
22903.000000,1147499.000000,75549924.000000,-0.014500,-0.040600,-0.974400, , , 
22904.000000,1147595.000000,75549924.000000, , , ,-0.325195,0.325195,-0.650391
22905.000000,1147600.000000,75549924.000000,-0.017400,-0.023200,-1.006300, , , 
22906.000000,1147696.000000,75549924.000000, , , ,-0.325195,0.000000,-0.325195
22907.000000,1147699.000000,75549924.000000,0.005800,-0.037700,-1.000500, , , 
22908.000000,1147797.000000,75549924.000000, , , ,-0.975586,-0.650391,0.000000
22909.000000,1147800.000000,75549924.000000,0.014500,-0.023200,-0.945400, , , 
22910.000000,1147898.000000,75549924.000000, , , ,-0.325195,0.000000,-0.325195
22911.000000,1147899.000000,75549924.000000,-0.020300,-0.026100,-0.962800, , , 
22912.000000,1147999.000000,75549924.000000, , , ,-0.650391,0.650391,-0.650391
22913.000000,1148000.000000,75549924.000000,-0.017400,-0.034800,-1.009200, , , 
22914.000000,1148099.000000,75549924.000000,0.000000,-0.037700,-1.026600, , , 
22915.000000,1148100.000000,75549924.000000, , , ,-0.650391,0.000000,-0.325195
22916.000000,1148200.000000,75549924.000000,-0.005800,-0.034800,-0.986000, , , 
22917.000000,1148201.000000,75549924.000000, , , ,-0.975586,-0.650391,-0.650391
22918.000000,1148292.000000,75549924.000000, , , ,-0.975586,-0.325195,0.000000
22919.000000,1148299.000000,75549924.000000,0.000000,-0.029000,-0.957000, , , 
22920.000000,1148393.000000,75549924.000000, , , ,0.000000,0.000000,0.000000
22921.000000,1148400.000000,75549924.000000,0.002900,-0.023200,-0.954100, , , 
22922.000000,1148494.000000,75549924.000000, , , ,-0.325195,-0.650391,-0.325195
22923.000000,1148499.000000,75549924.000000,-0.011600,-0.029000,-0.962800, , , 
22924.000000,1148595.000000,75549924.000000, , , ,-0.650391,-0.325195,-0.325195
22925.000000,1148600.000000,75549924.000000,-0.011600,-0.020300,-1.000500, , , 
22926.000000,1148696.000000,75549924.000000, , , ,-0.975586,-0.325195,-0.325195
22927.000000,1148699.000000,75549924.000000,-0.008700,-0.037700,-0.997600, , , 
22928.000000,1148797.000000,75549924.000000, , , ,-0.325195,0.325195,0.000000
22929.000000,1148800.000000,75549924.000000,-0.014500,-0.023200,-1.009200, , , 
22930.000000,1148898.000000,75549924.000000, , , ,-0.325195,0.000000,0.000000
22931.000000,1148899.000000,75549924.000000,-0.011600,-0.002900,-0.991800, , , 
22932.000000,1148999.000000,75549924.000000, , , ,-0.325195,0.000000,-0.325195
22933.000000,1149000.000000,75549924.000000,-0.008700,-0.026100,-0.997600, , , 
22934.000000,1149099.000000,75549924.000000,-0.005800,-0.023200,-1.000500, , , 
22935.000000,1149100.000000,75549924.000000, , , ,-0.325195,0.000000,-0.325195
22936.000000,1149200.000000,75549924.000000,-0.005800,-0.020300,-0.971500, , , 
22937.000000,1149201.000000,75549924.000000, , , ,-0.650391,0.000000,-0.650391
22938.000000,1149292.000000,75549924.000000, , , ,-0.650391,-0.325195,0.000000
22939.000000,1149299.000000,75549924.000000,-0.005800,-0.029000,-0.971500, , , 
22940.000000,1149393.000000,75549924.000000, , , ,-0.650391,-0.325195,0.325195
22941.000000,1149400.000000,75549924.000000,-0.005800,-0.026100,-0.959900, , , 
22942.000000,1149494.000000,75549924.000000, , , ,-0.325195,-0.975586,-0.325195
22943.000000,1149499.000000,75549924.000000,-0.011600,-0.017400,-0.948300, , , 
22944.000000,1149595.000000,75549924.000000, , , ,0.000000,0.000000,-0.325195
22945.000000,1149600.000000,75549924.000000,-0.005800,-0.014500,-0.971500, , , 
22946.000000,1149696.000000,75549924.000000, , , ,0.000000,-0.325195,-0.650391
22947.000000,1149699.000000,75549924.000000,-0.008700,0.000000,-1.000500, , , 
22948.000000,1149797.000000,75549924.000000, , , ,-0.650391,-0.325195,0.000000
22949.000000,1149800.000000,75549924.000000,-0.008700,-0.029000,-1.003400, , , 
22950.000000,1149898.000000,75549924.000000, , , ,0.000000,0.000000,-0.325195
22951.000000,1149899.000000,75549924.000000,-0.008700,-0.005800,-1.003400, , , 
22952.000000,1149999.000000,75549924.000000, , , ,-0.325195,0.000000,-0.325195
22953.000000,1150000.000000,75549924.000000,-0.005800,-0.020300,-0.986000, , , 
22954.000000,1150099.000000,75549924.000000,0.002900,-0.023200,-0.965700, , , 
22955.000000,1150100.000000,75549924.000000, , , ,-0.975586,-0.325195,0.975586
22956.000000,1150200.000000,75549924.000000,-0.026100,-0.023200,-0.988900, , , 
22957.000000,1150201.000000,75549924.000000, , , ,-0.650391,0.325195,-0.325195
22958.000000,1150292.000000,75549924.000000, , , ,-0.975586,0.325195,0.000000
22959.000000,1150299.000000,75549924.000000,-0.002900,-0.031900,-1.017900, , , 
22960.000000,1150393.000000,75549924.000000, , , ,-0.650391,0.000000,0.000000
22961.000000,1150400.000000,75549924.000000,0.000000,0.005800,-1.000500, , , 
22962.000000,1150494.000000,75549924.000000, , , ,-0.325195,0.000000,-0.325195
22963.000000,1150499.000000,75549924.000000,-0.017400,0.005800,-0.959900, , , 
22964.000000,1150595.000000,75549924.000000, , , ,0.000000,0.000000,0.000000
22965.000000,1150600.000000,75549924.000000,-0.011600,-0.017400,-0.991800, , , 
22966.000000,1150696.000000,75549924.000000, , , ,-0.650391,0.000000,0.000000
22967.000000,1150699.000000,75549924.000000,-0.008700,-0.017400,-0.986000, , , 
22968.000000,1150797.000000,75549924.000000, , , ,-0.650391,0.000000,0.000000
22969.000000,1150800.000000,75549924.000000,0.000000,-0.002900,-0.980200, , , 
22970.000000,1150898.000000,75549924.000000, , , ,0.000000,-0.325195,-0.325195
22971.000000,1150899.000000,75549924.000000,-0.002900,-0.014500,-0.959900, , , 
22972.000000,1150999.000000,75549924.000000, , , ,-0.650391,0.000000,-0.325195
22973.000000,1151000.000000,75549924.000000,-0.023200,-0.005800,-0.988900, , , 
22974.000000,1151099.000000,75549924.000000,0.000000,-0.011600,-1.012100, , , 
22975.000000,1151100.000000,75549924.000000, , , ,-0.975586,0.325195,0.000000
22976.000000,1151200.000000,75549924.000000,-0.005800,0.000000,-0.962800, , , 
22977.000000,1151201.000000,75549924.000000, , , ,-0.325195,-0.325195,0.000000
22978.000000,1151292.000000,75549924.000000, , , ,-0.325195,0.000000,0.000000
22979.000000,1151299.000000,75549924.000000,-0.014500,-0.008700,-0.974400, , , 
22980.000000,1151393.000000,75549924.000000, , , ,-0.975586,0.000000,0.000000
22981.000000,1151400.000000,75549924.000000,-0.014500,-0.017400,-1.003400, , , 
22982.000000,1151494.000000,75549924.000000, , , ,0.000000,0.000000,0.000000
22983.000000,1151499.000000,75549924.000000,0.000000,0.008700,-0.991800, , , 
22984.000000,1151595.000000,75549924.000000, , , ,-0.325195,0.000000,0.000000
22985.000000,1151600.000000,75549924.000000,-0.011600,0.000000,-0.977300, , , 
22986.000000,1151696.000000,75549924.000000, , , ,0.000000,0.000000,-0.325195
22987.000000,1151699.000000,75549924.000000,-0.005800,-0.011600,-0.968600, , , 
22988.000000,1151797.000000,75549924.000000, , , ,-0.325195,0.000000,0.000000
22989.000000,1151800.000000,75549924.000000,-0.002900,-0.008700,-0.962800, , , 
22990.000000,1151898.000000,75549924.000000, , , ,-0.650391,0.000000,0.325195
22991.000000,1151899.000000,75549924.000000,-0.008700,-0.040600,-0.974400, , , 
22992.000000,1151999.000000,75549924.000000, , , ,-0.325195,-0.325195,0.000000
22993.000000,1152000.000000,75549924.000000,-0.017400,-0.017400,-0.983100, , , 
22994.000000,1152099.000000,75549924.000000,-0.008700,-0.011600,-1.000500, , , 
22995.000000,1152100.000000,75549924.000000, , , ,-0.650391,0.000000,0.325195
22996.000000,1152200.000000,75549924.000000,-0.011600,-0.020300,-0.994700, , , 
22997.000000,1152201.000000,75549924.000000, , , ,-0.325195,-0.325195,0.325195
22998.000000,1152292.000000,75549924.000000, , , ,-0.325195,0.000000,0.000000
22999.000000,1152299.000000,75549924.000000,-0.002900,-0.002900,-0.991800, , , 
23000.000000,1152393.000000,75549924.000000, , , ,-0.325195,-0.325195,-0.975586
23001.000000,1152400.000000,75549924.000000,0.000000,-0.023200,-0.983100, , , 
23002.000000,1152494.000000,75549924.000000, , , ,-0.325195,0.000000,-0.325195
23003.000000,1152499.000000,75549924.000000,-0.011600,-0.011600,-0.980200, , , 
23004.000000,1152595.000000,75549924.000000, , , ,-1.300781,0.000000,0.000000
23005.000000,1152600.000000,75549924.000000,-0.011600,-0.023200,-0.977300, , , 
23006.000000,1152696.000000,75549924.000000, , , ,-1.625977,0.000000,0.325195
23007.000000,1152699.000000,75549924.000000,-0.020300,-0.005800,-0.994700, , , 
23008.000000,1152797.000000,75549924.000000, , , ,-0.975586,0.000000,0.000000
23009.000000,1152800.000000,75549924.000000,-0.002900,0.005800,-0.986000, , , 
23010.000000,1152898.000000,75549924.000000, , , ,-0.650391,0.000000,0.000000
23011.000000,1152899.000000,75549924.000000,-0.011600,-0.011600,-0.980200, , , 
23012.000000,1152999.000000,75549924.000000, , , ,-0.325195,0.000000,0.000000
23013.000000,1153000.000000,75549924.000000,-0.014500,0.000000,-0.991800, , , 
23014.000000,1153099.000000,75549924.000000,-0.005800,-0.014500,-1.009200, , , 
23015.000000,1153100.000000,75549924.000000, , , ,0.000000,0.325195,0.000000
23016.000000,1153200.000000,75549924.000000,-0.005800,-0.008700,-1.003400, , , 
23017.000000,1153201.000000,75549924.000000, , , ,-0.650391,0.000000,0.000000
23018.000000,1153292.000000,75549924.000000, , , ,-0.325195,-0.325195,0.000000
23019.000000,1153299.000000,75549924.000000,-0.005800,-0.005800,-0.968600, , , 
23020.000000,1153393.000000,75549924.000000, , , ,-0.650391,0.000000,0.000000
23021.000000,1153400.000000,75549924.000000,-0.014500,-0.014500,-0.983100, , , 
23022.000000,1153494.000000,75549924.000000, , , ,-0.975586,-0.325195,-0.325195
23023.000000,1153499.000000,75549924.000000,-0.002900,-0.014500,-0.994700, , , 
23024.000000,1153595.000000,75549924.000000, , , ,-0.975586,0.000000,0.000000
23025.000000,1153600.000000,75549924.000000,-0.002900,-0.002900,-0.957000, , , 
23026.000000,1153696.000000,75549924.000000, , , ,-0.650391,0.000000,0.000000
23027.000000,1153699.000000,75549924.000000,-0.040600,0.000000,-0.997600, , , 
23028.000000,1153797.000000,75549924.000000, , , ,-0.325195,0.000000,0.000000
23029.000000,1153800.000000,75549924.000000,0.000000,0.020300,-1.023700, , , 
23030.000000,1153898.000000,75549924.000000, , , ,-0.325195,-0.325195,0.000000
23031.000000,1153899.000000,75549924.000000,-0.005800,0.000000,-0.991800, , , 
23032.000000,1153999.000000,75549924.000000, , , ,0.000000,-0.325195,0.000000
23033.000000,1154000.000000,75549924.000000,-0.002900,0.008700,-0.968600, , , 
23034.000000,1154099.000000,75549924.000000,-0.014500,-0.005800,-1.009200, , , 
23035.000000,1154100.000000,75549924.000000, , , ,0.000000,0.325195,-0.325195
23036.000000,1154200.000000,75549924.000000,0.000000,-0.031900,-1.009200, , , 
23037.000000,1154201.000000,75549924.000000, , , ,-0.975586,0.000000,0.000000
23038.000000,1154292.000000,75549924.000000, , , ,-1.300781,-0.325195,0.000000
23039.000000,1154299.000000,75549924.000000,-0.011600,-0.008700,-0.997600, , , 
23040.000000,1154393.000000,75549924.000000, , , ,-0.975586,0.650391,0.000000
23041.000000,1154400.000000,75549924.000000,-0.026100,-0.005800,-1.044000, , , 
23042.000000,1154494.000000,75549924.000000, , , ,-0.650391,0.000000,0.000000
23043.000000,1154499.000000,75549924.000000,0.002900,0.020300,-1.049800, , , 
23044.000000,1154595.000000,75549924.000000, , , ,0.325195,0.000000,0.000000
23045.000000,1154600.000000,75549924.000000,0.000000,0.011600,-0.980200, , , 
23046.000000,1154696.000000,75549924.000000, , , ,0.000000,0.000000,0.000000
23047.000000,1154701.000000,75549924.000000,-0.011600,-0.005800,-0.974400, , , 
23048.000000,1154796.000000,75549924.000000, , , ,-0.325195,0.650391,0.000000
23049.000000,1154799.000000,75549924.000000,-0.008700,-0.014500,-0.997600, , , 
23050.000000,1154897.000000,75549924.000000, , , ,-0.650391,0.000000,0.000000
23051.000000,1154900.000000,75549924.000000,-0.011600,-0.014500,-1.006300, , , 
23052.000000,1154998.000000,75549924.000000, , , ,-0.975586,-0.325195,0.000000
23053.000000,1154999.000000,75549924.000000,-0.011600,0.002900,-0.988900, , , 
23054.000000,1155099.000000,75549924.000000, , , ,-0.975586,0.325195,-0.325195
23055.000000,1155100.000000,75549924.000000,0.005800,-0.008700,-0.988900, , , 
23056.000000,1155199.000000,75549924.000000,0.000000,0.011600,-0.954100, , , 
23057.000000,1155200.000000,75549924.000000, , , ,0.000000,-0.325195,-0.325195
23058.000000,1155300.000000,75549924.000000,-0.014500,0.011600,-0.968600, , , 
23059.000000,1155301.000000,75549924.000000, , , ,0.325195,-0.325195,0.000000
23060.000000,1155392.000000,75549924.000000, , , ,-0.325195,0.000000,0.000000
23061.000000,1155399.000000,75549924.000000,-0.011600,-0.037700,-0.997600, , , 
23062.000000,1155493.000000,75549924.000000, , , ,-0.975586,0.325195,0.000000
23063.000000,1155500.000000,75549924.000000,-0.011600,-0.026100,-1.023700, , , 
23064.000000,1155594.000000,75549924.000000, , , ,-1.300781,0.650391,0.000000
23065.000000,1155599.000000,75549924.000000,0.000000,-0.011600,-1.046900, , , 
23066.000000,1155695.000000,75549924.000000, , , ,-0.975586,0.325195,0.000000
23067.000000,1155700.000000,75549924.000000,0.000000,0.000000,-1.035300, , , 
23068.000000,1155796.000000,75549924.000000, , , ,-0.325195,-0.975586,0.000000
23069.000000,1155799.000000,75549924.000000,-0.002900,-0.005800,-0.977300, , , 
23070.000000,1155897.000000,75549924.000000, , , ,-0.325195,0.650391,-0.325195
23071.000000,1155900.000000,75549924.000000,-0.017400,-0.020300,-1.003400, , , 
23072.000000,1155998.000000,75549924.000000, , , ,-0.650391,0.000000,0.000000
23073.000000,1155999.000000,75549924.000000,0.011600,-0.002900,-0.994700, , , 
23074.000000,1156099.000000,75549924.000000, , , ,0.000000,0.000000,0.000000
23075.000000,1156100.000000,75549924.000000,-0.005800,-0.014500,-0.974400, , , 
23076.000000,1156199.000000,75549924.000000,-0.002900,-0.008700,-0.991800, , , 
23077.000000,1156200.000000,75549924.000000, , , ,-0.325195,0.000000,-0.325195
23078.000000,1156300.000000,75549924.000000,0.002900,-0.002900,-0.994700, , , 
23079.000000,1156301.000000,75549924.000000, , , ,-0.325195,0.000000,0.000000
23080.000000,1156392.000000,75549924.000000, , , ,-0.325195,0.325195,0.000000
23081.000000,1156399.000000,75549924.000000,-0.005800,-0.023200,-1.017900, , , 
23082.000000,1156493.000000,75549924.000000, , , ,-0.975586,0.325195,0.000000
23083.000000,1156500.000000,75549924.000000,0.002900,-0.017400,-1.035300, , , 
23084.000000,1156594.000000,75549924.000000, , , ,-0.650391,0.000000,0.000000
23085.000000,1156599.000000,75549924.000000,0.002900,-0.008700,-0.988900, , , 
23086.000000,1156695.000000,75549924.000000, , , ,-0.325195,0.000000,-0.325195
23087.000000,1156700.000000,75549924.000000,0.011600,-0.020300,-0.988900, , , 
23088.000000,1156796.000000,75549924.000000, , , ,-0.325195,0.000000,-0.325195
23089.000000,1156799.000000,75549924.000000,0.017400,-0.023200,-0.997600, , , 
23090.000000,1156897.000000,75549924.000000, , , ,-0.650391,0.000000,-0.650391
23091.000000,1156900.000000,75549924.000000,0.020300,-0.017400,-0.986000, , , 
23092.000000,1156998.000000,75549924.000000, , , ,-0.325195,-0.975586,-0.325195
23093.000000,1156999.000000,75549924.000000,0.008700,-0.020300,-0.945400, , , 
23094.000000,1157099.000000,75549924.000000, , , ,-0.975586,-0.975586,-0.325195
23095.000000,1157100.000000,75549924.000000,0.029000,-0.026100,-0.928000, , , 
23096.000000,1157199.000000,75549924.000000,0.005800,-0.026100,-0.965700, , , 
23097.000000,1157200.000000,75549924.000000, , , ,-0.325195,0.000000,0.000000
23098.000000,1157300.000000,75549924.000000,0.002900,-0.023200,-1.006300, , , 
23099.000000,1157301.000000,75549924.000000, , , ,-0.650391,0.000000,0.000000
23100.000000,1157392.000000,75549924.000000, , , ,-0.650391,0.325195,-0.325195
23101.000000,1157399.000000,75549924.000000,0.017400,-0.026100,-1.023700, , , 
23102.000000,1157493.000000,75549924.000000, , , ,0.000000,-0.325195,0.000000
23103.000000,1157500.000000,75549924.000000,0.014500,-0.014500,-0.974400, , , 
23104.000000,1157594.000000,75549924.000000, , , ,-0.975586,-0.650391,0.000000
23105.000000,1157599.000000,75549924.000000,0.017400,-0.026100,-0.968600, , , 
23106.000000,1157695.000000,75549924.000000, , , ,-0.650391,-0.325195,-0.325195
23107.000000,1157700.000000,75549924.000000,0.008700,-0.040600,-0.968600, , , 
23108.000000,1157796.000000,75549924.000000, , , ,-1.625977,0.000000,-0.325195
23109.000000,1157799.000000,75549924.000000,0.011600,-0.029000,-0.977300, , , 
23110.000000,1157897.000000,75549924.000000, , , ,-0.650391,0.000000,-0.650391
23111.000000,1157900.000000,75549924.000000,0.020300,-0.020300,-0.991800, , , 
23112.000000,1157998.000000,75549924.000000, , , ,-0.975586,-0.325195,-0.650391
23113.000000,1157999.000000,75549924.000000,0.014500,-0.011600,-0.971500, , , 
23114.000000,1158099.000000,75549924.000000, , , ,0.000000,0.000000,-0.975586
23115.000000,1158100.000000,75549924.000000,0.014500,-0.034800,-0.991800, , , 
23116.000000,1158199.000000,75549924.000000,0.017400,-0.034800,-1.015000, , , 
23117.000000,1158200.000000,75549924.000000, , , ,0.325195,-0.325195,-0.650391
23118.000000,1158300.000000,75549924.000000,0.014500,-0.029000,-1.009200, , , 
23119.000000,1158301.000000,75549924.000000, , , ,0.000000,0.000000,-0.650391
23120.000000,1158392.000000,75549924.000000, , , ,0.000000,0.000000,-0.325195
23121.000000,1158399.000000,75549924.000000,0.029000,-0.043500,-0.997600, , , 
23122.000000,1158493.000000,75549924.000000, , , ,-0.650391,-0.325195,-0.650391
23123.000000,1158500.000000,75549924.000000,0.020300,-0.046400,-0.959900, , , 
23124.000000,1158594.000000,75549924.000000, , , ,-0.325195,0.000000,-0.325195
23125.000000,1158599.000000,75549924.000000,0.023200,-0.037700,-0.971500, , , 
23126.000000,1158695.000000,75549924.000000, , , ,-0.325195,0.000000,-0.325195
23127.000000,1158700.000000,75549924.000000,0.014500,-0.031900,-0.991800, , , 
23128.000000,1158796.000000,75549924.000000, , , ,-0.650391,-0.325195,-0.325195
23129.000000,1158799.000000,75549924.000000,0.023200,-0.017400,-0.986000, , , 
23130.000000,1158897.000000,75549924.000000, , , ,-0.975586,0.325195,-0.325195
23131.000000,1158900.000000,75549924.000000,0.008700,-0.049300,-1.032400, , , 
23132.000000,1158998.000000,75549924.000000, , , ,-1.951172,0.000000,-0.325195
23133.000000,1158999.000000,75549924.000000,0.023200,-0.040600,-1.020800, , , 
23134.000000,1159099.000000,75549924.000000, , , ,-2.276367,0.325195,-0.650391
23135.000000,1159100.000000,75549924.000000,0.008700,-0.008700,-1.012100, , , 
23136.000000,1159199.000000,75549924.000000,0.020300,0.000000,-0.957000, , , 
23137.000000,1159200.000000,75549924.000000, , , ,-0.650391,-0.325195,-0.650391
23138.000000,1159300.000000,75549924.000000,0.023200,-0.005800,-0.907700, , , 
23139.000000,1159301.000000,75549924.000000, , , ,-0.325195,-1.625977,-0.650391
23140.000000,1159392.000000,75549924.000000, , , ,-0.325195,-0.325195,-0.975586
23141.000000,1159399.000000,75549924.000000,0.002900,-0.031900,-0.933800, , , 
23142.000000,1159493.000000,75549924.000000, , , ,0.000000,-1.300781,-0.650391
23143.000000,1159500.000000,75549924.000000,0.017400,-0.017400,-0.965700, , , 
23144.000000,1159594.000000,75549924.000000, , , ,0.000000,0.975586,0.000000
23145.000000,1159599.000000,75549924.000000,-0.008700,-0.046400,-1.038200, , , 
23146.000000,1159695.000000,75549924.000000, , , ,-0.325195,1.300781,-0.975586
23147.000000,1159700.000000,75549924.000000,0.008700,-0.040600,-1.102000, , , 
23148.000000,1159796.000000,75549924.000000, , , ,-0.650391,0.325195,-0.325195
23149.000000,1159799.000000,75549924.000000,0.034800,-0.029000,-1.055600, , , 
23150.000000,1159897.000000,75549924.000000, , , ,-0.650391,0.000000,-0.325195
23151.000000,1159900.000000,75549924.000000,0.000000,-0.031900,-0.957000, , , 
23152.000000,1159998.000000,75549924.000000, , , ,0.000000,-0.650391,-0.325195
23153.000000,1159999.000000,75549924.000000,0.034800,0.014500,-0.933800, , , 
23154.000000,1160099.000000,75549924.000000, , , ,-0.975586,0.000000,-0.650391
23155.000000,1160100.000000,75549924.000000,0.020300,-0.060900,-0.977300, , , 
23156.000000,1160199.000000,75549924.000000,0.029000,-0.026100,-0.957000, , , 
23157.000000,1160200.000000,75549924.000000, , , ,-2.601563,-0.325195,-0.325195
23158.000000,1160300.000000,75549924.000000,-0.002900,-0.026100,-1.000500, , , 
23159.000000,1160301.000000,75549924.000000, , , ,-1.951172,0.000000,0.000000
23160.000000,1160392.000000,75549924.000000, , , ,-1.625977,0.325195,0.000000
23161.000000,1160399.000000,75549924.000000,0.023200,-0.020300,-1.035300, , , 
23162.000000,1160493.000000,75549924.000000, , , ,-1.625977,-0.650391,0.325195
23163.000000,1160500.000000,75549924.000000,0.000000,-0.005800,-0.954100, , , 
23164.000000,1160594.000000,75549924.000000, , , ,-2.276367,-0.325195,-0.325195
23165.000000,1160599.000000,75549924.000000,0.002900,-0.002900,-0.957000, , , 
23166.000000,1160695.000000,75549924.000000, , , ,-2.276367,0.325195,-0.325195
23167.000000,1160700.000000,75549924.000000,0.005800,0.000000,-1.015000, , , 
23168.000000,1160796.000000,75549924.000000, , , ,-1.951172,0.000000,-0.325195
23169.000000,1160799.000000,75549924.000000,0.020300,-0.011600,-1.015000, , , 
23170.000000,1160897.000000,75549924.000000, , , ,-0.975586,0.000000,-0.325195
23171.000000,1160900.000000,75549924.000000,0.020300,0.002900,-0.988900, , , 
23172.000000,1160998.000000,75549924.000000, , , ,-0.650391,-0.325195,-0.650391
23173.000000,1160999.000000,75549924.000000,0.023200,0.002900,-0.948300, , , 
23174.000000,1161099.000000,75549924.000000, , , ,-1.300781,-0.650391,-0.325195
23175.000000,1161100.000000,75549924.000000,0.020300,-0.011600,-0.933800, , , 
23176.000000,1161199.000000,75549924.000000,0.005800,0.014500,-0.974400, , , 
23177.000000,1161200.000000,75549924.000000, , , ,-1.951172,-1.300781,0.000000
23178.000000,1161300.000000,75549924.000000,0.023200,0.020300,-0.968600, , , 
23179.000000,1161301.000000,75549924.000000, , , ,-1.951172,-0.325195,0.000000
23180.000000,1161392.000000,75549924.000000, , , ,-1.951172,-0.325195,0.000000
23181.000000,1161399.000000,75549924.000000,0.017400,0.020300,-0.983100, , , 
23182.000000,1161493.000000,75549924.000000, , , ,-1.625977,0.000000,-0.325195
23183.000000,1161500.000000,75549924.000000,0.023200,0.037700,-0.974400, , , 
23184.000000,1161594.000000,75549924.000000, , , ,-1.300781,-1.300781,-0.325195
23185.000000,1161599.000000,75549924.000000,0.011600,0.026100,-0.945400, , , 
23186.000000,1161695.000000,75549924.000000, , , ,-1.951172,0.000000,0.000000
23187.000000,1161700.000000,75549924.000000,-0.002900,0.011600,-1.006300, , , 
23188.000000,1161796.000000,75549924.000000, , , ,-0.975586,0.325195,0.000000
23189.000000,1161799.000000,75549924.000000,0.011600,0.014500,-1.015000, , , 
23190.000000,1161897.000000,75549924.000000, , , ,-0.325195,0.000000,-0.650391
23191.000000,1161900.000000,75549924.000000,0.011600,0.023200,-1.012100, , , 
23192.000000,1161998.000000,75549924.000000, , , ,-0.975586,0.000000,-0.325195
23193.000000,1161999.000000,75549924.000000,0.011600,0.020300,-0.997600, , , 
23194.000000,1162099.000000,75549924.000000, , , ,-0.975586,-0.325195,-0.650391
23195.000000,1162100.000000,75549924.000000,0.023200,0.020300,-0.962800, , , 
23196.000000,1162199.000000,75549924.000000,0.008700,0.011600,-0.957000, , , 
23197.000000,1162200.000000,75549924.000000, , , ,-1.300781,-0.325195,-0.325195
23198.000000,1162300.000000,75549924.000000,0.008700,0.011600,-0.983100, , , 
23199.000000,1162301.000000,75549924.000000, , , ,-0.650391,0.000000,-0.325195
23200.000000,1162392.000000,75549924.000000, , , ,-0.325195,-0.650391,-0.650391
23201.000000,1162399.000000,75549924.000000,0.017400,0.031900,-0.986000, , , 
23202.000000,1162493.000000,75549924.000000, , , ,-0.325195,0.000000,-0.650391
23203.000000,1162500.000000,75549924.000000,0.008700,0.026100,-0.988900, , , 
23204.000000,1162594.000000,75549924.000000, , , ,-0.325195,0.000000,-0.650391
23205.000000,1162599.000000,75549924.000000,0.026100,0.002900,-0.965700, , , 
23206.000000,1162695.000000,75549924.000000, , , ,0.000000,-0.325195,-0.650391
23207.000000,1162700.000000,75549924.000000,0.017400,-0.002900,-0.974400, , , 
23208.000000,1162796.000000,75549924.000000, , , ,-0.650391,-0.325195,-0.650391
23209.000000,1162799.000000,75549924.000000,0.000000,0.000000,-0.983100, , , 
23210.000000,1162897.000000,75549924.000000, , , ,-0.975586,0.000000,-0.325195
23211.000000,1162900.000000,75549924.000000,0.017400,0.011600,-1.003400, , , 
23212.000000,1162998.000000,75549924.000000, , , ,-0.650391,0.650391,-0.650391
23213.000000,1162999.000000,75549924.000000,0.000000,0.017400,-1.012100, , , 
23214.000000,1163099.000000,75549924.000000, , , ,-0.650391,0.975586,-0.325195
23215.000000,1163100.000000,75549924.000000,0.008700,0.002900,-1.035300, , , 
23216.000000,1163199.000000,75549924.000000,0.020300,0.017400,-0.965700, , , 
23217.000000,1163200.000000,75549924.000000, , , ,-0.650391,-0.325195,-0.650391
23218.000000,1163300.000000,75549924.000000,0.011600,0.008700,-0.916400, , , 
23219.000000,1163301.000000,75549924.000000, , , ,0.000000,-0.650391,-0.325195
23220.000000,1163392.000000,75549924.000000, , , ,0.000000,-0.650391,-1.300781
23221.000000,1163399.000000,75549924.000000,0.011600,-0.011600,-0.933800, , , 
23222.000000,1163493.000000,75549924.000000, , , ,-0.325195,-0.650391,-0.650391
23223.000000,1163500.000000,75549924.000000,0.000000,-0.005800,-0.974400, , , 
23224.000000,1163594.000000,75549924.000000, , , ,0.000000,0.650391,-0.975586
23225.000000,1163599.000000,75549924.000000,0.005800,-0.020300,-1.026600, , , 
23226.000000,1163695.000000,75549924.000000, , , ,-0.975586,0.325195,-0.325195
23227.000000,1163700.000000,75549924.000000,0.020300,-0.020300,-1.041100, , , 
23228.000000,1163796.000000,75549924.000000, , , ,-0.650391,0.000000,-0.650391
23229.000000,1163799.000000,75549924.000000,0.000000,-0.011600,-0.994700, , , 
23230.000000,1163897.000000,75549924.000000, , , ,-0.325195,0.000000,-0.650391
23231.000000,1163900.000000,75549924.000000,0.017400,-0.023200,-0.986000, , , 
23232.000000,1163998.000000,75549924.000000, , , ,-0.325195,-0.325195,-0.975586
23233.000000,1163999.000000,75549924.000000,0.011600,-0.037700,-0.959900, , , 
23234.000000,1164099.000000,75549924.000000, , , ,-0.325195,0.325195,-0.975586
23235.000000,1164100.000000,75549924.000000,0.002900,-0.017400,-0.980200, , , 
23236.000000,1164199.000000,75549924.000000,0.014500,-0.037700,-0.988900, , , 
23237.000000,1164200.000000,75549924.000000, , , ,-0.325195,-0.325195,-0.650391
23238.000000,1164300.000000,75549924.000000,-0.008700,-0.017400,-0.968600, , , 
23239.000000,1164301.000000,75549924.000000, , , ,-0.325195,-0.650391,-0.650391
23240.000000,1164392.000000,75549924.000000, , , ,-0.325195,0.325195,-1.300781
23241.000000,1164399.000000,75549924.000000,0.000000,-0.031900,-0.997600, , , 
23242.000000,1164493.000000,75549924.000000, , , ,-1.300781,0.000000,-0.650391
23243.000000,1164500.000000,75549924.000000,0.011600,-0.026100,-1.026600, , , 
23244.000000,1164594.000000,75549924.000000, , , ,-0.975586,0.000000,-0.975586
23245.000000,1164599.000000,75549924.000000,0.014500,-0.017400,-1.006300, , , 
23246.000000,1164695.000000,75549924.000000, , , ,-0.650391,0.000000,-0.975586
23247.000000,1164700.000000,75549924.000000,0.017400,-0.026100,-0.968600, , , 
23248.000000,1164796.000000,75549924.000000, , , ,-0.650391,-0.325195,-0.975586
23249.000000,1164799.000000,75549924.000000,0.000000,-0.026100,-0.962800, , , 
23250.000000,1164897.000000,75549924.000000, , , ,-0.650391,0.325195,-1.625977
23251.000000,1164900.000000,75549924.000000,0.011600,-0.031900,-1.009200, , , 
23252.000000,1164998.000000,75549924.000000, , , ,-0.650391,0.000000,-0.975586
23253.000000,1164999.000000,75549924.000000,0.008700,-0.034800,-0.988900, , , 
23254.000000,1165099.000000,75549924.000000, , , ,-0.325195,0.000000,-1.300781
23255.000000,1165100.000000,75549924.000000,0.008700,-0.043500,-0.971500, , , 
23256.000000,1165199.000000,75549924.000000,0.020300,-0.055100,-0.968600, , , 
23257.000000,1165200.000000,75549924.000000, , , ,-0.975586,-0.650391,-1.300781
23258.000000,1165300.000000,75549924.000000,0.002900,-0.023200,-0.942500, , , 
23259.000000,1165301.000000,75549924.000000, , , ,-0.650391,-0.325195,-0.975586
23260.000000,1165392.000000,75549924.000000, , , ,-0.650391,-0.325195,-1.300781
23261.000000,1165399.000000,75549924.000000,0.002900,-0.023200,-0.977300, , , 
23262.000000,1165493.000000,75549924.000000, , , ,-0.975586,0.000000,-0.975586
23263.000000,1165500.000000,75549924.000000,0.014500,-0.011600,-1.000500, , , 
23264.000000,1165594.000000,75549924.000000, , , ,0.325195,0.000000,-1.300781
23265.000000,1165599.000000,75549924.000000,0.005800,-0.017400,-0.980200, , , 
23266.000000,1165695.000000,75549924.000000, , , ,-0.325195,0.000000,-1.300781
23267.000000,1165700.000000,75549924.000000,0.005800,-0.046400,-0.977300, , , 
23268.000000,1165796.000000,75549924.000000, , , ,-0.975586,0.000000,-0.975586
23269.000000,1165799.000000,75549924.000000,0.000000,-0.031900,-1.006300, , , 
23270.000000,1165897.000000,75549924.000000, , , ,-0.650391,0.000000,-0.975586
23271.000000,1165900.000000,75549924.000000,0.005800,-0.023200,-0.997600, , , 
23272.000000,1165998.000000,75549924.000000, , , ,-0.975586,0.325195,-0.975586
23273.000000,1165999.000000,75549924.000000,0.005800,-0.031900,-1.017900, , , 
23274.000000,1166099.000000,75549924.000000, , , ,-0.650391,0.000000,-1.300781
23275.000000,1166100.000000,75549924.000000,0.020300,-0.020300,-0.988900, , , 
23276.000000,1166199.000000,75549924.000000,0.023200,-0.029000,-0.925100, , , 
23277.000000,1166200.000000,75549924.000000, , , ,0.000000,-1.300781,-1.300781
23278.000000,1166300.000000,75549924.000000,0.000000,-0.017400,-0.942500, , , 
23279.000000,1166301.000000,75549924.000000, , , ,0.325195,-0.650391,-1.300781
23280.000000,1166392.000000,75549924.000000, , , ,0.000000,0.000000,-1.625977
23281.000000,1166399.000000,75549924.000000,0.000000,-0.055100,-0.986000, , , 
23282.000000,1166493.000000,75549924.000000, , , ,-0.975586,0.000000,-0.325195
23283.000000,1166500.000000,75549924.000000,0.002900,-0.058000,-1.046900, , , 
23284.000000,1166594.000000,75549924.000000, , , ,-1.300781,0.000000,-0.650391
23285.000000,1166599.000000,75549924.000000,0.026100,-0.040600,-1.026600, , , 
23286.000000,1166695.000000,75549924.000000, , , ,-0.975586,-0.650391,-0.975586
23287.000000,1166700.000000,75549924.000000,0.014500,-0.037700,-0.971500, , , 
23288.000000,1166796.000000,75549924.000000, , , ,-0.325195,0.325195,-1.300781
23289.000000,1166799.000000,75549924.000000,-0.005800,-0.026100,-0.994700, , , 
23290.000000,1166897.000000,75549924.000000, , , ,-0.975586,0.000000,-1.300781
23291.000000,1166900.000000,75549924.000000,0.034800,-0.043500,-0.986000, , , 
23292.000000,1166998.000000,75549924.000000, , , ,-1.300781,-1.300781,-1.300781
23293.000000,1166999.000000,75549924.000000,0.002900,-0.055100,-0.925100, , , 
23294.000000,1167099.000000,75549924.000000, , , ,-0.650391,0.000000,-0.325195
23295.000000,1167100.000000,75549924.000000,-0.005800,-0.029000,-0.957000, , , 
23296.000000,1167199.000000,75549924.000000,-0.002900,-0.040600,-1.029500, , , 
23297.000000,1167200.000000,75549924.000000, , , ,-0.975586,0.325195,-1.300781
23298.000000,1167300.000000,75549924.000000,0.011600,-0.020300,-1.044000, , , 
23299.000000,1167301.000000,75549924.000000, , , ,-0.325195,0.000000,-1.625977
23300.000000,1167392.000000,75549924.000000, , , ,-0.650391,0.000000,-1.300781
23301.000000,1167399.000000,75549924.000000,0.008700,-0.049300,-0.994700, , , 
23302.000000,1167493.000000,75549924.000000, , , ,-0.650391,0.000000,-0.975586
23303.000000,1167500.000000,75549924.000000,0.000000,-0.031900,-0.974400, , , 
23304.000000,1167594.000000,75549924.000000, , , ,0.000000,0.325195,-1.300781
23305.000000,1167599.000000,75549924.000000,0.008700,-0.037700,-0.986000, , , 
23306.000000,1167695.000000,75549924.000000, , , ,-0.325195,-0.650391,-0.975586
23307.000000,1167700.000000,75549924.000000,0.014500,-0.026100,-0.965700, , , 
23308.000000,1167796.000000,75549924.000000, , , ,-0.325195,-0.325195,-1.625977
23309.000000,1167799.000000,75549924.000000,-0.002900,-0.034800,-0.988900, , , 
23310.000000,1167897.000000,75549924.000000, , , ,-0.650391,-0.325195,-0.975586
23311.000000,1167900.000000,75549924.000000,0.000000,-0.037700,-0.980200, , , 
23312.000000,1167998.000000,75549924.000000, , , ,-1.300781,0.000000,-0.975586
23313.000000,1167999.000000,75549924.000000,0.002900,-0.037700,-0.994700, , , 
23314.000000,1168099.000000,75549924.000000, , , ,-1.300781,-0.325195,-1.300781
23315.000000,1168100.000000,75549924.000000,0.002900,-0.031900,-0.980200, , , 
23316.000000,1168199.000000,75549924.000000,0.008700,-0.017400,-0.974400, , , 
23317.000000,1168200.000000,75549924.000000, , , ,-0.975586,-0.325195,-0.325195
23318.000000,1168300.000000,75549924.000000,0.005800,-0.029000,-0.994700, , , 
23319.000000,1168301.000000,75549924.000000, , , ,-0.650391,0.000000,-1.625977
23320.000000,1168392.000000,75549924.000000, , , ,-0.975586,-0.325195,-1.300781
23321.000000,1168399.000000,75549924.000000,0.008700,-0.026100,-0.986000, , , 
23322.000000,1168493.000000,75549924.000000, , , ,-0.650391,0.000000,-1.300781
23323.000000,1168500.000000,75549924.000000,0.008700,-0.029000,-0.986000, , , 
23324.000000,1168594.000000,75549924.000000, , , ,-0.325195,-0.325195,-1.300781
23325.000000,1168599.000000,75549924.000000,0.002900,-0.034800,-0.986000, , , 
23326.000000,1168695.000000,75549924.000000, , , ,-0.650391,0.000000,-0.975586
23327.000000,1168700.000000,75549924.000000,0.011600,-0.040600,-0.988900, , , 
23328.000000,1168796.000000,75549924.000000, , , ,-1.300781,0.000000,-1.300781
23329.000000,1168799.000000,75549924.000000,0.017400,-0.040600,-0.983100, , , 
23330.000000,1168897.000000,75549924.000000, , , ,-0.975586,0.000000,-0.650391
23331.000000,1168900.000000,75549924.000000,0.011600,-0.026100,-0.962800, , , 
23332.000000,1168998.000000,75549924.000000, , , ,-0.650391,-0.325195,-0.975586
23333.000000,1169000.000000,75549924.000000,0.011600,-0.008700,-0.968600, , , 
23334.000000,1169098.000000,75549924.000000, , , ,-0.650391,0.000000,-1.300781
23335.000000,1169099.000000,75549924.000000,0.005800,-0.017400,-0.986000, , , 
23336.000000,1169199.000000,75549924.000000, , , ,-0.325195,-0.325195,-1.625977
23337.000000,1169200.000000,75549924.000000,0.017400,-0.011600,-0.977300, , , 
23338.000000,1169299.000000,75549924.000000,0.005800,-0.037700,-1.012100, , , 
23339.000000,1169300.000000,75549924.000000, , , ,-0.650391,0.000000,-1.300781
23340.000000,1169400.000000,75549924.000000,0.020300,-0.026100,-0.968600, , , 
23341.000000,1169401.000000,75549924.000000, , , ,-0.650391,-0.325195,-1.300781
23342.000000,1169492.000000,75549924.000000, , , ,-0.975586,-0.325195,-0.975586
23343.000000,1169499.000000,75549924.000000,0.000000,-0.026100,-0.977300, , , 
23344.000000,1169593.000000,75549924.000000, , , ,-0.650391,0.000000,-0.975586
23345.000000,1169600.000000,75549924.000000,0.002900,-0.017400,-1.003400, , , 
23346.000000,1169694.000000,75549924.000000, , , ,-0.975586,0.000000,-1.300781
23347.000000,1169699.000000,75549924.000000,0.026100,-0.011600,-1.000500, , , 
23348.000000,1169795.000000,75549924.000000, , , ,-0.650391,0.000000,-0.975586
23349.000000,1169800.000000,75549924.000000,0.005800,-0.008700,-0.997600, , , 
23350.000000,1169896.000000,75549924.000000, , , ,-0.325195,0.000000,-1.300781
23351.000000,1169899.000000,75549924.000000,0.011600,-0.017400,-0.957000, , , 
23352.000000,1169997.000000,75549924.000000, , , ,-0.650391,-0.325195,-0.975586
23353.000000,1170000.000000,75549924.000000,0.008700,-0.023200,-0.974400, , , 
23354.000000,1170098.000000,75549924.000000, , , ,-0.650391,0.000000,-0.325195
23355.000000,1170099.000000,75549924.000000,0.002900,-0.020300,-0.983100, , , 
23356.000000,1170199.000000,75549924.000000, , , ,-0.650391,0.000000,-0.975586
23357.000000,1170200.000000,75549924.000000,0.000000,-0.020300,-1.006300, , , 
23358.000000,1170299.000000,75549924.000000,0.011600,-0.020300,-1.023700, , , 
23359.000000,1170300.000000,75549924.000000, , , ,-0.650391,0.000000,-0.975586
23360.000000,1170400.000000,75549924.000000,0.008700,-0.002900,-0.974400, , , 
23361.000000,1170401.000000,75549924.000000, , , ,-0.325195,0.000000,-0.975586
23362.000000,1170492.000000,75549924.000000, , , ,-0.650391,0.000000,-1.300781
23363.000000,1170499.000000,75549924.000000,-0.002900,-0.020300,-0.965700, , , 
23364.000000,1170593.000000,75549924.000000, , , ,-0.650391,0.000000,-0.975586
23365.000000,1170600.000000,75549924.000000,0.005800,-0.023200,-0.988900, , , 
23366.000000,1170694.000000,75549924.000000, , , ,-0.650391,0.325195,-0.975586
23367.000000,1170699.000000,75549924.000000,0.008700,-0.011600,-1.000500, , , 
23368.000000,1170795.000000,75549924.000000, , , ,-0.650391,-0.325195,-0.975586
23369.000000,1170800.000000,75549924.000000,0.023200,-0.014500,-0.991800, , , 
23370.000000,1170896.000000,75549924.000000, , , ,0.000000,-0.650391,-0.975586
23371.000000,1170899.000000,75549924.000000,0.014500,0.000000,-0.930900, , , 
23372.000000,1170997.000000,75549924.000000, , , ,0.000000,-0.325195,-0.975586
23373.000000,1171000.000000,75549924.000000,0.000000,-0.017400,-0.954100, , , 
23374.000000,1171098.000000,75549924.000000, , , ,-0.650391,-0.650391,-1.625977
23375.000000,1171099.000000,75549924.000000,0.008700,-0.029000,-0.986000, , , 
23376.000000,1171199.000000,75549924.000000, , , ,-0.650391,-0.325195,-1.951172
23377.000000,1171200.000000,75549924.000000,0.008700,-0.023200,-1.015000, , , 
23378.000000,1171299.000000,75549924.000000,0.005800,-0.008700,-1.015000, , , 
23379.000000,1171300.000000,75549924.000000, , , ,-0.650391,0.000000,-0.975586
23380.000000,1171400.000000,75549924.000000,0.000000,-0.026100,-1.009200, , , 
23381.000000,1171401.000000,75549924.000000, , , ,-0.650391,0.000000,-0.650391
23382.000000,1171492.000000,75549924.000000, , , ,-0.325195,-0.325195,-1.300781
23383.000000,1171499.000000,75549924.000000,0.020300,-0.014500,-0.965700, , , 
23384.000000,1171593.000000,75549924.000000, , , ,-0.325195,-0.325195,-0.975586
23385.000000,1171600.000000,75549924.000000,0.000000,-0.011600,-0.968600, , , 
23386.000000,1171694.000000,75549924.000000, , , ,-0.650391,0.000000,-0.975586
23387.000000,1171699.000000,75549924.000000,0.008700,-0.023200,-0.988900, , , 
23388.000000,1171795.000000,75549924.000000, , , ,-0.650391,0.000000,-1.625977
23389.000000,1171800.000000,75549924.000000,-0.008700,-0.014500,-1.012100, , , 
23390.000000,1171896.000000,75549924.000000, , , ,-0.325195,0.000000,-0.650391
23391.000000,1171899.000000,75549924.000000,0.026100,-0.008700,-0.991800, , , 
23392.000000,1171997.000000,75549924.000000, , , ,-0.975586,-0.325195,-0.975586
23393.000000,1172000.000000,75549924.000000,0.011600,-0.008700,-0.980200, , , 
23394.000000,1172098.000000,75549924.000000, , , ,-0.325195,0.000000,-0.975586
23395.000000,1172099.000000,75549924.000000,0.005800,-0.014500,-0.988900, , , 
23396.000000,1172199.000000,75549924.000000, , , ,-0.325195,0.000000,-0.650391
23397.000000,1172200.000000,75549924.000000,0.014500,-0.017400,-0.962800, , , 
23398.000000,1172299.000000,75549924.000000,0.005800,-0.017400,-0.977300, , , 
23399.000000,1172300.000000,75549924.000000, , , ,-0.325195,-0.325195,-1.300781
23400.000000,1172400.000000,75549924.000000,0.023200,-0.008700,-0.983100, , , 
23401.000000,1172401.000000,75549924.000000, , , ,-0.325195,0.000000,-0.650391
23402.000000,1172492.000000,75549924.000000, , , ,0.000000,-1.300781,-0.650391
23403.000000,1172499.000000,75549924.000000,0.029000,0.000000,-0.939600, , , 
23404.000000,1172593.000000,75549924.000000, , , ,0.000000,-0.325195,-0.975586
23405.000000,1172600.000000,75549924.000000,-0.008700,-0.011600,-0.974400, , , 
23406.000000,1172694.000000,75549924.000000, , , ,-0.975586,0.000000,-1.625977
23407.000000,1172699.000000,75549924.000000,0.017400,-0.034800,-1.006300, , , 
23408.000000,1172795.000000,75549924.000000, , , ,-1.300781,0.000000,-0.650391
23409.000000,1172800.000000,75549924.000000,0.000000,-0.023200,-1.032400, , , 
23410.000000,1172896.000000,75549924.000000, , , ,-0.975586,0.000000,-0.975586
23411.000000,1172899.000000,75549924.000000,0.011600,-0.005800,-1.020800, , , 
23412.000000,1172997.000000,75549924.000000, , , ,0.000000,-0.650391,-1.300781
23413.000000,1173000.000000,75549924.000000,0.014500,0.000000,-0.954100, , , 
23414.000000,1173098.000000,75549924.000000, , , ,0.000000,-0.325195,-0.975586
23415.000000,1173101.000000,75549924.000000,0.008700,-0.014500,-0.942500, , , 
23416.000000,1173198.000000,75549924.000000, , , ,-0.325195,-0.325195,-0.325195
23417.000000,1173199.000000,75549924.000000,0.005800,-0.026100,-0.980200, , , 
23418.000000,1173299.000000,75549924.000000, , , ,-0.325195,0.000000,-0.975586
23419.000000,1173300.000000,75549924.000000,0.005800,-0.031900,-1.009200, , , 
23420.000000,1173399.000000,75549924.000000,0.008700,-0.008700,-0.997600, , , 
23421.000000,1173400.000000,75549924.000000, , , ,-0.650391,0.000000,-0.325195
23422.000000,1173500.000000,75549924.000000,0.011600,-0.014500,-0.994700, , , 
23423.000000,1173501.000000,75549924.000000, , , ,-0.325195,0.000000,-0.650391
23424.000000,1173592.000000,75549924.000000, , , ,-0.650391,0.000000,-0.650391
23425.000000,1173599.000000,75549924.000000,0.000000,-0.023200,-1.000500, , , 
23426.000000,1173693.000000,75549924.000000, , , ,-0.650391,-0.325195,-0.975586
23427.000000,1173700.000000,75549924.000000,0.017400,-0.023200,-0.983100, , , 
23428.000000,1173794.000000,75549924.000000, , , ,-0.975586,-0.975586,-0.975586
23429.000000,1173799.000000,75549924.000000,0.014500,-0.011600,-0.954100, , , 
23430.000000,1173895.000000,75549924.000000, , , ,-0.650391,0.000000,-0.975586
23431.000000,1173900.000000,75549924.000000,0.000000,-0.023200,-0.971500, , , 
23432.000000,1173996.000000,75549924.000000, , , ,-0.325195,0.000000,-0.975586
23433.000000,1173999.000000,75549924.000000,0.014500,-0.023200,-0.980200, , , 
23434.000000,1174097.000000,75549924.000000, , , ,0.000000,0.000000,-0.975586
23435.000000,1174100.000000,75549924.000000,0.008700,-0.017400,-0.977300, , , 
23436.000000,1174198.000000,75549924.000000, , , ,0.000000,0.325195,-0.975586
23437.000000,1174199.000000,75549924.000000,0.000000,-0.029000,-1.015000, , , 
23438.000000,1174299.000000,75549924.000000, , , ,-0.325195,0.000000,-1.625977
23439.000000,1174300.000000,75549924.000000,0.026100,-0.043500,-1.003400, , , 
23440.000000,1174399.000000,75549924.000000,-0.002900,-0.029000,-0.977300, , , 
23441.000000,1174400.000000,75549924.000000, , , ,-0.975586,0.000000,-0.650391
23442.000000,1174500.000000,75549924.000000,0.040600,-0.026100,-0.942500, , , 
23443.000000,1174501.000000,75549924.000000, , , ,-0.975586,-0.325195,-0.975586
23444.000000,1174592.000000,75549924.000000, , , ,-0.650391,-0.975586,-0.975586
23445.000000,1174599.000000,75549924.000000,-0.008700,-0.008700,-0.957000, , , 
23446.000000,1174693.000000,75549924.000000, , , ,-0.975586,-0.325195,-1.300781
23447.000000,1174700.000000,75549924.000000,0.023200,-0.043500,-0.986000, , , 
23448.000000,1174794.000000,75549924.000000, , , ,-0.650391,0.000000,-1.300781
23449.000000,1174799.000000,75549924.000000,-0.005800,-0.029000,-1.000500, , , 
23450.000000,1174895.000000,75549924.000000, , , ,-0.650391,0.000000,-1.300781
23451.000000,1174900.000000,75549924.000000,0.014500,-0.026100,-1.020800, , , 
23452.000000,1174996.000000,75549924.000000, , , ,-0.325195,-0.650391,-0.975586
23453.000000,1174999.000000,75549924.000000,0.023200,-0.026100,-0.968600, , , 
23454.000000,1175097.000000,75549924.000000, , , ,-0.325195,0.000000,-1.300781
23455.000000,1175100.000000,75549924.000000,0.023200,-0.017400,-0.959900, , , 
23456.000000,1175198.000000,75549924.000000, , , ,-0.325195,0.000000,-0.975586
23457.000000,1175199.000000,75549924.000000,0.005800,-0.029000,-0.986000, , , 
23458.000000,1175299.000000,75549924.000000, , , ,-0.325195,0.000000,-1.300781
23459.000000,1175300.000000,75549924.000000,0.017400,-0.031900,-1.009200, , , 
23460.000000,1175399.000000,75549924.000000,0.008700,-0.026100,-1.006300, , , 
23461.000000,1175400.000000,75549924.000000, , , ,-0.325195,0.000000,-0.975586
23462.000000,1175500.000000,75549924.000000,0.023200,-0.034800,-0.997600, , , 
23463.000000,1175501.000000,75549924.000000, , , ,-0.325195,0.325195,-1.300781
23464.000000,1175592.000000,75549924.000000, , , ,0.000000,0.000000,-1.300781
23465.000000,1175599.000000,75549924.000000,0.020300,-0.040600,-0.971500, , , 
23466.000000,1175693.000000,75549924.000000, , , ,0.000000,-0.975586,-1.300781
23467.000000,1175700.000000,75549924.000000,0.014500,-0.029000,-0.945400, , , 
23468.000000,1175794.000000,75549924.000000, , , ,0.000000,-0.325195,-1.300781
23469.000000,1175799.000000,75549924.000000,0.002900,-0.031900,-0.968600, , , 
23470.000000,1175895.000000,75549924.000000, , , ,-0.325195,0.000000,-1.300781
23471.000000,1175900.000000,75549924.000000,0.005800,-0.043500,-1.017900, , , 
23472.000000,1175996.000000,75549924.000000, , , ,-1.300781,0.000000,-0.975586
23473.000000,1175999.000000,75549924.000000,0.014500,-0.034800,-1.026600, , , 
23474.000000,1176097.000000,75549924.000000, , , ,-0.975586,-0.325195,-0.975586
23475.000000,1176100.000000,75549924.000000,0.020300,-0.023200,-0.986000, , , 
23476.000000,1176198.000000,75549924.000000, , , ,-0.650391,-0.325195,-1.300781
23477.000000,1176199.000000,75549924.000000,0.008700,-0.031900,-0.951200, , , 
23478.000000,1176299.000000,75549924.000000, , , ,-0.325195,-0.325195,-0.975586
23479.000000,1176300.000000,75549924.000000,0.011600,-0.017400,-0.977300, , , 
23480.000000,1176399.000000,75549924.000000,0.011600,-0.017400,-0.991800, , , 
23481.000000,1176400.000000,75549924.000000, , , ,0.000000,0.000000,-1.300781
23482.000000,1176500.000000,75549924.000000,0.008700,0.000000,-0.997600, , , 
23483.000000,1176501.000000,75549924.000000, , , ,0.000000,0.000000,-1.300781
23484.000000,1176592.000000,75549924.000000, , , ,-0.325195,0.325195,-1.300781
23485.000000,1176599.000000,75549924.000000,0.011600,-0.031900,-1.012100, , , 
23486.000000,1176693.000000,75549924.000000, , , ,-0.325195,0.000000,-1.300781
23487.000000,1176700.000000,75549924.000000,0.008700,-0.040600,-0.977300, , , 
23488.000000,1176794.000000,75549924.000000, , , ,-0.325195,-0.650391,-1.300781
23489.000000,1176799.000000,75549924.000000,0.011600,-0.058000,-0.977300, , , 
23490.000000,1176895.000000,75549924.000000, , , ,-0.650391,0.000000,-0.650391
23491.000000,1176900.000000,75549924.000000,0.005800,-0.049300,-0.994700, , , 
23492.000000,1176996.000000,75549924.000000, , , ,-0.650391,0.000000,-1.625977
23493.000000,1176999.000000,75549924.000000,0.014500,-0.031900,-0.980200, , , 
23494.000000,1177097.000000,75549924.000000, , , ,-0.325195,0.000000,-1.300781
23495.000000,1177100.000000,75549924.000000,0.005800,-0.043500,-0.991800, , , 
23496.000000,1177198.000000,75549924.000000, , , ,-0.325195,-0.325195,-1.300781
23497.000000,1177199.000000,75549924.000000,0.026100,-0.055100,-0.980200, , , 
23498.000000,1177299.000000,75549924.000000, , , ,-0.325195,0.000000,-1.300781
23499.000000,1177300.000000,75549924.000000,0.005800,-0.043500,-0.977300, , , 
23500.000000,1177399.000000,75549924.000000,0.000000,-0.046400,-1.012100, , , 
23501.000000,1177400.000000,75549924.000000, , , ,-0.325195,0.325195,-1.300781
23502.000000,1177500.000000,75549924.000000,0.023200,-0.040600,-1.003400, , , 
23503.000000,1177501.000000,75549924.000000, , , ,-0.325195,0.000000,-1.625977
23504.000000,1177592.000000,75549924.000000, , , ,-0.650391,-0.650391,-1.300781
23505.000000,1177599.000000,75549924.000000,0.020300,-0.040600,-0.925100, , , 
23506.000000,1177693.000000,75549924.000000, , , ,-1.300781,-0.325195,-0.975586
23507.000000,1177700.000000,75549924.000000,0.000000,-0.046400,-0.951200, , , 
23508.000000,1177794.000000,75549924.000000, , , ,-1.951172,0.000000,-0.975586
23509.000000,1177799.000000,75549924.000000,0.005800,-0.046400,-0.974400, , , 
23510.000000,1177895.000000,75549924.000000, , , ,-1.300781,0.000000,-1.625977
23511.000000,1177900.000000,75549924.000000,0.011600,-0.023200,-1.023700, , , 
23512.000000,1177996.000000,75549924.000000, , , ,0.000000,0.000000,-1.625977
23513.000000,1177999.000000,75549924.000000,0.000000,-0.017400,-1.017900, , , 
23514.000000,1178097.000000,75549924.000000, , , ,-0.325195,-0.650391,-1.300781
23515.000000,1178100.000000,75549924.000000,0.017400,-0.049300,-0.971500, , , 
23516.000000,1178198.000000,75549924.000000, , , ,-0.325195,-0.325195,-1.300781
23517.000000,1178199.000000,75549924.000000,0.000000,-0.037700,-0.962800, , , 
23518.000000,1178299.000000,75549924.000000, , , ,-0.325195,0.000000,-1.300781
23519.000000,1178300.000000,75549924.000000,0.008700,-0.043500,-0.980200, , , 
23520.000000,1178399.000000,75549924.000000,0.011600,-0.020300,-0.997600, , , 
23521.000000,1178400.000000,75549924.000000, , , ,-0.325195,0.000000,-1.625977
23522.000000,1178500.000000,75549924.000000,0.000000,-0.046400,-1.000500, , , 
23523.000000,1178501.000000,75549924.000000, , , ,-0.650391,0.000000,-1.300781
23524.000000,1178592.000000,75549924.000000, , , ,-0.650391,0.000000,-1.300781
23525.000000,1178599.000000,75549924.000000,0.011600,-0.046400,-1.006300, , , 
23526.000000,1178693.000000,75549924.000000, , , ,-0.325195,-0.325195,-1.300781
23527.000000,1178700.000000,75549924.000000,0.014500,-0.029000,-0.965700, , , 
23528.000000,1178794.000000,75549924.000000, , , ,-0.325195,-0.650391,-1.300781
23529.000000,1178799.000000,75549924.000000,0.002900,-0.037700,-0.945400, , , 
23530.000000,1178895.000000,75549924.000000, , , ,-0.975586,-0.325195,-1.300781
23531.000000,1178900.000000,75549924.000000,0.002900,-0.055100,-0.977300, , , 
23532.000000,1178996.000000,75549924.000000, , , ,-1.625977,0.000000,-1.300781
23533.000000,1178999.000000,75549924.000000,-0.002900,-0.052200,-0.991800, , , 
23534.000000,1179097.000000,75549924.000000, , , ,-1.625977,0.000000,-0.975586
23535.000000,1179100.000000,75549924.000000,0.023200,-0.031900,-1.029500, , , 
23536.000000,1179198.000000,75549924.000000, , , ,-0.975586,0.000000,-0.975586
23537.000000,1179199.000000,75549924.000000,0.008700,-0.008700,-1.000500, , , 
23538.000000,1179299.000000,75549924.000000, , , ,-0.975586,-0.650391,-1.300781
23539.000000,1179300.000000,75549924.000000,0.014500,-0.020300,-0.951200, , , 
23540.000000,1179399.000000,75549924.000000,-0.020300,-0.020300,-1.003400, , , 
23541.000000,1179400.000000,75549924.000000, , , ,-0.975586,0.650391,-0.975586
23542.000000,1179500.000000,75549924.000000,0.011600,-0.014500,-0.997600, , , 
23543.000000,1179501.000000,75549924.000000, , , ,-0.650391,0.000000,-0.975586
23544.000000,1179592.000000,75549924.000000, , , ,-0.650391,0.000000,-0.650391
23545.000000,1179599.000000,75549924.000000,0.014500,-0.023200,-0.962800, , , 
23546.000000,1179693.000000,75549924.000000, , , ,-0.325195,0.000000,-0.975586
23547.000000,1179700.000000,75549924.000000,0.000000,0.000000,-0.965700, , , 
23548.000000,1179794.000000,75549924.000000, , , ,-0.650391,-0.325195,-0.650391
23549.000000,1179799.000000,75549924.000000,0.005800,0.000000,-0.962800, , , 
23550.000000,1179895.000000,75549924.000000, , , ,-1.300781,-0.325195,-0.975586
23551.000000,1179900.000000,75549924.000000,0.014500,-0.005800,-0.988900, , , 
23552.000000,1179996.000000,75549924.000000, , , ,-0.325195,-0.650391,-0.650391
23553.000000,1179999.000000,75549924.000000,-0.002900,-0.002900,-0.988900, , , 
23554.000000,1180097.000000,75549924.000000, , , ,-0.975586,0.325195,-0.975586
23555.000000,1180100.000000,75549924.000000,0.002900,-0.008700,-1.012100, , , 
23556.000000,1180198.000000,75549924.000000, , , ,-0.650391,0.000000,-1.300781
23557.000000,1180199.000000,75549924.000000,0.005800,-0.005800,-1.009200, , , 
23558.000000,1180299.000000,75549924.000000, , , ,-0.650391,-0.325195,-1.300781
23559.000000,1180300.000000,75549924.000000,0.000000,-0.014500,-0.994700, , , 
23560.000000,1180399.000000,75549924.000000,0.014500,0.000000,-0.991800, , , 
23561.000000,1180400.000000,75549924.000000, , , ,-0.325195,0.000000,-1.300781
23562.000000,1180500.000000,75549924.000000,0.002900,-0.011600,-0.971500, , , 
23563.000000,1180501.000000,75549924.000000, , , ,0.000000,-0.325195,-1.300781
23564.000000,1180592.000000,75549924.000000, , , ,-0.325195,0.000000,-0.975586
23565.000000,1180599.000000,75549924.000000,0.008700,-0.031900,-0.974400, , , 
23566.000000,1180693.000000,75549924.000000, , , ,-0.325195,-0.650391,-0.975586
23567.000000,1180700.000000,75549924.000000,0.005800,-0.026100,-0.968600, , , 
23568.000000,1180794.000000,75549924.000000, , , ,-0.650391,0.325195,-0.650391
23569.000000,1180799.000000,75549924.000000,0.000000,-0.017400,-1.017900, , , 
23570.000000,1180895.000000,75549924.000000, , , ,-1.300781,0.325195,0.000000
23571.000000,1180900.000000,75549924.000000,0.002900,-0.029000,-1.029500, , , 
23572.000000,1180996.000000,75549924.000000, , , ,-0.650391,-0.325195,-0.650391
23573.000000,1180999.000000,75549924.000000,0.017400,0.002900,-0.959900, , , 
23574.000000,1181097.000000,75549924.000000, , , ,0.000000,-1.300781,-0.975586
23575.000000,1181100.000000,75549924.000000,0.026100,0.002900,-0.893200, , , 
23576.000000,1181198.000000,75549924.000000, , , ,0.000000,0.325195,-1.300781
23577.000000,1181199.000000,75549924.000000,-0.026100,-0.002900,-0.968600, , , 
23578.000000,1181299.000000,75549924.000000, , , ,-0.650391,0.000000,-0.650391
23579.000000,1181300.000000,75549924.000000,0.000000,-0.026100,-1.032400, , , 
23580.000000,1181399.000000,75549924.000000,0.008700,-0.002900,-1.009200, , , 
23581.000000,1181400.000000,75549924.000000, , , ,-0.325195,0.000000,-0.975586
23582.000000,1181500.000000,75549924.000000,0.011600,-0.008700,-1.003400, , , 
23583.000000,1181501.000000,75549924.000000, , , ,-0.325195,0.325195,-0.650391
23584.000000,1181592.000000,75549924.000000, , , ,-0.650391,-0.325195,-0.975586
23585.000000,1181599.000000,75549924.000000,0.002900,0.000000,-0.983100, , , 
23586.000000,1181693.000000,75549924.000000, , , ,-0.325195,0.000000,-0.975586
23587.000000,1181700.000000,75549924.000000,0.008700,-0.008700,-0.994700, , , 
23588.000000,1181794.000000,75549924.000000, , , ,-0.650391,-0.325195,-0.650391
23589.000000,1181799.000000,75549924.000000,0.014500,0.008700,-0.959900, , , 
23590.000000,1181895.000000,75549924.000000, , , ,-0.325195,0.000000,-0.325195
23591.000000,1181900.000000,75549924.000000,0.000000,0.000000,-0.968600, , , 
23592.000000,1181996.000000,75549924.000000, , , ,-0.325195,-0.975586,-0.975586
23593.000000,1181999.000000,75549924.000000,0.008700,0.011600,-0.968600, , , 
23594.000000,1182097.000000,75549924.000000, , , ,-0.650391,0.000000,-0.650391
23595.000000,1182100.000000,75549924.000000,0.002900,0.000000,-0.997600, , , 
23596.000000,1182198.000000,75549924.000000, , , ,-0.975586,0.325195,-0.650391
23597.000000,1182199.000000,75549924.000000,0.002900,-0.014500,-1.026600, , , 
23598.000000,1182299.000000,75549924.000000, , , ,-1.625977,0.000000,-0.650391
23599.000000,1182300.000000,75549924.000000,0.017400,0.000000,-0.991800, , , 
23600.000000,1182399.000000,75549924.000000,0.020300,0.008700,-0.945400, , , 
23601.000000,1182400.000000,75549924.000000, , , ,-0.650391,-0.325195,-0.325195
23602.000000,1182500.000000,75549924.000000,0.002900,0.002900,-0.945400, , , 
23603.000000,1182501.000000,75549924.000000, , , ,0.000000,-0.650391,-0.975586
23604.000000,1182592.000000,75549924.000000, , , ,-0.650391,0.000000,-1.300781
23605.000000,1182599.000000,75549924.000000,0.002900,0.000000,-0.977300, , , 
23606.000000,1182693.000000,75549924.000000, , , ,-0.650391,0.000000,-1.300781
23607.000000,1182700.000000,75549924.000000,0.020300,-0.011600,-1.006300, , , 
23608.000000,1182794.000000,75549924.000000, , , ,0.000000,0.000000,-1.625977
23609.000000,1182799.000000,75549924.000000,0.008700,0.000000,-1.012100, , , 
23610.000000,1182895.000000,75549924.000000, , , ,-0.325195,0.000000,-1.300781
23611.000000,1182900.000000,75549924.000000,0.011600,-0.017400,-0.997600, , , 
23612.000000,1182996.000000,75549924.000000, , , ,0.000000,-0.325195,-1.300781
23613.000000,1182999.000000,75549924.000000,0.005800,-0.029000,-0.974400, , , 
23614.000000,1183097.000000,75549924.000000, , , ,0.000000,0.000000,-1.625977
23615.000000,1183100.000000,75549924.000000,0.008700,-0.029000,-0.988900, , , 
23616.000000,1183198.000000,75549924.000000, , , ,-0.650391,0.000000,-1.625977
23617.000000,1183199.000000,75549924.000000,0.011600,-0.049300,-0.997600, , , 
23618.000000,1183299.000000,75549924.000000, , , ,-0.650391,0.000000,-1.300781
23619.000000,1183300.000000,75549924.000000,0.011600,-0.020300,-1.000500, , , 
23620.000000,1183399.000000,75549924.000000,0.011600,-0.034800,-1.000500, , , 
23621.000000,1183400.000000,75549924.000000, , , ,0.000000,0.000000,-1.300781
23622.000000,1183500.000000,75549924.000000,0.014500,-0.023200,-0.977300, , , 
23623.000000,1183501.000000,75549924.000000, , , ,0.000000,0.000000,-1.625977
23624.000000,1183592.000000,75549924.000000, , , ,-0.325195,0.000000,-1.300781
23625.000000,1183599.000000,75549924.000000,0.008700,-0.020300,-0.954100, , , 
23626.000000,1183693.000000,75549924.000000, , , ,-0.325195,-0.650391,-1.300781
23627.000000,1183700.000000,75549924.000000,0.020300,-0.026100,-0.983100, , , 
23628.000000,1183794.000000,75549924.000000, , , ,-0.325195,-0.325195,-0.975586
23629.000000,1183799.000000,75549924.000000,0.002900,-0.040600,-1.006300, , , 
23630.000000,1183895.000000,75549924.000000, , , ,-0.975586,0.000000,-0.975586
23631.000000,1183900.000000,75549924.000000,0.002900,-0.040600,-0.997600, , , 
23632.000000,1183996.000000,75549924.000000, , , ,-0.650391,-0.325195,-0.325195
23633.000000,1183999.000000,75549924.000000,0.014500,-0.020300,-0.957000, , , 
23634.000000,1184097.000000,75549924.000000, , , ,-0.650391,-0.325195,-0.975586
23635.000000,1184100.000000,75549924.000000,0.002900,-0.020300,-0.959900, , , 
23636.000000,1184198.000000,75549924.000000, , , ,-0.975586,0.000000,-1.300781
23637.000000,1184199.000000,75549924.000000,0.023200,-0.034800,-1.000500, , , 
23638.000000,1184299.000000,75549924.000000, , , ,-0.975586,0.000000,-1.300781
23639.000000,1184300.000000,75549924.000000,0.002900,-0.008700,-0.997600, , , 
23640.000000,1184399.000000,75549924.000000,0.002900,-0.026100,-1.003400, , , 
23641.000000,1184400.000000,75549924.000000, , , ,-0.325195,0.000000,-1.300781
23642.000000,1184500.000000,75549924.000000,0.011600,-0.029000,-0.965700, , , 
23643.000000,1184501.000000,75549924.000000, , , ,0.325195,-0.650391,-1.300781
23644.000000,1184592.000000,75549924.000000, , , ,-0.325195,-0.650391,-1.300781
23645.000000,1184599.000000,75549924.000000,0.005800,-0.029000,-0.954100, , , 
23646.000000,1184693.000000,75549924.000000, , , ,-0.325195,-0.325195,-1.300781
23647.000000,1184700.000000,75549924.000000,0.008700,-0.029000,-0.977300, , , 
23648.000000,1184794.000000,75549924.000000, , , ,-0.650391,0.000000,-0.975586
23649.000000,1184799.000000,75549924.000000,-0.002900,-0.046400,-1.012100, , , 
23650.000000,1184895.000000,75549924.000000, , , ,-1.300781,0.650391,-0.975586
23651.000000,1184900.000000,75549924.000000,0.005800,-0.020300,-1.061400, , , 
23652.000000,1184996.000000,75549924.000000, , , ,-0.975586,-0.650391,-0.650391
23653.000000,1184999.000000,75549924.000000,0.023200,-0.008700,-0.991800, , , 
23654.000000,1185097.000000,75549924.000000, , , ,-0.650391,-0.650391,-0.975586
23655.000000,1185100.000000,75549924.000000,0.014500,-0.002900,-0.933800, , , 
23656.000000,1185198.000000,75549924.000000, , , ,-0.325195,-1.300781,-0.975586
23657.000000,1185199.000000,75549924.000000,0.020300,-0.002900,-0.939600, , , 
23658.000000,1185299.000000,75549924.000000, , , ,-0.650391,0.000000,-0.650391
23659.000000,1185300.000000,75549924.000000,-0.014500,-0.029000,-0.965700, , , 
23660.000000,1185399.000000,75549924.000000,0.000000,-0.011600,-1.015000, , , 
23661.000000,1185400.000000,75549924.000000, , , ,-0.325195,0.000000,-0.650391
23662.000000,1185500.000000,75549924.000000,0.000000,-0.011600,-1.029500, , , 
23663.000000,1185501.000000,75549924.000000, , , ,-0.325195,0.000000,-0.975586
23664.000000,1185592.000000,75549924.000000, , , ,-0.325195,-0.325195,-0.975586
23665.000000,1185599.000000,75549924.000000,0.014500,-0.014500,-1.012100, , , 
23666.000000,1185693.000000,75549924.000000, , , ,-0.650391,0.000000,-1.300781
23667.000000,1185700.000000,75549924.000000,0.000000,-0.008700,-1.012100, , , 
23668.000000,1185794.000000,75549924.000000, , , ,-0.975586,0.000000,-0.975586
23669.000000,1185799.000000,75549924.000000,0.026100,-0.037700,-0.974400, , , 
23670.000000,1185895.000000,75549924.000000, , , ,-0.650391,-0.650391,-0.975586
23671.000000,1185900.000000,75549924.000000,0.005800,-0.040600,-0.948300, , , 
23672.000000,1185996.000000,75549924.000000, , , ,-0.650391,0.000000,-1.625977
23673.000000,1185999.000000,75549924.000000,0.002900,-0.023200,-0.983100, , , 
23674.000000,1186097.000000,75549924.000000, , , ,0.000000,-0.325195,-1.625977
23675.000000,1186100.000000,75549924.000000,0.017400,-0.020300,-0.968600, , , 
23676.000000,1186198.000000,75549924.000000, , , ,0.000000,-0.975586,-1.300781
23677.000000,1186199.000000,75549924.000000,0.005800,-0.029000,-0.977300, , , 
23678.000000,1186299.000000,75549924.000000, , , ,-0.650391,0.000000,-0.975586
23679.000000,1186300.000000,75549924.000000,-0.002900,-0.034800,-0.983100, , , 
23680.000000,1186399.000000,75549924.000000,0.011600,-0.034800,-0.980200, , , 
23681.000000,1186400.000000,75549924.000000, , , ,-0.975586,-0.325195,-0.975586
23682.000000,1186500.000000,75549924.000000,-0.002900,-0.017400,-0.997600, , , 
23683.000000,1186501.000000,75549924.000000, , , ,-0.975586,0.000000,-2.276367
23684.000000,1186592.000000,75549924.000000, , , ,-0.650391,0.325195,-0.650391
23685.000000,1186599.000000,75549924.000000,0.008700,-0.002900,-1.003400, , , 
23686.000000,1186693.000000,75549924.000000, , , ,-0.325195,0.000000,-0.975586
23687.000000,1186700.000000,75549924.000000,0.005800,-0.020300,-1.000500, , , 
23688.000000,1186794.000000,75549924.000000, , , ,-0.975586,0.000000,-1.300781
23689.000000,1186799.000000,75549924.000000,0.011600,-0.020300,-0.983100, , , 
23690.000000,1186895.000000,75549924.000000, , , ,-1.300781,0.000000,-0.975586
23691.000000,1186900.000000,75549924.000000,0.020300,-0.017400,-1.003400, , , 
23692.000000,1186996.000000,75549924.000000, , , ,-0.650391,0.000000,-0.650391
23693.000000,1186999.000000,75549924.000000,0.020300,-0.026100,-1.009200, , , 
23694.000000,1187097.000000,75549924.000000, , , ,-0.325195,0.000000,-0.325195
23695.000000,1187100.000000,75549924.000000,0.017400,-0.002900,-0.968600, , , 
23696.000000,1187198.000000,75549924.000000, , , ,-0.325195,-0.325195,-0.975586
23697.000000,1187199.000000,75549924.000000,0.002900,-0.023200,-0.980200, , , 
23698.000000,1187299.000000,75549924.000000, , , ,-0.650391,-0.325195,-1.300781
23699.000000,1187300.000000,75549924.000000,0.017400,-0.031900,-0.983100, , , 
23700.000000,1187399.000000,75549924.000000,0.011600,0.000000,-1.012100, , , 
23701.000000,1187400.000000,75549924.000000, , , ,-0.650391,0.325195,-1.300781
23702.000000,1187500.000000,75549924.000000,0.011600,-0.029000,-0.983100, , , 
23703.000000,1187501.000000,75549924.000000, , , ,-0.650391,-0.325195,-0.975586
23704.000000,1187592.000000,75549924.000000, , , ,-0.975586,0.000000,-1.300781
23705.000000,1187599.000000,75549924.000000,0.000000,-0.031900,-0.991800, , , 
23706.000000,1187693.000000,75549924.000000, , , ,-0.975586,-0.325195,-0.975586
23707.000000,1187700.000000,75549924.000000,0.008700,-0.002900,-0.988900, , , 
23708.000000,1187794.000000,75549924.000000, , , ,-0.325195,-0.650391,-1.300781
23709.000000,1187799.000000,75549924.000000,0.014500,-0.023200,-0.959900, , , 
23710.000000,1187895.000000,75549924.000000, , , ,-0.975586,-0.325195,-1.300781
23711.000000,1187900.000000,75549924.000000,0.000000,-0.031900,-0.991800, , , 
23712.000000,1187996.000000,75549924.000000, , , ,-1.300781,0.000000,-1.300781
23713.000000,1187999.000000,75549924.000000,0.014500,-0.017400,-1.003400, , , 
23714.000000,1188097.000000,75549924.000000, , , ,0.000000,0.000000,-1.300781
23715.000000,1188100.000000,75549924.000000,0.000000,-0.005800,-0.977300, , , 
23716.000000,1188198.000000,75549924.000000, , , ,0.000000,0.000000,-1.300781
23717.000000,1188199.000000,75549924.000000,0.005800,-0.043500,-0.986000, , , 
23718.000000,1188299.000000,75549924.000000, , , ,-0.325195,0.000000,-0.975586
23719.000000,1188300.000000,75549924.000000,0.005800,0.000000,-0.991800, , , 
23720.000000,1188399.000000,75549924.000000,0.026100,-0.026100,-0.965700, , , 
23721.000000,1188400.000000,75549924.000000, , , ,-0.650391,-0.650391,-1.300781
23722.000000,1188500.000000,75549924.000000,0.000000,-0.026100,-0.939600, , , 
23723.000000,1188501.000000,75549924.000000, , , ,-0.650391,-0.975586,-0.975586
23724.000000,1188592.000000,75549924.000000, , , ,-0.650391,0.325195,-1.300781
23725.000000,1188599.000000,75549924.000000,0.002900,-0.026100,-1.003400, , , 
23726.000000,1188693.000000,75549924.000000, , , ,-0.650391,0.000000,-0.325195
23727.000000,1188700.000000,75549924.000000,0.020300,-0.029000,-1.041100, , , 
23728.000000,1188794.000000,75549924.000000, , , ,-0.325195,0.000000,-1.300781
23729.000000,1188799.000000,75549924.000000,0.029000,-0.011600,-1.000500, , , 
23730.000000,1188895.000000,75549924.000000, , , ,0.000000,-0.975586,-0.975586
23731.000000,1188900.000000,75549924.000000,0.008700,-0.008700,-0.930900, , , 
23732.000000,1188996.000000,75549924.000000, , , ,-0.325195,0.000000,-0.650391
23733.000000,1188999.000000,75549924.000000,0.011600,-0.014500,-0.933800, , , 
23734.000000,1189097.000000,75549924.000000, , , ,0.000000,-0.650391,-0.975586
23735.000000,1189100.000000,75549924.000000,0.002900,-0.017400,-0.959900, , , 
23736.000000,1189198.000000,75549924.000000, , , ,-1.300781,0.000000,-0.975586
23737.000000,1189199.000000,75549924.000000,-0.017400,-0.040600,-1.020800, , , 
23738.000000,1189299.000000,75549924.000000, , , ,-1.625977,0.650391,-0.975586
23739.000000,1189300.000000,75549924.000000,0.008700,-0.023200,-1.064300, , , 
23740.000000,1189399.000000,75549924.000000,0.000000,0.000000,-1.067200, , , 
23741.000000,1189400.000000,75549924.000000, , , ,-0.650391,0.325195,-0.975586
23742.000000,1189500.000000,75549924.000000,0.008700,-0.020300,-1.023700, , , 
23743.000000,1189501.000000,75549924.000000, , , ,0.000000,0.000000,-1.625977
23744.000000,1189592.000000,75549924.000000, , , ,-0.650391,0.000000,-1.300781
23745.000000,1189599.000000,75549924.000000,0.020300,0.002900,-0.954100, , , 
23746.000000,1189693.000000,75549924.000000, , , ,0.000000,-0.325195,-0.650391
23747.000000,1189700.000000,75549924.000000,0.008700,0.000000,-0.951200, , , 
23748.000000,1189794.000000,75549924.000000, , , ,0.000000,-0.650391,-0.650391
23749.000000,1189799.000000,75549924.000000,0.020300,0.000000,-0.933800, , , 
23750.000000,1189895.000000,75549924.000000, , , ,0.000000,-0.325195,-1.300781
23751.000000,1189900.000000,75549924.000000,0.000000,-0.005800,-0.951200, , , 
23752.000000,1189996.000000,75549924.000000, , , ,-0.325195,-0.325195,-1.300781
23753.000000,1189999.000000,75549924.000000,0.014500,-0.023200,-0.980200, , , 
23754.000000,1190097.000000,75549924.000000, , , ,-0.325195,0.000000,-0.975586
23755.000000,1190100.000000,75549924.000000,0.005800,-0.023200,-0.977300, , , 
23756.000000,1190198.000000,75549924.000000, , , ,-0.650391,0.000000,-1.300781
23757.000000,1190199.000000,75549924.000000,0.000000,-0.034800,-1.017900, , , 
23758.000000,1190299.000000,75549924.000000, , , ,-0.650391,0.325195,-0.975586
23759.000000,1190300.000000,75549924.000000,0.011600,-0.029000,-1.020800, , , 
23760.000000,1190399.000000,75549924.000000,0.011600,-0.034800,-1.020800, , , 
23761.000000,1190400.000000,75549924.000000, , , ,-0.975586,0.000000,-0.975586
23762.000000,1190500.000000,75549924.000000,0.029000,-0.029000,-0.977300, , , 
23763.000000,1190501.000000,75549924.000000, , , ,-1.625977,-0.325195,-1.300781
23764.000000,1190592.000000,75549924.000000, , , ,-0.325195,-0.650391,-0.975586
23765.000000,1190599.000000,75549924.000000,0.008700,-0.005800,-0.930900, , , 
23766.000000,1190693.000000,75549924.000000, , , ,-0.325195,-1.300781,-0.975586
23767.000000,1190700.000000,75549924.000000,0.011600,-0.008700,-0.936700, , , 
23768.000000,1190794.000000,75549924.000000, , , ,0.000000,0.000000,-0.975586
23769.000000,1190799.000000,75549924.000000,0.000000,-0.011600,-0.974400, , , 
23770.000000,1190895.000000,75549924.000000, , , ,-0.325195,0.325195,-0.975586
23771.000000,1190900.000000,75549924.000000,0.002900,-0.031900,-1.038200, , , 
23772.000000,1190996.000000,75549924.000000, , , ,-0.975586,0.000000,-0.650391
23773.000000,1190999.000000,75549924.000000,0.014500,-0.023200,-1.032400, , , 
23774.000000,1191097.000000,75549924.000000, , , ,-0.325195,-0.650391,-1.625977
23775.000000,1191100.000000,75549924.000000,0.020300,-0.026100,-0.939600, , , 
23776.000000,1191198.000000,75549924.000000, , , ,-0.325195,-0.650391,-0.650391
23777.000000,1191199.000000,75549924.000000,0.020300,-0.023200,-0.948300, , , 
23778.000000,1191299.000000,75549924.000000, , , ,-0.975586,0.000000,-0.975586
23779.000000,1191300.000000,75549924.000000,0.002900,-0.002900,-0.965700, , , 
23780.000000,1191399.000000,75549924.000000,-0.011600,-0.026100,-1.009200, , , 
23781.000000,1191400.000000,75549924.000000, , , ,-0.650391,0.000000,-0.650391
23782.000000,1191500.000000,75549924.000000,0.008700,-0.031900,-1.029500, , , 
23783.000000,1191501.000000,75549924.000000, , , ,-0.975586,-0.325195,-0.975586
23784.000000,1191592.000000,75549924.000000, , , ,-0.325195,0.000000,-0.975586
23785.000000,1191599.000000,75549924.000000,0.002900,-0.023200,-0.997600, , , 
23786.000000,1191693.000000,75549924.000000, , , ,-0.325195,-0.325195,-0.975586
23787.000000,1191700.000000,75549924.000000,0.011600,-0.020300,-0.977300, , , 
23788.000000,1191794.000000,75549924.000000, , , ,-0.325195,-0.325195,-1.300781
23789.000000,1191799.000000,75549924.000000,0.008700,-0.017400,-0.962800, , , 
23790.000000,1191895.000000,75549924.000000, , , ,0.000000,0.000000,-0.975586
23791.000000,1191900.000000,75549924.000000,0.005800,-0.023200,-0.986000, , , 
23792.000000,1191996.000000,75549924.000000, , , ,0.000000,0.325195,-0.975586
23793.000000,1191999.000000,75549924.000000,0.002900,-0.049300,-1.006300, , , 
23794.000000,1192097.000000,75549924.000000, , , ,-0.975586,-0.325195,-0.975586
23795.000000,1192100.000000,75549924.000000,0.023200,-0.043500,-0.971500, , , 
23796.000000,1192198.000000,75549924.000000, , , ,-1.300781,-0.975586,-0.650391
23797.000000,1192199.000000,75549924.000000,0.014500,-0.029000,-0.945400, , , 
23798.000000,1192299.000000,75549924.000000, , , ,-1.300781,-0.650391,-0.975586
23799.000000,1192300.000000,75549924.000000,0.014500,-0.014500,-0.930900, , , 
23800.000000,1192399.000000,75549924.000000,0.000000,-0.017400,-0.988900, , , 
23801.000000,1192400.000000,75549924.000000, , , ,-0.975586,0.000000,-0.975586
23802.000000,1192500.000000,75549924.000000,-0.005800,-0.014500,-1.041100, , , 
23803.000000,1192501.000000,75549924.000000, , , ,-0.975586,0.000000,-1.300781
23804.000000,1192592.000000,75549924.000000, , , ,-0.650391,0.650391,-0.975586
23805.000000,1192599.000000,75549924.000000,0.008700,-0.020300,-1.090400, , , 
23806.000000,1192693.000000,75549924.000000, , , ,-0.325195,0.000000,-1.300781
23807.000000,1192700.000000,75549924.000000,0.017400,-0.005800,-1.029500, , , 
23808.000000,1192794.000000,75549924.000000, , , ,0.000000,-0.325195,-0.975586
23809.000000,1192801.000000,75549924.000000,0.020300,-0.020300,-0.933800, , , 
23810.000000,1192894.000000,75549924.000000, , , ,0.000000,-0.650391,-1.300781
23811.000000,1192899.000000,75549924.000000,0.005800,-0.020300,-0.933800, , , 
23812.000000,1192995.000000,75549924.000000, , , ,-0.325195,0.000000,-0.975586
23813.000000,1193000.000000,75549924.000000,0.000000,-0.023200,-0.983100, , , 
23814.000000,1193096.000000,75549924.000000, , , ,-0.325195,0.000000,-1.300781
23815.000000,1193099.000000,75549924.000000,0.031900,-0.011600,-0.980200, , , 
23816.000000,1193197.000000,75549924.000000, , , ,0.000000,0.000000,-0.975586
23817.000000,1193200.000000,75549924.000000,0.002900,-0.029000,-1.006300, , , 
23818.000000,1193298.000000,75549924.000000, , , ,-0.975586,-0.650391,-0.975586
23819.000000,1193299.000000,75549924.000000,0.017400,-0.031900,-0.974400, , , 
23820.000000,1193399.000000,75549924.000000, , , ,-0.975586,0.000000,-0.975586
23821.000000,1193400.000000,75549924.000000,0.014500,-0.026100,-0.957000, , , 
23822.000000,1193499.000000,75549924.000000,0.002900,-0.017400,-0.968600, , , 
23823.000000,1193500.000000,75549924.000000, , , ,-0.650391,-0.325195,-0.975586
23824.000000,1193600.000000,75549924.000000,0.011600,-0.017400,-0.980200, , , 
23825.000000,1193601.000000,75549924.000000, , , ,-0.325195,0.000000,-1.300781
23826.000000,1193692.000000,75549924.000000, , , ,0.000000,0.000000,-1.300781
23827.000000,1193699.000000,75549924.000000,0.000000,-0.031900,-1.012100, , , 
23828.000000,1193793.000000,75549924.000000, , , ,-0.650391,0.000000,-0.975586
23829.000000,1193800.000000,75549924.000000,0.020300,-0.029000,-0.986000, , , 
23830.000000,1193894.000000,75549924.000000, , , ,-0.650391,0.000000,-0.325195
23831.000000,1193899.000000,75549924.000000,0.011600,-0.014500,-0.962800, , , 
23832.000000,1193995.000000,75549924.000000, , , ,-0.325195,-0.650391,-1.300781
23833.000000,1194000.000000,75549924.000000,0.005800,-0.026100,-0.959900, , , 
23834.000000,1194096.000000,75549924.000000, , , ,-0.650391,0.325195,-0.975586
23835.000000,1194099.000000,75549924.000000,0.005800,-0.023200,-1.000500, , , 
23836.000000,1194197.000000,75549924.000000, , , ,-0.975586,0.000000,-1.300781
23837.000000,1194200.000000,75549924.000000,0.008700,-0.017400,-1.020800, , , 
23838.000000,1194298.000000,75549924.000000, , , ,-0.650391,0.000000,-0.975586
23839.000000,1194299.000000,75549924.000000,0.000000,-0.026100,-1.012100, , , 
23840.000000,1194399.000000,75549924.000000, , , ,-0.325195,0.000000,-1.300781
23841.000000,1194400.000000,75549924.000000,0.002900,-0.029000,-1.000500, , , 
23842.000000,1194499.000000,75549924.000000,0.014500,-0.029000,-0.977300, , , 
23843.000000,1194500.000000,75549924.000000, , , ,-0.650391,-0.325195,-1.300781
23844.000000,1194600.000000,75549924.000000,-0.002900,-0.029000,-0.971500, , , 
23845.000000,1194601.000000,75549924.000000, , , ,-0.650391,0.000000,-0.975586
23846.000000,1194692.000000,75549924.000000, , , ,-0.650391,0.000000,-0.650391
23847.000000,1194699.000000,75549924.000000,-0.008700,-0.031900,-0.997600, , , 
23848.000000,1194793.000000,75549924.000000, , , ,-0.650391,-0.325195,-0.975586
23849.000000,1194800.000000,75549924.000000,0.020300,-0.023200,-0.968600, , , 
23850.000000,1194894.000000,75549924.000000, , , ,-0.650391,-0.325195,-0.975586
23851.000000,1194899.000000,75549924.000000,0.000000,-0.002900,-0.983100, , , 
23852.000000,1194995.000000,75549924.000000, , , ,-0.650391,0.000000,-0.325195
23853.000000,1195000.000000,75549924.000000,0.023200,-0.020300,-1.012100, , , 
23854.000000,1195096.000000,75549924.000000, , , ,-0.650391,0.000000,-0.975586
23855.000000,1195099.000000,75549924.000000,0.008700,-0.023200,-0.997600, , , 
23856.000000,1195197.000000,75549924.000000, , , ,-0.325195,-0.325195,-1.300781
23857.000000,1195200.000000,75549924.000000,0.017400,-0.017400,-0.962800, , , 
23858.000000,1195298.000000,75549924.000000, , , ,-0.975586,-0.325195,-0.975586
23859.000000,1195299.000000,75549924.000000,0.000000,-0.014500,-0.957000, , , 
23860.000000,1195399.000000,75549924.000000, , , ,0.000000,0.000000,-0.975586
23861.000000,1195400.000000,75549924.000000,0.000000,-0.020300,-0.988900, , , 
23862.000000,1195499.000000,75549924.000000,0.014500,-0.011600,-0.983100, , , 
23863.000000,1195500.000000,75549924.000000, , , ,-0.325195,-0.325195,-0.975586
23864.000000,1195600.000000,75549924.000000,0.020300,-0.005800,-0.945400, , , 
23865.000000,1195601.000000,75549924.000000, , , ,-0.325195,-0.975586,-0.975586
23866.000000,1195692.000000,75549924.000000, , , ,0.000000,-0.650391,-0.975586
23867.000000,1195699.000000,75549924.000000,0.002900,-0.017400,-0.968600, , , 
23868.000000,1195793.000000,75549924.000000, , , ,-0.650391,0.000000,-0.650391
23869.000000,1195800.000000,75549924.000000,0.011600,-0.020300,-0.988900, , , 
23870.000000,1195894.000000,75549924.000000, , , ,-0.325195,0.000000,-0.650391
23871.000000,1195899.000000,75549924.000000,0.002900,-0.017400,-1.017900, , , 
23872.000000,1195995.000000,75549924.000000, , , ,-1.300781,0.000000,-0.650391
23873.000000,1196000.000000,75549924.000000,0.008700,0.000000,-1.015000, , , 
23874.000000,1196096.000000,75549924.000000, , , ,-0.975586,0.000000,-0.650391
23875.000000,1196099.000000,75549924.000000,-0.002900,0.002900,-1.000500, , , 
23876.000000,1196197.000000,75549924.000000, , , ,-0.325195,0.000000,-0.650391
23877.000000,1196200.000000,75549924.000000,0.005800,0.005800,-1.003400, , , 
23878.000000,1196298.000000,75549924.000000, , , ,0.000000,0.000000,-0.650391
23879.000000,1196299.000000,75549924.000000,0.017400,0.000000,-0.983100, , , 
23880.000000,1196399.000000,75549924.000000, , , ,0.000000,-0.325195,-0.975586
23881.000000,1196400.000000,75549924.000000,0.002900,-0.008700,-0.974400, , , 
23882.000000,1196499.000000,75549924.000000,0.014500,-0.026100,-1.006300, , , 
23883.000000,1196500.000000,75549924.000000, , , ,-0.650391,0.000000,-0.650391
23884.000000,1196600.000000,75549924.000000,-0.002900,0.000000,-0.965700, , , 
23885.000000,1196601.000000,75549924.000000, , , ,-0.975586,-0.325195,-0.650391
23886.000000,1196692.000000,75549924.000000, , , ,-1.300781,-0.325195,-0.975586
23887.000000,1196699.000000,75549924.000000,0.008700,-0.005800,-0.986000, , , 
23888.000000,1196793.000000,75549924.000000, , , ,0.000000,0.000000,-0.975586
23889.000000,1196800.000000,75549924.000000,0.011600,0.002900,-0.942500, , , 
23890.000000,1196894.000000,75549924.000000, , , ,0.000000,0.000000,-0.325195
23891.000000,1196899.000000,75549924.000000,0.000000,0.002900,-0.965700, , , 
23892.000000,1196995.000000,75549924.000000, , , ,0.000000,-0.650391,-0.975586
23893.000000,1197000.000000,75549924.000000,0.011600,-0.023200,-1.000500, , , 
23894.000000,1197096.000000,75549924.000000, , , ,-0.325195,0.000000,-0.975586
23895.000000,1197099.000000,75549924.000000,-0.002900,-0.020300,-1.015000, , , 
23896.000000,1197197.000000,75549924.000000, , , ,-0.650391,0.325195,-1.300781
23897.000000,1197200.000000,75549924.000000,0.011600,-0.031900,-1.023700, , , 
23898.000000,1197298.000000,75549924.000000, , , ,-0.650391,-0.325195,-0.325195
23899.000000,1197299.000000,75549924.000000,0.014500,-0.031900,-0.954100, , , 
23900.000000,1197399.000000,75549924.000000, , , ,-0.975586,0.000000,-0.975586
23901.000000,1197400.000000,75549924.000000,0.000000,-0.034800,-0.968600, , , 
23902.000000,1197500.000000,75549924.000000, , , ,-1.300781,0.000000,-0.975586
23903.000000,1197501.000000,75549924.000000,0.011600,-0.043500,-0.986000, , , 
23904.000000,1197599.000000,75549924.000000,0.008700,-0.029000,-0.971500, , , 
23905.000000,1197600.000000,75549924.000000, , , ,-0.650391,0.000000,-0.975586
23906.000000,1197700.000000,75549924.000000,0.002900,-0.023200,-1.000500, , , 
23907.000000,1197701.000000,75549924.000000, , , ,-0.325195,0.000000,-0.975586
23908.000000,1197792.000000,75549924.000000, , , ,0.000000,0.000000,-1.300781
23909.000000,1197799.000000,75549924.000000,0.014500,-0.017400,-0.986000, , , 
23910.000000,1197893.000000,75549924.000000, , , ,-0.650391,0.000000,-0.975586
23911.000000,1197900.000000,75549924.000000,0.002900,-0.034800,-0.977300, , , 
23912.000000,1197994.000000,75549924.000000, , , ,-0.325195,0.000000,-1.300781
23913.000000,1197999.000000,75549924.000000,0.000000,-0.029000,-0.994700, , , 
23914.000000,1198095.000000,75549924.000000, , , ,-0.650391,0.000000,-0.975586
23915.000000,1198100.000000,75549924.000000,0.017400,-0.023200,-0.983100, , , 
23916.000000,1198196.000000,75549924.000000, , , ,-0.975586,0.000000,-0.975586
23917.000000,1198199.000000,75549924.000000,0.000000,-0.023200,-0.994700, , , 
23918.000000,1198297.000000,75549924.000000, , , ,-0.325195,0.000000,-0.975586
23919.000000,1198300.000000,75549924.000000,0.005800,-0.017400,-1.009200, , , 
23920.000000,1198398.000000,75549924.000000, , , ,-0.325195,0.000000,-0.975586
23921.000000,1198399.000000,75549924.000000,0.014500,-0.011600,-0.997600, , , 
23922.000000,1198499.000000,75549924.000000, , , ,-0.325195,0.000000,-0.975586
23923.000000,1198500.000000,75549924.000000,-0.002900,-0.011600,-0.986000, , , 
23924.000000,1198599.000000,75549924.000000,0.008700,-0.017400,-0.997600, , , 
23925.000000,1198600.000000,75549924.000000, , , ,0.000000,0.000000,-0.975586
23926.000000,1198700.000000,75549924.000000,0.000000,-0.037700,-1.009200, , , 
23927.000000,1198701.000000,75549924.000000, , , ,0.000000,0.325195,0.000000
23928.000000,1198792.000000,75549924.000000, , , ,-0.325195,-0.650391,-1.300781
23929.000000,1198799.000000,75549924.000000,0.014500,-0.020300,-0.951200, , , 
23930.000000,1198893.000000,75549924.000000, , , ,-0.325195,-0.325195,-0.975586
23931.000000,1198900.000000,75549924.000000,0.014500,-0.020300,-0.959900, , , 
23932.000000,1198994.000000,75549924.000000, , , ,-0.325195,0.000000,-0.650391
23933.000000,1198999.000000,75549924.000000,0.000000,-0.026100,-0.965700, , , 
23934.000000,1199095.000000,75549924.000000, , , ,-0.325195,0.000000,-0.975586
23935.000000,1199100.000000,75549924.000000,0.008700,-0.020300,-0.983100, , , 
23936.000000,1199196.000000,75549924.000000, , , ,-0.975586,0.000000,-0.650391
23937.000000,1199199.000000,75549924.000000,0.002900,-0.037700,-1.009200, , , 
23938.000000,1199297.000000,75549924.000000, , , ,-0.650391,-0.325195,-1.300781
23939.000000,1199300.000000,75549924.000000,0.017400,-0.017400,-1.000500, , , 
23940.000000,1199398.000000,75549924.000000, , , ,-0.650391,0.000000,-0.975586
23941.000000,1199399.000000,75549924.000000,0.000000,-0.026100,-0.980200, , , 
23942.000000,1199499.000000,75549924.000000, , , ,-0.975586,-0.325195,-1.300781
23943.000000,1199500.000000,75549924.000000,0.008700,-0.008700,-0.951200, , , 
23944.000000,1199599.000000,75549924.000000,0.023200,-0.020300,-0.948300, , , 
23945.000000,1199600.000000,75549924.000000, , , ,-1.300781,-0.325195,-1.300781
23946.000000,1199700.000000,75549924.000000,-0.002900,-0.031900,-0.983100, , , 
23947.000000,1199701.000000,75549924.000000, , , ,-0.975586,-0.325195,-0.975586
23948.000000,1199792.000000,75549924.000000, , , ,-0.325195,-0.325195,-1.300781
23949.000000,1199799.000000,75549924.000000,0.014500,-0.026100,-1.000500, , , 
23950.000000,1199893.000000,75549924.000000, , , ,-0.325195,0.000000,-1.300781
23951.000000,1199900.000000,75549924.000000,0.026100,-0.026100,-1.012100, , , 
23952.000000,1199994.000000,75549924.000000, , , ,0.000000,0.000000,-1.625977
23953.000000,1199999.000000,75549924.000000,0.008700,-0.034800,-0.991800, , , 
23954.000000,1200095.000000,75549924.000000, , , ,-0.325195,0.000000,-1.300781
23955.000000,1200100.000000,75549924.000000,0.005800,-0.049300,-1.009200, , , 
23956.000000,1200196.000000,75549924.000000, , , ,-0.975586,0.325195,-1.300781
23957.000000,1200199.000000,75549924.000000,0.011600,-0.052200,-1.000500, , , 
23958.000000,1200297.000000,75549924.000000, , , ,-0.650391,-0.975586,-1.300781
23959.000000,1200300.000000,75549924.000000,0.005800,-0.026100,-0.957000, , , 
23960.000000,1200398.000000,75549924.000000, , , ,-0.650391,0.000000,-1.300781
23961.000000,1200399.000000,75549924.000000,0.002900,-0.029000,-0.980200, , , 
23962.000000,1200499.000000,75549924.000000, , , ,-0.325195,0.000000,-1.300781
23963.000000,1200500.000000,75549924.000000,0.000000,-0.005800,-0.997600, , , 
23964.000000,1200599.000000,75549924.000000,0.037700,-0.046400,-0.971500, , , 
23965.000000,1200600.000000,75549924.000000, , , ,-0.325195,0.000000,-0.975586
23966.000000,1200700.000000,75549924.000000,0.002900,-0.034800,-0.948300, , , 
23967.000000,1200701.000000,75549924.000000, , , ,0.000000,-0.325195,-0.975586
23968.000000,1200792.000000,75549924.000000, , , ,-0.975586,0.000000,-0.975586
23969.000000,1200799.000000,75549924.000000,0.005800,-0.046400,-0.997600, , , 
23970.000000,1200893.000000,75549924.000000, , , ,-1.300781,0.000000,-0.975586
23971.000000,1200900.000000,75549924.000000,0.005800,-0.029000,-1.012100, , , 
23972.000000,1200994.000000,75549924.000000, , , ,-1.300781,0.000000,-1.300781
23973.000000,1200999.000000,75549924.000000,0.011600,-0.023200,-1.009200, , , 
23974.000000,1201095.000000,75549924.000000, , , ,-0.975586,-0.325195,-0.650391
23975.000000,1201100.000000,75549924.000000,0.020300,-0.011600,-0.980200, , , 
23976.000000,1201196.000000,75549924.000000, , , ,-0.325195,-0.325195,-0.650391
23977.000000,1201199.000000,75549924.000000,0.000000,-0.020300,-0.980200, , , 
23978.000000,1201297.000000,75549924.000000, , , ,-0.325195,0.000000,-0.975586
23979.000000,1201300.000000,75549924.000000,0.023200,-0.002900,-0.983100, , , 
23980.000000,1201398.000000,75549924.000000, , , ,-0.325195,0.000000,-1.300781
23981.000000,1201399.000000,75549924.000000,0.014500,-0.008700,-0.968600, , , 
23982.000000,1201499.000000,75549924.000000, , , ,0.000000,-0.325195,-1.300781
23983.000000,1201500.000000,75549924.000000,0.011600,-0.029000,-0.974400, , , 
23984.000000,1201599.000000,75549924.000000,0.002900,-0.026100,-0.988900, , , 
23985.000000,1201600.000000,75549924.000000, , , ,-0.975586,0.000000,-0.975586
23986.000000,1201700.000000,75549924.000000,0.017400,-0.037700,-0.980200, , , 
23987.000000,1201701.000000,75549924.000000, , , ,-0.325195,-0.325195,-0.975586
23988.000000,1201792.000000,75549924.000000, , , ,-0.650391,-0.325195,-0.325195
23989.000000,1201799.000000,75549924.000000,0.023200,-0.037700,-0.971500, , , 
23990.000000,1201893.000000,75549924.000000, , , ,-0.975586,0.000000,-1.300781
23991.000000,1201900.000000,75549924.000000,0.005800,-0.031900,-1.012100, , , 
23992.000000,1201994.000000,75549924.000000, , , ,-0.650391,-0.325195,-1.300781
23993.000000,1201999.000000,75549924.000000,0.017400,-0.020300,-0.994700, , , 
23994.000000,1202095.000000,75549924.000000, , , ,-0.325195,-0.650391,-0.975586
23995.000000,1202100.000000,75549924.000000,0.029000,-0.017400,-0.962800, , , 
23996.000000,1202196.000000,75549924.000000, , , ,-0.325195,0.000000,-0.975586
23997.000000,1202199.000000,75549924.000000,-0.005800,-0.031900,-0.980200, , , 
23998.000000,1202297.000000,75549924.000000, , , ,-0.325195,0.000000,-0.650391
23999.000000,1202300.000000,75549924.000000,0.011600,-0.029000,-0.988900, , , 
24000.000000,1202398.000000,75549924.000000, , , ,-0.975586,0.325195,-0.975586
24001.000000,1202399.000000,75549924.000000,0.011600,-0.034800,-1.009200, , , 
24002.000000,1202499.000000,75549924.000000, , , ,-0.975586,-0.325195,-0.975586
24003.000000,1202500.000000,75549924.000000,0.026100,-0.017400,-0.977300, , , 
24004.000000,1202599.000000,75549924.000000,0.011600,-0.014500,-0.948300, , , 
24005.000000,1202600.000000,75549924.000000, , , ,-0.975586,-0.325195,0.000000
24006.000000,1202700.000000,75549924.000000,-0.008700,-0.017400,-0.983100, , , 
24007.000000,1202701.000000,75549924.000000, , , ,-0.650391,0.000000,-0.975586
24008.000000,1202792.000000,75549924.000000, , , ,-0.975586,0.000000,-0.975586
24009.000000,1202799.000000,75549924.000000,0.011600,-0.017400,-1.015000, , , 
24010.000000,1202893.000000,75549924.000000, , , ,-0.650391,0.000000,-0.975586
24011.000000,1202900.000000,75549924.000000,0.011600,-0.008700,-1.023700, , , 
24012.000000,1202994.000000,75549924.000000, , , ,-0.650391,-0.325195,-0.975586
24013.000000,1202999.000000,75549924.000000,0.017400,-0.002900,-0.977300, , , 
24014.000000,1203095.000000,75549924.000000, , , ,-0.650391,0.000000,-0.975586
24015.000000,1203100.000000,75549924.000000,0.005800,-0.005800,-0.971500, , , 
24016.000000,1203196.000000,75549924.000000, , , ,-0.650391,-0.650391,-0.975586
24017.000000,1203199.000000,75549924.000000,0.008700,-0.002900,-0.983100, , , 
24018.000000,1203297.000000,75549924.000000, , , ,-0.325195,-0.975586,-0.975586
24019.000000,1203300.000000,75549924.000000,0.014500,0.005800,-0.954100, , , 
24020.000000,1203398.000000,75549924.000000, , , ,-0.650391,0.000000,-0.650391
24021.000000,1203399.000000,75549924.000000,0.002900,-0.023200,-0.988900, , , 
24022.000000,1203499.000000,75549924.000000, , , ,-0.325195,0.000000,-0.975586
24023.000000,1203500.000000,75549924.000000,0.017400,-0.002900,-0.997600, , , 
24024.000000,1203599.000000,75549924.000000,0.008700,-0.008700,-0.983100, , , 
24025.000000,1203600.000000,75549924.000000, , , ,-0.325195,-0.650391,-0.975586
24026.000000,1203700.000000,75549924.000000,0.008700,-0.017400,-0.980200, , , 
24027.000000,1203701.000000,75549924.000000, , , ,-0.325195,0.000000,-0.975586
24028.000000,1203792.000000,75549924.000000, , , ,-0.650391,-0.325195,-0.975586
24029.000000,1203799.000000,75549924.000000,0.002900,-0.023200,-0.974400, , , 
24030.000000,1203893.000000,75549924.000000, , , ,-0.975586,0.000000,-0.975586
24031.000000,1203900.000000,75549924.000000,0.008700,-0.020300,-1.009200, , , 
24032.000000,1203994.000000,75549924.000000, , , ,-0.325195,-0.325195,-1.300781
24033.000000,1203999.000000,75549924.000000,0.008700,-0.002900,-1.009200, , , 
24034.000000,1204095.000000,75549924.000000, , , ,-0.650391,0.000000,-1.625977
24035.000000,1204100.000000,75549924.000000,0.002900,-0.008700,-1.012100, , , 
24036.000000,1204196.000000,75549924.000000, , , ,-0.650391,0.000000,-1.300781
24037.000000,1204199.000000,75549924.000000,0.026100,-0.023200,-0.997600, , , 
24038.000000,1204297.000000,75549924.000000, , , ,-0.650391,-0.650391,-0.975586
24039.000000,1204300.000000,75549924.000000,0.005800,-0.011600,-0.957000, , , 
24040.000000,1204398.000000,75549924.000000, , , ,-0.650391,0.000000,-0.975586
24041.000000,1204399.000000,75549924.000000,0.014500,-0.020300,-0.971500, , , 
24042.000000,1204499.000000,75549924.000000, , , ,-0.650391,-0.325195,-0.975586
24043.000000,1204500.000000,75549924.000000,0.002900,-0.023200,-0.965700, , , 
24044.000000,1204599.000000,75549924.000000,0.020300,-0.020300,-0.948300, , , 
24045.000000,1204600.000000,75549924.000000, , , ,-0.325195,-0.975586,-1.300781
24046.000000,1204700.000000,75549924.000000,-0.005800,-0.040600,-0.986000, , , 
24047.000000,1204701.000000,75549924.000000, , , ,0.000000,-0.325195,-1.300781
24048.000000,1204792.000000,75549924.000000, , , ,-0.325195,0.000000,-0.975586
24049.000000,1204799.000000,75549924.000000,0.002900,-0.026100,-1.038200, , , 
24050.000000,1204893.000000,75549924.000000, , , ,-0.325195,0.325195,-1.300781
24051.000000,1204900.000000,75549924.000000,0.017400,-0.031900,-1.035300, , , 
24052.000000,1204994.000000,75549924.000000, , , ,-0.650391,-0.325195,-0.325195
24053.000000,1204999.000000,75549924.000000,0.029000,-0.026100,-0.951200, , , 
24054.000000,1205095.000000,75549924.000000, , , ,-0.975586,-0.650391,-0.975586
24055.000000,1205100.000000,75549924.000000,0.014500,-0.026100,-0.922200, , , 
24056.000000,1205196.000000,75549924.000000, , , ,-0.650391,-0.325195,-1.300781
24057.000000,1205199.000000,75549924.000000,0.002900,-0.014500,-0.948300, , , 
24058.000000,1205297.000000,75549924.000000, , , ,0.000000,-0.325195,-0.975586
24059.000000,1205300.000000,75549924.000000,0.002900,-0.017400,-0.988900, , , 
24060.000000,1205398.000000,75549924.000000, , , ,0.000000,-0.325195,-0.650391
24061.000000,1205399.000000,75549924.000000,0.020300,-0.020300,-1.003400, , , 
24062.000000,1205499.000000,75549924.000000, , , ,0.000000,-0.325195,-0.975586
24063.000000,1205500.000000,75549924.000000,0.011600,-0.031900,-0.954100, , , 
24064.000000,1205599.000000,75549924.000000,0.029000,-0.058000,-0.939600, , , 
24065.000000,1205600.000000,75549924.000000, , , ,-0.650391,-0.650391,-1.300781
24066.000000,1205700.000000,75549924.000000,-0.020300,-0.058000,-1.035300, , , 
24067.000000,1205701.000000,75549924.000000, , , ,-2.926758,0.650391,-0.975586
24068.000000,1205792.000000,75549924.000000, , , ,-2.926758,0.975586,-0.650391
24069.000000,1205799.000000,75549924.000000,-0.011600,0.005800,-1.122300, , , 
24070.000000,1205893.000000,75549924.000000, , , ,-0.325195,0.325195,-1.300781
24071.000000,1205900.000000,75549924.000000,0.043500,-0.002900,-1.049800, , , 
24072.000000,1205994.000000,75549924.000000, , , ,0.000000,-1.300781,-1.300781
24073.000000,1205999.000000,75549924.000000,0.011600,-0.020300,-0.959900, , , 
24074.000000,1206095.000000,75549924.000000, , , ,0.000000,-0.650391,-1.625977
24075.000000,1206100.000000,75549924.000000,0.002900,-0.020300,-0.936700, , , 
24076.000000,1206196.000000,75549924.000000, , , ,-0.325195,0.000000,-1.300781
24077.000000,1206199.000000,75549924.000000,0.011600,-0.023200,-0.951200, , , 
24078.000000,1206297.000000,75549924.000000, , , ,-0.975586,0.000000,-0.975586
24079.000000,1206300.000000,75549924.000000,0.014500,-0.014500,-0.957000, , , 
24080.000000,1206398.000000,75549924.000000, , , ,-0.325195,0.325195,-0.650391
24081.000000,1206399.000000,75549924.000000,0.008700,-0.011600,-0.991800, , , 
24082.000000,1206499.000000,75549924.000000, , , ,-1.300781,0.000000,-0.975586
24083.000000,1206500.000000,75549924.000000,0.014500,0.000000,-0.983100, , , 
24084.000000,1206599.000000,75549924.000000,0.029000,0.011600,-0.968600, , , 
24085.000000,1206600.000000,75549924.000000, , , ,-0.975586,0.000000,-0.975586
24086.000000,1206700.000000,75549924.000000,0.002900,-0.008700,-0.962800, , , 
24087.000000,1206701.000000,75549924.000000, , , ,-0.325195,-0.650391,-1.300781
24088.000000,1206792.000000,75549924.000000, , , ,-0.325195,0.000000,-0.650391
24089.000000,1206799.000000,75549924.000000,0.023200,0.005800,-0.991800, , , 
24090.000000,1206893.000000,75549924.000000, , , ,0.000000,-0.325195,-0.975586
24091.000000,1206900.000000,75549924.000000,0.000000,-0.014500,-1.006300, , , 
24092.000000,1206994.000000,75549924.000000, , , ,-0.975586,0.000000,-0.650391
24093.000000,1206999.000000,75549924.000000,0.014500,-0.008700,-1.000500, , , 
24094.000000,1207095.000000,75549924.000000, , , ,-0.650391,0.000000,-0.325195
24095.000000,1207100.000000,75549924.000000,0.020300,0.005800,-0.994700, , , 
24096.000000,1207196.000000,75549924.000000, , , ,-0.325195,-0.325195,-0.975586
24097.000000,1207199.000000,75549924.000000,0.014500,0.000000,-0.980200, , , 
24098.000000,1207297.000000,75549924.000000, , , ,-0.650391,0.000000,-0.975586
24099.000000,1207300.000000,75549924.000000,0.008700,-0.002900,-0.968600, , , 
24100.000000,1207398.000000,75549924.000000, , , ,0.000000,0.000000,0.000000
24101.000000,1207399.000000,75549924.000000,0.011600,0.000000,-0.980200, , , 
24102.000000,1207499.000000,75549924.000000, , , ,-0.650391,-0.325195,-1.300781
24103.000000,1207500.000000,75549924.000000,0.000000,-0.020300,-0.994700, , , 
24104.000000,1207599.000000,75549924.000000,0.011600,0.000000,-1.009200, , , 
24105.000000,1207600.000000,75549924.000000, , , ,-0.650391,0.000000,-1.300781
24106.000000,1207700.000000,75549924.000000,0.005800,-0.026100,-1.003400, , , 
24107.000000,1207701.000000,75549924.000000, , , ,-0.325195,0.000000,-1.300781
24108.000000,1207792.000000,75549924.000000, , , ,0.000000,0.000000,-0.975586
24109.000000,1207799.000000,75549924.000000,0.008700,-0.020300,-0.986000, , , 
24110.000000,1207893.000000,75549924.000000, , , ,0.000000,0.000000,-0.975586
24111.000000,1207900.000000,75549924.000000,0.011600,-0.031900,-0.974400, , , 
24112.000000,1207994.000000,75549924.000000, , , ,-0.650391,0.000000,-0.975586
24113.000000,1207999.000000,75549924.000000,0.008700,-0.037700,-0.986000, , , 
24114.000000,1208095.000000,75549924.000000, , , ,-0.975586,0.000000,-1.300781
24115.000000,1208100.000000,75549924.000000,0.020300,-0.043500,-1.009200, , , 
24116.000000,1208196.000000,75549924.000000, , , ,-0.650391,0.000000,-1.625977
24117.000000,1208199.000000,75549924.000000,0.020300,-0.029000,-1.003400, , , 
24118.000000,1208297.000000,75549924.000000, , , ,-0.325195,-0.975586,-1.300781
24119.000000,1208300.000000,75549924.000000,0.017400,-0.020300,-0.945400, , , 
24120.000000,1208398.000000,75549924.000000, , , ,0.000000,-0.650391,-1.300781
24121.000000,1208399.000000,75549924.000000,0.011600,-0.026100,-0.928000, , , 
24122.000000,1208499.000000,75549924.000000, , , ,0.000000,-0.325195,-1.300781
24123.000000,1208500.000000,75549924.000000,0.002900,-0.040600,-0.968600, , , 
24124.000000,1208599.000000,75549924.000000,0.011600,-0.049300,-1.012100, , , 
24125.000000,1208600.000000,75549924.000000, , , ,-0.650391,0.325195,-0.650391
24126.000000,1208700.000000,75549924.000000,-0.002900,-0.052200,-1.044000, , , 
24127.000000,1208701.000000,75549924.000000, , , ,-0.975586,0.000000,-1.300781
24128.000000,1208792.000000,75549924.000000, , , ,-0.650391,0.650391,-0.975586
24129.000000,1208799.000000,75549924.000000,0.000000,-0.034800,-1.055600, , , 
24130.000000,1208893.000000,75549924.000000, , , ,-0.650391,0.325195,-1.625977
24131.000000,1208900.000000,75549924.000000,0.011600,-0.029000,-1.015000, , , 
24132.000000,1208994.000000,75549924.000000, , , ,-0.325195,0.000000,-0.650391
24133.000000,1208999.000000,75549924.000000,0.011600,-0.029000,-0.994700, , , 
24134.000000,1209095.000000,75549924.000000, , , ,-0.650391,-0.650391,-0.975586
24135.000000,1209100.000000,75549924.000000,0.017400,-0.029000,-0.945400, , , 
24136.000000,1209196.000000,75549924.000000, , , ,-0.650391,-0.650391,-1.300781
24137.000000,1209199.000000,75549924.000000,0.000000,-0.017400,-0.945400, , , 
24138.000000,1209297.000000,75549924.000000, , , ,-0.650391,-0.325195,-0.650391
24139.000000,1209300.000000,75549924.000000,0.005800,-0.005800,-0.974400, , , 
24140.000000,1209398.000000,75549924.000000, , , ,-0.975586,0.000000,-0.975586
24141.000000,1209399.000000,75549924.000000,0.017400,-0.011600,-0.983100, , , 
24142.000000,1209499.000000,75549924.000000, , , ,-0.650391,0.000000,-0.975586
24143.000000,1209500.000000,75549924.000000,0.002900,-0.011600,-1.000500, , , 
24144.000000,1209599.000000,75549924.000000,0.005800,-0.014500,-0.965700, , , 
24145.000000,1209600.000000,75549924.000000, , , ,-0.975586,-0.325195,-0.650391
24146.000000,1209700.000000,75549924.000000,0.005800,0.008700,-0.971500, , , 
24147.000000,1209701.000000,75549924.000000, , , ,0.000000,-0.325195,-0.650391
24148.000000,1209792.000000,75549924.000000, , , ,-0.325195,-0.650391,-0.975586
24149.000000,1209799.000000,75549924.000000,0.014500,0.000000,-0.954100, , , 
24150.000000,1209893.000000,75549924.000000, , , ,-0.325195,0.000000,-0.650391
24151.000000,1209900.000000,75549924.000000,0.000000,-0.005800,-0.986000, , , 
24152.000000,1209994.000000,75549924.000000, , , ,-0.650391,0.000000,-1.300781
24153.000000,1209999.000000,75549924.000000,0.002900,-0.002900,-1.020800, , , 
24154.000000,1210095.000000,75549924.000000, , , ,-0.650391,0.000000,-0.650391
24155.000000,1210100.000000,75549924.000000,0.005800,0.000000,-1.006300, , , 
24156.000000,1210196.000000,75549924.000000, , , ,-0.325195,-0.650391,-0.650391
24157.000000,1210199.000000,75549924.000000,-0.005800,0.008700,-0.962800, , , 
24158.000000,1210297.000000,75549924.000000, , , ,0.000000,-0.325195,-0.975586
24159.000000,1210300.000000,75549924.000000,-0.031900,-0.002900,-0.959900, , , 
24160.000000,1210398.000000,75549924.000000, , , ,-0.325195,-1.300781,-1.300781
24161.000000,1210399.000000,75549924.000000,-0.040600,0.008700,-0.951200, , , 
24162.000000,1210499.000000,75549924.000000, , , ,-0.650391,-0.325195,-1.300781
24163.000000,1210500.000000,75549924.000000,-0.058000,-0.023200,-0.994700, , , 
24164.000000,1210599.000000,75549924.000000,-0.058000,-0.002900,-0.994700, , , 
24165.000000,1210600.000000,75549924.000000, , , ,-0.975586,0.000000,-0.650391
24166.000000,1210700.000000,75549924.000000,-0.081200,0.000000,-0.983100, , , 
24167.000000,1210701.000000,75549924.000000, , , ,-0.325195,0.000000,-1.300781
24168.000000,1210792.000000,75549924.000000, , , ,0.000000,-0.325195,-1.300781
24169.000000,1210799.000000,75549924.000000,-0.142100,0.008700,-0.991800, , , 
24170.000000,1210893.000000,75549924.000000, , , ,-0.325195,-0.650391,-1.625977
24171.000000,1210900.000000,75549924.000000,-0.194300,-0.008700,-0.971500, , , 
24172.000000,1210994.000000,75549924.000000, , , ,-0.975586,-0.975586,-0.975586
24173.000000,1210999.000000,75549924.000000,-0.220400,-0.029000,-0.980200, , , 
24174.000000,1211095.000000,75549924.000000, , , ,-0.975586,0.000000,0.000000
24175.000000,1211100.000000,75549924.000000,-0.208800,-0.002900,-0.968600, , , 
24176.000000,1211196.000000,75549924.000000, , , ,-0.650391,0.000000,-0.650391
24177.000000,1211199.000000,75549924.000000,-0.185600,0.005800,-0.988900, , , 
24178.000000,1211297.000000,75549924.000000, , , ,-0.325195,0.650391,-0.650391
24179.000000,1211300.000000,75549924.000000,-0.159500,0.000000,-0.994700, , , 
24180.000000,1211398.000000,75549924.000000, , , ,-0.650391,0.000000,-0.975586
24181.000000,1211399.000000,75549924.000000,-0.156600,-0.011600,-0.986000, , , 
24182.000000,1211499.000000,75549924.000000, , , ,-0.325195,0.000000,-0.325195
24183.000000,1211500.000000,75549924.000000,-0.159500,0.000000,-0.971500, , , 
24184.000000,1211599.000000,75549924.000000,-0.171100,-0.014500,-0.959900, , , 
24185.000000,1211600.000000,75549924.000000, , , ,-0.650391,-0.650391,-1.300781
24186.000000,1211700.000000,75549924.000000,-0.168200,0.005800,-0.957000, , , 
24187.000000,1211701.000000,75549924.000000, , , ,-0.325195,0.000000,-0.650391
24188.000000,1211792.000000,75549924.000000, , , ,-0.975586,-1.300781,-0.650391
24189.000000,1211799.000000,75549924.000000,-0.147900,0.000000,-0.951200, , , 
24190.000000,1211893.000000,75549924.000000, , , ,-0.975586,0.000000,-0.325195
24191.000000,1211900.000000,75549924.000000,-0.182700,0.005800,-0.948300, , , 
24192.000000,1211994.000000,75549924.000000, , , ,-1.300781,0.000000,0.000000
24193.000000,1211999.000000,75549924.000000,-0.171100,0.005800,-0.997600, , , 
24194.000000,1212095.000000,75549924.000000, , , ,-0.650391,0.000000,-0.325195
24195.000000,1212100.000000,75549924.000000,-0.150800,0.023200,-0.991800, , , 
24196.000000,1212196.000000,75549924.000000, , , ,-0.325195,0.000000,0.000000
24197.000000,1212199.000000,75549924.000000,-0.174000,0.017400,-0.994700, , , 
24198.000000,1212297.000000,75549924.000000, , , ,-0.650391,0.000000,0.000000
24199.000000,1212300.000000,75549924.000000,-0.145000,0.023200,-0.968600, , , 
24200.000000,1212398.000000,75549924.000000, , , ,-0.975586,0.000000,0.000000
24201.000000,1212399.000000,75549924.000000,-0.165300,0.046400,-0.974400, , , 
24202.000000,1212499.000000,75549924.000000, , , ,-1.300781,0.000000,0.000000
24203.000000,1212500.000000,75549924.000000,-0.162400,0.026100,-0.994700, , , 
24204.000000,1212599.000000,75549924.000000,-0.142100,0.043500,-0.980200, , , 
24205.000000,1212600.000000,75549924.000000, , , ,-0.325195,-0.325195,0.000000
24206.000000,1212700.000000,75549924.000000,-0.153700,0.037700,-0.977300, , , 
24207.000000,1212701.000000,75549924.000000, , , ,-0.650391,0.000000,0.000000
24208.000000,1212792.000000,75549924.000000, , , ,-0.325195,0.000000,-0.325195
24209.000000,1212799.000000,75549924.000000,-0.139200,0.026100,-0.974400, , , 
24210.000000,1212893.000000,75549924.000000, , , ,0.000000,0.000000,-0.325195
24211.000000,1212900.000000,75549924.000000,-0.150800,0.034800,-0.968600, , , 
24212.000000,1212994.000000,75549924.000000, , , ,-0.325195,0.000000,0.000000
24213.000000,1212999.000000,75549924.000000,-0.153700,0.046400,-0.965700, , , 
24214.000000,1213095.000000,75549924.000000, , , ,-0.650391,-0.325195,0.325195
24215.000000,1213100.000000,75549924.000000,-0.145000,0.058000,-0.951200, , , 
24216.000000,1213196.000000,75549924.000000, , , ,-0.325195,-0.325195,0.650391
24217.000000,1213199.000000,75549924.000000,-0.147900,0.072500,-0.957000, , , 
24218.000000,1213297.000000,75549924.000000, , , ,-0.325195,-0.650391,0.975586
24219.000000,1213300.000000,75549924.000000,-0.153700,0.069600,-0.980200, , , 
24220.000000,1213398.000000,75549924.000000, , , ,-0.650391,0.000000,0.650391
24221.000000,1213399.000000,75549924.000000,-0.147900,0.087000,-1.003400, , , 
24222.000000,1213499.000000,75549924.000000, , , ,-0.975586,0.000000,0.000000
24223.000000,1213500.000000,75549924.000000,-0.162400,0.075400,-1.000500, , , 
24224.000000,1213599.000000,75549924.000000,-0.127600,0.081200,-0.968600, , , 
24225.000000,1213600.000000,75549924.000000, , , ,0.000000,0.000000,0.325195
24226.000000,1213700.000000,75549924.000000,-0.139200,0.104400,-0.951200, , , 
24227.000000,1213701.000000,75549924.000000, , , ,0.000000,0.000000,0.325195
24228.000000,1213792.000000,75549924.000000, , , ,-0.325195,0.000000,0.325195
24229.000000,1213799.000000,75549924.000000,-0.153700,0.046400,-0.997600, , , 
24230.000000,1213893.000000,75549924.000000, , , ,0.000000,0.000000,0.000000
24231.000000,1213900.000000,75549924.000000,-0.133400,0.043500,-1.015000, , , 
24232.000000,1213994.000000,75549924.000000, , , ,0.000000,0.000000,0.000000
24233.000000,1213999.000000,75549924.000000,-0.121800,0.078300,-0.980200, , , 
24234.000000,1214095.000000,75549924.000000, , , ,0.650391,0.000000,-0.650391
24235.000000,1214100.000000,75549924.000000,-0.147900,-0.008700,-0.983100, , , 
24236.000000,1214196.000000,75549924.000000, , , ,0.325195,0.000000,-1.625977
24237.000000,1214199.000000,75549924.000000,-0.121800,-0.029000,-0.980200, , , 
24238.000000,1214297.000000,75549924.000000, , , ,-1.300781,0.000000,-1.300781
24239.000000,1214300.000000,75549924.000000,-0.153700,-0.023200,-1.003400, , , 
24240.000000,1214398.000000,75549924.000000, , , ,-2.601563,0.325195,-0.975586
24241.000000,1214399.000000,75549924.000000,-0.147900,-0.043500,-1.029500, , , 
24242.000000,1214499.000000,75549924.000000, , , ,-2.276367,0.650391,-1.300781
24243.000000,1214500.000000,75549924.000000,-0.130500,-0.020300,-1.026600, , , 
24244.000000,1214599.000000,75549924.000000,-0.124700,-0.029000,-1.000500, , , 
24245.000000,1214600.000000,75549924.000000, , , ,-0.650391,0.000000,-1.625977
24246.000000,1214700.000000,75549924.000000,-0.139200,-0.005800,-0.980200, , , 
24247.000000,1214701.000000,75549924.000000, , , ,-0.325195,0.000000,-1.625977
24248.000000,1214792.000000,75549924.000000, , , ,-0.650391,-0.325195,-1.625977
24249.000000,1214799.000000,75549924.000000,-0.107300,-0.023200,-0.962800, , , 
24250.000000,1214893.000000,75549924.000000, , , ,0.000000,-1.300781,-1.625977
24251.000000,1214900.000000,75549924.000000,-0.118900,-0.026100,-0.919300, , , 
24252.000000,1214994.000000,75549924.000000, , , ,-0.975586,-0.650391,-1.625977
24253.000000,1214999.000000,75549924.000000,-0.136300,-0.063800,-0.945400, , , 
24254.000000,1215095.000000,75549924.000000, , , ,-1.951172,-0.650391,-1.625977
24255.000000,1215100.000000,75549924.000000,-0.121800,-0.055100,-0.939600, , , 
24256.000000,1215196.000000,75549924.000000, , , ,-0.975586,-1.300781,-1.951172
24257.000000,1215199.000000,75549924.000000,-0.118900,-0.034800,-0.954100, , , 
24258.000000,1215297.000000,75549924.000000, , , ,-1.300781,0.000000,-2.601563
24259.000000,1215300.000000,75549924.000000,-0.139200,-0.031900,-0.962800, , , 
24260.000000,1215398.000000,75549924.000000, , , ,-1.300781,0.000000,-1.951172
24261.000000,1215399.000000,75549924.000000,-0.133400,-0.031900,-0.991800, , , 
24262.000000,1215499.000000,75549924.000000, , , ,-1.300781,0.000000,-2.276367
24263.000000,1215500.000000,75549924.000000,-0.136300,-0.023200,-1.029500, , , 
24264.000000,1215599.000000,75549924.000000,-0.113100,-0.026100,-0.986000, , , 
24265.000000,1215600.000000,75549924.000000, , , ,0.000000,-0.325195,-2.276367
24266.000000,1215700.000000,75549924.000000,-0.124700,-0.020300,-0.962800, , , 
24267.000000,1215701.000000,75549924.000000, , , ,0.000000,-0.975586,-1.625977
24268.000000,1215792.000000,75549924.000000, , , ,0.000000,-0.650391,-1.951172
24269.000000,1215799.000000,75549924.000000,-0.130500,-0.023200,-0.965700, , , 
24270.000000,1215893.000000,75549924.000000, , , ,0.000000,-1.300781,-1.951172
24271.000000,1215900.000000,75549924.000000,-0.124700,-0.031900,-0.954100, , , 
24272.000000,1215994.000000,75549924.000000, , , ,-0.325195,-0.325195,-1.625977
24273.000000,1215999.000000,75549924.000000,-0.145000,-0.020300,-0.980200, , , 
24274.000000,1216095.000000,75549924.000000, , , ,-0.325195,-0.325195,-1.300781
24275.000000,1216100.000000,75549924.000000,-0.133400,-0.017400,-0.988900, , , 
24276.000000,1216196.000000,75549924.000000, , , ,-0.325195,-0.975586,-1.300781
24277.000000,1216199.000000,75549924.000000,-0.104400,0.000000,-0.951200, , , 
24278.000000,1216297.000000,75549924.000000, , , ,0.325195,-1.300781,-0.975586
24279.000000,1216300.000000,75549924.000000,-0.127600,0.011600,-0.928000, , , 
24280.000000,1216398.000000,75549924.000000, , , ,0.325195,-0.325195,-1.625977
24281.000000,1216399.000000,75549924.000000,-0.136300,0.011600,-0.954100, , , 
24282.000000,1216499.000000,75549924.000000, , , ,0.650391,-0.650391,-2.276367
24283.000000,1216500.000000,75549924.000000,-0.130500,-0.014500,-0.977300, , , 
24284.000000,1216599.000000,75549924.000000,-0.139200,-0.005800,-0.977300, , , 
24285.000000,1216600.000000,75549924.000000, , , ,0.000000,0.000000,-1.300781
24286.000000,1216700.000000,75549924.000000,-0.124700,0.000000,-0.962800, , , 
24287.000000,1216701.000000,75549924.000000, , , ,0.000000,-0.325195,0.000000
24288.000000,1216792.000000,75549924.000000, , , ,0.325195,-0.650391,-0.650391
24289.000000,1216799.000000,75549924.000000,-0.153700,0.029000,-0.959900, , , 
24290.000000,1216893.000000,75549924.000000, , , ,0.000000,0.000000,-0.325195
24291.000000,1216900.000000,75549924.000000,-0.142100,0.023200,-0.983100, , , 
24292.000000,1216994.000000,75549924.000000, , , ,0.325195,-0.325195,0.000000
24293.000000,1216999.000000,75549924.000000,-0.127600,0.017400,-0.988900, , , 
24294.000000,1217095.000000,75549924.000000, , , ,0.975586,0.000000,0.000000
24295.000000,1217100.000000,75549924.000000,-0.130500,0.046400,-0.977300, , , 
24296.000000,1217196.000000,75549924.000000, , , ,0.325195,0.000000,0.650391
24297.000000,1217201.000000,75549924.000000,-0.107300,0.078300,-0.959900, , , 
24298.000000,1217296.000000,75549924.000000, , , ,0.650391,-0.325195,0.650391
24299.000000,1217299.000000,75549924.000000,-0.092800,0.052200,-0.974400, , , 
24300.000000,1217397.000000,75549924.000000, , , ,0.000000,0.325195,0.650391
24301.000000,1217400.000000,75549924.000000,-0.072500,0.034800,-0.988900, , , 
24302.000000,1217498.000000,75549924.000000, , , ,0.650391,0.000000,1.300781
24303.000000,1217499.000000,75549924.000000,-0.049300,0.069600,-0.971500, , , 
24304.000000,1217599.000000,75549924.000000, , , ,0.650391,-0.325195,0.975586
24305.000000,1217600.000000,75549924.000000,-0.055100,0.098600,-0.968600, , , 
24306.000000,1217699.000000,75549924.000000,-0.058000,0.104400,-0.983100, , , 
24307.000000,1217700.000000,75549924.000000, , , ,0.325195,0.000000,1.625977
24308.000000,1217800.000000,75549924.000000,-0.049300,0.130500,-0.983100, , , 
24309.000000,1217801.000000,75549924.000000, , , ,1.300781,0.000000,2.276367
24310.000000,1217892.000000,75549924.000000, , , ,1.951172,-0.325195,2.926758
24311.000000,1217899.000000,75549924.000000,-0.043500,0.147900,-0.957000, , , 
24312.000000,1217993.000000,75549924.000000, , , ,2.276367,-0.975586,2.926758
24313.000000,1218000.000000,75549924.000000,-0.060900,0.136300,-0.962800, , , 
24314.000000,1218094.000000,75549924.000000, , , ,1.625977,0.000000,2.926758
24315.000000,1218099.000000,75549924.000000,-0.052200,0.118900,-0.991800, , , 
24316.000000,1218195.000000,75549924.000000, , , ,0.975586,-0.325195,2.926758
24317.000000,1218200.000000,75549924.000000,-0.046400,0.110200,-0.977300, , , 
24318.000000,1218296.000000,75549924.000000, , , ,1.300781,-0.650391,3.251953
24319.000000,1218299.000000,75549924.000000,-0.029000,0.145000,-0.954100, , , 
24320.000000,1218397.000000,75549924.000000, , , ,2.276367,0.000000,3.577148
24321.000000,1218400.000000,75549924.000000,-0.075400,0.136300,-0.977300, , , 
24322.000000,1218498.000000,75549924.000000, , , ,0.650391,0.325195,3.577148
24323.000000,1218499.000000,75549924.000000,-0.043500,0.104400,-1.006300, , , 
24324.000000,1218599.000000,75549924.000000, , , ,0.325195,0.325195,4.552734
24325.000000,1218600.000000,75549924.000000,-0.014500,0.171100,-0.991800, , , 
24326.000000,1218699.000000,75549924.000000,0.005800,0.162400,-0.936700, , , 
24327.000000,1218700.000000,75549924.000000, , , ,0.000000,-0.975586,5.203125
24328.000000,1218800.000000,75549924.000000,-0.005800,0.168200,-0.884500, , , 
24329.000000,1218801.000000,75549924.000000, , , ,0.000000,-2.276367,4.877930
24330.000000,1218892.000000,75549924.000000, , , ,0.650391,-1.300781,5.203125
24331.000000,1218899.000000,75549924.000000,-0.040600,0.176900,-0.945400, , , 
24332.000000,1218993.000000,75549924.000000, , , ,0.650391,0.650391,5.203125
24333.000000,1219000.000000,75549924.000000,-0.014500,0.168200,-1.003400, , , 
24334.000000,1219094.000000,75549924.000000, , , ,0.000000,0.975586,5.203125
24335.000000,1219101.000000,75549924.000000,0.000000,0.176900,-1.038200, , , 
24336.000000,1219194.000000,75549924.000000, , , ,0.000000,0.975586,5.203125
24337.000000,1219199.000000,75549924.000000,0.000000,0.174000,-1.029500, , , 
24338.000000,1219295.000000,75549924.000000, , , ,0.650391,-0.325195,4.877930
24339.000000,1219300.000000,75549924.000000,0.011600,0.176900,-0.977300, , , 
24340.000000,1219396.000000,75549924.000000, , , ,0.650391,0.650391,5.203125
24341.000000,1219399.000000,75549924.000000,-0.014500,0.165300,-0.988900, , , 
24342.000000,1219497.000000,75549924.000000, , , ,0.325195,0.325195,4.877930
24343.000000,1219500.000000,75549924.000000,0.011600,0.165300,-1.006300, , , 
24344.000000,1219598.000000,75549924.000000, , , ,0.975586,0.000000,4.877930
24345.000000,1219599.000000,75549924.000000,-0.011600,0.162400,-0.997600, , , 
24346.000000,1219699.000000,75549924.000000, , , ,0.000000,0.650391,4.877930
24347.000000,1219700.000000,75549924.000000,0.005800,0.136300,-1.009200, , , 
24348.000000,1219799.000000,75549924.000000,0.026100,0.139200,-0.980200, , , 
24349.000000,1219800.000000,75549924.000000, , , ,0.000000,-0.325195,4.552734
24350.000000,1219900.000000,75549924.000000,-0.002900,0.168200,-1.000500, , , 
24351.000000,1219901.000000,75549924.000000, , , ,-0.325195,0.000000,4.877930
24352.000000,1219992.000000,75549924.000000, , , ,0.000000,0.000000,4.877930
24353.000000,1219999.000000,75549924.000000,0.000000,0.147900,-0.977300, , , 
24354.000000,1220093.000000,75549924.000000, , , ,0.325195,-0.650391,4.877930
24355.000000,1220100.000000,75549924.000000,-0.011600,0.159500,-0.977300, , , 
24356.000000,1220194.000000,75549924.000000, , , ,0.000000,0.000000,4.877930
24357.000000,1220199.000000,75549924.000000,-0.029000,0.127600,-0.994700, , , 
24358.000000,1220295.000000,75549924.000000, , , ,0.000000,0.000000,4.552734
24359.000000,1220300.000000,75549924.000000,-0.026100,0.142100,-1.009200, , , 
24360.000000,1220396.000000,75549924.000000, , , ,-0.975586,0.650391,4.877930
24361.000000,1220401.000000,75549924.000000,-0.031900,0.142100,-1.038200, , , 
24362.000000,1220496.000000,75549924.000000, , , ,0.000000,0.325195,4.227539
24363.000000,1220499.000000,75549924.000000,-0.029000,0.153700,-0.991800, , , 
24364.000000,1220597.000000,75549924.000000, , , ,-0.325195,-0.650391,4.227539
24365.000000,1220600.000000,75549924.000000,-0.017400,0.127600,-1.003400, , , 
24366.000000,1220698.000000,75549924.000000, , , ,0.000000,0.325195,4.227539
24367.000000,1220699.000000,75549924.000000,-0.066700,0.142100,-0.994700, , , 
24368.000000,1220799.000000,75549924.000000, , , ,-0.325195,0.975586,4.552734
24369.000000,1220800.000000,75549924.000000,-0.046400,0.130500,-1.038200, , , 
24370.000000,1220899.000000,75549924.000000,-0.052200,0.150800,-1.032400, , , 
24371.000000,1220900.000000,75549924.000000, , , ,-0.325195,1.300781,4.552734
24372.000000,1221000.000000,75549924.000000,-0.034800,0.145000,-1.009200, , , 
24373.000000,1221001.000000,75549924.000000, , , ,-0.325195,0.650391,4.877930
24374.000000,1221092.000000,75549924.000000, , , ,0.000000,0.650391,4.227539
24375.000000,1221099.000000,75549924.000000,-0.043500,0.142100,-1.015000, , , 
24376.000000,1221193.000000,75549924.000000, , , ,0.000000,0.325195,4.877930
24377.000000,1221200.000000,75549924.000000,-0.014500,0.145000,-1.003400, , , 
24378.000000,1221294.000000,75549924.000000, , , ,0.325195,0.325195,4.877930
24379.000000,1221299.000000,75549924.000000,-0.017400,0.156600,-0.968600, , , 
24380.000000,1221395.000000,75549924.000000, , , ,0.000000,0.000000,4.877930
24381.000000,1221400.000000,75549924.000000,-0.020300,0.150800,-0.988900, , , 
24382.000000,1221496.000000,75549924.000000, , , ,0.325195,0.650391,5.203125
24383.000000,1221499.000000,75549924.000000,-0.020300,0.156600,-0.991800, , , 
24384.000000,1221597.000000,75549924.000000, , , ,0.000000,0.000000,4.877930
24385.000000,1221600.000000,75549924.000000,-0.005800,0.168200,-0.997600, , , 
24386.000000,1221698.000000,75549924.000000, , , ,0.000000,0.000000,5.528320
24387.000000,1221699.000000,75549924.000000,-0.020300,0.156600,-1.012100, , , 
24388.000000,1221799.000000,75549924.000000, , , ,0.000000,1.300781,5.853516
24389.000000,1221800.000000,75549924.000000,-0.020300,0.159500,-1.020800, , , 
24390.000000,1221899.000000,75549924.000000,0.008700,0.179800,-1.009200, , , 
24391.000000,1221900.000000,75549924.000000, , , ,-0.975586,0.000000,5.528320
24392.000000,1222000.000000,75549924.000000,-0.020300,0.194300,-1.000500, , , 
24393.000000,1222001.000000,75549924.000000, , , ,-0.325195,0.000000,5.853516
24394.000000,1222092.000000,75549924.000000, , , ,-0.975586,1.300781,6.178711
24395.000000,1222099.000000,75549924.000000,-0.023200,0.200100,-1.026600, , , 
24396.000000,1222193.000000,75549924.000000, , , ,-0.650391,1.300781,6.503906
24397.000000,1222200.000000,75549924.000000,0.000000,0.182700,-1.046900, , , 
24398.000000,1222294.000000,75549924.000000, , , ,-0.650391,0.650391,6.503906
24399.000000,1222299.000000,75549924.000000,0.014500,0.205900,-0.991800, , , 
24400.000000,1222395.000000,75549924.000000, , , ,-0.975586,0.000000,6.503906
24401.000000,1222400.000000,75549924.000000,-0.014500,0.197200,-0.991800, , , 
24402.000000,1222496.000000,75549924.000000, , , ,-0.975586,0.325195,6.503906
24403.000000,1222499.000000,75549924.000000,-0.008700,0.203000,-0.994700, , , 
24404.000000,1222597.000000,75549924.000000, , , ,-1.300781,0.000000,6.178711
24405.000000,1222600.000000,75549924.000000,-0.002900,0.208800,-0.997600, , , 
24406.000000,1222698.000000,75549924.000000, , , ,-1.625977,0.000000,6.178711
24407.000000,1222699.000000,75549924.000000,-0.005800,0.211700,-0.986000, , , 
24408.000000,1222799.000000,75549924.000000, , , ,-1.300781,0.325195,6.178711
24409.000000,1222800.000000,75549924.000000,-0.011600,0.197200,-0.988900, , , 
24410.000000,1222899.000000,75549924.000000,-0.023200,0.211700,-1.003400, , , 
24411.000000,1222900.000000,75549924.000000, , , ,-0.975586,0.000000,6.178711
24412.000000,1223000.000000,75549924.000000,0.020300,0.205900,-0.988900, , , 
24413.000000,1223001.000000,75549924.000000, , , ,-0.975586,0.000000,6.178711
24414.000000,1223092.000000,75549924.000000, , , ,-0.975586,0.000000,6.178711
24415.000000,1223099.000000,75549924.000000,0.014500,0.223300,-0.980200, , , 
24416.000000,1223193.000000,75549924.000000, , , ,-0.650391,0.650391,5.853516
24417.000000,1223200.000000,75549924.000000,0.023200,0.208800,-1.015000, , , 
24418.000000,1223294.000000,75549924.000000, , , ,0.000000,0.975586,5.528320
24419.000000,1223299.000000,75549924.000000,0.052200,0.197200,-1.012100, , , 
24420.000000,1223395.000000,75549924.000000, , , ,-0.325195,-0.325195,5.203125
24421.000000,1223400.000000,75549924.000000,0.055100,0.171100,-0.971500, , , 
24422.000000,1223496.000000,75549924.000000, , , ,0.000000,-0.325195,4.227539
24423.000000,1223499.000000,75549924.000000,0.034800,0.139200,-0.951200, , , 
24424.000000,1223597.000000,75549924.000000, , , ,-0.325195,-0.325195,3.577148
24425.000000,1223600.000000,75549924.000000,0.034800,0.110200,-0.965700, , , 
24426.000000,1223698.000000,75549924.000000, , , ,0.325195,-0.325195,3.251953
24427.000000,1223699.000000,75549924.000000,0.049300,0.084100,-0.965700, , , 
24428.000000,1223799.000000,75549924.000000, , , ,0.000000,0.000000,2.276367
24429.000000,1223800.000000,75549924.000000,0.017400,0.069600,-0.994700, , , 
24430.000000,1223899.000000,75549924.000000,0.037700,0.040600,-1.026600, , , 
24431.000000,1223900.000000,75549924.000000, , , ,-2.601563,0.650391,2.601563
24432.000000,1224000.000000,75549924.000000,0.058000,0.052200,-1.023700, , , 
24433.000000,1224001.000000,75549924.000000, , , ,-2.276367,0.325195,2.276367
24434.000000,1224092.000000,75549924.000000, , , ,-0.650391,0.000000,1.951172
24435.000000,1224099.000000,75549924.000000,0.049300,0.087000,-0.974400, , , 
24436.000000,1224193.000000,75549924.000000, , , ,-1.300781,-0.650391,1.625977
24437.000000,1224200.000000,75549924.000000,0.040600,0.046400,-0.980200, , , 
24438.000000,1224294.000000,75549924.000000, , , ,0.000000,0.325195,1.300781
24439.000000,1224299.000000,75549924.000000,0.023200,0.023200,-0.986000, , , 
24440.000000,1224395.000000,75549924.000000, , , ,-0.650391,0.325195,1.300781
24441.000000,1224400.000000,75549924.000000,0.037700,0.031900,-1.017900, , , 
24442.000000,1224496.000000,75549924.000000, , , ,-0.650391,0.325195,0.975586
24443.000000,1224499.000000,75549924.000000,0.029000,0.023200,-1.006300, , , 
24444.000000,1224597.000000,75549924.000000, , , ,-0.325195,0.000000,0.975586
24445.000000,1224600.000000,75549924.000000,0.037700,0.008700,-0.974400, , , 
24446.000000,1224698.000000,75549924.000000, , , ,-0.975586,-0.650391,0.650391
24447.000000,1224699.000000,75549924.000000,0.029000,0.020300,-0.977300, , , 
24448.000000,1224799.000000,75549924.000000, , , ,-0.325195,0.000000,0.975586
24449.000000,1224800.000000,75549924.000000,0.046400,0.026100,-0.971500, , , 
24450.000000,1224899.000000,75549924.000000,0.037700,0.000000,-0.986000, , , 
24451.000000,1224900.000000,75549924.000000, , , ,-0.650391,-0.975586,0.975586
24452.000000,1225000.000000,75549924.000000,0.029000,0.002900,-0.974400, , , 
24453.000000,1225001.000000,75549924.000000, , , ,-1.300781,0.000000,0.650391
24454.000000,1225092.000000,75549924.000000, , , ,-1.300781,0.000000,0.650391
24455.000000,1225099.000000,75549924.000000,0.037700,0.017400,-0.988900, , , 
24456.000000,1225193.000000,75549924.000000, , , ,-1.625977,0.000000,0.000000
24457.000000,1225200.000000,75549924.000000,0.049300,0.020300,-0.991800, , , 
24458.000000,1225294.000000,75549924.000000, , , ,-0.975586,0.000000,0.650391
24459.000000,1225299.000000,75549924.000000,0.029000,0.026100,-0.997600, , , 
24460.000000,1225395.000000,75549924.000000, , , ,-0.650391,0.000000,0.650391
24461.000000,1225400.000000,75549924.000000,0.034800,0.020300,-0.994700, , , 
24462.000000,1225496.000000,75549924.000000, , , ,-0.975586,0.325195,0.650391
24463.000000,1225499.000000,75549924.000000,0.049300,0.014500,-1.003400, , , 
24464.000000,1225597.000000,75549924.000000, , , ,-0.975586,-0.650391,0.325195
24465.000000,1225600.000000,75549924.000000,0.052200,0.026100,-0.971500, , , 
24466.000000,1225698.000000,75549924.000000, , , ,-1.625977,-0.975586,0.325195
24467.000000,1225699.000000,75549924.000000,0.046400,-0.005800,-0.933800, , , 
24468.000000,1225799.000000,75549924.000000, , , ,-0.975586,-0.650391,0.000000
24469.000000,1225800.000000,75549924.000000,0.031900,0.005800,-0.965700, , , 
24470.000000,1225899.000000,75549924.000000,0.031900,-0.005800,-0.988900, , , 
24471.000000,1225900.000000,75549924.000000, , , ,-0.975586,0.000000,0.325195
24472.000000,1226000.000000,75549924.000000,0.034800,0.000000,-1.009200, , , 
24473.000000,1226001.000000,75549924.000000, , , ,-0.975586,0.000000,0.000000
24474.000000,1226092.000000,75549924.000000, , , ,-1.951172,-0.325195,0.325195
24475.000000,1226099.000000,75549924.000000,0.072500,-0.014500,-0.988900, , , 
24476.000000,1226193.000000,75549924.000000, , , ,-1.625977,-0.325195,0.000000
24477.000000,1226200.000000,75549924.000000,0.014500,0.011600,-0.991800, , , 
24478.000000,1226294.000000,75549924.000000, , , ,-0.975586,0.325195,0.000000
24479.000000,1226299.000000,75549924.000000,0.049300,-0.005800,-0.986000, , , 
24480.000000,1226395.000000,75549924.000000, , , ,-0.650391,-1.625977,0.000000
24481.000000,1226400.000000,75549924.000000,0.046400,0.026100,-0.974400, , , 
24482.000000,1226496.000000,75549924.000000, , , ,-0.325195,-0.325195,-0.650391
24483.000000,1226499.000000,75549924.000000,0.020300,-0.014500,-0.971500, , , 
24484.000000,1226597.000000,75549924.000000, , , ,-0.650391,0.650391,-0.325195
24485.000000,1226600.000000,75549924.000000,0.023200,0.000000,-1.012100, , , 
24486.000000,1226698.000000,75549924.000000, , , ,-0.975586,0.000000,-0.325195
24487.000000,1226699.000000,75549924.000000,0.049300,-0.008700,-1.009200, , , 
24488.000000,1226799.000000,75549924.000000, , , ,-0.975586,-0.325195,-0.325195
24489.000000,1226800.000000,75549924.000000,0.020300,-0.011600,-0.986000, , , 
24490.000000,1226899.000000,75549924.000000,0.017400,-0.005800,-0.991800, , , 
24491.000000,1226900.000000,75549924.000000, , , ,-0.975586,-0.325195,0.000000
24492.000000,1227000.000000,75549924.000000,0.029000,-0.014500,-0.986000, , , 
24493.000000,1227001.000000,75549924.000000, , , ,-1.625977,0.000000,-0.325195
24494.000000,1227092.000000,75549924.000000, , , ,-1.300781,0.000000,-0.325195
24495.000000,1227099.000000,75549924.000000,0.014500,-0.011600,-1.000500, , , 
24496.000000,1227193.000000,75549924.000000, , , ,-1.300781,0.000000,-0.650391
24497.000000,1227200.000000,75549924.000000,0.049300,-0.034800,-0.974400, , , 
24498.000000,1227294.000000,75549924.000000, , , ,-1.300781,-0.975586,-0.650391
24499.000000,1227299.000000,75549924.000000,0.023200,-0.037700,-0.939600, , , 
24500.000000,1227395.000000,75549924.000000, , , ,-1.951172,-0.650391,-0.650391
24501.000000,1227400.000000,75549924.000000,0.002900,-0.020300,-0.962800, , , 
24502.000000,1227496.000000,75549924.000000, , , ,-1.625977,-0.325195,-0.650391
24503.000000,1227499.000000,75549924.000000,0.034800,-0.017400,-0.939600, , , 
24504.000000,1227597.000000,75549924.000000, , , ,0.000000,-0.975586,-0.975586
24505.000000,1227600.000000,75549924.000000,0.000000,-0.014500,-0.974400, , , 
24506.000000,1227698.000000,75549924.000000, , , ,-1.625977,0.000000,-1.951172
24507.000000,1227699.000000,75549924.000000,-0.011600,-0.046400,-1.003400, , , 
24508.000000,1227799.000000,75549924.000000, , , ,-1.625977,0.000000,-1.625977
24509.000000,1227800.000000,75549924.000000,-0.029000,-0.075400,-1.026600, , , 
24510.000000,1227899.000000,75549924.000000,0.000000,-0.055100,-1.026600, , , 
24511.000000,1227900.000000,75549924.000000, , , ,-1.625977,0.325195,-1.300781
24512.000000,1228000.000000,75549924.000000,-0.008700,-0.026100,-0.988900, , , 
24513.000000,1228001.000000,75549924.000000, , , ,-0.325195,0.000000,-1.951172
24514.000000,1228092.000000,75549924.000000, , , ,-0.650391,-0.325195,-1.951172
24515.000000,1228099.000000,75549924.000000,-0.011600,-0.060900,-0.948300, , , 
24516.000000,1228193.000000,75549924.000000, , , ,-1.300781,-0.325195,-2.276367
24517.000000,1228200.000000,75549924.000000,-0.040600,-0.069600,-0.968600, , , 
24518.000000,1228294.000000,75549924.000000, , , ,-1.625977,0.000000,-1.951172
24519.000000,1228299.000000,75549924.000000,-0.031900,-0.078300,-1.006300, , , 
24520.000000,1228395.000000,75549924.000000, , , ,-1.300781,-0.325195,-1.951172
24521.000000,1228400.000000,75549924.000000,-0.023200,-0.063800,-0.968600, , , 
24522.000000,1228496.000000,75549924.000000, , , ,-0.650391,-0.975586,-2.276367
24523.000000,1228499.000000,75549924.000000,-0.008700,-0.058000,-0.936700, , , 
24524.000000,1228597.000000,75549924.000000, , , ,-0.975586,-0.325195,-3.251953
24525.000000,1228600.000000,75549924.000000,-0.081200,-0.104400,-1.000500, , , 
24526.000000,1228698.000000,75549924.000000, , , ,-2.601563,0.975586,-3.577148
24527.000000,1228699.000000,75549924.000000,-0.037700,-0.147900,-1.029500, , , 
24528.000000,1228799.000000,75549924.000000, , , ,-2.926758,-0.975586,-3.577148
24529.000000,1228800.000000,75549924.000000,-0.011600,-0.104400,-0.983100, , , 
24530.000000,1228899.000000,75549924.000000,-0.060900,-0.092800,-0.942500, , , 
24531.000000,1228900.000000,75549924.000000, , , ,-1.951172,-1.300781,-3.251953
24532.000000,1229000.000000,75549924.000000,-0.072500,-0.104400,-0.988900, , , 
24533.000000,1229001.000000,75549924.000000, , , ,-2.276367,0.000000,-3.902344
24534.000000,1229092.000000,75549924.000000, , , ,-1.951172,0.650391,-2.926758
24535.000000,1229099.000000,75549924.000000,-0.040600,-0.124700,-1.009200, , , 
24536.000000,1229193.000000,75549924.000000, , , ,-2.926758,-0.650391,-3.902344
24537.000000,1229200.000000,75549924.000000,-0.031900,-0.107300,-1.006300, , , 
24538.000000,1229294.000000,75549924.000000, , , ,-2.926758,-0.325195,-3.902344
24539.000000,1229299.000000,75549924.000000,-0.005800,-0.089900,-0.954100, , , 
24540.000000,1229395.000000,75549924.000000, , , ,-3.251953,-0.650391,-3.902344
24541.000000,1229400.000000,75549924.000000,-0.052200,-0.089900,-0.983100, , , 
24542.000000,1229496.000000,75549924.000000, , , ,-1.951172,0.650391,-4.227539
24543.000000,1229499.000000,75549924.000000,-0.023200,-0.092800,-1.009200, , , 
24544.000000,1229597.000000,75549924.000000, , , ,-1.625977,-0.650391,-3.902344
24545.000000,1229600.000000,75549924.000000,-0.014500,-0.087000,-0.980200, , , 
24546.000000,1229698.000000,75549924.000000, , , ,-1.300781,-0.325195,-3.902344
24547.000000,1229699.000000,75549924.000000,-0.040600,-0.072500,-0.971500, , , 
24548.000000,1229799.000000,75549924.000000, , , ,-0.650391,0.000000,-4.227539
24549.000000,1229800.000000,75549924.000000,-0.040600,-0.084100,-0.997600, , , 
24550.000000,1229899.000000,75549924.000000,-0.049300,-0.113100,-1.015000, , , 
24551.000000,1229900.000000,75549924.000000, , , ,-0.975586,-0.325195,-4.227539
24552.000000,1230000.000000,75549924.000000,-0.020300,-0.087000,-0.997600, , , 
24553.000000,1230001.000000,75549924.000000, , , ,-0.975586,0.325195,-4.227539
24554.000000,1230092.000000,75549924.000000, , , ,-0.975586,-0.650391,-4.227539
24555.000000,1230099.000000,75549924.000000,-0.031900,-0.095700,-0.986000, , , 
24556.000000,1230193.000000,75549924.000000, , , ,-0.975586,0.000000,-3.902344
24557.000000,1230200.000000,75549924.000000,-0.026100,-0.107300,-1.000500, , , 
24558.000000,1230294.000000,75549924.000000, , , ,-1.300781,0.000000,-3.902344
24559.000000,1230299.000000,75549924.000000,0.002900,-0.078300,-0.954100, , , 
24560.000000,1230395.000000,75549924.000000, , , ,-0.325195,-0.650391,-4.227539
24561.000000,1230400.000000,75549924.000000,-0.017400,-0.084100,-0.965700, , , 
24562.000000,1230496.000000,75549924.000000, , , ,0.000000,0.975586,-4.552734
24563.000000,1230499.000000,75549924.000000,-0.011600,-0.095700,-1.015000, , , 
24564.000000,1230597.000000,75549924.000000, , , ,0.325195,1.300781,-4.877930
24565.000000,1230600.000000,75549924.000000,0.005800,-0.127600,-1.038200, , , 
24566.000000,1230698.000000,75549924.000000, , , ,0.000000,0.000000,-5.528320
24567.000000,1230699.000000,75549924.000000,0.011600,-0.145000,-1.012100, , , 
24568.000000,1230799.000000,75549924.000000, , , ,-0.325195,0.325195,-4.877930
24569.000000,1230800.000000,75549924.000000,0.000000,-0.188500,-0.983100, , , 
24570.000000,1230899.000000,75549924.000000,0.008700,-0.188500,-1.000500, , , 
24571.000000,1230900.000000,75549924.000000, , , ,-1.300781,0.325195,-6.178711
24572.000000,1231000.000000,75549924.000000,0.020300,-0.182700,-0.983100, , , 
24573.000000,1231001.000000,75549924.000000, , , ,-1.951172,0.000000,-6.829102
24574.000000,1231092.000000,75549924.000000, , , ,-1.300781,-0.650391,-6.178711
24575.000000,1231099.000000,75549924.000000,0.011600,-0.165300,-0.957000, , , 
24576.000000,1231193.000000,75549924.000000, , , ,-1.300781,-0.325195,-6.503906
24577.000000,1231200.000000,75549924.000000,-0.020300,-0.153700,-0.986000, , , 
24578.000000,1231294.000000,75549924.000000, , , ,-0.975586,0.325195,-6.829102
24579.000000,1231299.000000,75549924.000000,0.000000,-0.174000,-0.997600, , , 
24580.000000,1231395.000000,75549924.000000, , , ,-0.650391,0.000000,-6.178711
24581.000000,1231400.000000,75549924.000000,0.020300,-0.165300,-0.986000, , , 
24582.000000,1231496.000000,75549924.000000, , , ,-0.650391,0.000000,-6.178711
24583.000000,1231499.000000,75549924.000000,0.005800,-0.171100,-0.991800, , , 
24584.000000,1231597.000000,75549924.000000, , , ,-0.325195,0.000000,-5.853516
24585.000000,1231600.000000,75549924.000000,0.011600,-0.142100,-0.991800, , , 
24586.000000,1231698.000000,75549924.000000, , , ,-0.650391,0.325195,-5.528320
24587.000000,1231699.000000,75549924.000000,0.005800,-0.130500,-1.009200, , , 
24588.000000,1231799.000000,75549924.000000, , , ,0.000000,0.000000,-5.528320
24589.000000,1231800.000000,75549924.000000,0.023200,-0.113100,-0.971500, , , 
24590.000000,1231899.000000,75549924.000000,0.011600,-0.124700,-0.951200, , , 
24591.000000,1231900.000000,75549924.000000, , , ,-1.300781,-1.625977,-4.552734
24592.000000,1232000.000000,75549924.000000,-0.014500,-0.124700,-0.986000, , , 
24593.000000,1232001.000000,75549924.000000, , , ,-0.650391,0.000000,-4.877930
24594.000000,1232101.000000,75549924.000000,-0.008700,-0.116000,-1.038200,-1.625977,1.300781,-4.552734
24595.000000,1232192.000000,75549924.000000, , , ,-1.951172,0.975586,-4.552734
24596.000000,1232199.000000,75549924.000000,0.017400,-0.095700,-1.032400, , , 
24597.000000,1232293.000000,75549924.000000, , , ,-0.650391,0.000000,-4.552734
24598.000000,1232300.000000,75549924.000000,0.005800,-0.095700,-0.983100, , , 
24599.000000,1232394.000000,75549924.000000, , , ,-1.300781,-0.325195,-4.227539
24600.000000,1232399.000000,75549924.000000,0.008700,-0.052200,-0.968600, , , 
24601.000000,1232495.000000,75549924.000000, , , ,-0.975586,0.000000,-3.251953
24602.000000,1232500.000000,75549924.000000,0.000000,-0.055100,-0.983100, , , 
24603.000000,1232596.000000,75549924.000000, , , ,-0.650391,0.000000,-2.926758
24604.000000,1232599.000000,75549924.000000,0.000000,-0.049300,-0.991800, , , 
24605.000000,1232697.000000,75549924.000000, , , ,0.000000,0.000000,-2.926758
24606.000000,1232700.000000,75549924.000000,0.000000,-0.031900,-1.003400, , , 
24607.000000,1232798.000000,75549924.000000, , , ,-1.300781,0.000000,-3.251953
24608.000000,1232799.000000,75549924.000000,0.005800,-0.052200,-1.006300, , , 
24609.000000,1232899.000000,75549924.000000, , , ,-0.650391,0.650391,-3.251953
24610.000000,1232900.000000,75549924.000000,0.000000,-0.040600,-1.020800, , , 
24611.000000,1232999.000000,75549924.000000,0.008700,-0.026100,-1.026600, , , 
24612.000000,1233000.000000,75549924.000000, , , ,-0.975586,0.650391,-2.926758
24613.000000,1233100.000000,75549924.000000,0.023200,-0.037700,-1.009200, , , 
24614.000000,1233101.000000,75549924.000000, , , ,0.000000,0.325195,-2.926758
24615.000000,1233201.000000,75549924.000000,0.000000,-0.011600,-0.965700, , , 
24616.000000,1233202.000000,75549924.000000, , , ,0.000000,-0.325195,-3.251953
24617.000000,1233292.000000,75549924.000000, , , ,-0.650391,-0.975586,-2.926758
24618.000000,1233299.000000,75549924.000000,-0.011600,-0.043500,-0.971500, , , 
24619.000000,1233393.000000,75549924.000000, , , ,0.000000,0.000000,-2.601563
24620.000000,1233400.000000,75549924.000000,-0.023200,-0.040600,-0.997600, , , 
24621.000000,1233494.000000,75549924.000000, , , ,-0.325195,0.000000,-2.926758
24622.000000,1233499.000000,75549924.000000,-0.023200,-0.040600,-1.003400, , , 
24623.000000,1233595.000000,75549924.000000, , , ,0.325195,0.325195,-2.601563
24624.000000,1233600.000000,75549924.000000,-0.026100,-0.020300,-1.020800, , , 
24625.000000,1233696.000000,75549924.000000, , , ,0.325195,0.325195,-2.926758
24626.000000,1233699.000000,75549924.000000,-0.020300,-0.034800,-0.986000, , , 
24627.000000,1233797.000000,75549924.000000, , , ,0.650391,-0.975586,-2.926758
24628.000000,1233800.000000,75549924.000000,-0.020300,-0.043500,-0.962800, , , 
24629.000000,1233898.000000,75549924.000000, , , ,0.650391,-0.650391,-2.601563
24630.000000,1233899.000000,75549924.000000,-0.049300,-0.046400,-0.965700, , , 
24631.000000,1233999.000000,75549924.000000, , , ,0.325195,0.000000,-2.926758
24632.000000,1234000.000000,75549924.000000,-0.037700,-0.037700,-0.980200, , , 
24633.000000,1234099.000000,75549924.000000,-0.037700,-0.031900,-0.994700, , , 
24634.000000,1234100.000000,75549924.000000, , , ,0.650391,0.000000,-1.625977
24635.000000,1234200.000000,75549924.000000,-0.055100,-0.043500,-0.988900, , , 
24636.000000,1234201.000000,75549924.000000, , , ,-0.325195,0.000000,-2.601563
24637.000000,1234292.000000,75549924.000000, , , ,-0.650391,0.000000,-1.951172
24638.000000,1234299.000000,75549924.000000,-0.031900,-0.060900,-0.974400, , , 
24639.000000,1234393.000000,75549924.000000, , , ,-0.975586,-0.650391,-1.951172
24640.000000,1234400.000000,75549924.000000,-0.037700,-0.017400,-0.954100, , , 
24641.000000,1234494.000000,75549924.000000, , , ,-0.325195,-0.325195,-1.951172
24642.000000,1234499.000000,75549924.000000,-0.058000,-0.020300,-0.977300, , , 
24643.000000,1234595.000000,75549924.000000, , , ,0.000000,0.000000,-1.951172
24644.000000,1234600.000000,75549924.000000,-0.043500,-0.008700,-0.997600, , , 
24645.000000,1234696.000000,75549924.000000, , , ,0.000000,0.000000,-1.951172
24646.000000,1234699.000000,75549924.000000,-0.046400,-0.002900,-0.994700, , , 
24647.000000,1234797.000000,75549924.000000, , , ,0.000000,0.325195,-1.951172
24648.000000,1234800.000000,75549924.000000,-0.043500,-0.034800,-0.991800, , , 
24649.000000,1234898.000000,75549924.000000, , , ,0.325195,0.000000,-1.951172
24650.000000,1234899.000000,75549924.000000,-0.031900,-0.014500,-0.994700, , , 
24651.000000,1234999.000000,75549924.000000, , , ,0.000000,0.000000,-1.951172
24652.000000,1235000.000000,75549924.000000,-0.052200,-0.023200,-0.991800, , , 
24653.000000,1235099.000000,75549924.000000,-0.055100,-0.017400,-0.971500, , , 
24654.000000,1235100.000000,75549924.000000, , , ,0.000000,-0.325195,-2.276367
24655.000000,1235200.000000,75549924.000000,-0.081200,-0.005800,-0.954100, , , 
24656.000000,1235201.000000,75549924.000000, , , ,0.000000,-0.975586,-1.625977
24657.000000,1235292.000000,75549924.000000, , , ,0.000000,-0.325195,-0.650391
24658.000000,1235299.000000,75549924.000000,-0.087000,-0.020300,-0.974400, , , 
24659.000000,1235393.000000,75549924.000000, , , ,-0.325195,0.000000,-0.325195
24660.000000,1235400.000000,75549924.000000,-0.084100,0.000000,-0.983100, , , 
24661.000000,1235494.000000,75549924.000000, , , ,-0.650391,0.000000,-0.325195
24662.000000,1235499.000000,75549924.000000,-0.075400,0.017400,-0.974400, , , 
24663.000000,1235595.000000,75549924.000000, , , ,0.325195,-0.650391,-0.325195
24664.000000,1235600.000000,75549924.000000,-0.089900,0.017400,-0.977300, , , 
24665.000000,1235696.000000,75549924.000000, , , ,0.325195,0.000000,0.000000
24666.000000,1235699.000000,75549924.000000,-0.098600,0.020300,-0.974400, , , 
24667.000000,1235797.000000,75549924.000000, , , ,0.000000,0.000000,0.000000
24668.000000,1235800.000000,75549924.000000,-0.078300,0.014500,-0.980200, , , 
24669.000000,1235898.000000,75549924.000000, , , ,-0.325195,0.000000,0.000000
24670.000000,1235899.000000,75549924.000000,-0.081200,0.031900,-0.997600, , , 
24671.000000,1235999.000000,75549924.000000, , , ,0.000000,0.000000,0.000000
24672.000000,1236000.000000,75549924.000000,-0.081200,0.046400,-0.974400, , , 
24673.000000,1236099.000000,75549924.000000,-0.063800,0.031900,-0.974400, , , 
24674.000000,1236100.000000,75549924.000000, , , ,0.000000,-0.325195,0.000000
24675.000000,1236200.000000,75549924.000000,-0.081200,0.029000,-0.962800, , , 
24676.000000,1236201.000000,75549924.000000, , , ,0.325195,-0.975586,-0.325195
24677.000000,1236292.000000,75549924.000000, , , ,0.000000,-0.325195,0.000000
24678.000000,1236299.000000,75549924.000000,-0.078300,0.034800,-0.962800, , , 
24679.000000,1236393.000000,75549924.000000, , , ,0.000000,-0.650391,0.000000
24680.000000,1236400.000000,75549924.000000,-0.069600,0.026100,-0.957000, , , 
24681.000000,1236494.000000,75549924.000000, , , ,0.000000,-0.975586,0.000000
24682.000000,1236499.000000,75549924.000000,-0.087000,0.020300,-0.977300, , , 
24683.000000,1236595.000000,75549924.000000, , , ,-0.325195,0.000000,0.000000
24684.000000,1236600.000000,75549924.000000,-0.072500,0.023200,-0.959900, , , 
24685.000000,1236696.000000,75549924.000000, , , ,-0.650391,-0.650391,0.325195
24686.000000,1236699.000000,75549924.000000,-0.066700,0.034800,-0.980200, , , 
24687.000000,1236797.000000,75549924.000000, , , ,-0.650391,-0.325195,0.325195
24688.000000,1236800.000000,75549924.000000,-0.087000,0.046400,-0.980200, , , 
24689.000000,1236898.000000,75549924.000000, , , ,0.000000,0.650391,0.975586
24690.000000,1236899.000000,75549924.000000,-0.075400,0.084100,-0.991800, , , 
24691.000000,1236999.000000,75549924.000000, , , ,0.650391,-0.325195,1.300781
24692.000000,1237000.000000,75549924.000000,-0.063800,0.075400,-0.959900, , , 
24693.000000,1237099.000000,75549924.000000,-0.072500,0.107300,-0.962800, , , 
24694.000000,1237100.000000,75549924.000000, , , ,0.650391,-0.650391,1.625977
24695.000000,1237200.000000,75549924.000000,-0.063800,0.087000,-0.922200, , , 
24696.000000,1237201.000000,75549924.000000, , , ,0.000000,-0.650391,2.601563
24697.000000,1237301.000000,75549924.000000,-0.078300,0.101500,-0.954100,0.000000,-1.625977,2.276367
24698.000000,1237392.000000,75549924.000000, , , ,0.650391,-0.975586,2.926758
24699.000000,1237399.000000,75549924.000000,-0.081200,0.089900,-0.942500, , , 
24700.000000,1237493.000000,75549924.000000, , , ,-0.650391,0.000000,2.601563
24701.000000,1237500.000000,75549924.000000,-0.095700,0.092800,-1.000500, , , 
24702.000000,1237594.000000,75549924.000000, , , ,0.325195,0.325195,2.926758
24703.000000,1237599.000000,75549924.000000,-0.078300,0.139200,-1.000500, , , 
24704.000000,1237695.000000,75549924.000000, , , ,0.975586,0.650391,2.601563
24705.000000,1237700.000000,75549924.000000,-0.063800,0.104400,-1.035300, , , 
24706.000000,1237796.000000,75549924.000000, , , ,1.625977,0.325195,2.601563
24707.000000,1237799.000000,75549924.000000,-0.058000,0.136300,-0.986000, , , 
24708.000000,1237897.000000,75549924.000000, , , ,1.300781,-0.325195,2.926758
24709.000000,1237900.000000,75549924.000000,-0.040600,0.092800,-0.959900, , , 
24710.000000,1237998.000000,75549924.000000, , , ,0.650391,-1.300781,3.577148
24711.000000,1237999.000000,75549924.000000,-0.066700,0.101500,-0.962800, , , 
24712.000000,1238099.000000,75549924.000000, , , ,0.650391,-0.650391,3.902344
24713.000000,1238100.000000,75549924.000000,-0.066700,0.110200,-0.951200, , , 
24714.000000,1238199.000000,75549924.000000,-0.066700,0.145000,-0.962800, , , 
24715.000000,1238200.000000,75549924.000000, , , ,0.975586,-0.650391,4.227539
24716.000000,1238300.000000,75549924.000000,-0.104400,0.116000,-1.026600, , , 
24717.000000,1238301.000000,75549924.000000, , , ,0.650391,0.325195,4.227539
24718.000000,1238392.000000,75549924.000000, , , ,0.000000,1.300781,4.552734
24719.000000,1238399.000000,75549924.000000,-0.060900,0.139200,-0.957000, , , 
24720.000000,1238493.000000,75549924.000000, , , ,0.650391,-1.625977,4.552734
24721.000000,1238500.000000,75549924.000000,-0.023200,0.136300,-0.991800, , , 
24722.000000,1238594.000000,75549924.000000, , , ,-0.325195,-2.601563,4.877930
24723.000000,1238599.000000,75549924.000000,-0.104400,0.110200,-0.942500, , , 
24724.000000,1238695.000000,75549924.000000, , , ,-0.325195,0.000000,5.528320
24725.000000,1238700.000000,75549924.000000,-0.081200,0.159500,-0.933800, , , 
24726.000000,1238796.000000,75549924.000000, , , ,-1.625977,-0.650391,5.528320
24727.000000,1238799.000000,75549924.000000,-0.066700,0.136300,-0.965700, , , 
24728.000000,1238897.000000,75549924.000000, , , ,-0.975586,-0.975586,5.528320
24729.000000,1238900.000000,75549924.000000,-0.072500,0.162400,-0.945400, , , 
24730.000000,1238998.000000,75549924.000000, , , ,-0.650391,-0.650391,5.528320
24731.000000,1238999.000000,75549924.000000,-0.072500,0.165300,-0.957000, , , 
24732.000000,1239099.000000,75549924.000000, , , ,-0.975586,-0.650391,5.853516
24733.000000,1239100.000000,75549924.000000,-0.095700,0.162400,-0.965700, , , 
24734.000000,1239199.000000,75549924.000000,-0.101500,0.156600,-0.957000, , , 
24735.000000,1239200.000000,75549924.000000, , , ,-0.325195,-0.650391,5.528320
24736.000000,1239300.000000,75549924.000000,-0.139200,0.162400,-0.980200, , , 
24737.000000,1239301.000000,75549924.000000, , , ,-0.325195,-0.650391,5.528320
24738.000000,1239392.000000,75549924.000000, , , ,-0.975586,0.000000,5.528320
24739.000000,1239399.000000,75549924.000000,-0.156600,0.139200,-0.980200, , , 
24740.000000,1239493.000000,75549924.000000, , , ,-0.975586,0.000000,5.528320
24741.000000,1239500.000000,75549924.000000,-0.153700,0.162400,-1.020800, , , 
24742.000000,1239594.000000,75549924.000000, , , ,-0.650391,0.000000,6.178711
24743.000000,1239599.000000,75549924.000000,-0.191400,0.162400,-1.000500, , , 
24744.000000,1239695.000000,75549924.000000, , , ,0.000000,0.650391,5.853516
24745.000000,1239700.000000,75549924.000000,-0.176900,0.191400,-0.968600, , , 
24746.000000,1239796.000000,75549924.000000, , , ,2.276367,-0.650391,5.528320
24747.000000,1239799.000000,75549924.000000,-0.179800,0.171100,-0.971500, , , 
24748.000000,1239897.000000,75549924.000000, , , ,0.650391,-0.975586,5.528320
24749.000000,1239900.000000,75549924.000000,-0.220400,0.147900,-0.968600, , , 
24750.000000,1239998.000000,75549924.000000, , , ,0.975586,0.325195,5.528320
24751.000000,1239999.000000,75549924.000000,-0.214600,0.124700,-0.997600, , , 
24752.000000,1240099.000000,75549924.000000, , , ,-0.325195,0.650391,6.178711
24753.000000,1240100.000000,75549924.000000,-0.211700,0.095700,-0.980200, , , 
24754.000000,1240199.000000,75549924.000000,-0.194300,0.168200,-0.977300, , , 
24755.000000,1240200.000000,75549924.000000, , , ,0.000000,-0.325195,5.853516
24756.000000,1240300.000000,75549924.000000,-0.220400,0.127600,-0.986000, , , 
24757.000000,1240301.000000,75549924.000000, , , ,0.000000,-0.325195,5.203125
24758.000000,1240392.000000,75549924.000000, , , ,0.000000,0.650391,5.853516
24759.000000,1240399.000000,75549924.000000,-0.226200,0.153700,-0.986000, , , 
24760.000000,1240493.000000,75549924.000000, , , ,0.975586,0.650391,4.877930
24761.000000,1240500.000000,75549924.000000,-0.217500,0.127600,-1.029500, , , 
24762.000000,1240594.000000,75549924.000000, , , ,-0.650391,2.276367,5.853516
24763.000000,1240599.000000,75549924.000000,-0.226200,0.092800,-1.029500, , , 
24764.000000,1240695.000000,75549924.000000, , , ,-0.325195,1.625977,5.853516
24765.000000,1240700.000000,75549924.000000,-0.171100,0.150800,-0.930900, , , 
24766.000000,1240796.000000,75549924.000000, , , ,-0.325195,-2.601563,5.853516
24767.000000,1240799.000000,75549924.000000,-0.150800,0.098600,-0.954100, , , 
24768.000000,1240897.000000,75549924.000000, , , ,-0.975586,-3.902344,6.178711
24769.000000,1240900.000000,75549924.000000,-0.229100,0.153700,-0.916400, , , 
24770.000000,1240998.000000,75549924.000000, , , ,0.000000,-0.325195,6.829102
24771.000000,1240999.000000,75549924.000000,-0.243600,0.156600,-0.965700, , , 
24772.000000,1241099.000000,75549924.000000, , , ,-0.650391,1.300781,7.154297
24773.000000,1241100.000000,75549924.000000,-0.208800,0.156600,-0.997600, , , 
24774.000000,1241199.000000,75549924.000000,-0.150800,0.165300,-1.012100, , , 
24775.000000,1241200.000000,75549924.000000, , , ,0.000000,1.951172,6.829102
24776.000000,1241300.000000,75549924.000000,-0.084100,0.162400,-0.954100, , , 
24777.000000,1241301.000000,75549924.000000, , , ,-0.325195,0.325195,7.479492
24778.000000,1241392.000000,75549924.000000, , , ,-0.325195,-0.975586,7.804688
24779.000000,1241399.000000,75549924.000000,-0.060900,0.176900,-0.951200, , , 
24780.000000,1241493.000000,75549924.000000, , , ,0.325195,-1.625977,8.455078
24781.000000,1241500.000000,75549924.000000,-0.081200,0.200100,-0.948300, , , 
24782.000000,1241594.000000,75549924.000000, , , ,0.000000,-0.325195,9.105469
24783.000000,1241599.000000,75549924.000000,-0.081200,0.203000,-0.962800, , , 
24784.000000,1241695.000000,75549924.000000, , , ,0.650391,0.000000,9.105469
24785.000000,1241700.000000,75549924.000000,-0.081200,0.182700,-0.965700, , , 
24786.000000,1241796.000000,75549924.000000, , , ,0.000000,-0.325195,8.455078
24787.000000,1241799.000000,75549924.000000,-0.075400,0.191400,-0.980200, , , 
24788.000000,1241897.000000,75549924.000000, , , ,0.000000,0.000000,8.455078
24789.000000,1241900.000000,75549924.000000,-0.081200,0.176900,-0.986000, , , 
24790.000000,1241998.000000,75549924.000000, , , ,-0.325195,0.325195,8.455078
24791.000000,1241999.000000,75549924.000000,-0.087000,0.159500,-0.986000, , , 
24792.000000,1242099.000000,75549924.000000, , , ,-0.325195,0.975586,9.105469
24793.000000,1242100.000000,75549924.000000,-0.055100,0.156600,-1.003400, , , 
24794.000000,1242199.000000,75549924.000000,-0.043500,0.165300,-1.003400, , , 
24795.000000,1242200.000000,75549924.000000, , , ,-0.650391,0.975586,8.455078
24796.000000,1242300.000000,75549924.000000,-0.011600,0.150800,-0.965700, , , 
24797.000000,1242301.000000,75549924.000000, , , ,-0.975586,0.325195,8.129883
24798.000000,1242392.000000,75549924.000000, , , ,-1.951172,-0.650391,8.129883
24799.000000,1242399.000000,75549924.000000,-0.017400,0.159500,-0.988900, , , 
24800.000000,1242493.000000,75549924.000000, , , ,-0.325195,-0.325195,7.804688
24801.000000,1242500.000000,75549924.000000,-0.043500,0.174000,-0.986000, , , 
24802.000000,1242594.000000,75549924.000000, , , ,-0.650391,0.650391,7.804688
24803.000000,1242599.000000,75549924.000000,-0.034800,0.156600,-0.986000, , , 
24804.000000,1242695.000000,75549924.000000, , , ,0.000000,1.300781,7.804688
24805.000000,1242700.000000,75549924.000000,0.000000,0.176900,-1.003400, , , 
24806.000000,1242796.000000,75549924.000000, , , ,0.000000,0.650391,7.154297
24807.000000,1242799.000000,75549924.000000,0.023200,0.150800,-1.006300, , , 
24808.000000,1242897.000000,75549924.000000, , , ,-0.325195,0.650391,7.479492
24809.000000,1242900.000000,75549924.000000,0.052200,0.153700,-0.980200, , , 
24810.000000,1242998.000000,75549924.000000, , , ,0.325195,-0.325195,7.154297
24811.000000,1242999.000000,75549924.000000,0.084100,0.165300,-0.957000, , , 
24812.000000,1243099.000000,75549924.000000, , , ,0.000000,-1.300781,7.479492
24813.000000,1243100.000000,75549924.000000,0.063800,0.142100,-0.962800, , , 
24814.000000,1243199.000000,75549924.000000,0.060900,0.153700,-0.959900, , , 
24815.000000,1243200.000000,75549924.000000, , , ,0.975586,-0.325195,6.503906
24816.000000,1243300.000000,75549924.000000,0.089900,0.118900,-0.974400, , , 
24817.000000,1243301.000000,75549924.000000, , , ,1.625977,0.000000,6.178711
24818.000000,1243392.000000,75549924.000000, , , ,0.000000,-0.650391,5.853516
24819.000000,1243399.000000,75549924.000000,0.150800,0.095700,-0.939600, , , 
24820.000000,1243493.000000,75549924.000000, , , ,0.325195,-1.625977,6.178711
24821.000000,1243500.000000,75549924.000000,0.145000,0.139200,-0.974400, , , 
24822.000000,1243594.000000,75549924.000000, , , ,-1.300781,-0.650391,6.178711
24823.000000,1243599.000000,75549924.000000,0.116000,0.107300,-0.994700, , , 
24824.000000,1243695.000000,75549924.000000, , , ,0.000000,1.625977,6.503906
24825.000000,1243700.000000,75549924.000000,0.127600,0.182700,-0.997600, , , 
24826.000000,1243796.000000,75549924.000000, , , ,0.325195,1.951172,7.154297
24827.000000,1243799.000000,75549924.000000,0.139200,0.194300,-1.064300, , , 
24828.000000,1243897.000000,75549924.000000, , , ,1.300781,1.951172,7.154297
24829.000000,1243900.000000,75549924.000000,0.130500,0.197200,-1.070100, , , 
24830.000000,1243998.000000,75549924.000000, , , ,2.926758,2.926758,6.503906
24831.000000,1243999.000000,75549924.000000,0.153700,0.171100,-1.026600, , , 
24832.000000,1244099.000000,75549924.000000, , , ,1.951172,0.325195,7.154297
24833.000000,1244100.000000,75549924.000000,0.185600,0.121800,-1.006300, , , 
24834.000000,1244199.000000,75549924.000000,0.150800,0.089900,-0.986000, , , 
24835.000000,1244200.000000,75549924.000000, , , ,0.650391,-0.975586,6.503906
24836.000000,1244300.000000,75549924.000000,0.147900,0.072500,-0.951200, , , 
24837.000000,1244301.000000,75549924.000000, , , ,-1.951172,-0.650391,6.829102
24838.000000,1244392.000000,75549924.000000, , , ,-4.552734,-0.325195,6.503906
24839.000000,1244399.000000,75549924.000000,0.142100,0.092800,-0.997600, , , 
24840.000000,1244493.000000,75549924.000000, , , ,-6.178711,0.000000,6.503906
24841.000000,1244500.000000,75549924.000000,0.130500,0.113100,-0.991800, , , 
24842.000000,1244594.000000,75549924.000000, , , ,-7.804688,0.000000,6.503906
24843.000000,1244599.000000,75549924.000000,0.147900,0.153700,-1.006300, , , 
24844.000000,1244695.000000,75549924.000000, , , ,-6.178711,-0.325195,6.178711
24845.000000,1244700.000000,75549924.000000,0.162400,0.205900,-0.957000, , , 
24846.000000,1244796.000000,75549924.000000, , , ,-4.877930,-1.625977,5.528320
24847.000000,1244799.000000,75549924.000000,0.145000,0.162400,-0.977300, , , 
24848.000000,1244897.000000,75549924.000000, , , ,-3.902344,-0.325195,5.853516
24849.000000,1244900.000000,75549924.000000,0.113100,0.232000,-0.954100, , , 
24850.000000,1244998.000000,75549924.000000, , , ,-2.276367,-0.325195,4.877930
24851.000000,1244999.000000,75549924.000000,0.179800,0.185600,-0.942500, , , 
24852.000000,1245099.000000,75549924.000000, , , ,-1.951172,-1.951172,4.552734
24853.000000,1245100.000000,75549924.000000,0.139200,0.176900,-0.983100, , , 
24854.000000,1245199.000000,75549924.000000,0.107300,0.159500,-0.983100, , , 
24855.000000,1245200.000000,75549924.000000, , , ,0.000000,-0.650391,3.902344
24856.000000,1245300.000000,75549924.000000,0.133400,0.118900,-1.009200, , , 
24857.000000,1245301.000000,75549924.000000, , , ,0.325195,0.325195,2.601563
24858.000000,1245392.000000,75549924.000000, , , ,0.650391,0.000000,1.951172
24859.000000,1245399.000000,75549924.000000,0.156600,0.081200,-0.988900, , , 
24860.000000,1245493.000000,75549924.000000, , , ,-0.975586,0.000000,1.300781
24861.000000,1245500.000000,75549924.000000,0.133400,0.060900,-1.000500, , , 
24862.000000,1245593.000000,75549924.000000, , , ,0.000000,0.650391,0.975586
24863.000000,1245600.000000,75549924.000000,0.116000,0.052200,-1.000500, , , 
24864.000000,1245694.000000,75549924.000000, , , ,-0.325195,0.975586,0.000000
24865.000000,1245699.000000,75549924.000000,0.147900,-0.008700,-1.032400, , , 
24866.000000,1245795.000000,75549924.000000, , , ,-0.650391,0.325195,-0.650391
24867.000000,1245800.000000,75549924.000000,0.147900,0.017400,-1.006300, , , 
24868.000000,1245896.000000,75549924.000000, , , ,-0.975586,0.000000,-0.650391
24869.000000,1245900.000000,75549924.000000,0.142100,0.011600,-0.997600, , , 
24870.000000,1245996.000000,75549924.000000, , , ,-0.325195,0.000000,-0.975586
24871.000000,1245999.000000,75549924.000000,0.150800,0.034800,-0.977300, , , 
24872.000000,1246097.000000,75549924.000000, , , ,-0.325195,-0.975586,-0.650391
24873.000000,1246100.000000,75549924.000000,0.145000,0.023200,-0.968600, , , 
24874.000000,1246198.000000,75549924.000000, , , ,-0.325195,-0.975586,-0.325195
24875.000000,1246199.000000,75549924.000000,0.136300,0.005800,-0.968600, , , 
24876.000000,1246299.000000,75549924.000000, , , ,-0.650391,-0.325195,-0.650391
24877.000000,1246300.000000,75549924.000000,0.133400,0.023200,-0.971500, , , 
24878.000000,1246399.000000,75549924.000000,0.139200,0.026100,-0.983100, , , 
24879.000000,1246400.000000,75549924.000000, , , ,-0.975586,-0.650391,-0.975586
24880.000000,1246500.000000,75549924.000000,0.136300,0.020300,-0.983100, , , 
24881.000000,1246501.000000,75549924.000000, , , ,-1.300781,0.000000,-0.325195
24882.000000,1246592.000000,75549924.000000, , , ,-0.975586,0.000000,-0.650391
24883.000000,1246599.000000,75549924.000000,0.139200,0.020300,-0.983100, , , 
24884.000000,1246693.000000,75549924.000000, , , ,-0.975586,-0.650391,-0.650391
24885.000000,1246700.000000,75549924.000000,0.145000,0.023200,-0.974400, , , 
24886.000000,1246794.000000,75549924.000000, , , ,-0.975586,-0.325195,-0.325195
24887.000000,1246801.000000,75549924.000000,0.133400,0.026100,-0.983100, , , 
24888.000000,1246894.000000,75549924.000000, , , ,-0.975586,0.000000,0.000000
24889.000000,1246899.000000,75549924.000000,0.121800,0.052200,-1.000500, , , 
24890.000000,1246995.000000,75549924.000000, , , ,-1.300781,0.325195,-0.325195
24891.000000,1247000.000000,75549924.000000,0.130500,0.014500,-1.015000, , , 
24892.000000,1247096.000000,75549924.000000, , , ,-1.625977,0.000000,0.000000
24893.000000,1247099.000000,75549924.000000,0.142100,0.031900,-1.003400, , , 
24894.000000,1247197.000000,75549924.000000, , , ,-1.625977,0.000000,0.000000
24895.000000,1247200.000000,75549924.000000,0.124700,0.034800,-1.006300, , , 
24896.000000,1247298.000000,75549924.000000, , , ,-0.650391,0.975586,0.000000
24897.000000,1247299.000000,75549924.000000,0.130500,0.069600,-1.023700, , , 
24898.000000,1247399.000000,75549924.000000, , , ,-0.325195,0.325195,0.000000
24899.000000,1247400.000000,75549924.000000,0.145000,0.040600,-1.026600, , , 
24900.000000,1247499.000000,75549924.000000,0.156600,0.063800,-0.954100, , , 
24901.000000,1247500.000000,75549924.000000, , , ,0.325195,-0.325195,-0.325195
24902.000000,1247600.000000,75549924.000000,0.139200,0.046400,-0.954100, , , 
24903.000000,1247601.000000,75549924.000000, , , ,0.000000,-1.300781,0.000000
24904.000000,1247692.000000,75549924.000000, , , ,0.000000,-0.325195,0.000000
24905.000000,1247699.000000,75549924.000000,0.127600,0.014500,-0.954100, , , 
24906.000000,1247793.000000,75549924.000000, , , ,0.000000,-0.325195,0.000000
24907.000000,1247800.000000,75549924.000000,0.139200,0.049300,-0.977300, , , 
24908.000000,1247894.000000,75549924.000000, , , ,0.000000,0.325195,0.000000
24909.000000,1247899.000000,75549924.000000,0.133400,0.043500,-0.988900, , , 
24910.000000,1247995.000000,75549924.000000, , , ,0.000000,0.000000,0.000000
24911.000000,1248000.000000,75549924.000000,0.139200,0.046400,-1.000500, , , 
24912.000000,1248096.000000,75549924.000000, , , ,0.000000,0.000000,-0.325195
24913.000000,1248099.000000,75549924.000000,0.142100,0.034800,-0.988900, , , 
24914.000000,1248197.000000,75549924.000000, , , ,0.325195,0.000000,-0.325195
24915.000000,1248200.000000,75549924.000000,0.124700,0.031900,-1.000500, , , 
24916.000000,1248298.000000,75549924.000000, , , ,-0.325195,0.325195,0.000000
24917.000000,1248299.000000,75549924.000000,0.139200,0.005800,-0.994700, , , 
24918.000000,1248399.000000,75549924.000000, , , ,-0.325195,-0.325195,-0.650391
24919.000000,1248400.000000,75549924.000000,0.127600,0.026100,-0.997600, , , 
24920.000000,1248499.000000,75549924.000000,0.113100,0.023200,-1.012100, , , 
24921.000000,1248500.000000,75549924.000000, , , ,-0.325195,0.975586,-0.650391
24922.000000,1248600.000000,75549924.000000,0.145000,0.005800,-1.020800, , , 
24923.000000,1248601.000000,75549924.000000, , , ,-0.975586,0.325195,-0.975586
24924.000000,1248692.000000,75549924.000000, , , ,0.000000,0.000000,-1.625977
24925.000000,1248699.000000,75549924.000000,0.139200,-0.026100,-0.986000, , , 
24926.000000,1248793.000000,75549924.000000, , , ,-0.650391,-0.325195,-2.276367
24927.000000,1248800.000000,75549924.000000,0.139200,-0.049300,-0.980200, , , 
24928.000000,1248894.000000,75549924.000000, , , ,-1.300781,0.000000,-1.951172
24929.000000,1248899.000000,75549924.000000,0.107300,-0.046400,-0.994700, , , 
24930.000000,1248995.000000,75549924.000000, , , ,-1.625977,0.650391,-1.625977
24931.000000,1249000.000000,75549924.000000,0.127600,-0.037700,-1.015000, , , 
24932.000000,1249096.000000,75549924.000000, , , ,-1.625977,0.000000,-1.951172
24933.000000,1249099.000000,75549924.000000,0.142100,-0.011600,-0.997600, , , 
24934.000000,1249197.000000,75549924.000000, , , ,-0.975586,0.000000,-1.625977
24935.000000,1249200.000000,75549924.000000,0.124700,-0.014500,-0.986000, , , 
24936.000000,1249298.000000,75549924.000000, , , ,-1.300781,-0.325195,-1.625977
24937.000000,1249299.000000,75549924.000000,0.139200,-0.011600,-0.965700, , , 
24938.000000,1249399.000000,75549924.000000, , , ,-0.650391,-0.650391,-1.951172
24939.000000,1249400.000000,75549924.000000,0.130500,-0.040600,-0.977300, , , 
24940.000000,1249499.000000,75549924.000000,0.118900,-0.023200,-0.968600, , , 
24941.000000,1249500.000000,75549924.000000, , , ,-0.650391,-0.325195,-1.951172
24942.000000,1249600.000000,75549924.000000,0.127600,-0.029000,-0.980200, , , 
24943.000000,1249601.000000,75549924.000000, , , ,-0.975586,-0.325195,-1.951172
24944.000000,1249692.000000,75549924.000000, , , ,-0.650391,-0.650391,-2.276367
24945.000000,1249699.000000,75549924.000000,0.130500,-0.023200,-0.980200, , , 
24946.000000,1249793.000000,75549924.000000, , , ,0.000000,-0.325195,-1.951172
24947.000000,1249800.000000,75549924.000000,0.104400,-0.011600,-1.000500, , , 
24948.000000,1249894.000000,75549924.000000, , , ,-0.650391,0.325195,-1.951172
24949.000000,1249899.000000,75549924.000000,0.116000,-0.037700,-1.029500, , , 
24950.000000,1249995.000000,75549924.000000, , , ,0.000000,0.000000,-2.601563
24951.000000,1250000.000000,75549924.000000,0.116000,-0.026100,-1.023700, , , 
24952.000000,1250096.000000,75549924.000000, , , ,0.000000,0.325195,-2.276367
24953.000000,1250099.000000,75549924.000000,0.104400,-0.023200,-1.017900, , , 
24954.000000,1250197.000000,75549924.000000, , , ,0.000000,0.000000,-2.601563
24955.000000,1250200.000000,75549924.000000,0.104400,-0.049300,-1.003400, , , 
24956.000000,1250298.000000,75549924.000000, , , ,0.000000,0.000000,-2.601563
24957.000000,1250299.000000,75549924.000000,0.089900,-0.049300,-1.003400, , , 
24958.000000,1250399.000000,75549924.000000, , , ,0.000000,0.000000,-2.276367
24959.000000,1250400.000000,75549924.000000,0.087000,-0.046400,-1.029500, , , 
24960.000000,1250499.000000,75549924.000000,0.092800,-0.046400,-1.009200, , , 
24961.000000,1250500.000000,75549924.000000, , , ,0.000000,0.325195,-2.276367
24962.000000,1250600.000000,75549924.000000,0.110200,-0.052200,-0.942500, , , 
24963.000000,1250601.000000,75549924.000000, , , ,0.000000,-1.300781,-2.601563
24964.000000,1250692.000000,75549924.000000, , , ,0.325195,-1.300781,-1.951172
24965.000000,1250699.000000,75549924.000000,0.063800,-0.052200,-0.945400, , , 
24966.000000,1250793.000000,75549924.000000, , , ,-0.650391,0.000000,-1.951172
24967.000000,1250800.000000,75549924.000000,0.063800,-0.046400,-1.009200, , , 
24968.000000,1250894.000000,75549924.000000, , , ,-0.650391,0.000000,-2.276367
24969.000000,1250899.000000,75549924.000000,0.075400,-0.049300,-1.044000, , , 
24970.000000,1250995.000000,75549924.000000, , , ,0.000000,0.325195,-1.951172
24971.000000,1251000.000000,75549924.000000,0.043500,-0.046400,-1.020800, , , 
24972.000000,1251096.000000,75549924.000000, , , ,0.000000,-0.650391,-2.601563
24973.000000,1251099.000000,75549924.000000,0.055100,-0.040600,-0.977300, , , 
24974.000000,1251197.000000,75549924.000000, , , ,-0.325195,0.000000,-2.276367
24975.000000,1251200.000000,75549924.000000,0.043500,-0.063800,-0.980200, , , 
24976.000000,1251298.000000,75549924.000000, , , ,-1.300781,0.000000,-1.300781
24977.000000,1251299.000000,75549924.000000,0.081200,-0.043500,-1.012100, , , 
24978.000000,1251399.000000,75549924.000000, , , ,-1.625977,-0.325195,-1.300781
24979.000000,1251400.000000,75549924.000000,0.092800,-0.026100,-0.962800, , , 
24980.000000,1251499.000000,75549924.000000,0.000000,-0.014500,-0.904800, , , 
24981.000000,1251500.000000,75549924.000000, , , ,0.000000,-2.601563,-1.300781
24982.000000,1251600.000000,75549924.000000,-0.043500,-0.014500,-0.962800, , , 
24983.000000,1251601.000000,75549924.000000, , , ,0.000000,-1.300781,-1.951172
24984.000000,1251692.000000,75549924.000000, , , ,-0.975586,0.000000,-1.625977
24985.000000,1251699.000000,75549924.000000,-0.034800,-0.063800,-1.070100, , , 
24986.000000,1251793.000000,75549924.000000, , , ,-2.601563,0.975586,-0.975586
24987.000000,1251800.000000,75549924.000000,-0.029000,-0.049300,-1.107800, , , 
24988.000000,1251894.000000,75549924.000000, , , ,-4.552734,1.951172,-0.975586
24989.000000,1251899.000000,75549924.000000,-0.031900,-0.020300,-1.122300, , , 
24990.000000,1251995.000000,75549924.000000, , , ,-3.251953,-1.625977,-0.975586
24991.000000,1252000.000000,75549924.000000,0.017400,0.031900,-0.942500, , , 
24992.000000,1252096.000000,75549924.000000, , , ,-1.300781,-2.276367,-0.325195
24993.000000,1252099.000000,75549924.000000,-0.026100,0.037700,-0.841000, , , 
24994.000000,1252197.000000,75549924.000000, , , ,0.000000,-0.325195,-1.625977
24995.000000,1252200.000000,75549924.000000,-0.060900,0.008700,-0.913500, , , 
24996.000000,1252298.000000,75549924.000000, , , ,0.000000,0.650391,-1.300781
24997.000000,1252299.000000,75549924.000000,-0.052200,0.000000,-0.991800, , , 
24998.000000,1252399.000000,75549924.000000, , , ,-0.650391,0.000000,-1.300781
24999.000000,1252400.000000,75549924.000000,-0.029000,-0.020300,-1.032400, , , 
25000.000000,1252499.000000,75549924.000000,-0.040600,-0.014500,-1.012100, , , 
25001.000000,1252500.000000,75549924.000000, , , ,-0.975586,0.000000,-1.300781
25002.000000,1252600.000000,75549924.000000,-0.034800,0.014500,-0.977300, , , 
25003.000000,1252601.000000,75549924.000000, , , ,-1.300781,-0.650391,-1.625977
25004.000000,1252692.000000,75549924.000000, , , ,-0.650391,-0.325195,-1.625977
25005.000000,1252699.000000,75549924.000000,-0.055100,-0.008700,-0.971500, , , 
25006.000000,1252793.000000,75549924.000000, , , ,-0.975586,-0.325195,-1.625977
25007.000000,1252800.000000,75549924.000000,-0.055100,0.000000,-0.986000, , , 
25008.000000,1252894.000000,75549924.000000, , , ,-0.325195,0.325195,-0.975586
25009.000000,1252899.000000,75549924.000000,-0.055100,-0.014500,-1.006300, , , 
25010.000000,1252995.000000,75549924.000000, , , ,0.325195,0.000000,-1.625977
25011.000000,1253000.000000,75549924.000000,-0.052200,0.002900,-1.012100, , , 
25012.000000,1253096.000000,75549924.000000, , , ,0.325195,0.000000,-1.625977
25013.000000,1253099.000000,75549924.000000,-0.040600,0.002900,-0.986000, , , 
25014.000000,1253197.000000,75549924.000000, , , ,0.975586,-0.325195,-1.625977
25015.000000,1253200.000000,75549924.000000,-0.052200,-0.011600,-0.986000, , , 
25016.000000,1253298.000000,75549924.000000, , , ,0.325195,0.000000,-0.975586
25017.000000,1253299.000000,75549924.000000,-0.052200,-0.011600,-0.977300, , , 
25018.000000,1253399.000000,75549924.000000, , , ,0.000000,-0.325195,-0.975586
25019.000000,1253400.000000,75549924.000000,-0.055100,-0.014500,-0.974400, , , 
25020.000000,1253499.000000,75549924.000000,-0.063800,0.020300,-0.971500, , , 
25021.000000,1253500.000000,75549924.000000, , , ,0.325195,-0.325195,-1.300781
25022.000000,1253600.000000,75549924.000000,-0.060900,-0.005800,-0.968600, , , 
25023.000000,1253601.000000,75549924.000000, , , ,-0.325195,-0.975586,-0.650391
25024.000000,1253692.000000,75549924.000000, , , ,0.000000,0.000000,-0.975586
25025.000000,1253699.000000,75549924.000000,-0.069600,-0.031900,-0.980200, , , 
25026.000000,1253793.000000,75549924.000000, , , ,-1.625977,1.300781,-0.650391
25027.000000,1253800.000000,75549924.000000,-0.052200,-0.011600,-1.049800, , , 
25028.000000,1253894.000000,75549924.000000, , , ,-1.951172,0.000000,-0.325195
25029.000000,1253899.000000,75549924.000000,-0.043500,0.005800,-1.035300, , , 
25030.000000,1253995.000000,75549924.000000, , , ,-1.300781,0.000000,-0.325195
25031.000000,1254000.000000,75549924.000000,-0.043500,0.002900,-0.986000, , , 
25032.000000,1254096.000000,75549924.000000, , , ,-0.975586,-0.325195,-0.975586
25033.000000,1254099.000000,75549924.000000,-0.046400,0.014500,-0.965700, , , 
25034.000000,1254197.000000,75549924.000000, , , ,-0.650391,-0.325195,-0.975586
25035.000000,1254200.000000,75549924.000000,-0.055100,0.011600,-0.968600, , , 
25036.000000,1254298.000000,75549924.000000, , , ,0.000000,0.325195,-0.650391
25037.000000,1254299.000000,75549924.000000,-0.060900,0.000000,-1.000500, , , 
25038.000000,1254399.000000,75549924.000000, , , ,-0.325195,-0.650391,-1.300781
25039.000000,1254400.000000,75549924.000000,-0.011600,0.000000,-0.948300, , , 
25040.000000,1254499.000000,75549924.000000,-0.058000,0.000000,-0.939600, , , 
25041.000000,1254500.000000,75549924.000000, , , ,-0.975586,-1.625977,-0.975586
25042.000000,1254600.000000,75549924.000000,-0.075400,0.000000,-0.974400, , , 
25043.000000,1254601.000000,75549924.000000, , , ,-0.975586,0.000000,-0.975586
25044.000000,1254692.000000,75549924.000000, , , ,-0.975586,0.000000,-0.975586
25045.000000,1254699.000000,75549924.000000,-0.046400,0.005800,-1.015000, , , 
25046.000000,1254793.000000,75549924.000000, , , ,0.000000,0.000000,-1.625977
25047.000000,1254800.000000,75549924.000000,-0.049300,0.011600,-1.020800, , , 
25048.000000,1254894.000000,75549924.000000, , , ,0.650391,0.000000,-1.300781
25049.000000,1254899.000000,75549924.000000,-0.037700,0.005800,-0.986000, , , 
25050.000000,1254995.000000,75549924.000000, , , ,0.000000,-0.650391,-1.300781
25051.000000,1255000.000000,75549924.000000,-0.052200,-0.014500,-0.983100, , , 
25052.000000,1255096.000000,75549924.000000, , , ,0.000000,0.000000,-1.300781
25053.000000,1255099.000000,75549924.000000,-0.049300,-0.017400,-0.977300, , , 
25054.000000,1255197.000000,75549924.000000, , , ,0.000000,0.000000,-0.975586
25055.000000,1255200.000000,75549924.000000,-0.037700,-0.020300,-0.980200, , , 
25056.000000,1255298.000000,75549924.000000, , , ,0.000000,-0.325195,-1.300781
25057.000000,1255299.000000,75549924.000000,-0.046400,-0.023200,-0.962800, , , 
25058.000000,1255399.000000,75549924.000000, , , ,0.000000,0.000000,-1.625977
25059.000000,1255400.000000,75549924.000000,-0.055100,-0.026100,-0.980200, , , 
25060.000000,1255499.000000,75549924.000000,-0.043500,-0.043500,-0.983100, , , 
25061.000000,1255500.000000,75549924.000000, , , ,0.000000,0.000000,-1.625977
25062.000000,1255600.000000,75549924.000000,-0.043500,-0.055100,-0.977300, , , 
25063.000000,1255601.000000,75549924.000000, , , ,-0.975586,-0.650391,-1.951172
25064.000000,1255692.000000,75549924.000000, , , ,-0.650391,0.000000,-2.276367
25065.000000,1255699.000000,75549924.000000,-0.058000,-0.052200,-0.983100, , , 
25066.000000,1255793.000000,75549924.000000, , , ,-0.325195,0.000000,-1.625977
25067.000000,1255800.000000,75549924.000000,-0.049300,-0.075400,-0.983100, , , 
25068.000000,1255894.000000,75549924.000000, , , ,-0.975586,-0.975586,-2.601563
25069.000000,1255899.000000,75549924.000000,-0.031900,-0.058000,-0.959900, , , 
25070.000000,1255995.000000,75549924.000000, , , ,-1.625977,-0.325195,-2.276367
25071.000000,1256000.000000,75549924.000000,-0.066700,-0.066700,-0.994700, , , 
25072.000000,1256096.000000,75549924.000000, , , ,-1.300781,0.000000,-2.276367
25073.000000,1256099.000000,75549924.000000,-0.058000,-0.069600,-1.020800, , , 
25074.000000,1256197.000000,75549924.000000, , , ,-1.625977,0.650391,-2.601563
25075.000000,1256200.000000,75549924.000000,-0.052200,-0.049300,-1.032400, , , 
25076.000000,1256298.000000,75549924.000000, , , ,-1.300781,0.325195,-2.276367
25077.000000,1256299.000000,75549924.000000,-0.043500,-0.063800,-0.994700, , , 
25078.000000,1256399.000000,75549924.000000, , , ,-0.975586,-1.300781,-2.276367
25079.000000,1256400.000000,75549924.000000,-0.011600,-0.034800,-0.942500, , , 
25080.000000,1256499.000000,75549924.000000,-0.060900,-0.055100,-0.922200, , , 
25081.000000,1256500.000000,75549924.000000, , , ,-1.300781,-0.975586,-2.276367
25082.000000,1256600.000000,75549924.000000,-0.060900,-0.060900,-0.974400, , , 
25083.000000,1256601.000000,75549924.000000, , , ,-0.975586,0.000000,-2.276367
25084.000000,1256692.000000,75549924.000000, , , ,-1.625977,0.000000,-2.276367
25085.000000,1256699.000000,75549924.000000,-0.040600,-0.031900,-0.977300, , , 
25086.000000,1256793.000000,75549924.000000, , , ,-0.650391,-0.325195,-1.951172
25087.000000,1256800.000000,75549924.000000,-0.052200,-0.014500,-0.983100, , , 
25088.000000,1256894.000000,75549924.000000, , , ,0.000000,-0.650391,-1.951172
25089.000000,1256899.000000,75549924.000000,-0.040600,0.000000,-0.980200, , , 
25090.000000,1256995.000000,75549924.000000, , , ,0.000000,0.000000,-0.975586
25091.000000,1257000.000000,75549924.000000,-0.060900,0.008700,-0.988900, , , 
25092.000000,1257096.000000,75549924.000000, , , ,0.000000,0.325195,-0.975586
25093.000000,1257099.000000,75549924.000000,-0.049300,0.011600,-1.000500, , , 
25094.000000,1257197.000000,75549924.000000, , , ,-0.650391,-0.325195,-0.975586
25095.000000,1257200.000000,75549924.000000,-0.031900,-0.002900,-0.986000, , , 
25096.000000,1257298.000000,75549924.000000, , , ,0.000000,-0.975586,-0.650391
25097.000000,1257299.000000,75549924.000000,-0.052200,0.014500,-0.959900, , , 
25098.000000,1257399.000000,75549924.000000, , , ,-0.975586,0.000000,-0.650391
25099.000000,1257400.000000,75549924.000000,-0.049300,0.017400,-0.983100, , , 
25100.000000,1257499.000000,75549924.000000,-0.049300,0.040600,-0.994700, , , 
25101.000000,1257500.000000,75549924.000000, , , ,0.000000,0.000000,-0.975586
25102.000000,1257600.000000,75549924.000000,-0.052200,0.029000,-1.003400, , , 
25103.000000,1257601.000000,75549924.000000, , , ,0.650391,0.650391,-0.650391
25104.000000,1257692.000000,75549924.000000, , , ,0.650391,0.000000,-0.975586
25105.000000,1257699.000000,75549924.000000,-0.034800,0.017400,-1.000500, , , 
25106.000000,1257793.000000,75549924.000000, , , ,0.650391,-0.650391,-0.975586
25107.000000,1257800.000000,75549924.000000,-0.037700,0.000000,-0.959900, , , 
25108.000000,1257894.000000,75549924.000000, , , ,0.000000,-0.650391,-0.975586
25109.000000,1257899.000000,75549924.000000,-0.049300,0.002900,-0.965700, , , 
25110.000000,1257995.000000,75549924.000000, , , ,-0.650391,0.650391,-0.650391
25111.000000,1258000.000000,75549924.000000,-0.034800,-0.026100,-1.009200, , , 
25112.000000,1258096.000000,75549924.000000, , , ,-0.975586,0.975586,-0.650391
25113.000000,1258099.000000,75549924.000000,-0.011600,0.017400,-1.020800, , , 
25114.000000,1258197.000000,75549924.000000, , , ,-1.300781,0.000000,-0.325195
25115.000000,1258200.000000,75549924.000000,-0.014500,0.017400,-0.997600, , , 
25116.000000,1258298.000000,75549924.000000, , , ,0.000000,-0.325195,-0.975586
25117.000000,1258301.000000,75549924.000000,-0.005800,0.014500,-0.959900, , , 
25118.000000,1258398.000000,75549924.000000, , , ,0.000000,0.000000,-1.300781
25119.000000,1258399.000000,75549924.000000,-0.017400,-0.002900,-0.971500, , , 
25120.000000,1258499.000000,75549924.000000, , , ,-0.325195,0.000000,-0.975586
25121.000000,1258500.000000,75549924.000000,-0.008700,-0.017400,-0.991800, , , 
25122.000000,1258599.000000,75549924.000000,-0.011600,-0.023200,-0.994700, , , 
25123.000000,1258600.000000,75549924.000000, , , ,-0.650391,-0.325195,-0.650391
25124.000000,1258700.000000,75549924.000000,-0.014500,-0.020300,-1.017900, , , 
25125.000000,1258701.000000,75549924.000000, , , ,-1.300781,0.650391,-1.300781
25126.000000,1258792.000000,75549924.000000, , , ,-1.300781,0.650391,-0.975586
25127.000000,1258799.000000,75549924.000000,-0.023200,-0.014500,-1.046900, , , 
25128.000000,1258893.000000,75549924.000000, , , ,-0.975586,0.650391,-1.625977
25129.000000,1258900.000000,75549924.000000,0.005800,-0.023200,-0.997600, , , 
25130.000000,1258994.000000,75549924.000000, , , ,-0.975586,-0.325195,-1.300781
25131.000000,1258999.000000,75549924.000000,-0.014500,-0.023200,-0.994700, , , 
25132.000000,1259095.000000,75549924.000000, , , ,-0.650391,0.650391,-1.951172
25133.000000,1259100.000000,75549924.000000,-0.017400,-0.034800,-1.020800, , , 
25134.000000,1259196.000000,75549924.000000, , , ,-0.975586,0.650391,-1.625977
25135.000000,1259199.000000,75549924.000000,0.000000,-0.023200,-1.000500, , , 
25136.000000,1259297.000000,75549924.000000, , , ,-1.625977,0.000000,-0.650391
25137.000000,1259300.000000,75549924.000000,-0.011600,-0.020300,-1.003400, , , 
25138.000000,1259398.000000,75549924.000000, , , ,-1.300781,0.650391,-1.625977
25139.000000,1259399.000000,75549924.000000,-0.011600,-0.023200,-1.012100, , , 
25140.000000,1259499.000000,75549924.000000, , , ,-1.300781,0.650391,-2.276367
25141.000000,1259500.000000,75549924.000000,-0.017400,-0.011600,-1.017900, , , 
25142.000000,1259599.000000,75549924.000000,-0.008700,-0.029000,-1.035300, , , 
25143.000000,1259600.000000,75549924.000000, , , ,-1.300781,0.975586,-1.951172
25144.000000,1259700.000000,75549924.000000,0.008700,-0.040600,-0.997600, , , 
25145.000000,1259701.000000,75549924.000000, , , ,-1.625977,0.650391,-2.276367
25146.000000,1259792.000000,75549924.000000, , , ,-1.951172,-0.650391,-0.975586
25147.000000,1259799.000000,75549924.000000,0.008700,-0.031900,-0.962800, , , 
25148.000000,1259893.000000,75549924.000000, , , ,-1.625977,-0.325195,-1.951172
25149.000000,1259900.000000,75549924.000000,-0.011600,-0.014500,-0.968600, , , 
25150.000000,1259994.000000,75549924.000000, , , ,-1.300781,0.000000,-1.951172
25151.000000,1259999.000000,75549924.000000,-0.023200,-0.005800,-1.012100, , , 
25152.000000,1260095.000000,75549924.000000, , , ,0.000000,0.650391,-1.951172
25153.000000,1260100.000000,75549924.000000,0.005800,0.000000,-0.994700, , , 
25154.000000,1260196.000000,75549924.000000, , , ,0.975586,-0.325195,-2.276367
25155.000000,1260199.000000,75549924.000000,0.002900,-0.020300,-0.983100, , , 
25156.000000,1260297.000000,75549924.000000, , , ,0.975586,-0.325195,-2.276367
25157.000000,1260300.000000,75549924.000000,-0.002900,-0.031900,-0.954100, , , 
25158.000000,1260398.000000,75549924.000000, , , ,0.000000,0.000000,-2.276367
25159.000000,1260399.000000,75549924.000000,-0.005800,-0.049300,-0.977300, , , 
25160.000000,1260499.000000,75549924.000000, , , ,0.000000,0.000000,-2.276367
25161.000000,1260500.000000,75549924.000000,-0.008700,-0.031900,-1.009200, , , 
25162.000000,1260599.000000,75549924.000000,-0.008700,-0.043500,-1.020800, , , 
25163.000000,1260600.000000,75549924.000000, , , ,-0.650391,0.325195,-1.951172
25164.000000,1260700.000000,75549924.000000,0.000000,-0.029000,-1.017900, , , 
25165.000000,1260701.000000,75549924.000000, , , ,0.000000,0.325195,-1.625977
25166.000000,1260792.000000,75549924.000000, , , ,-0.975586,0.325195,-1.625977
25167.000000,1260799.000000,75549924.000000,-0.005800,-0.020300,-1.012100, , , 
25168.000000,1260893.000000,75549924.000000, , , ,-1.300781,0.650391,-1.300781
25169.000000,1260900.000000,75549924.000000,0.002900,-0.014500,-1.006300, , , 
25170.000000,1260994.000000,75549924.000000, , , ,-1.625977,0.000000,-0.325195
25171.000000,1260999.000000,75549924.000000,0.002900,0.002900,-1.000500, , , 
25172.000000,1261095.000000,75549924.000000, , , ,-1.300781,0.000000,-0.975586
25173.000000,1261100.000000,75549924.000000,0.017400,0.008700,-0.980200, , , 
25174.000000,1261196.000000,75549924.000000, , , ,-0.650391,-0.325195,-0.975586
25175.000000,1261199.000000,75549924.000000,0.034800,0.023200,-0.957000, , , 
25176.000000,1261297.000000,75549924.000000, , , ,-0.650391,-1.625977,-0.975586
25177.000000,1261300.000000,75549924.000000,0.017400,0.005800,-0.936700, , , 
25178.000000,1261398.000000,75549924.000000, , , ,-0.975586,-0.325195,-0.975586
25179.000000,1261399.000000,75549924.000000,-0.002900,0.005800,-0.974400, , , 
25180.000000,1261499.000000,75549924.000000, , , ,-1.300781,0.325195,-0.650391
25181.000000,1261500.000000,75549924.000000,0.008700,-0.002900,-1.020800, , , 
25182.000000,1261599.000000,75549924.000000,0.017400,0.046400,-1.012100, , , 
25183.000000,1261600.000000,75549924.000000, , , ,-0.975586,0.325195,-0.975586
25184.000000,1261700.000000,75549924.000000,0.020300,0.023200,-1.003400, , , 
25185.000000,1261701.000000,75549924.000000, , , ,0.000000,0.000000,-0.975586
25186.000000,1261792.000000,75549924.000000, , , ,0.325195,-0.975586,-1.300781
25187.000000,1261799.000000,75549924.000000,0.017400,0.011600,-0.965700, , , 
25188.000000,1261893.000000,75549924.000000, , , ,0.000000,0.000000,-1.300781
25189.000000,1261900.000000,75549924.000000,0.000000,0.005800,-0.980200, , , 
25190.000000,1261994.000000,75549924.000000, , , ,0.000000,0.325195,-0.975586
25191.000000,1261999.000000,75549924.000000,0.011600,-0.020300,-1.012100, , , 
25192.000000,1262095.000000,75549924.000000, , , ,-0.650391,0.325195,-0.650391
25193.000000,1262100.000000,75549924.000000,0.014500,0.000000,-1.032400, , , 
25194.000000,1262196.000000,75549924.000000, , , ,0.000000,0.000000,-1.300781
25195.000000,1262199.000000,75549924.000000,0.026100,0.005800,-0.991800, , , 
25196.000000,1262297.000000,75549924.000000, , , ,0.325195,-0.650391,-0.975586
25197.000000,1262300.000000,75549924.000000,0.029000,0.014500,-0.974400, , , 
25198.000000,1262398.000000,75549924.000000, , , ,0.325195,-0.325195,-1.300781
25199.000000,1262399.000000,75549924.000000,0.011600,0.005800,-0.962800, , , 
25200.000000,1262499.000000,75549924.000000, , , ,0.975586,0.000000,-1.300781
25201.000000,1262500.000000,75549924.000000,0.011600,0.017400,-0.968600, , , 
25202.000000,1262599.000000,75549924.000000,0.029000,-0.023200,-0.974400, , , 
25203.000000,1262600.000000,75549924.000000, , , ,0.325195,-0.650391,-0.975586
25204.000000,1262700.000000,75549924.000000,0.002900,-0.037700,-0.968600, , , 
25205.000000,1262701.000000,75549924.000000, , , ,0.325195,0.000000,-1.300781
25206.000000,1262792.000000,75549924.000000, , , ,-1.951172,0.000000,-0.975586
25207.000000,1262799.000000,75549924.000000,0.017400,-0.043500,-0.991800, , , 
25208.000000,1262893.000000,75549924.000000, , , ,-1.951172,0.325195,-0.975586
25209.000000,1262900.000000,75549924.000000,0.000000,-0.014500,-1.038200, , , 
25210.000000,1262994.000000,75549924.000000, , , ,-1.300781,0.975586,-0.975586
25211.000000,1262999.000000,75549924.000000,0.043500,0.058000,-1.003400, , , 
25212.000000,1263095.000000,75549924.000000, , , ,1.951172,0.000000,-1.625977
25213.000000,1263100.000000,75549924.000000,-0.008700,0.017400,-1.055600, , , 
25214.000000,1263196.000000,75549924.000000, , , ,3.577148,2.601563,-1.951172
25215.000000,1263199.000000,75549924.000000,-0.023200,-0.026100,-1.070100, , , 
25216.000000,1263297.000000,75549924.000000, , , ,0.975586,1.300781,-1.300781
25217.000000,1263300.000000,75549924.000000,0.063800,-0.043500,-1.038200, , , 
25218.000000,1263398.000000,75549924.000000, , , ,0.000000,-1.300781,-0.975586
25219.000000,1263399.000000,75549924.000000,0.023200,-0.049300,-0.954100, , , 
25220.000000,1263499.000000,75549924.000000, , , ,-2.601563,-0.650391,-0.650391
25221.000000,1263500.000000,75549924.000000,0.005800,-0.046400,-0.942500, , , 
25222.000000,1263599.000000,75549924.000000,0.031900,-0.008700,-0.965700, , , 
25223.000000,1263600.000000,75549924.000000, , , ,-2.926758,0.000000,-0.975586
25224.000000,1263700.000000,75549924.000000,0.046400,0.005800,-0.945400, , , 
25225.000000,1263701.000000,75549924.000000, , , ,-1.625977,-0.650391,-1.300781
25226.000000,1263792.000000,75549924.000000, , , ,-0.650391,-1.300781,-0.975586
25227.000000,1263799.000000,75549924.000000,0.008700,0.014500,-0.942500, , , 
25228.000000,1263893.000000,75549924.000000, , , ,0.000000,0.000000,-1.625977
25229.000000,1263900.000000,75549924.000000,0.011600,-0.005800,-0.988900, , , 
25230.000000,1263994.000000,75549924.000000, , , ,0.325195,0.000000,-1.951172
25231.000000,1263999.000000,75549924.000000,0.029000,-0.026100,-0.997600, , , 
25232.000000,1264095.000000,75549924.000000, , , ,0.000000,-1.300781,-1.625977
25233.000000,1264100.000000,75549924.000000,0.049300,-0.031900,-0.945400, , , 
25234.000000,1264196.000000,75549924.000000, , , ,0.000000,-0.975586,-1.951172
25235.000000,1264199.000000,75549924.000000,0.000000,-0.037700,-0.959900, , , 
25236.000000,1264297.000000,75549924.000000, , , ,0.000000,0.325195,-1.625977
25237.000000,1264300.000000,75549924.000000,0.020300,-0.017400,-0.997600, , , 
25238.000000,1264398.000000,75549924.000000, , , ,0.650391,0.000000,-1.625977
25239.000000,1264399.000000,75549924.000000,0.043500,-0.037700,-0.968600, , , 
25240.000000,1264499.000000,75549924.000000, , , ,1.300781,-1.625977,-1.951172
25241.000000,1264500.000000,75549924.000000,0.034800,-0.020300,-0.945400, , , 
25242.000000,1264599.000000,75549924.000000,0.002900,-0.034800,-0.965700, , , 
25243.000000,1264600.000000,75549924.000000, , , ,1.300781,-0.650391,-1.951172
25244.000000,1264700.000000,75549924.000000,0.029000,-0.040600,-0.997600, , , 
25245.000000,1264701.000000,75549924.000000, , , ,1.625977,0.325195,-1.951172
25246.000000,1264792.000000,75549924.000000, , , ,1.300781,-0.325195,-1.300781
25247.000000,1264799.000000,75549924.000000,0.043500,-0.043500,-0.971500, , , 
25248.000000,1264893.000000,75549924.000000, , , ,0.650391,-0.650391,-0.650391
25249.000000,1264900.000000,75549924.000000,0.000000,0.000000,-0.980200, , , 
25250.000000,1264994.000000,75549924.000000, , , ,0.325195,0.650391,-0.325195
25251.000000,1264999.000000,75549924.000000,0.031900,-0.011600,-1.000500, , , 
25252.000000,1265095.000000,75549924.000000, , , ,-1.300781,-0.650391,-0.325195
25253.000000,1265100.000000,75549924.000000,0.029000,-0.002900,-1.015000, , , 
25254.000000,1265196.000000,75549924.000000, , , ,0.000000,0.325195,0.000000
25255.000000,1265199.000000,75549924.000000,0.011600,0.002900,-0.994700, , , 
25256.000000,1265297.000000,75549924.000000, , , ,1.300781,0.000000,0.000000
25257.000000,1265300.000000,75549924.000000,0.029000,0.037700,-0.983100, , , 
25258.000000,1265398.000000,75549924.000000, , , ,1.625977,-0.325195,0.000000
25259.000000,1265399.000000,75549924.000000,0.034800,0.005800,-0.957000, , , 
25260.000000,1265499.000000,75549924.000000, , , ,1.625977,-0.325195,0.000000
25261.000000,1265500.000000,75549924.000000,0.011600,-0.008700,-0.977300, , , 
25262.000000,1265599.000000,75549924.000000,0.031900,0.011600,-0.991800, , , 
25263.000000,1265600.000000,75549924.000000, , , ,0.650391,0.000000,0.650391
25264.000000,1265700.000000,75549924.000000,0.040600,0.000000,-1.003400, , , 
25265.000000,1265701.000000,75549924.000000, , , ,1.300781,0.000000,0.650391
25266.000000,1265792.000000,75549924.000000, , , ,-0.975586,0.325195,0.975586
25267.000000,1265799.000000,75549924.000000,0.026100,0.020300,-0.974400, , , 
25268.000000,1265893.000000,75549924.000000, , , ,-2.601563,0.650391,1.300781
25269.000000,1265900.000000,75549924.000000,0.026100,-0.005800,-1.041100, , , 
25270.000000,1265994.000000,75549924.000000, , , ,-1.625977,0.650391,1.300781
25271.000000,1265999.000000,75549924.000000,0.081200,0.046400,-1.003400, , , 
25272.000000,1266095.000000,75549924.000000, , , ,-0.325195,-1.300781,0.975586
25273.000000,1266100.000000,75549924.000000,0.072500,0.078300,-0.939600, , , 
25274.000000,1266196.000000,75549924.000000, , , ,0.650391,-0.975586,0.650391
25275.000000,1266199.000000,75549924.000000,0.060900,0.049300,-0.933800, , , 
25276.000000,1266297.000000,75549924.000000, , , ,1.300781,-0.325195,0.975586
25277.000000,1266300.000000,75549924.000000,0.031900,0.034800,-0.965700, , , 
25278.000000,1266398.000000,75549924.000000, , , ,0.325195,0.325195,0.975586
25279.000000,1266399.000000,75549924.000000,0.023200,0.017400,-1.015000, , , 
25280.000000,1266499.000000,75549924.000000, , , ,-0.325195,0.000000,0.975586
25281.000000,1266500.000000,75549924.000000,0.040600,0.026100,-1.009200, , , 
25282.000000,1266599.000000,75549924.000000,0.034800,0.037700,-0.977300, , , 
25283.000000,1266600.000000,75549924.000000, , , ,0.325195,-0.650391,0.975586
25284.000000,1266700.000000,75549924.000000,0.023200,0.023200,-0.974400, , , 
25285.000000,1266701.000000,75549924.000000, , , ,0.325195,-0.325195,0.975586
25286.000000,1266792.000000,75549924.000000, , , ,0.650391,0.000000,0.975586
25287.000000,1266799.000000,75549924.000000,0.017400,0.023200,-1.003400, , , 
25288.000000,1266893.000000,75549924.000000, , , ,0.325195,0.325195,0.650391
25289.000000,1266900.000000,75549924.000000,0.037700,0.029000,-0.997600, , , 
25290.000000,1266994.000000,75549924.000000, , , ,0.000000,-0.325195,1.300781
25291.000000,1266999.000000,75549924.000000,0.034800,0.008700,-0.988900, , , 
25292.000000,1267095.000000,75549924.000000, , , ,0.000000,0.000000,0.975586
25293.000000,1267100.000000,75549924.000000,0.017400,0.017400,-0.965700, , , 
25294.000000,1267196.000000,75549924.000000, , , ,0.000000,-0.325195,0.650391
25295.000000,1267199.000000,75549924.000000,0.029000,0.008700,-0.980200, , , 
25296.000000,1267297.000000,75549924.000000, , , ,-0.325195,0.000000,0.650391
25297.000000,1267300.000000,75549924.000000,0.026100,0.011600,-0.977300, , , 
25298.000000,1267398.000000,75549924.000000, , , ,-0.325195,-0.325195,0.650391
25299.000000,1267399.000000,75549924.000000,0.034800,0.005800,-0.971500, , , 
25300.000000,1267499.000000,75549924.000000, , , ,0.000000,-0.325195,1.300781
25301.000000,1267500.000000,75549924.000000,0.034800,0.043500,-0.980200, , , 
25302.000000,1267599.000000,75549924.000000, , , ,0.975586,0.650391,0.975586
25303.000000,1267600.000000,75549924.000000,0.017400,0.052200,-1.035300, , , 
25304.000000,1267699.000000,75549924.000000,0.066700,0.008700,-1.020800, , , 
25305.000000,1267700.000000,75549924.000000, , , ,0.325195,1.300781,0.975586
25306.000000,1267800.000000,75549924.000000,0.063800,0.005800,-1.009200, , , 
25307.000000,1267801.000000,75549924.000000, , , ,0.000000,-0.325195,0.975586
25308.000000,1267892.000000,75549924.000000, , , ,-0.975586,0.325195,0.975586
25309.000000,1267899.000000,75549924.000000,0.037700,-0.008700,-1.000500, , , 
25310.000000,1267993.000000,75549924.000000, , , ,-0.975586,0.650391,0.975586
25311.000000,1268000.000000,75549924.000000,0.017400,-0.014500,-1.046900, , , 
25312.000000,1268094.000000,75549924.000000, , , ,-1.625977,0.975586,0.975586
25313.000000,1268099.000000,75549924.000000,0.037700,0.011600,-1.029500, , , 
25314.000000,1268195.000000,75549924.000000, , , ,-1.300781,-0.325195,1.300781
25315.000000,1268200.000000,75549924.000000,0.040600,0.029000,-0.962800, , , 
25316.000000,1268296.000000,75549924.000000, , , ,-1.300781,-1.625977,1.300781
25317.000000,1268299.000000,75549924.000000,0.029000,0.020300,-0.930900, , , 
25318.000000,1268397.000000,75549924.000000, , , ,-1.300781,-0.325195,1.300781
25319.000000,1268400.000000,75549924.000000,0.000000,0.026100,-0.959900, , , 
25320.000000,1268498.000000,75549924.000000, , , ,-0.975586,0.325195,0.975586
25321.000000,1268499.000000,75549924.000000,0.037700,0.037700,-0.988900, , , 
25322.000000,1268599.000000,75549924.000000, , , ,0.000000,-0.325195,1.300781
25323.000000,1268600.000000,75549924.000000,0.069600,0.049300,-0.968600, , , 
25324.000000,1268699.000000,75549924.000000,0.049300,0.092800,-0.919300, , , 
25325.000000,1268700.000000,75549924.000000, , , ,3.251953,-1.300781,1.300781
25326.000000,1268800.000000,75549924.000000,0.011600,0.002900,-0.983100, , , 
25327.000000,1268801.000000,75549924.000000, , , ,0.000000,0.000000,1.300781
25328.000000,1268892.000000,75549924.000000, , , ,-2.926758,0.975586,1.300781
25329.000000,1268899.000000,75549924.000000,0.084100,-0.026100,-1.000500, , , 
25330.000000,1268993.000000,75549924.000000, , , ,-3.251953,-0.975586,1.951172
25331.000000,1269000.000000,75549924.000000,0.058000,0.060900,-0.974400, , , 
25332.000000,1269094.000000,75549924.000000, , , ,-0.325195,-0.650391,1.625977
25333.000000,1269099.000000,75549924.000000,0.058000,0.084100,-0.951200, , , 
25334.000000,1269195.000000,75549924.000000, , , ,0.975586,0.000000,1.300781
25335.000000,1269200.000000,75549924.000000,0.020300,0.060900,-0.980200, , , 
25336.000000,1269296.000000,75549924.000000, , , ,1.625977,0.975586,0.650391
25337.000000,1269299.000000,75549924.000000,0.055100,0.014500,-1.029500, , , 
25338.000000,1269397.000000,75549924.000000, , , ,0.000000,0.000000,0.975586
25339.000000,1269400.000000,75549924.000000,0.058000,-0.005800,-1.038200, , , 
25340.000000,1269498.000000,75549924.000000, , , ,0.000000,0.650391,0.650391
25341.000000,1269499.000000,75549924.000000,0.055100,-0.002900,-1.015000, , , 
25342.000000,1269599.000000,75549924.000000, , , ,0.000000,-0.325195,0.975586
25343.000000,1269600.000000,75549924.000000,0.069600,0.008700,-0.962800, , , 
25344.000000,1269699.000000,75549924.000000,0.043500,-0.008700,-0.974400, , , 
25345.000000,1269700.000000,75549924.000000, , , ,-0.325195,-0.650391,0.650391
25346.000000,1269800.000000,75549924.000000,0.060900,0.002900,-0.977300, , , 
25347.000000,1269801.000000,75549924.000000, , , ,0.000000,0.000000,0.650391
25348.000000,1269892.000000,75549924.000000, , , ,0.325195,-0.650391,0.975586
25349.000000,1269899.000000,75549924.000000,0.089900,0.005800,-0.959900, , , 
25350.000000,1269993.000000,75549924.000000, , , ,-0.975586,-0.975586,0.650391
25351.000000,1270000.000000,75549924.000000,0.029000,-0.014500,-0.974400, , , 
25352.000000,1270094.000000,75549924.000000, , , ,-1.300781,1.300781,1.300781
25353.000000,1270099.000000,75549924.000000,0.031900,-0.008700,-1.012100, , , 
25354.000000,1270195.000000,75549924.000000, , , ,-0.975586,0.650391,1.625977
25355.000000,1270200.000000,75549924.000000,0.072500,0.011600,-1.023700, , , 
25356.000000,1270296.000000,75549924.000000, , , ,-1.625977,-1.625977,1.625977
25357.000000,1270299.000000,75549924.000000,0.066700,0.029000,-0.983100, , , 
25358.000000,1270397.000000,75549924.000000, , , ,-1.300781,-0.325195,1.625977
25359.000000,1270400.000000,75549924.000000,0.008700,0.034800,-0.974400, , , 
25360.000000,1270498.000000,75549924.000000, , , ,-0.325195,0.325195,1.951172
25361.000000,1270499.000000,75549924.000000,0.052200,0.063800,-0.991800, , , 
25362.000000,1270599.000000,75549924.000000, , , ,0.000000,-0.975586,1.625977
25363.000000,1270600.000000,75549924.000000,0.055100,0.072500,-0.957000, , , 
25364.000000,1270699.000000,75549924.000000,0.031900,0.031900,-0.945400, , , 
25365.000000,1270700.000000,75549924.000000, , , ,-0.650391,-0.650391,1.951172
25366.000000,1270800.000000,75549924.000000,0.026100,0.052200,-0.980200, , , 
25367.000000,1270801.000000,75549924.000000, , , ,-1.300781,0.000000,2.276367
25368.000000,1270892.000000,75549924.000000, , , ,-0.975586,0.000000,2.276367
25369.000000,1270899.000000,75549924.000000,0.037700,0.055100,-1.023700, , , 
25370.000000,1270993.000000,75549924.000000, , , ,-0.650391,0.000000,1.951172
25371.000000,1271000.000000,75549924.000000,0.058000,0.072500,-0.986000, , , 
25372.000000,1271094.000000,75549924.000000, , , ,-0.650391,0.000000,1.951172
25373.000000,1271099.000000,75549924.000000,0.043500,0.040600,-0.986000, , , 
25374.000000,1271195.000000,75549924.000000, , , ,0.000000,0.000000,1.951172
25375.000000,1271200.000000,75549924.000000,0.052200,0.055100,-0.974400, , , 
25376.000000,1271296.000000,75549924.000000, , , ,0.650391,-0.975586,0.975586
25377.000000,1271301.000000,75549924.000000,0.060900,0.049300,-0.954100, , , 
25378.000000,1271396.000000,75549924.000000, , , ,0.975586,-0.975586,0.975586
25379.000000,1271399.000000,75549924.000000,0.060900,0.040600,-0.936700, , , 
25380.000000,1271497.000000,75549924.000000, , , ,1.300781,-0.325195,0.975586
25381.000000,1271500.000000,75549924.000000,0.031900,0.014500,-0.968600, , , 
25382.000000,1271598.000000,75549924.000000, , , ,0.975586,0.000000,0.975586
25383.000000,1271599.000000,75549924.000000,0.031900,0.023200,-1.000500, , , 
25384.000000,1271699.000000,75549924.000000, , , ,-0.325195,0.000000,1.300781
25385.000000,1271700.000000,75549924.000000,0.037700,0.005800,-1.003400, , , 
25386.000000,1271799.000000,75549924.000000,0.043500,-0.005800,-0.983100, , , 
25387.000000,1271800.000000,75549924.000000, , , ,0.000000,-0.325195,1.300781
25388.000000,1271900.000000,75549924.000000,0.011600,0.023200,-0.957000, , , 
25389.000000,1271901.000000,75549924.000000, , , ,2.601563,-0.325195,1.300781
25390.000000,1271992.000000,75549924.000000, , , ,-0.325195,0.000000,1.300781
25391.000000,1271999.000000,75549924.000000,0.008700,-0.002900,-0.986000, , , 
25392.000000,1272093.000000,75549924.000000, , , ,-2.601563,0.650391,2.926758
25393.000000,1272100.000000,75549924.000000,0.023200,-0.029000,-1.020800, , , 
25394.000000,1272194.000000,75549924.000000, , , ,-1.951172,-0.975586,1.951172
25395.000000,1272199.000000,75549924.000000,0.023200,0.060900,-0.959900, , , 
25396.000000,1272295.000000,75549924.000000, , , ,-0.650391,-0.325195,2.276367
25397.000000,1272300.000000,75549924.000000,0.000000,0.069600,-0.962800, , , 
25398.000000,1272396.000000,75549924.000000, , , ,0.000000,0.325195,1.300781
25399.000000,1272399.000000,75549924.000000,0.026100,0.043500,-1.000500, , , 
25400.000000,1272497.000000,75549924.000000, , , ,-0.325195,0.000000,1.625977
25401.000000,1272500.000000,75549924.000000,0.023200,0.017400,-1.020800, , , 
25402.000000,1272598.000000,75549924.000000, , , ,-1.625977,-0.325195,0.975586
25403.000000,1272599.000000,75549924.000000,0.002900,-0.005800,-0.991800, , , 
25404.000000,1272699.000000,75549924.000000, , , ,-1.300781,0.325195,1.951172
25405.000000,1272700.000000,75549924.000000,0.020300,0.017400,-0.988900, , , 
25406.000000,1272799.000000,75549924.000000,0.040600,0.049300,-0.997600, , , 
25407.000000,1272800.000000,75549924.000000, , , ,-1.300781,0.325195,1.951172
25408.000000,1272900.000000,75549924.000000,0.011600,0.046400,-0.954100, , , 
25409.000000,1272901.000000,75549924.000000, , , ,-0.325195,-1.951172,1.300781
25410.000000,1272992.000000,75549924.000000, , , ,0.000000,0.000000,1.625977
25411.000000,1272999.000000,75549924.000000,0.020300,0.017400,-0.951200, , , 
25412.000000,1273093.000000,75549924.000000, , , ,-0.650391,-0.325195,1.300781
25413.000000,1273100.000000,75549924.000000,0.000000,0.002900,-1.012100, , , 
25414.000000,1273194.000000,75549924.000000, , , ,-1.625977,0.000000,1.625977
25415.000000,1273199.000000,75549924.000000,-0.029000,0.014500,-1.006300, , , 
25416.000000,1273295.000000,75549924.000000, , , ,-2.276367,0.000000,1.300781
25417.000000,1273300.000000,75549924.000000,0.002900,0.020300,-0.986000, , , 
25418.000000,1273396.000000,75549924.000000, , , ,-1.625977,-0.975586,1.625977
25419.000000,1273399.000000,75549924.000000,-0.020300,0.040600,-0.971500, , , 
25420.000000,1273497.000000,75549924.000000, , , ,-1.300781,-0.650391,1.625977
25421.000000,1273500.000000,75549924.000000,-0.026100,0.046400,-0.965700, , , 
25422.000000,1273598.000000,75549924.000000, , , ,0.000000,-0.325195,1.625977
25423.000000,1273599.000000,75549924.000000,-0.023200,0.060900,-0.951200, , , 
25424.000000,1273699.000000,75549924.000000, , , ,0.325195,-0.975586,1.300781
25425.000000,1273700.000000,75549924.000000,-0.031900,0.031900,-0.962800, , , 
25426.000000,1273799.000000,75549924.000000,-0.060900,0.014500,-1.000500, , , 
25427.000000,1273800.000000,75549924.000000, , , ,0.325195,0.000000,1.300781
25428.000000,1273900.000000,75549924.000000,-0.029000,0.020300,-1.003400, , , 
25429.000000,1273901.000000,75549924.000000, , , ,-0.975586,0.000000,1.625977
25430.000000,1273992.000000,75549924.000000, , , ,-0.650391,-0.975586,1.300781
25431.000000,1273999.000000,75549924.000000,-0.017400,0.066700,-0.930900, , , 
25432.000000,1274093.000000,75549924.000000, , , ,0.650391,-1.951172,1.300781
25433.000000,1274100.000000,75549924.000000,-0.043500,0.029000,-0.922200, , , 
25434.000000,1274194.000000,75549924.000000, , , ,1.300781,-0.650391,0.975586
25435.000000,1274199.000000,75549924.000000,-0.060900,0.029000,-0.957000, , , 
25436.000000,1274295.000000,75549924.000000, , , ,1.625977,0.000000,0.975586
25437.000000,1274300.000000,75549924.000000,-0.037700,0.034800,-0.983100, , , 
25438.000000,1274396.000000,75549924.000000, , , ,1.625977,0.000000,0.975586
25439.000000,1274399.000000,75549924.000000,-0.014500,0.000000,-1.000500, , , 
25440.000000,1274497.000000,75549924.000000, , , ,3.902344,-0.325195,0.650391
25441.000000,1274500.000000,75549924.000000,0.000000,0.046400,-0.971500, , , 
25442.000000,1274598.000000,75549924.000000, , , ,0.650391,1.300781,1.300781
25443.000000,1274599.000000,75549924.000000,-0.046400,-0.037700,-1.029500, , , 
25444.000000,1274699.000000,75549924.000000, , , ,-2.926758,1.951172,1.625977
25445.000000,1274700.000000,75549924.000000,0.000000,-0.089900,-1.104900, , , 
25446.000000,1274799.000000,75549924.000000,0.005800,-0.031900,-1.044000, , , 
25447.000000,1274800.000000,75549924.000000, , , ,-4.552734,1.625977,2.276367
25448.000000,1274900.000000,75549924.000000,0.031900,0.023200,-0.962800, , , 
25449.000000,1274901.000000,75549924.000000, , , ,-3.251953,-0.325195,1.625977
25450.000000,1274992.000000,75549924.000000, , , ,-1.951172,-1.300781,0.975586
25451.000000,1274999.000000,75549924.000000,0.020300,0.046400,-0.913500, , , 
25452.000000,1275093.000000,75549924.000000, , , ,0.000000,-1.300781,0.650391
25453.000000,1275100.000000,75549924.000000,0.011600,0.017400,-0.913500, , , 
25454.000000,1275194.000000,75549924.000000, , , ,0.325195,-0.650391,0.650391
25455.000000,1275199.000000,75549924.000000,-0.011600,0.008700,-0.980200, , , 
25456.000000,1275295.000000,75549924.000000, , , ,-0.325195,0.975586,0.650391
25457.000000,1275300.000000,75549924.000000,0.000000,-0.049300,-1.026600, , , 
25458.000000,1275396.000000,75549924.000000, , , ,-1.625977,0.325195,0.650391
25459.000000,1275399.000000,75549924.000000,0.014500,-0.034800,-1.035300, , , 
25460.000000,1275497.000000,75549924.000000, , , ,-1.300781,0.000000,0.975586
25461.000000,1275500.000000,75549924.000000,0.008700,0.014500,-0.986000, , , 
25462.000000,1275598.000000,75549924.000000, , , ,0.000000,-0.650391,0.650391
25463.000000,1275599.000000,75549924.000000,0.026100,0.002900,-0.954100, , , 
25464.000000,1275699.000000,75549924.000000, , , ,0.325195,-0.325195,0.000000
25465.000000,1275700.000000,75549924.000000,0.002900,-0.023200,-0.965700, , , 
25466.000000,1275799.000000,75549924.000000,0.014500,-0.017400,-0.974400, , , 
25467.000000,1275800.000000,75549924.000000, , , ,0.000000,0.000000,0.325195
25468.000000,1275900.000000,75549924.000000,0.000000,-0.046400,-1.009200, , , 
25469.000000,1275901.000000,75549924.000000, , , ,-0.650391,0.000000,0.650391
25470.000000,1275992.000000,75549924.000000, , , ,-1.625977,0.975586,0.650391
25471.000000,1275999.000000,75549924.000000,0.002900,-0.055100,-1.020800, , , 
25472.000000,1276093.000000,75549924.000000, , , ,-2.601563,0.000000,0.975586
25473.000000,1276100.000000,75549924.000000,0.034800,-0.008700,-1.012100, , , 
25474.000000,1276194.000000,75549924.000000, , , ,-0.325195,-0.325195,0.975586
25475.000000,1276199.000000,75549924.000000,0.020300,0.011600,-0.971500, , , 
25476.000000,1276295.000000,75549924.000000, , , ,0.325195,-0.325195,0.000000
25477.000000,1276300.000000,75549924.000000,0.014500,0.026100,-0.965700, , , 
25478.000000,1276396.000000,75549924.000000, , , ,-0.650391,-0.325195,0.325195
25479.000000,1276399.000000,75549924.000000,0.000000,-0.020300,-1.006300, , , 
25480.000000,1276497.000000,75549924.000000, , , ,-1.300781,0.650391,0.650391
25481.000000,1276500.000000,75549924.000000,0.017400,-0.020300,-1.017900, , , 
25482.000000,1276598.000000,75549924.000000, , , ,-1.300781,-0.975586,0.975586
25483.000000,1276599.000000,75549924.000000,0.029000,-0.008700,-0.986000, , , 
25484.000000,1276699.000000,75549924.000000, , , ,-1.300781,-0.650391,0.975586
25485.000000,1276700.000000,75549924.000000,0.005800,-0.026100,-0.983100, , , 
25486.000000,1276799.000000,75549924.000000,0.026100,0.000000,-0.983100, , , 
25487.000000,1276800.000000,75549924.000000, , , ,-1.951172,0.000000,0.325195
25488.000000,1276900.000000,75549924.000000,0.031900,-0.002900,-0.983100, , , 
25489.000000,1276901.000000,75549924.000000, , , ,-2.601563,-0.325195,0.650391
25490.000000,1276992.000000,75549924.000000, , , ,-1.625977,0.000000,0.325195
25491.000000,1276999.000000,75549924.000000,0.014500,0.000000,-0.968600, , , 
25492.000000,1277093.000000,75549924.000000, , , ,-1.300781,-0.325195,0.325195
25493.000000,1277100.000000,75549924.000000,0.014500,0.037700,-0.965700, , , 
25494.000000,1277194.000000,75549924.000000, , , ,0.325195,-1.300781,0.975586
25495.000000,1277199.000000,75549924.000000,0.031900,0.034800,-0.936700, , , 
25496.000000,1277295.000000,75549924.000000, , , ,-1.300781,-0.975586,0.650391
25497.000000,1277300.000000,75549924.000000,0.002900,0.020300,-0.954100, , , 
25498.000000,1277396.000000,75549924.000000, , , ,-2.601563,-0.325195,1.300781
25499.000000,1277399.000000,75549924.000000,0.005800,-0.002900,-0.983100, , , 
25500.000000,1277497.000000,75549924.000000, , , ,-2.601563,0.000000,1.951172
25501.000000,1277500.000000,75549924.000000,0.008700,0.026100,-0.971500, , , 
25502.000000,1277598.000000,75549924.000000, , , ,-1.625977,-0.650391,0.975586
25503.000000,1277599.000000,75549924.000000,0.043500,0.046400,-0.974400, , , 
25504.000000,1277699.000000,75549924.000000, , , ,-0.325195,-0.650391,0.975586
25505.000000,1277700.000000,75549924.000000,0.014500,0.055100,-0.962800, , , 
25506.000000,1277799.000000,75549924.000000,0.020300,0.014500,-0.954100, , , 
25507.000000,1277800.000000,75549924.000000, , , ,0.000000,-0.650391,0.325195
25508.000000,1277900.000000,75549924.000000,0.014500,-0.002900,-0.988900, , , 
25509.000000,1277901.000000,75549924.000000, , , ,-1.300781,-0.325195,0.975586
25510.000000,1277992.000000,75549924.000000, , , ,-1.951172,0.000000,0.325195
25511.000000,1277999.000000,75549924.000000,0.002900,-0.011600,-1.012100, , , 
25512.000000,1278093.000000,75549924.000000, , , ,-3.251953,0.325195,0.325195
25513.000000,1278100.000000,75549924.000000,0.005800,0.000000,-1.026600, , , 
25514.000000,1278194.000000,75549924.000000, , , ,-1.951172,0.975586,0.325195
25515.000000,1278199.000000,75549924.000000,0.023200,0.002900,-1.049800, , , 
25516.000000,1278295.000000,75549924.000000, , , ,-0.975586,-0.325195,0.000000
25517.000000,1278300.000000,75549924.000000,0.049300,0.017400,-1.012100, , , 
25518.000000,1278396.000000,75549924.000000, , , ,-0.650391,-0.325195,0.325195
25519.000000,1278399.000000,75549924.000000,0.034800,-0.008700,-0.962800, , , 
25520.000000,1278497.000000,75549924.000000, , , ,-0.325195,-0.650391,-0.325195
25521.000000,1278500.000000,75549924.000000,0.049300,-0.008700,-0.945400, , , 
25522.000000,1278598.000000,75549924.000000, , , ,-1.300781,-0.325195,0.000000
25523.000000,1278599.000000,75549924.000000,0.026100,-0.026100,-0.988900, , , 
25524.000000,1278699.000000,75549924.000000, , , ,-3.251953,0.000000,0.000000
25525.000000,1278700.000000,75549924.000000,0.058000,-0.029000,-0.983100, , , 
25526.000000,1278799.000000,75549924.000000,0.063800,0.000000,-0.945400, , , 
25527.000000,1278800.000000,75549924.000000, , , ,-1.951172,-0.325195,0.650391
25528.000000,1278900.000000,75549924.000000,0.031900,0.017400,-0.951200, , , 
25529.000000,1278901.000000,75549924.000000, , , ,-1.625977,-0.975586,0.000000
25530.000000,1278992.000000,75549924.000000, , , ,-1.300781,-0.975586,-0.650391
25531.000000,1278999.000000,75549924.000000,0.031900,0.002900,-0.957000, , , 
25532.000000,1279093.000000,75549924.000000, , , ,-0.650391,-0.325195,-0.650391
25533.000000,1279100.000000,75549924.000000,0.052200,-0.014500,-0.977300, , , 
25534.000000,1279194.000000,75549924.000000, , , ,-0.975586,-0.325195,0.325195
25535.000000,1279199.000000,75549924.000000,0.058000,0.014500,-0.986000, , , 
25536.000000,1279295.000000,75549924.000000, , , ,-0.975586,-0.325195,0.000000
25537.000000,1279300.000000,75549924.000000,0.043500,0.008700,-0.968600, , , 
25538.000000,1279396.000000,75549924.000000, , , ,-0.975586,-0.325195,0.000000
25539.000000,1279399.000000,75549924.000000,0.014500,-0.017400,-0.994700, , , 
25540.000000,1279497.000000,75549924.000000, , , ,-0.975586,0.325195,0.000000
25541.000000,1279500.000000,75549924.000000,0.040600,-0.002900,-1.035300, , , 
25542.000000,1279598.000000,75549924.000000, , , ,-0.650391,0.000000,0.000000
25543.000000,1279599.000000,75549924.000000,0.043500,0.037700,-1.009200, , , 
25544.000000,1279699.000000,75549924.000000, , , ,0.000000,-0.650391,0.000000
25545.000000,1279700.000000,75549924.000000,0.058000,0.034800,-0.974400, , , 
25546.000000,1279799.000000,75549924.000000,0.081200,0.017400,-0.919300, , , 
25547.000000,1279800.000000,75549924.000000, , , ,0.975586,-0.650391,-0.325195
25548.000000,1279900.000000,75549924.000000,0.031900,0.008700,-0.916400, , , 
25549.000000,1279901.000000,75549924.000000, , , ,1.951172,-1.300781,-0.325195
25550.000000,1279992.000000,75549924.000000, , , ,1.951172,-0.325195,-0.325195
25551.000000,1279999.000000,75549924.000000,0.037700,-0.020300,-0.951200, , , 
25552.000000,1280093.000000,75549924.000000, , , ,0.325195,-0.650391,0.325195
25553.000000,1280100.000000,75549924.000000,0.017400,-0.017400,-0.962800, , , 
25554.000000,1280194.000000,75549924.000000, , , ,0.000000,0.000000,0.000000
25555.000000,1280199.000000,75549924.000000,-0.002900,-0.046400,-1.006300, , , 
25556.000000,1280295.000000,75549924.000000, , , ,0.000000,0.000000,-0.650391
25557.000000,1280300.000000,75549924.000000,0.008700,-0.031900,-1.032400, , , 
25558.000000,1280396.000000,75549924.000000, , , ,-0.325195,0.325195,0.000000
25559.000000,1280399.000000,75549924.000000,0.002900,-0.040600,-1.032400, , , 
25560.000000,1280497.000000,75549924.000000, , , ,-0.325195,0.325195,-0.975586
25561.000000,1280500.000000,75549924.000000,0.014500,-0.029000,-1.012100, , , 
25562.000000,1280598.000000,75549924.000000, , , ,-0.650391,-0.650391,0.000000
25563.000000,1280599.000000,75549924.000000,0.005800,-0.037700,-0.988900, , , 
25564.000000,1280699.000000,75549924.000000, , , ,-0.325195,0.650391,-0.975586
25565.000000,1280700.000000,75549924.000000,0.005800,-0.037700,-1.000500, , , 
25566.000000,1280799.000000,75549924.000000,0.063800,-0.026100,-0.922200, , , 
25567.000000,1280800.000000,75549924.000000, , , ,0.325195,-1.951172,-0.975586
25568.000000,1280900.000000,75549924.000000,-0.014500,-0.058000,-0.910600, , , 
25569.000000,1280901.000000,75549924.000000, , , ,0.000000,-1.300781,-0.325195
25570.000000,1280992.000000,75549924.000000, , , ,0.000000,-0.650391,-0.975586
25571.000000,1280999.000000,75549924.000000,-0.005800,-0.075400,-0.965700, , , 
25572.000000,1281093.000000,75549924.000000, , , ,0.000000,-0.325195,-0.650391
25573.000000,1281100.000000,75549924.000000,0.011600,-0.023200,-0.988900, , , 
25574.000000,1281194.000000,75549924.000000, , , ,1.300781,-0.325195,-0.975586
25575.000000,1281199.000000,75549924.000000,0.034800,-0.046400,-0.954100, , , 
25576.000000,1281295.000000,75549924.000000, , , ,-0.325195,-1.300781,-0.975586
25577.000000,1281300.000000,75549924.000000,-0.014500,-0.084100,-0.968600, , , 
25578.000000,1281396.000000,75549924.000000, , , ,-1.625977,0.650391,-0.975586
25579.000000,1281399.000000,75549924.000000,0.014500,-0.072500,-1.029500, , , 
25580.000000,1281497.000000,75549924.000000, , , ,-0.325195,0.650391,-0.650391
25581.000000,1281500.000000,75549924.000000,0.002900,-0.046400,-1.026600, , , 
25582.000000,1281598.000000,75549924.000000, , , ,-0.650391,0.975586,-0.650391
25583.000000,1281599.000000,75549924.000000,-0.008700,-0.066700,-1.044000, , , 
25584.000000,1281699.000000,75549924.000000, , , ,-1.300781,1.951172,-0.650391
25585.000000,1281700.000000,75549924.000000,0.008700,-0.081200,-1.064300, , , 
25586.000000,1281799.000000,75549924.000000,0.040600,-0.052200,-1.041100, , , 
25587.000000,1281800.000000,75549924.000000, , , ,-2.601563,0.325195,-0.650391
25588.000000,1281900.000000,75549924.000000,0.040600,-0.037700,-0.959900, , , 
25589.000000,1281901.000000,75549924.000000, , , ,-2.601563,-0.325195,-0.325195
25590.000000,1281992.000000,75549924.000000, , , ,-3.251953,-0.650391,-0.650391
25591.000000,1281999.000000,75549924.000000,0.031900,-0.049300,-0.939600, , , 
25592.000000,1282093.000000,75549924.000000, , , ,-0.975586,-0.325195,-0.325195
25593.000000,1282100.000000,75549924.000000,0.034800,-0.043500,-0.951200, , , 
25594.000000,1282194.000000,75549924.000000, , , ,-1.300781,-0.650391,-0.650391
25595.000000,1282199.000000,75549924.000000,0.023200,0.017400,-0.945400, , , 
25596.000000,1282295.000000,75549924.000000, , , ,-0.650391,0.325195,-0.650391
25597.000000,1282300.000000,75549924.000000,0.043500,-0.023200,-0.974400, , , 
25598.000000,1282396.000000,75549924.000000, , , ,0.000000,0.000000,-0.650391
25599.000000,1282399.000000,75549924.000000,0.055100,-0.049300,-1.003400, , , 
25600.000000,1282497.000000,75549924.000000, , , ,-0.325195,-0.650391,-0.650391
25601.000000,1282500.000000,75549924.000000,0.046400,-0.040600,-0.983100, , , 
25602.000000,1282598.000000,75549924.000000, , , ,0.000000,0.000000,-0.650391
25603.000000,1282599.000000,75549924.000000,0.029000,-0.037700,-0.988900, , , 
25604.000000,1282699.000000,75549924.000000, , , ,-0.325195,0.975586,0.000000
25605.000000,1282700.000000,75549924.000000,0.040600,-0.046400,-1.058500, , , 
25606.000000,1282799.000000,75549924.000000,0.069600,-0.020300,-1.023700, , , 
25607.000000,1282800.000000,75549924.000000, , , ,-0.650391,0.650391,0.000000
25608.000000,1282900.000000,75549924.000000,0.063800,-0.014500,-0.974400, , , 
25609.000000,1282901.000000,75549924.000000, , , ,-0.325195,-0.325195,0.000000
25610.000000,1282992.000000,75549924.000000, , , ,-0.325195,0.000000,-0.325195
25611.000000,1282999.000000,75549924.000000,0.063800,-0.011600,-0.962800, , , 
25612.000000,1283093.000000,75549924.000000, , , ,-0.975586,0.000000,0.000000
25613.000000,1283100.000000,75549924.000000,0.058000,0.000000,-0.971500, , , 
25614.000000,1283194.000000,75549924.000000, , , ,-0.325195,0.000000,0.000000
25615.000000,1283199.000000,75549924.000000,0.063800,-0.014500,-0.977300, , , 
25616.000000,1283295.000000,75549924.000000, , , ,-1.625977,-0.650391,0.000000
25617.000000,1283300.000000,75549924.000000,0.066700,0.000000,-0.968600, , , 
25618.000000,1283396.000000,75549924.000000, , , ,-0.325195,0.000000,0.000000
25619.000000,1283399.000000,75549924.000000,0.063800,0.005800,-0.977300, , , 
25620.000000,1283497.000000,75549924.000000, , , ,0.000000,-1.300781,0.000000
25621.000000,1283500.000000,75549924.000000,0.049300,-0.002900,-0.974400, , , 
25622.000000,1283598.000000,75549924.000000, , , ,-0.325195,0.000000,0.000000
25623.000000,1283599.000000,75549924.000000,0.052200,-0.002900,-1.006300, , , 
25624.000000,1283699.000000,75549924.000000, , , ,-1.300781,0.325195,0.000000
25625.000000,1283700.000000,75549924.000000,0.072500,-0.008700,-1.000500, , , 
25626.000000,1283799.000000,75549924.000000,0.049300,-0.029000,-1.009200, , , 
25627.000000,1283800.000000,75549924.000000, , , ,-1.625977,0.000000,-0.325195
25628.000000,1283900.000000,75549924.000000,0.084100,-0.008700,-0.954100, , , 
25629.000000,1283901.000000,75549924.000000, , , ,-1.951172,-0.975586,-0.325195
25630.000000,1283992.000000,75549924.000000, , , ,-0.650391,-0.650391,-0.325195
25631.000000,1283999.000000,75549924.000000,0.031900,-0.002900,-0.959900, , , 
25632.000000,1284093.000000,75549924.000000, , , ,0.000000,-0.325195,0.000000
25633.000000,1284100.000000,75549924.000000,0.069600,0.020300,-0.945400, , , 
25634.000000,1284194.000000,75549924.000000, , , ,0.650391,-0.325195,-0.325195
25635.000000,1284199.000000,75549924.000000,0.040600,-0.014500,-0.968600, , , 
25636.000000,1284295.000000,75549924.000000, , , ,0.975586,0.000000,-0.325195
25637.000000,1284300.000000,75549924.000000,0.084100,-0.020300,-0.977300, , , 
25638.000000,1284396.000000,75549924.000000, , , ,0.650391,-0.975586,-0.650391
25639.000000,1284399.000000,75549924.000000,0.046400,-0.023200,-0.971500, , , 
25640.000000,1284497.000000,75549924.000000, , , ,0.325195,0.325195,-0.650391
25641.000000,1284500.000000,75549924.000000,0.029000,-0.052200,-1.038200, , , 
25642.000000,1284598.000000,75549924.000000, , , ,-0.650391,0.650391,-0.650391
25643.000000,1284599.000000,75549924.000000,0.058000,-0.040600,-1.070100, , , 
25644.000000,1284699.000000,75549924.000000, , , ,1.300781,0.325195,-0.650391
25645.000000,1284700.000000,75549924.000000,0.069600,0.008700,-1.026600, , , 
25646.000000,1284799.000000,75549924.000000, , , ,1.951172,0.000000,-0.650391
25647.000000,1284800.000000,75549924.000000,0.037700,-0.029000,-1.023700, , , 
25648.000000,1284899.000000,75549924.000000,0.020300,-0.121800,-1.099100, , , 
25649.000000,1284900.000000,75549924.000000, , , ,-0.975586,2.276367,-0.975586
25650.000000,1285000.000000,75549924.000000,0.121800,-0.098600,-1.026600, , , 
25651.000000,1285001.000000,75549924.000000, , , ,-4.877930,0.325195,0.000000
25652.000000,1285092.000000,75549924.000000, , , ,-5.528320,-2.276367,0.000000
25653.000000,1285099.000000,75549924.000000,0.101500,-0.026100,-0.849700, , , 
25654.000000,1285193.000000,75549924.000000, , , ,-4.552734,-3.251953,0.000000
25655.000000,1285200.000000,75549924.000000,0.026100,0.020300,-0.809100, , , 
25656.000000,1285294.000000,75549924.000000, , , ,-0.325195,0.650391,-0.650391
25657.000000,1285299.000000,75549924.000000,0.023200,0.049300,-0.910600, , , 
25658.000000,1285395.000000,75549924.000000, , , ,0.325195,1.300781,-0.650391
25659.000000,1285400.000000,75549924.000000,0.034800,0.002900,-1.093300, , , 
25660.000000,1285496.000000,75549924.000000, , , ,0.000000,-0.975586,-0.650391
25661.000000,1285499.000000,75549924.000000,0.107300,-0.063800,-1.032400, , , 
25662.000000,1285597.000000,75549924.000000, , , ,-1.625977,-2.926758,0.000000
25663.000000,1285600.000000,75549924.000000,0.037700,-0.031900,-0.948300, , , 
25664.000000,1285698.000000,75549924.000000, , , ,-2.601563,0.650391,0.000000
25665.000000,1285699.000000,75549924.000000,-0.017400,-0.020300,-1.049800, , , 
25666.000000,1285799.000000,75549924.000000, , , ,-1.951172,2.601563,-0.325195
25667.000000,1285800.000000,75549924.000000,0.037700,-0.002900,-1.107800, , , 
25668.000000,1285899.000000,75549924.000000,0.092800,0.023200,-1.029500, , , 
25669.000000,1285900.000000,75549924.000000, , , ,-1.300781,0.650391,0.000000
25670.000000,1286000.000000,75549924.000000,0.052200,0.023200,-0.968600, , , 
25671.000000,1286001.000000,75549924.000000, , , ,-0.650391,-0.975586,-0.650391
25672.000000,1286092.000000,75549924.000000, , , ,0.000000,-0.650391,-0.650391
25673.000000,1286099.000000,75549924.000000,0.037700,0.000000,-0.986000, , , 
25674.000000,1286193.000000,75549924.000000, , , ,0.000000,0.000000,-0.325195
25675.000000,1286200.000000,75549924.000000,0.058000,-0.020300,-0.945400, , , 
25676.000000,1286294.000000,75549924.000000, , , ,-0.650391,0.000000,-0.325195
25677.000000,1286299.000000,75549924.000000,0.040600,0.000000,-0.951200, , , 
25678.000000,1286395.000000,75549924.000000, , , ,-0.650391,-0.325195,0.000000
25679.000000,1286400.000000,75549924.000000,0.046400,0.014500,-0.971500, , , 
25680.000000,1286496.000000,75549924.000000, , , ,0.000000,0.000000,0.000000
25681.000000,1286499.000000,75549924.000000,0.040600,0.014500,-0.974400, , , 
25682.000000,1286597.000000,75549924.000000, , , ,0.000000,-0.325195,0.000000
25683.000000,1286600.000000,75549924.000000,0.020300,0.020300,-0.986000, , , 
25684.000000,1286698.000000,75549924.000000, , , ,0.000000,0.325195,-0.975586
25685.000000,1286699.000000,75549924.000000,0.031900,-0.008700,-1.032400, , , 
25686.000000,1286799.000000,75549924.000000, , , ,0.000000,0.000000,-0.325195
25687.000000,1286800.000000,75549924.000000,0.034800,-0.002900,-1.023700, , , 
25688.000000,1286899.000000,75549924.000000,0.034800,-0.014500,-1.023700, , , 
25689.000000,1286900.000000,75549924.000000, , , ,-0.325195,0.000000,0.000000
25690.000000,1287000.000000,75549924.000000,0.055100,-0.002900,-0.977300, , , 
25691.000000,1287001.000000,75549924.000000, , , ,-0.975586,-0.325195,0.000000
25692.000000,1287092.000000,75549924.000000, , , ,-0.650391,-0.325195,0.000000
25693.000000,1287099.000000,75549924.000000,0.046400,0.014500,-0.948300, , , 
25694.000000,1287193.000000,75549924.000000, , , ,-0.975586,-0.975586,-0.325195
25695.000000,1287200.000000,75549924.000000,0.043500,-0.005800,-0.942500, , , 
25696.000000,1287294.000000,75549924.000000, , , ,-1.300781,0.000000,-0.325195
25697.000000,1287299.000000,75549924.000000,0.029000,-0.005800,-0.983100, , , 
25698.000000,1287395.000000,75549924.000000, , , ,-1.951172,0.000000,0.000000
25699.000000,1287400.000000,75549924.000000,0.043500,-0.014500,-1.009200, , , 
25700.000000,1287496.000000,75549924.000000, , , ,-0.975586,0.325195,0.000000
25701.000000,1287499.000000,75549924.000000,0.008700,-0.014500,-1.029500, , , 
25702.000000,1287597.000000,75549924.000000, , , ,-0.325195,0.000000,-0.650391
25703.000000,1287600.000000,75549924.000000,0.020300,-0.002900,-1.026600, , , 
25704.000000,1287698.000000,75549924.000000, , , ,-0.650391,-0.650391,-0.650391
25705.000000,1287699.000000,75549924.000000,0.011600,-0.008700,-0.957000, , , 
25706.000000,1287799.000000,75549924.000000, , , ,-0.325195,-1.625977,0.000000
25707.000000,1287800.000000,75549924.000000,-0.026100,-0.026100,-0.945400, , , 
25708.000000,1287899.000000,75549924.000000,-0.049300,-0.040600,-1.006300, , , 
25709.000000,1287900.000000,75549924.000000, , , ,-0.325195,0.325195,-1.300781
25710.000000,1288000.000000,75549924.000000,-0.026100,-0.034800,-1.032400, , , 
25711.000000,1288001.000000,75549924.000000, , , ,-0.325195,0.000000,-0.975586
25712.000000,1288092.000000,75549924.000000, , , ,0.000000,0.000000,-0.975586
25713.000000,1288099.000000,75549924.000000,-0.017400,-0.029000,-0.988900, , , 
25714.000000,1288193.000000,75549924.000000, , , ,0.000000,-0.650391,-1.300781
25715.000000,1288200.000000,75549924.000000,-0.017400,-0.043500,-0.957000, , , 
25716.000000,1288294.000000,75549924.000000, , , ,0.000000,-0.325195,-1.300781
25717.000000,1288299.000000,75549924.000000,-0.043500,-0.046400,-0.968600, , , 
25718.000000,1288395.000000,75549924.000000, , , ,-0.975586,0.000000,-0.975586
25719.000000,1288400.000000,75549924.000000,-0.026100,-0.060900,-0.977300, , , 
25720.000000,1288496.000000,75549924.000000, , , ,-1.300781,-1.300781,-0.975586
25721.000000,1288499.000000,75549924.000000,-0.023200,-0.037700,-0.986000, , , 
25722.000000,1288597.000000,75549924.000000, , , ,-0.975586,-0.325195,-0.975586
25723.000000,1288600.000000,75549924.000000,-0.031900,-0.026100,-0.965700, , , 
25724.000000,1288698.000000,75549924.000000, , , ,-0.325195,-0.325195,-1.300781
25725.000000,1288699.000000,75549924.000000,-0.034800,-0.029000,-0.977300, , , 
25726.000000,1288799.000000,75549924.000000, , , ,0.000000,0.000000,-1.300781
25727.000000,1288800.000000,75549924.000000,-0.031900,-0.046400,-1.000500, , , 
25728.000000,1288899.000000,75549924.000000,-0.026100,-0.060900,-0.962800, , , 
25729.000000,1288900.000000,75549924.000000, , , ,-0.325195,-0.325195,-1.300781
25730.000000,1289000.000000,75549924.000000,-0.043500,-0.075400,-0.977300, , , 
25731.000000,1289001.000000,75549924.000000, , , ,0.000000,-0.325195,-1.300781
25732.000000,1289092.000000,75549924.000000, , , ,-0.325195,0.325195,-1.951172
25733.000000,1289099.000000,75549924.000000,-0.034800,-0.092800,-1.012100, , , 
25734.000000,1289193.000000,75549924.000000, , , ,-0.975586,-0.650391,-1.625977
25735.000000,1289200.000000,75549924.000000,-0.034800,-0.084100,-0.980200, , , 
25736.000000,1289294.000000,75549924.000000, , , ,-1.300781,0.000000,-1.625977
25737.000000,1289299.000000,75549924.000000,-0.040600,-0.089900,-0.988900, , , 
25738.000000,1289395.000000,75549924.000000, , , ,-1.625977,0.000000,-1.625977
25739.000000,1289400.000000,75549924.000000,-0.011600,-0.069600,-0.997600, , , 
25740.000000,1289496.000000,75549924.000000, , , ,-0.975586,-0.650391,-1.951172
25741.000000,1289499.000000,75549924.000000,0.005800,-0.075400,-0.959900, , , 
25742.000000,1289597.000000,75549924.000000, , , ,-0.975586,-0.325195,-1.625977
25743.000000,1289600.000000,75549924.000000,0.000000,-0.069600,-0.957000, , , 
25744.000000,1289698.000000,75549924.000000, , , ,-0.975586,0.000000,-1.625977
25745.000000,1289699.000000,75549924.000000,-0.002900,-0.075400,-1.000500, , , 
25746.000000,1289799.000000,75549924.000000, , , ,0.000000,0.000000,-0.975586
25747.000000,1289800.000000,75549924.000000,0.031900,-0.060900,-0.977300, , , 
25748.000000,1289899.000000,75549924.000000,0.005800,-0.063800,-0.954100, , , 
25749.000000,1289900.000000,75549924.000000, , , ,0.000000,0.000000,-1.300781
25750.000000,1290000.000000,75549924.000000,0.020300,-0.060900,-0.954100, , , 
25751.000000,1290001.000000,75549924.000000, , , ,-0.650391,-1.300781,-1.625977
25752.000000,1290092.000000,75549924.000000, , , ,-0.325195,-0.325195,-0.975586
25753.000000,1290099.000000,75549924.000000,0.000000,-0.049300,-0.965700, , , 
25754.000000,1290193.000000,75549924.000000, , , ,0.000000,-0.325195,-1.300781
25755.000000,1290200.000000,75549924.000000,-0.005800,-0.043500,-0.991800, , , 
25756.000000,1290294.000000,75549924.000000, , , ,0.000000,0.000000,-1.625977
25757.000000,1290299.000000,75549924.000000,0.014500,-0.072500,-1.006300, , , 
25758.000000,1290395.000000,75549924.000000, , , ,0.000000,-0.650391,-0.975586
25759.000000,1290400.000000,75549924.000000,0.023200,-0.046400,-0.962800, , , 
25760.000000,1290496.000000,75549924.000000, , , ,0.000000,0.000000,-0.650391
25761.000000,1290499.000000,75549924.000000,-0.005800,-0.043500,-0.986000, , , 
25762.000000,1290597.000000,75549924.000000, , , ,-1.300781,0.325195,-0.650391
25763.000000,1290600.000000,75549924.000000,0.020300,-0.060900,-0.997600, , , 
25764.000000,1290698.000000,75549924.000000, , , ,-1.951172,0.000000,-0.325195
25765.000000,1290699.000000,75549924.000000,0.011600,-0.034800,-1.009200, , , 
25766.000000,1290799.000000,75549924.000000, , , ,-1.951172,0.000000,0.000000
25767.000000,1290800.000000,75549924.000000,0.026100,-0.005800,-0.980200, , , 
25768.000000,1290899.000000,75549924.000000,-0.005800,-0.031900,-0.991800, , , 
25769.000000,1290900.000000,75549924.000000, , , ,-2.601563,-0.325195,0.000000
25770.000000,1291000.000000,75549924.000000,0.017400,0.005800,-1.035300, , , 
25771.000000,1291001.000000,75549924.000000, , , ,-0.650391,0.650391,-0.650391
25772.000000,1291092.000000,75549924.000000, , , ,0.000000,0.000000,-0.650391
25773.000000,1291099.000000,75549924.000000,0.063800,0.020300,-1.012100, , , 
25774.000000,1291193.000000,75549924.000000, , , ,0.650391,0.325195,-0.325195
25775.000000,1291200.000000,75549924.000000,0.052200,-0.005800,-0.948300, , , 
25776.000000,1291294.000000,75549924.000000, , , ,0.325195,-0.975586,-0.325195
25777.000000,1291299.000000,75549924.000000,0.026100,-0.020300,-0.954100, , , 
25778.000000,1291395.000000,75549924.000000, , , ,0.000000,0.000000,-0.325195
25779.000000,1291400.000000,75549924.000000,0.043500,-0.020300,-0.948300, , , 
25780.000000,1291496.000000,75549924.000000, , , ,-0.325195,-0.325195,-0.650391
25781.000000,1291499.000000,75549924.000000,0.040600,-0.023200,-0.968600, , , 
25782.000000,1291597.000000,75549924.000000, , , ,-0.975586,-0.325195,-0.325195
25783.000000,1291600.000000,75549924.000000,0.023200,-0.026100,-0.986000, , , 
25784.000000,1291698.000000,75549924.000000, , , ,-0.325195,0.975586,-0.325195
25785.000000,1291699.000000,75549924.000000,0.043500,-0.008700,-1.009200, , , 
25786.000000,1291799.000000,75549924.000000, , , ,-1.625977,0.000000,-0.650391
25787.000000,1291800.000000,75549924.000000,0.046400,-0.014500,-1.032400, , , 
25788.000000,1291899.000000,75549924.000000,0.017400,-0.014500,-1.035300, , , 
25789.000000,1291900.000000,75549924.000000, , , ,-0.650391,0.325195,-0.650391
25790.000000,1292000.000000,75549924.000000,0.060900,-0.037700,-0.994700, , , 
25791.000000,1292001.000000,75549924.000000, , , ,-0.650391,0.325195,-0.975586
25792.000000,1292092.000000,75549924.000000, , , ,-0.325195,-0.650391,-0.975586
25793.000000,1292099.000000,75549924.000000,0.058000,-0.031900,-0.951200, , , 
25794.000000,1292193.000000,75549924.000000, , , ,0.000000,0.000000,-0.975586
25795.000000,1292200.000000,75549924.000000,0.017400,-0.034800,-0.980200, , , 
25796.000000,1292294.000000,75549924.000000, , , ,-0.975586,-0.325195,-0.975586
25797.000000,1292299.000000,75549924.000000,0.087000,-0.052200,-0.962800, , , 
25798.000000,1292395.000000,75549924.000000, , , ,-0.975586,-1.300781,-0.650391
25799.000000,1292400.000000,75549924.000000,0.029000,-0.017400,-0.965700, , , 
25800.000000,1292496.000000,75549924.000000, , , ,-0.325195,0.325195,-0.975586
25801.000000,1292499.000000,75549924.000000,0.049300,-0.040600,-0.994700, , , 
25802.000000,1292597.000000,75549924.000000, , , ,-0.325195,0.000000,-0.975586
25803.000000,1292600.000000,75549924.000000,0.055100,-0.040600,-0.968600, , , 
25804.000000,1292698.000000,75549924.000000, , , ,-0.975586,-0.325195,-0.650391
25805.000000,1292699.000000,75549924.000000,0.026100,-0.034800,-0.974400, , , 
25806.000000,1292799.000000,75549924.000000, , , ,-0.975586,0.000000,-0.975586
25807.000000,1292800.000000,75549924.000000,0.049300,-0.034800,-0.994700, , , 
25808.000000,1292899.000000,75549924.000000,0.037700,-0.058000,-1.003400, , , 
25809.000000,1292900.000000,75549924.000000, , , ,-0.650391,-0.975586,-0.975586
25810.000000,1293000.000000,75549924.000000,0.034800,-0.046400,-0.994700, , , 
25811.000000,1293001.000000,75549924.000000, , , ,-1.300781,0.325195,-0.975586
25812.000000,1293092.000000,75549924.000000, , , ,-1.300781,0.000000,-0.650391
25813.000000,1293099.000000,75549924.000000,0.043500,-0.026100,-1.009200, , , 
25814.000000,1293193.000000,75549924.000000, , , ,-0.650391,0.000000,-0.975586
25815.000000,1293200.000000,75549924.000000,0.055100,-0.029000,-1.026600, , , 
25816.000000,1293294.000000,75549924.000000, , , ,-0.975586,0.000000,-0.975586
25817.000000,1293299.000000,75549924.000000,0.043500,-0.043500,-1.029500, , , 
25818.000000,1293395.000000,75549924.000000, , , ,-0.975586,0.650391,-1.300781
25819.000000,1293400.000000,75549924.000000,0.026100,-0.046400,-1.070100, , , 
25820.000000,1293496.000000,75549924.000000, , , ,-0.650391,0.975586,-0.975586
25821.000000,1293500.000000,75549924.000000,0.040600,-0.034800,-1.052700, , , 
25822.000000,1293596.000000,75549924.000000, , , ,-0.975586,0.325195,-0.975586
25823.000000,1293599.000000,75549924.000000,0.069600,-0.043500,-0.980200, , , 
25824.000000,1293697.000000,75549924.000000, , , ,-1.300781,-0.325195,-0.975586
25825.000000,1293700.000000,75549924.000000,0.037700,-0.023200,-0.948300, , , 
25826.000000,1293798.000000,75549924.000000, , , ,0.000000,0.325195,-0.975586
25827.000000,1293799.000000,75549924.000000,0.017400,-0.031900,-0.974400, , , 
25828.000000,1293899.000000,75549924.000000, , , ,0.000000,0.000000,-1.300781
25829.000000,1293900.000000,75549924.000000,0.052200,-0.026100,-0.983100, , , 
25830.000000,1293999.000000,75549924.000000,0.040600,-0.034800,-0.977300, , , 
25831.000000,1294000.000000,75549924.000000, , , ,-0.325195,-0.325195,-0.975586
25832.000000,1294100.000000,75549924.000000,0.063800,-0.046400,-0.965700, , , 
25833.000000,1294101.000000,75549924.000000, , , ,-0.975586,-0.325195,-0.975586
25834.000000,1294192.000000,75549924.000000, , , ,-1.300781,0.000000,-0.975586
25835.000000,1294199.000000,75549924.000000,0.029000,-0.031900,-0.988900, , , 
25836.000000,1294293.000000,75549924.000000, , , ,-0.325195,0.000000,-0.650391
25837.000000,1294300.000000,75549924.000000,0.052200,-0.029000,-0.980200, , , 
25838.000000,1294394.000000,75549924.000000, , , ,-0.325195,0.000000,-0.650391
25839.000000,1294399.000000,75549924.000000,0.029000,-0.023200,-1.006300, , , 
25840.000000,1294495.000000,75549924.000000, , , ,-0.325195,0.000000,-0.650391
25841.000000,1294500.000000,75549924.000000,0.026100,-0.037700,-1.026600, , , 
25842.000000,1294596.000000,75549924.000000, , , ,-0.650391,0.325195,-0.975586
25843.000000,1294599.000000,75549924.000000,0.037700,-0.026100,-1.023700, , , 
25844.000000,1294697.000000,75549924.000000, , , ,-0.325195,0.000000,-0.650391
25845.000000,1294700.000000,75549924.000000,0.034800,-0.020300,-1.000500, , , 
25846.000000,1294798.000000,75549924.000000, , , ,0.000000,0.000000,-0.975586
25847.000000,1294799.000000,75549924.000000,0.017400,-0.037700,-0.988900, , , 
25848.000000,1294899.000000,75549924.000000, , , ,0.000000,0.000000,-0.975586
25849.000000,1294900.000000,75549924.000000,0.026100,-0.026100,-1.000500, , , 
25850.000000,1294999.000000,75549924.000000,0.014500,-0.046400,-0.959900, , , 
25851.000000,1295000.000000,75549924.000000, , , ,0.000000,-1.300781,-0.650391
25852.000000,1295100.000000,75549924.000000,0.000000,-0.014500,-0.971500, , , 
25853.000000,1295101.000000,75549924.000000, , , ,-0.325195,-0.650391,-0.975586
25854.000000,1295192.000000,75549924.000000, , , ,0.000000,0.000000,-0.975586
25855.000000,1295199.000000,75549924.000000,0.005800,-0.026100,-0.986000, , , 
25856.000000,1295293.000000,75549924.000000, , , ,0.000000,0.000000,-0.650391
25857.000000,1295300.000000,75549924.000000,0.002900,-0.046400,-0.977300, , , 
25858.000000,1295394.000000,75549924.000000, , , ,0.000000,-0.325195,-0.975586
25859.000000,1295399.000000,75549924.000000,-0.011600,-0.043500,-0.983100, , , 
25860.000000,1295495.000000,75549924.000000, , , ,-0.650391,0.000000,-0.650391
25861.000000,1295500.000000,75549924.000000,-0.008700,-0.049300,-1.000500, , , 
25862.000000,1295596.000000,75549924.000000, , , ,-1.300781,0.000000,-0.975586
25863.000000,1295601.000000,75549924.000000,-0.005800,-0.040600,-1.029500, , , 
25864.000000,1295696.000000,75549924.000000, , , ,-0.650391,0.650391,-0.650391
25865.000000,1295699.000000,75549924.000000,-0.005800,-0.029000,-1.020800, , , 
25866.000000,1295797.000000,75549924.000000, , , ,-0.650391,0.000000,-1.300781
25867.000000,1295800.000000,75549924.000000,0.002900,-0.037700,-1.009200, , , 
25868.000000,1295898.000000,75549924.000000, , , ,0.000000,-0.325195,-1.300781
25869.000000,1295899.000000,75549924.000000,0.002900,-0.037700,-0.948300, , , 
25870.000000,1295999.000000,75549924.000000, , , ,-0.325195,-0.650391,-1.300781
25871.000000,1296000.000000,75549924.000000,-0.002900,-0.049300,-0.983100, , , 
25872.000000,1296099.000000,75549924.000000,0.005800,-0.055100,-0.991800, , , 
25873.000000,1296100.000000,75549924.000000, , , ,-0.325195,0.000000,-0.975586
25874.000000,1296200.000000,75549924.000000,0.008700,-0.020300,-0.945400, , , 
25875.000000,1296201.000000,75549924.000000, , , ,0.325195,-0.975586,-1.300781
25876.000000,1296292.000000,75549924.000000, , , ,0.650391,0.000000,-1.300781
25877.000000,1296299.000000,75549924.000000,-0.037700,-0.037700,-0.997600, , , 
25878.000000,1296393.000000,75549924.000000, , , ,0.650391,0.975586,-1.300781
25879.000000,1296400.000000,75549924.000000,-0.014500,-0.058000,-1.035300, , , 
25880.000000,1296494.000000,75549924.000000, , , ,0.325195,0.000000,-1.300781
25881.000000,1296499.000000,75549924.000000,-0.031900,-0.075400,-1.020800, , , 
25882.000000,1296595.000000,75549924.000000, , , ,0.000000,0.000000,-1.300781
25883.000000,1296600.000000,75549924.000000,-0.037700,-0.075400,-1.015000, , , 
25884.000000,1296696.000000,75549924.000000, , , ,-0.325195,0.000000,-0.975586
25885.000000,1296699.000000,75549924.000000,-0.029000,-0.066700,-1.003400, , , 
25886.000000,1296797.000000,75549924.000000, , , ,-0.650391,0.000000,-1.300781
25887.000000,1296800.000000,75549924.000000,-0.034800,-0.069600,-1.003400, , , 
25888.000000,1296898.000000,75549924.000000, , , ,-0.650391,0.000000,-1.300781
25889.000000,1296899.000000,75549924.000000,-0.046400,-0.066700,-0.986000, , , 
25890.000000,1296999.000000,75549924.000000, , , ,-0.975586,0.000000,-0.975586
25891.000000,1297000.000000,75549924.000000,-0.052200,-0.055100,-0.991800, , , 
25892.000000,1297099.000000,75549924.000000,-0.046400,-0.060900,-0.980200, , , 
25893.000000,1297100.000000,75549924.000000, , , ,-0.325195,0.000000,-1.625977
25894.000000,1297200.000000,75549924.000000,-0.055100,-0.052200,-0.948300, , , 
25895.000000,1297201.000000,75549924.000000, , , ,0.000000,-0.975586,-1.625977
25896.000000,1297292.000000,75549924.000000, , , ,-0.650391,-0.325195,-1.300781
25897.000000,1297299.000000,75549924.000000,-0.063800,-0.069600,-0.988900, , , 
25898.000000,1297393.000000,75549924.000000, , , ,-0.975586,0.650391,-1.300781
25899.000000,1297400.000000,75549924.000000,-0.069600,-0.092800,-1.017900, , , 
25900.000000,1297494.000000,75549924.000000, , , ,-2.601563,0.975586,-1.300781
25901.000000,1297499.000000,75549924.000000,-0.063800,-0.095700,-1.084600, , , 
25902.000000,1297595.000000,75549924.000000, , , ,-3.251953,1.300781,-1.300781
25903.000000,1297600.000000,75549924.000000,-0.058000,-0.063800,-1.087500, , , 
25904.000000,1297696.000000,75549924.000000, , , ,-2.601563,1.625977,-1.300781
25905.000000,1297699.000000,75549924.000000,-0.072500,-0.043500,-1.075900, , , 
25906.000000,1297797.000000,75549924.000000, , , ,-0.975586,0.650391,-1.300781
25907.000000,1297800.000000,75549924.000000,-0.046400,-0.026100,-1.055600, , , 
25908.000000,1297898.000000,75549924.000000, , , ,0.325195,0.325195,-1.300781
25909.000000,1297899.000000,75549924.000000,-0.040600,-0.002900,-0.997600, , , 
25910.000000,1297999.000000,75549924.000000, , , ,0.000000,-0.650391,-0.650391
25911.000000,1298000.000000,75549924.000000,-0.031900,-0.029000,-0.939600, , , 
25912.000000,1298099.000000,75549924.000000,-0.055100,-0.031900,-0.928000, , , 
25913.000000,1298100.000000,75549924.000000, , , ,-0.325195,-0.650391,0.000000
25914.000000,1298200.000000,75549924.000000,-0.052200,-0.026100,-0.945400, , , 
25915.000000,1298201.000000,75549924.000000, , , ,-0.325195,0.000000,-0.325195
25916.000000,1298292.000000,75549924.000000, , , ,-0.650391,-0.650391,-0.325195
25917.000000,1298299.000000,75549924.000000,-0.052200,-0.005800,-0.962800, , , 
25918.000000,1298393.000000,75549924.000000, , , ,-0.650391,0.650391,-0.325195
25919.000000,1298400.000000,75549924.000000,-0.029000,-0.014500,-0.994700, , , 
25920.000000,1298494.000000,75549924.000000, , , ,-0.975586,0.325195,-0.325195
25921.000000,1298499.000000,75549924.000000,0.002900,-0.014500,-0.991800, , , 
25922.000000,1298595.000000,75549924.000000, , , ,-0.650391,0.000000,-0.325195
25923.000000,1298600.000000,75549924.000000,0.000000,-0.011600,-0.968600, , , 
25924.000000,1298696.000000,75549924.000000, , , ,-0.975586,0.000000,0.000000
25925.000000,1298699.000000,75549924.000000,-0.017400,-0.014500,-0.983100, , , 
25926.000000,1298797.000000,75549924.000000, , , ,-0.650391,0.000000,-0.650391
25927.000000,1298800.000000,75549924.000000,0.029000,-0.011600,-0.977300, , , 
25928.000000,1298898.000000,75549924.000000, , , ,0.000000,-0.325195,-0.975586
25929.000000,1298899.000000,75549924.000000,0.005800,-0.029000,-0.959900, , , 
25930.000000,1298999.000000,75549924.000000, , , ,-0.325195,0.325195,-0.975586
25931.000000,1299000.000000,75549924.000000,-0.029000,-0.008700,-1.009200, , , 
25932.000000,1299099.000000,75549924.000000,0.029000,-0.034800,-1.003400, , , 
25933.000000,1299100.000000,75549924.000000, , , ,0.000000,0.000000,-0.650391
25934.000000,1299200.000000,75549924.000000,0.017400,-0.011600,-0.930900, , , 
25935.000000,1299201.000000,75549924.000000, , , ,0.000000,-0.650391,-0.325195
25936.000000,1299292.000000,75549924.000000, , , ,0.000000,-1.951172,-0.650391
25937.000000,1299299.000000,75549924.000000,0.008700,-0.020300,-0.948300, , , 
25938.000000,1299393.000000,75549924.000000, , , ,0.000000,1.625977,-0.650391
25939.000000,1299400.000000,75549924.000000,-0.005800,-0.037700,-1.003400, , , 
25940.000000,1299494.000000,75549924.000000, , , ,-1.300781,0.325195,-0.650391
25941.000000,1299499.000000,75549924.000000,0.031900,-0.031900,-1.020800, , , 
25942.000000,1299595.000000,75549924.000000, , , ,-0.650391,0.000000,-0.325195
25943.000000,1299600.000000,75549924.000000,0.020300,0.002900,-1.020800, , , 
25944.000000,1299696.000000,75549924.000000, , , ,-0.325195,0.000000,-0.650391
25945.000000,1299699.000000,75549924.000000,0.023200,-0.031900,-1.000500, , , 
25946.000000,1299797.000000,75549924.000000, , , ,0.000000,0.000000,-0.975586
25947.000000,1299800.000000,75549924.000000,0.037700,-0.014500,-0.954100, , , 
25948.000000,1299898.000000,75549924.000000, , , ,0.000000,-1.300781,-0.975586
25949.000000,1299899.000000,75549924.000000,0.031900,-0.037700,-0.939600, , , 
25950.000000,1299999.000000,75549924.000000, , , ,-0.650391,-0.650391,-0.975586
25951.000000,1300000.000000,75549924.000000,0.011600,-0.043500,-0.980200, , , 
25952.000000,1300099.000000,75549924.000000,0.043500,-0.043500,-0.974400, , , 
25953.000000,1300100.000000,75549924.000000, , , ,-0.650391,0.000000,-0.975586
25954.000000,1300200.000000,75549924.000000,0.014500,-0.026100,-0.991800, , , 
25955.000000,1300201.000000,75549924.000000, , , ,-0.325195,-0.325195,-1.300781
25956.000000,1300292.000000,75549924.000000, , , ,-0.325195,-0.650391,-0.975586
25957.000000,1300299.000000,75549924.000000,0.040600,-0.049300,-0.965700, , , 
25958.000000,1300393.000000,75549924.000000, , , ,0.000000,-0.975586,-1.625977
25959.000000,1300400.000000,75549924.000000,0.031900,-0.049300,-0.945400, , , 
25960.000000,1300494.000000,75549924.000000, , , ,-0.325195,-0.325195,-0.650391
25961.000000,1300499.000000,75549924.000000,0.008700,-0.049300,-0.974400, , , 
25962.000000,1300595.000000,75549924.000000, , , ,-0.975586,0.000000,-0.975586
25963.000000,1300600.000000,75549924.000000,0.011600,-0.055100,-0.986000, , , 
25964.000000,1300696.000000,75549924.000000, , , ,-1.300781,-0.325195,-0.975586
25965.000000,1300699.000000,75549924.000000,0.023200,-0.046400,-0.988900, , , 
25966.000000,1300797.000000,75549924.000000, , , ,-1.300781,-0.325195,-0.975586
25967.000000,1300800.000000,75549924.000000,0.005800,-0.046400,-1.000500, , , 
25968.000000,1300898.000000,75549924.000000, , , ,-1.300781,0.000000,-0.650391
25969.000000,1300899.000000,75549924.000000,0.023200,-0.043500,-0.965700, , , 
25970.000000,1300999.000000,75549924.000000, , , ,-1.300781,-0.650391,-0.650391
25971.000000,1301000.000000,75549924.000000,0.011600,-0.026100,-0.954100, , , 
25972.000000,1301099.000000,75549924.000000, , , ,-0.325195,-0.975586,-0.650391
25973.000000,1301100.000000,75549924.000000,-0.011600,-0.014500,-0.965700, , , 
25974.000000,1301199.000000,75549924.000000,-0.029000,-0.029000,-0.991800, , , 
25975.000000,1301200.000000,75549924.000000, , , ,-0.975586,0.000000,-0.650391
25976.000000,1301300.000000,75549924.000000,-0.005800,0.005800,-0.971500, , , 
25977.000000,1301301.000000,75549924.000000, , , ,-0.650391,-0.650391,-0.325195
25978.000000,1301392.000000,75549924.000000, , , ,0.325195,-0.975586,-0.650391
25979.000000,1301399.000000,75549924.000000,-0.031900,-0.005800,-0.959900, , , 
25980.000000,1301493.000000,75549924.000000, , , ,0.000000,0.000000,-0.975586
25981.000000,1301500.000000,75549924.000000,-0.034800,-0.029000,-0.988900, , , 
25982.000000,1301594.000000,75549924.000000, , , ,-0.325195,-0.650391,-0.325195
25983.000000,1301599.000000,75549924.000000,-0.023200,-0.023200,-0.968600, , , 
25984.000000,1301695.000000,75549924.000000, , , ,0.000000,-0.325195,-0.650391
25985.000000,1301700.000000,75549924.000000,-0.037700,-0.008700,-0.965700, , , 
25986.000000,1301796.000000,75549924.000000, , , ,0.000000,-0.325195,-0.325195
25987.000000,1301799.000000,75549924.000000,-0.040600,-0.014500,-0.968600, , , 
25988.000000,1301897.000000,75549924.000000, , , ,0.000000,-0.325195,-0.650391
25989.000000,1301900.000000,75549924.000000,-0.017400,-0.017400,-0.957000, , , 
25990.000000,1301998.000000,75549924.000000, , , ,-0.325195,-0.325195,-0.325195
25991.000000,1301999.000000,75549924.000000,0.000000,0.000000,-0.971500, , , 
25992.000000,1302099.000000,75549924.000000, , , ,-0.325195,0.325195,-0.325195
25993.000000,1302100.000000,75549924.000000,-0.008700,-0.029000,-0.971500, , , 
25994.000000,1302199.000000,75549924.000000,0.020300,-0.014500,-0.986000, , , 
25995.000000,1302200.000000,75549924.000000, , , ,0.000000,-0.650391,-0.650391
25996.000000,1302300.000000,75549924.000000,0.034800,-0.017400,-0.951200, , , 
25997.000000,1302301.000000,75549924.000000, , , ,0.000000,0.000000,-0.325195
25998.000000,1302392.000000,75549924.000000, , , ,0.000000,-0.325195,-0.325195
25999.000000,1302399.000000,75549924.000000,0.011600,-0.011600,-0.986000, , , 
26000.000000,1302493.000000,75549924.000000, , , ,0.000000,0.650391,-0.650391
26001.000000,1302500.000000,75549924.000000,0.040600,-0.026100,-0.986000, , , 
26002.000000,1302594.000000,75549924.000000, , , ,-0.325195,0.325195,-0.650391
26003.000000,1302599.000000,75549924.000000,0.026100,-0.037700,-0.983100, , , 
26004.000000,1302695.000000,75549924.000000, , , ,-0.325195,0.325195,-0.650391
26005.000000,1302700.000000,75549924.000000,0.046400,-0.034800,-1.012100, , , 
26006.000000,1302796.000000,75549924.000000, , , ,0.000000,0.650391,-0.325195
26007.000000,1302799.000000,75549924.000000,0.043500,-0.005800,-0.965700, , , 
26008.000000,1302897.000000,75549924.000000, , , ,0.325195,-1.300781,-0.650391
26009.000000,1302900.000000,75549924.000000,0.069600,-0.023200,-0.939600, , , 
26010.000000,1302998.000000,75549924.000000, , , ,0.000000,-1.625977,-0.650391
26011.000000,1302999.000000,75549924.000000,0.046400,-0.037700,-0.930900, , , 
26012.000000,1303099.000000,75549924.000000, , , ,-0.325195,0.000000,-0.650391
26013.000000,1303100.000000,75549924.000000,0.020300,-0.031900,-0.988900, , , 
26014.000000,1303199.000000,75549924.000000,0.072500,-0.029000,-1.017900, , , 
26015.000000,1303200.000000,75549924.000000, , , ,-1.625977,-0.650391,-0.650391
26016.000000,1303300.000000,75549924.000000,0.037700,-0.008700,-1.000500, , , 
26017.000000,1303301.000000,75549924.000000, , , ,0.000000,0.325195,-0.325195
26018.000000,1303392.000000,75549924.000000, , , ,0.325195,0.000000,-0.650391
26019.000000,1303399.000000,75549924.000000,0.066700,-0.017400,-0.997600, , , 
26020.000000,1303493.000000,75549924.000000, , , ,0.000000,0.000000,-0.650391
26021.000000,1303500.000000,75549924.000000,0.060900,-0.023200,-0.948300, , , 
26022.000000,1303594.000000,75549924.000000, , , ,0.000000,-1.300781,-0.325195
26023.000000,1303599.000000,75549924.000000,0.046400,-0.023200,-0.951200, , , 
26024.000000,1303695.000000,75549924.000000, , , ,-0.325195,-1.300781,-0.650391
26025.000000,1303700.000000,75549924.000000,0.055100,-0.055100,-0.974400, , , 
26026.000000,1303796.000000,75549924.000000, , , ,-0.975586,-0.650391,-0.325195
26027.000000,1303799.000000,75549924.000000,0.040600,-0.029000,-0.959900, , , 
26028.000000,1303897.000000,75549924.000000, , , ,-0.975586,0.000000,0.000000
26029.000000,1303900.000000,75549924.000000,0.052200,-0.017400,-0.962800, , , 
26030.000000,1303998.000000,75549924.000000, , , ,-0.975586,-0.325195,0.000000
26031.000000,1303999.000000,75549924.000000,0.046400,-0.011600,-0.971500, , , 
26032.000000,1304099.000000,75549924.000000, , , ,-0.975586,-0.975586,0.000000
26033.000000,1304100.000000,75549924.000000,0.023200,0.002900,-0.983100, , , 
26034.000000,1304199.000000,75549924.000000,0.043500,-0.002900,-0.983100, , , 
26035.000000,1304200.000000,75549924.000000, , , ,-0.650391,0.000000,0.000000
26036.000000,1304300.000000,75549924.000000,0.029000,0.014500,-1.000500, , , 
26037.000000,1304301.000000,75549924.000000, , , ,-0.325195,0.325195,0.325195
26038.000000,1304392.000000,75549924.000000, , , ,-0.325195,0.325195,0.000000
26039.000000,1304399.000000,75549924.000000,0.046400,0.011600,-1.029500, , , 
26040.000000,1304493.000000,75549924.000000, , , ,0.000000,-0.975586,0.000000
26041.000000,1304500.000000,75549924.000000,0.072500,0.002900,-0.962800, , , 
26042.000000,1304594.000000,75549924.000000, , , ,0.000000,-1.300781,0.000000
26043.000000,1304599.000000,75549924.000000,0.031900,-0.011600,-0.948300, , , 
26044.000000,1304695.000000,75549924.000000, , , ,-0.650391,-0.325195,0.000000
26045.000000,1304700.000000,75549924.000000,0.026100,0.000000,-0.980200, , , 
26046.000000,1304796.000000,75549924.000000, , , ,-0.975586,-0.650391,0.325195
26047.000000,1304799.000000,75549924.000000,0.040600,-0.002900,-0.986000, , , 
26048.000000,1304897.000000,75549924.000000, , , ,-0.325195,0.000000,0.000000
26049.000000,1304900.000000,75549924.000000,0.031900,0.002900,-0.971500, , , 
26050.000000,1304998.000000,75549924.000000, , , ,-0.325195,-0.650391,0.000000
26051.000000,1304999.000000,75549924.000000,0.023200,0.002900,-0.980200, , , 
26052.000000,1305099.000000,75549924.000000, , , ,-0.975586,-0.650391,0.000000
26053.000000,1305100.000000,75549924.000000,0.037700,-0.034800,-0.983100, , , 
26054.000000,1305199.000000,75549924.000000,0.034800,-0.011600,-0.974400, , , 
26055.000000,1305200.000000,75549924.000000, , , ,-0.975586,-0.325195,0.325195
26056.000000,1305300.000000,75549924.000000,0.029000,-0.002900,-0.954100, , , 
26057.000000,1305301.000000,75549924.000000, , , ,-0.975586,-0.975586,0.000000
26058.000000,1305392.000000,75549924.000000, , , ,-0.975586,-0.975586,0.000000
26059.000000,1305399.000000,75549924.000000,0.026100,-0.005800,-0.942500, , , 
26060.000000,1305493.000000,75549924.000000, , , ,-0.325195,0.000000,0.000000
26061.000000,1305500.000000,75549924.000000,0.023200,0.000000,-0.968600, , , 
26062.000000,1305594.000000,75549924.000000, , , ,0.000000,-0.975586,0.000000
26063.000000,1305599.000000,75549924.000000,0.037700,-0.014500,-0.974400, , , 
26064.000000,1305695.000000,75549924.000000, , , ,0.325195,0.000000,-0.325195
26065.000000,1305700.000000,75549924.000000,0.017400,-0.005800,-0.962800, , , 
26066.000000,1305796.000000,75549924.000000, , , ,0.650391,-0.325195,-0.325195
26067.000000,1305799.000000,75549924.000000,0.020300,-0.034800,-0.994700, , , 
26068.000000,1305897.000000,75549924.000000, , , ,0.000000,-0.325195,-0.325195
26069.000000,1305900.000000,75549924.000000,0.008700,-0.046400,-0.994700, , , 
26070.000000,1305998.000000,75549924.000000, , , ,-1.625977,-0.650391,0.325195
26071.000000,1305999.000000,75549924.000000,0.031900,-0.049300,-0.942500, , , 
26072.000000,1306099.000000,75549924.000000, , , ,-0.650391,-0.325195,-0.325195
26073.000000,1306100.000000,75549924.000000,-0.008700,-0.017400,-0.971500, , , 
26074.000000,1306199.000000,75549924.000000,0.034800,-0.034800,-0.991800, , , 
26075.000000,1306200.000000,75549924.000000, , , ,-0.325195,0.000000,-0.325195
26076.000000,1306300.000000,75549924.000000,0.000000,-0.029000,-0.957000, , , 
26077.000000,1306301.000000,75549924.000000, , , ,-0.325195,-0.650391,-0.650391
26078.000000,1306392.000000,75549924.000000, , , ,0.000000,0.000000,-0.325195
26079.000000,1306399.000000,75549924.000000,0.000000,-0.029000,-1.009200, , , 
26080.000000,1306493.000000,75549924.000000, , , ,-0.325195,0.000000,-0.325195
26081.000000,1306500.000000,75549924.000000,0.017400,-0.040600,-1.006300, , , 
26082.000000,1306594.000000,75549924.000000, , , ,0.325195,-0.325195,0.000000
26083.000000,1306599.000000,75549924.000000,0.000000,-0.031900,-0.980200, , , 
26084.000000,1306695.000000,75549924.000000, , , ,-0.325195,-0.325195,-0.650391
26085.000000,1306700.000000,75549924.000000,0.014500,-0.037700,-0.980200, , , 
26086.000000,1306796.000000,75549924.000000, , , ,-0.650391,-0.325195,-0.325195
26087.000000,1306799.000000,75549924.000000,0.000000,-0.055100,-0.988900, , , 
26088.000000,1306897.000000,75549924.000000, , , ,0.000000,0.000000,0.000000
26089.000000,1306900.000000,75549924.000000,0.023200,-0.049300,-0.962800, , , 
26090.000000,1306998.000000,75549924.000000, , , ,0.000000,-0.650391,-0.325195
26091.000000,1306999.000000,75549924.000000,0.000000,-0.040600,-0.971500, , , 
26092.000000,1307099.000000,75549924.000000, , , ,0.000000,-0.325195,-0.650391
26093.000000,1307100.000000,75549924.000000,0.020300,-0.049300,-0.951200, , , 
26094.000000,1307199.000000,75549924.000000,0.000000,-0.043500,-0.922200, , , 
26095.000000,1307200.000000,75549924.000000, , , ,-0.650391,-1.300781,-0.325195
26096.000000,1307300.000000,75549924.000000,-0.008700,-0.046400,-0.968600, , , 
26097.000000,1307301.000000,75549924.000000, , , ,-1.625977,-0.650391,-0.325195
26098.000000,1307392.000000,75549924.000000, , , ,-0.975586,-0.325195,0.000000
26099.000000,1307399.000000,75549924.000000,0.011600,-0.034800,-0.977300, , , 
26100.000000,1307493.000000,75549924.000000, , , ,-0.650391,-0.650391,0.000000
26101.000000,1307500.000000,75549924.000000,-0.008700,-0.031900,-0.959900, , , 
26102.000000,1307594.000000,75549924.000000, , , ,0.000000,-0.650391,-0.325195
26103.000000,1307599.000000,75549924.000000,-0.005800,-0.014500,-0.977300, , , 
26104.000000,1307695.000000,75549924.000000, , , ,-0.325195,0.000000,-0.325195
26105.000000,1307700.000000,75549924.000000,0.000000,-0.031900,-1.000500, , , 
26106.000000,1307796.000000,75549924.000000, , , ,-0.325195,-0.325195,-0.975586
26107.000000,1307799.000000,75549924.000000,0.005800,-0.031900,-0.988900, , , 
26108.000000,1307897.000000,75549924.000000, , , ,-0.325195,0.000000,0.000000
26109.000000,1307900.000000,75549924.000000,0.008700,-0.034800,-0.980200, , , 
26110.000000,1307998.000000,75549924.000000, , , ,-0.975586,-0.650391,-0.325195
26111.000000,1307999.000000,75549924.000000,0.000000,-0.034800,-0.968600, , , 
26112.000000,1308099.000000,75549924.000000, , , ,-0.975586,-0.325195,0.000000
26113.000000,1308100.000000,75549924.000000,0.000000,-0.023200,-0.974400, , , 
26114.000000,1308199.000000,75549924.000000,0.014500,-0.005800,-0.945400, , , 
26115.000000,1308200.000000,75549924.000000, , , ,-0.975586,-0.650391,0.000000
26116.000000,1308300.000000,75549924.000000,-0.005800,0.005800,-0.951200, , , 
26117.000000,1308301.000000,75549924.000000, , , ,-1.625977,-0.650391,0.325195
26118.000000,1308392.000000,75549924.000000, , , ,-0.975586,-0.325195,0.325195
26119.000000,1308399.000000,75549924.000000,-0.008700,0.011600,-0.965700, , , 
26120.000000,1308493.000000,75549924.000000, , , ,-0.975586,-0.650391,0.650391
26121.000000,1308500.000000,75549924.000000,-0.011600,0.029000,-0.980200, , , 
26122.000000,1308594.000000,75549924.000000, , , ,-0.325195,0.000000,0.325195
26123.000000,1308599.000000,75549924.000000,0.002900,0.049300,-0.986000, , , 
26124.000000,1308695.000000,75549924.000000, , , ,-0.650391,0.000000,0.000000
26125.000000,1308700.000000,75549924.000000,-0.011600,0.008700,-1.003400, , , 
26126.000000,1308796.000000,75549924.000000, , , ,-1.300781,-0.975586,0.000000
26127.000000,1308799.000000,75549924.000000,0.005800,0.008700,-0.965700, , , 
26128.000000,1308897.000000,75549924.000000, , , ,0.000000,-0.975586,0.325195
26129.000000,1308900.000000,75549924.000000,-0.014500,0.014500,-0.933800, , , 
26130.000000,1308998.000000,75549924.000000, , , ,-0.325195,0.000000,0.000000
26131.000000,1308999.000000,75549924.000000,-0.023200,0.008700,-1.000500, , , 
26132.000000,1309099.000000,75549924.000000, , , ,-0.650391,0.000000,0.325195
26133.000000,1309100.000000,75549924.000000,0.002900,0.000000,-1.003400, , , 
26134.000000,1309199.000000,75549924.000000,-0.011600,0.014500,-0.983100, , , 
26135.000000,1309200.000000,75549924.000000, , , ,-0.325195,-0.650391,0.000000
26136.000000,1309300.000000,75549924.000000,0.005800,0.005800,-0.980200, , , 
26137.000000,1309301.000000,75549924.000000, , , ,-0.325195,-0.325195,-0.325195
26138.000000,1309392.000000,75549924.000000, , , ,0.000000,-0.650391,0.000000
26139.000000,1309399.000000,75549924.000000,-0.020300,-0.011600,-0.948300, , , 
26140.000000,1309493.000000,75549924.000000, , , ,0.000000,-0.325195,0.000000
26141.000000,1309500.000000,75549924.000000,-0.005800,-0.017400,-0.971500, , , 
26142.000000,1309594.000000,75549924.000000, , , ,-0.975586,-0.975586,0.000000
26143.000000,1309599.000000,75549924.000000,-0.011600,-0.026100,-0.959900, , , 
26144.000000,1309695.000000,75549924.000000, , , ,-0.650391,0.000000,-0.325195
26145.000000,1309700.000000,75549924.000000,-0.014500,0.002900,-0.968600, , , 
26146.000000,1309796.000000,75549924.000000, , , ,-0.325195,-1.300781,-0.325195
26147.000000,1309799.000000,75549924.000000,0.002900,-0.011600,-0.945400, , , 
26148.000000,1309897.000000,75549924.000000, , , ,0.325195,-1.300781,-0.325195
26149.000000,1309900.000000,75549924.000000,-0.011600,-0.023200,-0.930900, , , 
26150.000000,1309998.000000,75549924.000000, , , ,0.000000,-0.650391,-0.325195
26151.000000,1309999.000000,75549924.000000,-0.011600,-0.046400,-0.957000, , , 
26152.000000,1310099.000000,75549924.000000, , , ,-1.300781,-0.325195,-0.325195
26153.000000,1310100.000000,75549924.000000,-0.008700,-0.060900,-1.003400, , , 
26154.000000,1310199.000000,75549924.000000,-0.040600,-0.043500,-1.049800, , , 
26155.000000,1310200.000000,75549924.000000, , , ,-1.625977,0.650391,-0.650391
26156.000000,1310300.000000,75549924.000000,0.011600,-0.014500,-0.997600, , , 
26157.000000,1310301.000000,75549924.000000, , , ,-0.325195,-0.325195,-0.650391
26158.000000,1310392.000000,75549924.000000, , , ,0.000000,-0.650391,-0.650391
26159.000000,1310399.000000,75549924.000000,-0.020300,-0.023200,-0.974400, , , 
26160.000000,1310493.000000,75549924.000000, , , ,0.000000,-0.325195,-0.650391
26161.000000,1310500.000000,75549924.000000,-0.002900,-0.046400,-0.959900, , , 
26162.000000,1310594.000000,75549924.000000, , , ,-0.325195,0.000000,-0.325195
26163.000000,1310599.000000,75549924.000000,-0.026100,-0.037700,-0.954100, , , 
26164.000000,1310695.000000,75549924.000000, , , ,-1.300781,-0.325195,-0.325195
26165.000000,1310700.000000,75549924.000000,0.002900,-0.055100,-0.974400, , , 
26166.000000,1310796.000000,75549924.000000, , , ,-1.625977,-0.975586,-0.650391
26167.000000,1310799.000000,75549924.000000,-0.020300,-0.043500,-0.977300, , , 
26168.000000,1310897.000000,75549924.000000, , , ,-1.951172,0.325195,-0.650391
26169.000000,1310900.000000,75549924.000000,-0.020300,-0.046400,-0.997600, , , 
26170.000000,1310998.000000,75549924.000000, , , ,-1.300781,0.325195,-0.325195
26171.000000,1310999.000000,75549924.000000,-0.014500,-0.043500,-1.009200, , , 
26172.000000,1311099.000000,75549924.000000, , , ,-1.625977,-0.975586,-0.650391
26173.000000,1311100.000000,75549924.000000,0.011600,-0.031900,-0.959900, , , 
26174.000000,1311199.000000,75549924.000000,-0.040600,-0.034800,-0.939600, , , 
26175.000000,1311200.000000,75549924.000000, , , ,-1.300781,-0.325195,-0.650391
26176.000000,1311300.000000,75549924.000000,-0.011600,-0.043500,-0.971500, , , 
26177.000000,1311301.000000,75549924.000000, , , ,-1.300781,-0.325195,-0.975586
26178.000000,1311392.000000,75549924.000000, , , ,-1.625977,-0.325195,-0.325195
26179.000000,1311399.000000,75549924.000000,-0.014500,-0.037700,-0.968600, , , 
26180.000000,1311493.000000,75549924.000000, , , ,-0.975586,0.325195,-0.325195
26181.000000,1311500.000000,75549924.000000,-0.023200,-0.040600,-0.965700, , , 
26182.000000,1311594.000000,75549924.000000, , , ,-2.601563,-0.325195,-0.650391
26183.000000,1311599.000000,75549924.000000,-0.026100,-0.034800,-0.988900, , , 
26184.000000,1311695.000000,75549924.000000, , , ,-2.276367,-0.650391,-0.650391
26185.000000,1311700.000000,75549924.000000,-0.017400,-0.017400,-0.962800, , , 
26186.000000,1311796.000000,75549924.000000, , , ,-0.975586,0.000000,-0.650391
26187.000000,1311799.000000,75549924.000000,-0.029000,-0.020300,-0.968600, , , 
26188.000000,1311897.000000,75549924.000000, , , ,-1.300781,0.000000,-0.975586
26189.000000,1311900.000000,75549924.000000,-0.008700,-0.011600,-1.017900, , , 
26190.000000,1311998.000000,75549924.000000, , , ,-0.975586,-0.650391,-0.325195
26191.000000,1311999.000000,75549924.000000,-0.005800,-0.020300,-0.968600, , , 
26192.000000,1312099.000000,75549924.000000, , , ,-0.650391,-0.650391,-0.650391
26193.000000,1312100.000000,75549924.000000,-0.020300,-0.005800,-0.942500, , , 
26194.000000,1312199.000000,75549924.000000,-0.008700,-0.002900,-0.983100, , , 
26195.000000,1312200.000000,75549924.000000, , , ,-1.300781,0.000000,0.000000
26196.000000,1312300.000000,75549924.000000,-0.023200,-0.014500,-0.986000, , , 
26197.000000,1312301.000000,75549924.000000, , , ,-0.975586,0.000000,0.000000
26198.000000,1312392.000000,75549924.000000, , , ,-0.975586,0.000000,-0.325195
26199.000000,1312399.000000,75549924.000000,0.000000,0.008700,-0.983100, , , 
26200.000000,1312493.000000,75549924.000000, , , ,-1.300781,-0.975586,-0.325195
26201.000000,1312500.000000,75549924.000000,-0.020300,0.017400,-0.980200, , , 
26202.000000,1312594.000000,75549924.000000, , , ,-0.325195,-0.975586,-0.325195
26203.000000,1312599.000000,75549924.000000,0.000000,-0.014500,-0.942500, , , 
26204.000000,1312695.000000,75549924.000000, , , ,-0.650391,-1.300781,-0.975586
26205.000000,1312700.000000,75549924.000000,-0.023200,0.017400,-0.933800, , , 
26206.000000,1312796.000000,75549924.000000, , , ,-0.325195,0.000000,-0.650391
26207.000000,1312799.000000,75549924.000000,-0.026100,-0.023200,-0.991800, , , 
26208.000000,1312897.000000,75549924.000000, , , ,-0.325195,-0.325195,-1.300781
26209.000000,1312900.000000,75549924.000000,0.000000,-0.031900,-0.957000, , , 
26210.000000,1312998.000000,75549924.000000, , , ,-0.975586,-0.975586,-0.650391
26211.000000,1312999.000000,75549924.000000,-0.029000,-0.031900,-0.945400, , , 
26212.000000,1313099.000000,75549924.000000, , , ,0.325195,-0.650391,-0.325195
26213.000000,1313100.000000,75549924.000000,-0.020300,-0.020300,-0.962800, , , 
26214.000000,1313199.000000,75549924.000000,-0.017400,-0.017400,-0.971500, , , 
26215.000000,1313200.000000,75549924.000000, , , ,0.650391,0.000000,-0.650391
26216.000000,1313300.000000,75549924.000000,-0.017400,-0.043500,-0.977300, , , 
26217.000000,1313301.000000,75549924.000000, , , ,0.000000,-0.650391,-1.300781
26218.000000,1313392.000000,75549924.000000, , , ,0.325195,0.000000,-1.300781
26219.000000,1313399.000000,75549924.000000,-0.023200,-0.063800,-0.986000, , , 
26220.000000,1313493.000000,75549924.000000, , , ,0.000000,-0.650391,-1.300781
26221.000000,1313500.000000,75549924.000000,-0.014500,-0.060900,-0.962800, , , 
26222.000000,1313594.000000,75549924.000000, , , ,0.000000,-0.325195,-1.625977
26223.000000,1313599.000000,75549924.000000,-0.023200,-0.060900,-0.971500, , , 
26224.000000,1313695.000000,75549924.000000, , , ,0.000000,0.325195,-1.625977
26225.000000,1313700.000000,75549924.000000,-0.017400,-0.058000,-0.988900, , , 
26226.000000,1313796.000000,75549924.000000, , , ,0.000000,-0.975586,-1.300781
26227.000000,1313799.000000,75549924.000000,-0.017400,-0.072500,-0.971500, , , 
26228.000000,1313897.000000,75549924.000000, , , ,0.000000,0.000000,-0.650391
26229.000000,1313900.000000,75549924.000000,-0.031900,-0.066700,-0.991800, , , 
26230.000000,1313998.000000,75549924.000000, , , ,-0.650391,0.000000,-0.325195
26231.000000,1313999.000000,75549924.000000,-0.020300,-0.084100,-1.012100, , , 
26232.000000,1314099.000000,75549924.000000, , , ,-0.650391,-0.975586,-1.625977
26233.000000,1314100.000000,75549924.000000,-0.008700,-0.075400,-0.962800, , , 
26234.000000,1314199.000000,75549924.000000,-0.040600,-0.072500,-0.968600, , , 
26235.000000,1314200.000000,75549924.000000, , , ,-0.975586,-0.325195,-1.300781
26236.000000,1314300.000000,75549924.000000,-0.005800,-0.066700,-0.965700, , , 
26237.000000,1314301.000000,75549924.000000, , , ,0.000000,-0.650391,-1.300781
26238.000000,1314392.000000,75549924.000000, , , ,-0.975586,-1.300781,-1.625977
26239.000000,1314399.000000,75549924.000000,-0.017400,-0.072500,-0.907700, , , 
26240.000000,1314493.000000,75549924.000000, , , ,-1.300781,-1.300781,-1.300781
26241.000000,1314500.000000,75549924.000000,-0.034800,-0.072500,-0.962800, , , 
26242.000000,1314593.000000,75549924.000000, , , ,-0.650391,-0.325195,-1.300781
26243.000000,1314600.000000,75549924.000000,-0.031900,-0.084100,-0.962800, , , 
26244.000000,1314694.000000,75549924.000000, , , ,-1.300781,0.000000,-1.300781
26245.000000,1314699.000000,75549924.000000,-0.034800,-0.063800,-0.991800, , , 
26246.000000,1314795.000000,75549924.000000, , , ,0.000000,-0.325195,-1.300781
26247.000000,1314800.000000,75549924.000000,-0.017400,-0.063800,-0.991800, , , 
26248.000000,1314896.000000,75549924.000000, , , ,-0.975586,0.000000,-1.625977
26249.000000,1314899.000000,75549924.000000,-0.046400,-0.069600,-0.994700, , , 
26250.000000,1314997.000000,75549924.000000, , , ,-0.325195,0.000000,-1.625977
26251.000000,1315000.000000,75549924.000000,-0.008700,-0.069600,-0.974400, , , 
26252.000000,1315098.000000,75549924.000000, , , ,-0.325195,-0.325195,-1.300781
26253.000000,1315099.000000,75549924.000000,-0.026100,-0.084100,-0.957000, , , 
26254.000000,1315199.000000,75549924.000000, , , ,-0.325195,0.000000,-1.625977
26255.000000,1315200.000000,75549924.000000,-0.043500,-0.081200,-0.983100, , , 
26256.000000,1315299.000000,75549924.000000,-0.020300,-0.092800,-0.980200, , , 
26257.000000,1315300.000000,75549924.000000, , , ,-0.650391,-0.325195,-1.625977
26258.000000,1315400.000000,75549924.000000,-0.046400,-0.066700,-1.006300, , , 
26259.000000,1315401.000000,75549924.000000, , , ,-0.650391,0.000000,-1.625977
26260.000000,1315492.000000,75549924.000000, , , ,-0.650391,-0.325195,-1.951172
26261.000000,1315499.000000,75549924.000000,-0.008700,-0.072500,-0.994700, , , 
26262.000000,1315593.000000,75549924.000000, , , ,-0.325195,-0.325195,-1.625977
26263.000000,1315600.000000,75549924.000000,-0.034800,-0.078300,-0.959900, , , 
26264.000000,1315694.000000,75549924.000000, , , ,-0.650391,-0.975586,-1.625977
26265.000000,1315699.000000,75549924.000000,-0.023200,-0.087000,-0.954100, , , 
26266.000000,1315795.000000,75549924.000000, , , ,-0.650391,0.000000,-1.625977
26267.000000,1315800.000000,75549924.000000,-0.043500,-0.075400,-0.983100, , , 
26268.000000,1315896.000000,75549924.000000, , , ,0.000000,0.000000,-1.625977
26269.000000,1315899.000000,75549924.000000,-0.008700,-0.066700,-0.965700, , , 
26270.000000,1315997.000000,75549924.000000, , , ,0.000000,-0.650391,-1.625977
26271.000000,1316000.000000,75549924.000000,-0.037700,-0.072500,-0.968600, , , 
26272.000000,1316098.000000,75549924.000000, , , ,-0.650391,0.000000,-1.625977
26273.000000,1316099.000000,75549924.000000,-0.040600,-0.084100,-0.997600, , , 
26274.000000,1316199.000000,75549924.000000, , , ,-0.650391,-0.325195,-1.625977
26275.000000,1316200.000000,75549924.000000,-0.029000,-0.089900,-1.020800, , , 
26276.000000,1316299.000000,75549924.000000,-0.040600,-0.089900,-1.035300, , , 
26277.000000,1316300.000000,75549924.000000, , , ,-1.300781,0.650391,-1.300781
26278.000000,1316400.000000,75549924.000000,-0.026100,-0.081200,-1.003400, , , 
26279.000000,1316401.000000,75549924.000000, , , ,-1.300781,0.000000,-1.625977
26280.000000,1316492.000000,75549924.000000, , , ,-1.625977,0.000000,-1.625977
26281.000000,1316499.000000,75549924.000000,-0.023200,-0.063800,-0.977300, , , 
26282.000000,1316593.000000,75549924.000000, , , ,-1.300781,0.000000,-1.625977
26283.000000,1316600.000000,75549924.000000,-0.037700,-0.081200,-0.988900, , , 
26284.000000,1316694.000000,75549924.000000, , , ,-1.300781,0.325195,-1.625977
26285.000000,1316699.000000,75549924.000000,-0.040600,-0.078300,-1.009200, , , 
26286.000000,1316795.000000,75549924.000000, , , ,-1.951172,0.000000,-1.625977
26287.000000,1316800.000000,75549924.000000,-0.029000,-0.081200,-1.023700, , , 
26288.000000,1316896.000000,75549924.000000, , , ,-1.951172,0.325195,-1.625977
26289.000000,1316899.000000,75549924.000000,-0.034800,-0.072500,-1.017900, , , 
26290.000000,1316997.000000,75549924.000000, , , ,-1.300781,0.650391,-1.625977
26291.000000,1317000.000000,75549924.000000,-0.020300,-0.060900,-1.003400, , , 
26292.000000,1317098.000000,75549924.000000, , , ,-0.650391,-0.325195,-1.625977
26293.000000,1317099.000000,75549924.000000,-0.017400,-0.052200,-1.000500, , , 
26294.000000,1317199.000000,75549924.000000, , , ,0.000000,0.325195,-1.625977
26295.000000,1317200.000000,75549924.000000,-0.046400,-0.066700,-0.988900, , , 
26296.000000,1317299.000000,75549924.000000,-0.017400,-0.069600,-0.965700, , , 
26297.000000,1317300.000000,75549924.000000, , , ,-0.325195,-0.325195,-1.625977
26298.000000,1317400.000000,75549924.000000,-0.037700,-0.075400,-0.986000, , , 
26299.000000,1317401.000000,75549924.000000, , , ,0.000000,0.000000,-1.625977
26300.000000,1317492.000000,75549924.000000, , , ,-0.325195,-0.325195,-1.625977
26301.000000,1317499.000000,75549924.000000,-0.023200,-0.075400,-0.965700, , , 
26302.000000,1317593.000000,75549924.000000, , , ,-0.325195,-0.325195,-1.300781
26303.000000,1317600.000000,75549924.000000,-0.040600,-0.078300,-0.968600, , , 
26304.000000,1317694.000000,75549924.000000, , , ,-1.625977,0.650391,-1.625977
26305.000000,1317699.000000,75549924.000000,-0.034800,-0.072500,-1.006300, , , 
26306.000000,1317795.000000,75549924.000000, , , ,-1.951172,-0.325195,-0.650391
26307.000000,1317800.000000,75549924.000000,-0.011600,-0.066700,-0.980200, , , 
26308.000000,1317896.000000,75549924.000000, , , ,-1.300781,0.000000,-0.975586
26309.000000,1317899.000000,75549924.000000,-0.058000,-0.017400,-0.977300, , , 
26310.000000,1317997.000000,75549924.000000, , , ,-0.650391,0.000000,-0.975586
26311.000000,1318000.000000,75549924.000000,-0.037700,-0.031900,-1.055600, , , 
26312.000000,1318098.000000,75549924.000000, , , ,-0.975586,0.650391,-1.300781
26313.000000,1318099.000000,75549924.000000,-0.017400,-0.055100,-1.017900, , , 
26314.000000,1318199.000000,75549924.000000, , , ,-1.300781,-0.325195,-1.300781
26315.000000,1318200.000000,75549924.000000,-0.043500,-0.029000,-0.965700, , , 
26316.000000,1318299.000000,75549924.000000,-0.031900,-0.043500,-0.980200, , , 
26317.000000,1318300.000000,75549924.000000, , , ,-1.300781,-0.650391,-0.975586
26318.000000,1318400.000000,75549924.000000,-0.052200,-0.046400,-1.020800, , , 
26319.000000,1318401.000000,75549924.000000, , , ,-0.975586,1.300781,-0.975586
26320.000000,1318492.000000,75549924.000000, , , ,-1.300781,0.000000,-1.300781
26321.000000,1318499.000000,75549924.000000,-0.014500,-0.020300,-1.009200, , , 
26322.000000,1318593.000000,75549924.000000, , , ,-0.650391,-0.650391,-1.300781
26323.000000,1318600.000000,75549924.000000,-0.020300,-0.034800,-0.965700, , , 
26324.000000,1318694.000000,75549924.000000, , , ,-0.975586,-0.325195,-1.300781
26325.000000,1318699.000000,75549924.000000,-0.049300,-0.049300,-0.971500, , , 
26326.000000,1318795.000000,75549924.000000, , , ,-0.975586,0.000000,-1.625977
26327.000000,1318800.000000,75549924.000000,-0.034800,-0.046400,-1.000500, , , 
26328.000000,1318896.000000,75549924.000000, , , ,-0.650391,0.000000,-1.300781
26329.000000,1318899.000000,75549924.000000,-0.031900,-0.040600,-1.000500, , , 
26330.000000,1318997.000000,75549924.000000, , , ,-0.975586,-0.650391,-0.975586
26331.000000,1319000.000000,75549924.000000,-0.023200,-0.034800,-0.971500, , , 
26332.000000,1319098.000000,75549924.000000, , , ,-0.650391,0.325195,-0.975586
26333.000000,1319099.000000,75549924.000000,-0.052200,-0.040600,-0.997600, , , 
26334.000000,1319199.000000,75549924.000000, , , ,-0.650391,0.000000,-1.300781
26335.000000,1319200.000000,75549924.000000,-0.017400,-0.040600,-1.003400, , , 
26336.000000,1319299.000000,75549924.000000,-0.043500,-0.029000,-0.980200, , , 
26337.000000,1319300.000000,75549924.000000, , , ,-0.325195,0.000000,-1.625977
26338.000000,1319400.000000,75549924.000000,-0.040600,-0.049300,-1.017900, , , 
26339.000000,1319401.000000,75549924.000000, , , ,-0.325195,0.325195,-0.975586
26340.000000,1319492.000000,75549924.000000, , , ,-1.300781,-0.325195,-1.300781
26341.000000,1319499.000000,75549924.000000,-0.023200,-0.040600,-1.026600, , , 
26342.000000,1319593.000000,75549924.000000, , , ,-0.975586,-0.325195,-0.975586
26343.000000,1319600.000000,75549924.000000,-0.029000,-0.023200,-0.968600, , , 
26344.000000,1319694.000000,75549924.000000, , , ,-0.650391,0.000000,-0.975586
26345.000000,1319699.000000,75549924.000000,-0.040600,-0.020300,-0.986000, , , 
26346.000000,1319795.000000,75549924.000000, , , ,-0.975586,0.000000,-0.975586
26347.000000,1319800.000000,75549924.000000,-0.029000,-0.029000,-1.015000, , , 
26348.000000,1319896.000000,75549924.000000, , , ,-0.650391,0.650391,-0.650391
26349.000000,1319899.000000,75549924.000000,-0.029000,-0.017400,-1.020800, , , 
26350.000000,1319997.000000,75549924.000000, , , ,-0.325195,-0.650391,-0.650391
26351.000000,1320000.000000,75549924.000000,0.000000,-0.005800,-0.962800, , , 
26352.000000,1320098.000000,75549924.000000, , , ,0.000000,-0.975586,-0.325195
26353.000000,1320099.000000,75549924.000000,-0.031900,0.000000,-0.922200, , , 
26354.000000,1320199.000000,75549924.000000, , , ,0.000000,-1.300781,-0.650391
26355.000000,1320200.000000,75549924.000000,-0.031900,-0.023200,-0.936700, , , 
26356.000000,1320299.000000,75549924.000000,-0.014500,-0.005800,-0.945400, , , 
26357.000000,1320300.000000,75549924.000000, , , ,0.000000,-0.325195,-0.650391
26358.000000,1320400.000000,75549924.000000,-0.031900,-0.002900,-0.977300, , , 
26359.000000,1320401.000000,75549924.000000, , , ,0.325195,-0.325195,-0.975586
26360.000000,1320492.000000,75549924.000000, , , ,0.650391,0.325195,-0.650391
26361.000000,1320499.000000,75549924.000000,-0.037700,-0.011600,-1.020800, , , 
26362.000000,1320593.000000,75549924.000000, , , ,0.650391,1.300781,-0.975586
26363.000000,1320600.000000,75549924.000000,-0.034800,-0.011600,-1.113600, , , 
26364.000000,1320694.000000,75549924.000000, , , ,0.975586,2.601563,-0.650391
26365.000000,1320699.000000,75549924.000000,-0.020300,-0.014500,-1.165800, , , 
26366.000000,1320795.000000,75549924.000000, , , ,0.650391,1.300781,-0.650391
26367.000000,1320800.000000,75549924.000000,0.002900,-0.040600,-1.093300, , , 
26368.000000,1320896.000000,75549924.000000, , , ,0.975586,0.650391,-0.650391
26369.000000,1320899.000000,75549924.000000,0.002900,-0.023200,-0.968600, , , 
26370.000000,1320997.000000,75549924.000000, , , ,0.325195,-0.975586,-0.325195
26371.000000,1321000.000000,75549924.000000,0.014500,-0.031900,-0.919300, , , 
26372.000000,1321098.000000,75549924.000000, , , ,-0.325195,-0.650391,-0.325195
26373.000000,1321099.000000,75549924.000000,-0.005800,-0.049300,-0.896100, , , 
26374.000000,1321199.000000,75549924.000000, , , ,-0.650391,-0.325195,-0.325195
26375.000000,1321200.000000,75549924.000000,-0.002900,-0.023200,-0.939600, , , 
26376.000000,1321299.000000,75549924.000000,0.000000,-0.014500,-0.980200, , , 
26377.000000,1321300.000000,75549924.000000, , , ,-0.650391,-0.650391,-0.325195
26378.000000,1321400.000000,75549924.000000,-0.002900,-0.017400,-0.986000, , , 
26379.000000,1321401.000000,75549924.000000, , , ,-0.325195,0.000000,-0.650391
26380.000000,1321492.000000,75549924.000000, , , ,0.000000,-0.975586,-0.325195
26381.000000,1321499.000000,75549924.000000,0.011600,-0.020300,-0.965700, , , 
26382.000000,1321593.000000,75549924.000000, , , ,0.000000,-0.650391,-0.975586
26383.000000,1321600.000000,75549924.000000,-0.005800,-0.020300,-0.954100, , , 
26384.000000,1321694.000000,75549924.000000, , , ,0.325195,0.325195,-0.325195
26385.000000,1321699.000000,75549924.000000,-0.020300,-0.031900,-0.994700, , , 
26386.000000,1321795.000000,75549924.000000, , , ,0.000000,-0.650391,-0.650391
26387.000000,1321800.000000,75549924.000000,0.023200,-0.037700,-1.000500, , , 
26388.000000,1321896.000000,75549924.000000, , , ,0.325195,-0.650391,-0.975586
26389.000000,1321899.000000,75549924.000000,-0.011600,-0.014500,-0.965700, , , 
26390.000000,1321997.000000,75549924.000000, , , ,0.000000,0.000000,0.000000
26391.000000,1322000.000000,75549924.000000,-0.005800,-0.049300,-1.000500, , , 
26392.000000,1322098.000000,75549924.000000, , , ,0.000000,0.650391,-0.650391
26393.000000,1322099.000000,75549924.000000,-0.005800,-0.037700,-1.023700, , , 
26394.000000,1322199.000000,75549924.000000, , , ,0.000000,-0.325195,-0.650391
26395.000000,1322200.000000,75549924.000000,0.011600,-0.031900,-1.012100, , , 
26396.000000,1322299.000000,75549924.000000,-0.011600,-0.043500,-1.003400, , , 
26397.000000,1322300.000000,75549924.000000, , , ,-0.325195,0.000000,-0.975586
26398.000000,1322400.000000,75549924.000000,0.005800,-0.043500,-0.971500, , , 
26399.000000,1322401.000000,75549924.000000, , , ,-0.325195,0.325195,-0.650391
26400.000000,1322501.000000,75549924.000000,0.000000,-0.046400,-0.962800,-0.650391,-0.650391,-0.650391
26401.000000,1322592.000000,75549924.000000, , , ,-0.325195,-1.625977,-0.325195
26402.000000,1322599.000000,75549924.000000,0.034800,-0.023200,-0.919300, , , 
26403.000000,1322693.000000,75549924.000000, , , ,-0.325195,-1.300781,-0.650391
26404.000000,1322700.000000,75549924.000000,-0.037700,-0.017400,-0.942500, , , 
26405.000000,1322794.000000,75549924.000000, , , ,0.000000,0.000000,-0.650391
26406.000000,1322801.000000,75549924.000000,0.011600,-0.052200,-1.000500, , , 
26407.000000,1322894.000000,75549924.000000, , , ,0.000000,0.325195,-0.975586
26408.000000,1322899.000000,75549924.000000,0.005800,-0.058000,-1.003400, , , 
26409.000000,1322995.000000,75549924.000000, , , ,-0.650391,-0.975586,-0.975586
26410.000000,1323000.000000,75549924.000000,0.014500,-0.049300,-0.954100, , , 
26411.000000,1323096.000000,75549924.000000, , , ,-0.650391,-0.975586,-0.975586
26412.000000,1323099.000000,75549924.000000,-0.008700,-0.037700,-0.945400, , , 
26413.000000,1323197.000000,75549924.000000, , , ,-0.650391,0.000000,-0.650391
26414.000000,1323200.000000,75549924.000000,0.000000,-0.072500,-1.003400, , , 
26415.000000,1323298.000000,75549924.000000, , , ,-1.300781,-0.325195,-0.650391
26416.000000,1323299.000000,75549924.000000,0.000000,-0.058000,-0.986000, , , 
26417.000000,1323399.000000,75549924.000000, , , ,-0.975586,0.000000,-0.650391
26418.000000,1323400.000000,75549924.000000,-0.002900,-0.037700,-0.983100, , , 
26419.000000,1323499.000000,75549924.000000,-0.005800,-0.026100,-0.988900, , , 
26420.000000,1323500.000000,75549924.000000, , , ,-0.650391,-0.325195,-0.650391
26421.000000,1323600.000000,75549924.000000,-0.026100,-0.049300,-0.983100, , , 
26422.000000,1323601.000000,75549924.000000, , , ,-0.975586,0.000000,-0.650391
26423.000000,1323692.000000,75549924.000000, , , ,-0.325195,0.000000,0.000000
26424.000000,1323699.000000,75549924.000000,-0.002900,-0.034800,-1.003400, , , 
26425.000000,1323793.000000,75549924.000000, , , ,0.000000,0.000000,-0.650391
26426.000000,1323800.000000,75549924.000000,0.011600,-0.043500,-1.000500, , , 
26427.000000,1323894.000000,75549924.000000, , , ,0.000000,-0.975586,-0.650391
26428.000000,1323899.000000,75549924.000000,-0.005800,-0.029000,-0.965700, , , 
26429.000000,1323995.000000,75549924.000000, , , ,-0.975586,0.000000,-0.650391
26430.000000,1324000.000000,75549924.000000,-0.002900,-0.046400,-0.994700, , , 
26431.000000,1324096.000000,75549924.000000, , , ,-0.650391,0.000000,-0.325195
26432.000000,1324099.000000,75549924.000000,0.008700,-0.034800,-0.974400, , , 
26433.000000,1324197.000000,75549924.000000, , , ,-0.975586,-0.325195,0.000000
26434.000000,1324200.000000,75549924.000000,0.000000,-0.031900,-0.954100, , , 
26435.000000,1324298.000000,75549924.000000, , , ,-0.325195,0.000000,0.000000
26436.000000,1324299.000000,75549924.000000,-0.014500,-0.026100,-0.988900, , , 
26437.000000,1324399.000000,75549924.000000, , , ,-0.325195,0.325195,-0.325195
26438.000000,1324400.000000,75549924.000000,-0.002900,-0.017400,-1.023700, , , 
26439.000000,1324499.000000,75549924.000000,-0.005800,-0.020300,-1.026600, , , 
26440.000000,1324500.000000,75549924.000000, , , ,-0.650391,0.000000,0.000000
26441.000000,1324600.000000,75549924.000000,0.000000,0.000000,-1.006300, , , 
26442.000000,1324601.000000,75549924.000000, , , ,0.000000,0.000000,0.000000
26443.000000,1324692.000000,75549924.000000, , , ,0.000000,0.975586,0.000000
26444.000000,1324699.000000,75549924.000000,-0.014500,-0.011600,-1.003400, , , 
26445.000000,1324793.000000,75549924.000000, , , ,-0.650391,0.000000,0.000000
26446.000000,1324800.000000,75549924.000000,-0.005800,-0.023200,-1.017900, , , 
26447.000000,1324894.000000,75549924.000000, , , ,0.000000,-0.325195,0.000000
26448.000000,1324899.000000,75549924.000000,0.000000,0.000000,-0.986000, , , 
26449.000000,1324995.000000,75549924.000000, , , ,0.000000,0.325195,0.000000
26450.000000,1325000.000000,75549924.000000,-0.011600,-0.014500,-0.991800, , , 
26451.000000,1325096.000000,75549924.000000, , , ,0.000000,0.000000,0.000000
26452.000000,1325099.000000,75549924.000000,0.017400,-0.026100,-1.003400, , , 
26453.000000,1325197.000000,75549924.000000, , , ,-0.325195,0.325195,0.000000
26454.000000,1325200.000000,75549924.000000,-0.008700,-0.014500,-1.012100, , , 
26455.000000,1325298.000000,75549924.000000, , , ,-1.300781,0.325195,0.000000
26456.000000,1325299.000000,75549924.000000,-0.029000,-0.034800,-1.038200, , , 
26457.000000,1325399.000000,75549924.000000, , , ,-1.625977,0.000000,0.000000
26458.000000,1325400.000000,75549924.000000,0.008700,-0.023200,-1.026600, , , 
26459.000000,1325499.000000,75549924.000000,0.002900,0.014500,-0.962800, , , 
26460.000000,1325500.000000,75549924.000000, , , ,-0.650391,-0.325195,0.000000
26461.000000,1325600.000000,75549924.000000,-0.023200,-0.023200,-0.986000, , , 
26462.000000,1325601.000000,75549924.000000, , , ,-0.650391,0.000000,0.000000
26463.000000,1325692.000000,75549924.000000, , , ,-1.625977,0.000000,0.000000
26464.000000,1325699.000000,75549924.000000,0.000000,-0.026100,-1.012100, , , 
26465.000000,1325793.000000,75549924.000000, , , ,-0.650391,0.000000,0.000000
26466.000000,1325800.000000,75549924.000000,-0.005800,0.002900,-1.003400, , , 
26467.000000,1325894.000000,75549924.000000, , , ,0.000000,0.650391,0.000000
26468.000000,1325899.000000,75549924.000000,-0.014500,-0.002900,-1.015000, , , 
26469.000000,1325995.000000,75549924.000000, , , ,-0.650391,0.000000,0.000000
26470.000000,1326000.000000,75549924.000000,0.002900,-0.034800,-1.035300, , , 
26471.000000,1326096.000000,75549924.000000, , , ,0.000000,0.650391,0.000000
26472.000000,1326099.000000,75549924.000000,-0.017400,-0.008700,-1.026600, , , 
26473.000000,1326197.000000,75549924.000000, , , ,-0.650391,1.300781,0.000000
26474.000000,1326200.000000,75549924.000000,-0.023200,-0.014500,-1.061400, , , 
26475.000000,1326298.000000,75549924.000000, , , ,-0.650391,0.000000,0.000000
26476.000000,1326299.000000,75549924.000000,0.002900,-0.026100,-1.044000, , , 
26477.000000,1326399.000000,75549924.000000, , , ,-0.650391,0.325195,0.000000
26478.000000,1326400.000000,75549924.000000,-0.008700,-0.023200,-0.986000, , , 
26479.000000,1326499.000000,75549924.000000,-0.008700,-0.020300,-1.000500, , , 
26480.000000,1326500.000000,75549924.000000, , , ,-0.975586,0.325195,0.000000
26481.000000,1326600.000000,75549924.000000,0.005800,-0.026100,-0.997600, , , 
26482.000000,1326601.000000,75549924.000000, , , ,-1.951172,-0.325195,0.000000
26483.000000,1326692.000000,75549924.000000, , , ,-0.975586,0.000000,0.000000
26484.000000,1326699.000000,75549924.000000,-0.017400,-0.008700,-0.980200, , , 
26485.000000,1326793.000000,75549924.000000, , , ,-0.975586,0.000000,0.000000
26486.000000,1326800.000000,75549924.000000,-0.002900,-0.020300,-1.012100, , , 
26487.000000,1326894.000000,75549924.000000, , , ,-1.300781,-0.325195,0.000000
26488.000000,1326899.000000,75549924.000000,0.017400,-0.029000,-0.959900, , , 
26489.000000,1326995.000000,75549924.000000, , , ,-0.975586,-0.325195,0.000000
26490.000000,1327000.000000,75549924.000000,-0.026100,0.002900,-0.951200, , , 
26491.000000,1327096.000000,75549924.000000, , , ,-0.650391,0.000000,0.000000
26492.000000,1327099.000000,75549924.000000,-0.005800,-0.002900,-1.015000, , , 
26493.000000,1327197.000000,75549924.000000, , , ,-0.325195,0.000000,0.000000
26494.000000,1327200.000000,75549924.000000,0.000000,-0.014500,-1.026600, , , 
26495.000000,1327298.000000,75549924.000000, , , ,-0.325195,0.000000,0.000000
26496.000000,1327299.000000,75549924.000000,0.000000,-0.011600,-0.994700, , , 
26497.000000,1327399.000000,75549924.000000, , , ,-0.325195,0.000000,0.000000
26498.000000,1327400.000000,75549924.000000,-0.026100,-0.017400,-0.988900, , , 
26499.000000,1327499.000000,75549924.000000,0.000000,-0.014500,-0.983100, , , 
26500.000000,1327500.000000,75549924.000000, , , ,-0.650391,0.000000,0.000000
26501.000000,1327600.000000,75549924.000000,0.000000,-0.011600,-0.962800, , , 
26502.000000,1327601.000000,75549924.000000, , , ,-0.650391,0.000000,0.000000
26503.000000,1327692.000000,75549924.000000, , , ,0.000000,-0.975586,-0.325195
26504.000000,1327699.000000,75549924.000000,-0.002900,-0.011600,-0.945400, , , 
26505.000000,1327793.000000,75549924.000000, , , ,0.000000,-0.325195,0.000000
26506.000000,1327800.000000,75549924.000000,-0.002900,-0.011600,-0.957000, , , 
26507.000000,1327894.000000,75549924.000000, , , ,-0.325195,0.000000,-0.325195
26508.000000,1327899.000000,75549924.000000,-0.005800,-0.017400,-0.971500, , , 
26509.000000,1327995.000000,75549924.000000, , , ,-0.650391,-0.325195,-0.325195
26510.000000,1328000.000000,75549924.000000,0.000000,-0.017400,-0.977300, , , 
26511.000000,1328096.000000,75549924.000000, , , ,-0.325195,0.000000,-0.325195
26512.000000,1328099.000000,75549924.000000,-0.020300,-0.023200,-1.006300, , , 
26513.000000,1328197.000000,75549924.000000, , , ,0.000000,0.000000,-0.325195
26514.000000,1328200.000000,75549924.000000,0.011600,-0.031900,-1.015000, , , 
26515.000000,1328298.000000,75549924.000000, , , ,-0.650391,0.000000,-0.325195
26516.000000,1328299.000000,75549924.000000,-0.014500,-0.029000,-0.977300, , , 
26517.000000,1328399.000000,75549924.000000, , , ,-0.650391,-0.325195,-0.325195
26518.000000,1328400.000000,75549924.000000,0.014500,-0.031900,-0.974400, , , 
26519.000000,1328499.000000,75549924.000000,-0.002900,-0.023200,-0.986000, , , 
26520.000000,1328500.000000,75549924.000000, , , ,-0.650391,0.325195,-0.325195
26521.000000,1328600.000000,75549924.000000,0.000000,-0.029000,-1.000500, , , 
26522.000000,1328601.000000,75549924.000000, , , ,-0.650391,-0.325195,-0.325195
26523.000000,1328692.000000,75549924.000000, , , ,-0.975586,0.000000,-0.325195
26524.000000,1328699.000000,75549924.000000,0.011600,-0.031900,-0.988900, , , 
26525.000000,1328793.000000,75549924.000000, , , ,-0.650391,-0.325195,0.000000
26526.000000,1328800.000000,75549924.000000,0.020300,-0.031900,-0.945400, , , 
26527.000000,1328894.000000,75549924.000000, , , ,-0.325195,-0.325195,0.000000
26528.000000,1328899.000000,75549924.000000,0.023200,-0.017400,-0.945400, , , 
26529.000000,1328995.000000,75549924.000000, , , ,0.000000,-0.650391,-0.325195
26530.000000,1329000.000000,75549924.000000,0.017400,-0.031900,-0.939600, , , 
26531.000000,1329096.000000,75549924.000000, , , ,-0.975586,-0.975586,-0.325195
26532.000000,1329099.000000,75549924.000000,0.000000,-0.029000,-0.948300, , , 
26533.000000,1329197.000000,75549924.000000, , , ,-0.325195,-0.325195,-0.325195
26534.000000,1329200.000000,75549924.000000,0.014500,-0.034800,-0.988900, , , 
26535.000000,1329298.000000,75549924.000000, , , ,0.000000,0.000000,-0.650391
26536.000000,1329299.000000,75549924.000000,0.017400,-0.037700,-1.000500, , , 
26537.000000,1329399.000000,75549924.000000, , , ,-0.650391,0.000000,-0.325195
26538.000000,1329400.000000,75549924.000000,0.026100,-0.043500,-0.986000, , , 
26539.000000,1329499.000000,75549924.000000,0.031900,-0.008700,-0.933800, , , 
26540.000000,1329500.000000,75549924.000000, , , ,-0.650391,-1.300781,0.000000
26541.000000,1329600.000000,75549924.000000,0.005800,-0.020300,-0.933800, , , 
26542.000000,1329601.000000,75549924.000000, , , ,-0.325195,-0.975586,-0.325195
26543.000000,1329692.000000,75549924.000000, , , ,-0.325195,-0.325195,0.000000
26544.000000,1329699.000000,75549924.000000,0.023200,-0.026100,-0.957000, , , 
26545.000000,1329793.000000,75549924.000000, , , ,-0.975586,0.000000,0.000000
26546.000000,1329800.000000,75549924.000000,0.008700,-0.017400,-0.954100, , , 
26547.000000,1329894.000000,75549924.000000, , , ,-0.650391,-0.650391,0.000000
26548.000000,1329899.000000,75549924.000000,0.026100,-0.014500,-0.959900, , , 
26549.000000,1329995.000000,75549924.000000, , , ,-0.975586,0.000000,0.000000
26550.000000,1330000.000000,75549924.000000,0.000000,-0.031900,-1.012100, , , 
26551.000000,1330096.000000,75549924.000000, , , ,-1.300781,0.000000,0.000000
26552.000000,1330099.000000,75549924.000000,0.023200,-0.026100,-1.029500, , , 
26553.000000,1330197.000000,75549924.000000, , , ,-0.975586,0.325195,0.000000
26554.000000,1330200.000000,75549924.000000,0.023200,-0.008700,-1.003400, , , 
26555.000000,1330298.000000,75549924.000000, , , ,-0.975586,-0.975586,0.000000
26556.000000,1330299.000000,75549924.000000,0.029000,-0.011600,-0.942500, , , 
26557.000000,1330399.000000,75549924.000000, , , ,-0.975586,-0.975586,-0.325195
26558.000000,1330400.000000,75549924.000000,0.020300,-0.023200,-0.945400, , , 
26559.000000,1330499.000000,75549924.000000,0.014500,-0.020300,-0.986000, , , 
26560.000000,1330500.000000,75549924.000000, , , ,-0.650391,0.000000,0.000000
26561.000000,1330600.000000,75549924.000000,0.014500,0.000000,-0.974400, , , 
26562.000000,1330601.000000,75549924.000000, , , ,-0.325195,0.000000,0.000000
26563.000000,1330692.000000,75549924.000000, , , ,0.000000,-0.975586,0.000000
26564.000000,1330699.000000,75549924.000000,0.026100,-0.017400,-0.968600, , , 
26565.000000,1330793.000000,75549924.000000, , , ,0.000000,-0.325195,-0.325195
26566.000000,1330800.000000,75549924.000000,0.000000,-0.026100,-0.986000, , , 
26567.000000,1330894.000000,75549924.000000, , , ,-0.325195,0.325195,0.000000
26568.000000,1330899.000000,75549924.000000,0.017400,-0.017400,-0.994700, , , 
26569.000000,1330995.000000,75549924.000000, , , ,0.000000,0.000000,-0.325195
26570.000000,1331000.000000,75549924.000000,0.023200,-0.023200,-0.991800, , , 
26571.000000,1331096.000000,75549924.000000, , , ,0.000000,-0.975586,0.000000
26572.000000,1331099.000000,75549924.000000,0.023200,-0.029000,-0.997600, , , 
26573.000000,1331197.000000,75549924.000000, , , ,0.000000,0.000000,0.000000
26574.000000,1331200.000000,75549924.000000,0.005800,-0.017400,-0.974400, , , 
26575.000000,1331298.000000,75549924.000000, , , ,0.000000,-0.325195,-0.325195
26576.000000,1331299.000000,75549924.000000,0.031900,-0.034800,-0.983100, , , 
26577.000000,1331399.000000,75549924.000000, , , ,-0.325195,-0.325195,-0.325195
26578.000000,1331400.000000,75549924.000000,0.014500,-0.020300,-0.983100, , , 
26579.000000,1331499.000000,75549924.000000,0.008700,-0.037700,-0.997600, , , 
26580.000000,1331500.000000,75549924.000000, , , ,-0.325195,0.325195,-0.325195
26581.000000,1331600.000000,75549924.000000,0.029000,-0.031900,-0.991800, , , 
26582.000000,1331601.000000,75549924.000000, , , ,-0.325195,-0.650391,-0.325195
26583.000000,1331692.000000,75549924.000000, , , ,-0.325195,-0.325195,-0.650391
26584.000000,1331699.000000,75549924.000000,0.008700,-0.011600,-0.988900, , , 
26585.000000,1331793.000000,75549924.000000, , , ,-0.325195,0.650391,-0.325195
26586.000000,1331800.000000,75549924.000000,0.011600,-0.031900,-1.006300, , , 
26587.000000,1331894.000000,75549924.000000, , , ,-0.975586,0.000000,-0.325195
26588.000000,1331899.000000,75549924.000000,0.026100,-0.063800,-1.003400, , , 
26589.000000,1331995.000000,75549924.000000, , , ,-0.650391,-0.650391,-0.325195
26590.000000,1332000.000000,75549924.000000,0.046400,-0.029000,-0.959900, , , 
26591.000000,1332096.000000,75549924.000000, , , ,-0.650391,-0.325195,-0.325195
26592.000000,1332099.000000,75549924.000000,0.008700,-0.023200,-0.951200, , , 
26593.000000,1332197.000000,75549924.000000, , , ,-0.325195,-0.325195,-0.325195
26594.000000,1332200.000000,75549924.000000,0.023200,-0.017400,-0.974400, , , 
26595.000000,1332298.000000,75549924.000000, , , ,0.000000,0.000000,0.000000
26596.000000,1332300.000000,75549924.000000,-0.005800,-0.008700,-0.986000, , , 
26597.000000,1332398.000000,75549924.000000, , , ,-0.650391,0.000000,0.000000
26598.000000,1332399.000000,75549924.000000,0.005800,-0.023200,-0.991800, , , 
26599.000000,1332499.000000,75549924.000000, , , ,-0.650391,-0.325195,0.000000
26600.000000,1332500.000000,75549924.000000,0.008700,0.000000,-0.983100, , , 
26601.000000,1332599.000000,75549924.000000,0.005800,-0.014500,-0.986000, , , 
26602.000000,1332600.000000,75549924.000000, , , ,-0.650391,0.000000,0.000000
26603.000000,1332700.000000,75549924.000000,0.005800,-0.008700,-0.988900, , , 
26604.000000,1332701.000000,75549924.000000, , , ,-0.975586,-0.650391,0.000000
26605.000000,1332800.000000,75549924.000000,0.005800,0.005800,-0.988900, , , 
26606.000000,1332801.000000,75549924.000000, , , ,-0.975586,-0.325195,0.000000
26607.000000,1332892.000000,75549924.000000, , , ,-0.650391,0.325195,0.000000
26608.000000,1332899.000000,75549924.000000,-0.005800,0.002900,-1.006300, , , 
26609.000000,1332993.000000,75549924.000000, , , ,-1.300781,0.000000,0.000000
26610.000000,1333000.000000,75549924.000000,0.011600,0.011600,-1.017900, , , 
26611.000000,1333094.000000,75549924.000000, , , ,0.000000,-0.325195,0.000000
26612.000000,1333099.000000,75549924.000000,-0.002900,0.008700,-0.988900, , , 
26613.000000,1333195.000000,75549924.000000, , , ,0.000000,-0.325195,-0.325195
26614.000000,1333200.000000,75549924.000000,0.000000,0.000000,-0.983100, , , 
26615.000000,1333296.000000,75549924.000000, , , ,-0.975586,-0.325195,0.325195
26616.000000,1333299.000000,75549924.000000,0.020300,-0.020300,-0.962800, , , 
26617.000000,1333397.000000,75549924.000000, , , ,-0.325195,-0.650391,0.000000
26618.000000,1333400.000000,75549924.000000,0.000000,0.000000,-0.959900, , , 
26619.000000,1333498.000000,75549924.000000, , , ,-0.650391,0.000000,0.000000
26620.000000,1333499.000000,75549924.000000,-0.011600,-0.014500,-1.000500, , , 
26621.000000,1333599.000000,75549924.000000, , , ,-0.975586,0.650391,0.000000
26622.000000,1333600.000000,75549924.000000,0.002900,0.011600,-1.032400, , , 
26623.000000,1333699.000000,75549924.000000,0.000000,0.000000,-0.997600, , , 
26624.000000,1333700.000000,75549924.000000, , , ,0.000000,-0.325195,0.000000
26625.000000,1333800.000000,75549924.000000,0.008700,0.000000,-0.959900, , , 
26626.000000,1333801.000000,75549924.000000, , , ,-0.325195,-0.325195,0.000000
26627.000000,1333892.000000,75549924.000000, , , ,-0.650391,-0.650391,0.000000
26628.000000,1333899.000000,75549924.000000,-0.005800,-0.011600,-0.962800, , , 
26629.000000,1333993.000000,75549924.000000, , , ,-0.650391,0.325195,0.000000
26630.000000,1334000.000000,75549924.000000,-0.011600,0.005800,-1.006300, , , 
26631.000000,1334094.000000,75549924.000000, , , ,-0.650391,0.325195,0.000000
26632.000000,1334099.000000,75549924.000000,-0.008700,-0.008700,-1.029500, , , 
26633.000000,1334195.000000,75549924.000000, , , ,-0.975586,0.650391,-0.650391
26634.000000,1334200.000000,75549924.000000,0.005800,-0.008700,-1.041100, , , 
26635.000000,1334296.000000,75549924.000000, , , ,-0.650391,0.325195,0.000000
26636.000000,1334299.000000,75549924.000000,0.002900,0.020300,-1.003400, , , 
26637.000000,1334397.000000,75549924.000000, , , ,0.000000,-0.650391,0.000000
26638.000000,1334400.000000,75549924.000000,0.005800,-0.002900,-0.951200, , , 
26639.000000,1334498.000000,75549924.000000, , , ,0.325195,-0.325195,0.000000
26640.000000,1334499.000000,75549924.000000,-0.008700,-0.008700,-0.959900, , , 
26641.000000,1334599.000000,75549924.000000, , , ,0.325195,0.975586,0.000000
26642.000000,1334600.000000,75549924.000000,-0.020300,-0.002900,-1.029500, , , 
26643.000000,1334699.000000,75549924.000000,0.011600,-0.043500,-1.035300, , , 
26644.000000,1334700.000000,75549924.000000, , , ,0.000000,0.650391,-0.650391
26645.000000,1334800.000000,75549924.000000,0.008700,-0.020300,-0.983100, , , 
26646.000000,1334801.000000,75549924.000000, , , ,0.000000,-0.325195,-0.325195
26647.000000,1334892.000000,75549924.000000, , , ,0.000000,-0.650391,-0.325195
26648.000000,1334899.000000,75549924.000000,-0.008700,-0.029000,-0.962800, , , 
26649.000000,1334993.000000,75549924.000000, , , ,-0.650391,0.325195,-0.325195
26650.000000,1335000.000000,75549924.000000,-0.020300,-0.023200,-1.015000, , , 
26651.000000,1335094.000000,75549924.000000, , , ,-0.650391,0.325195,-0.325195
26652.000000,1335099.000000,75549924.000000,0.026100,-0.020300,-1.000500, , , 
26653.000000,1335195.000000,75549924.000000, , , ,-0.325195,0.000000,-0.325195
26654.000000,1335200.000000,75549924.000000,-0.020300,-0.029000,-0.988900, , , 
26655.000000,1335296.000000,75549924.000000, , , ,-1.300781,0.975586,-0.325195
26656.000000,1335299.000000,75549924.000000,-0.008700,-0.034800,-1.035300, , , 
26657.000000,1335397.000000,75549924.000000, , , ,-1.300781,0.325195,-0.325195
26658.000000,1335400.000000,75549924.000000,0.002900,-0.023200,-1.046900, , , 
26659.000000,1335498.000000,75549924.000000, , , ,-0.650391,0.325195,-0.325195
26660.000000,1335499.000000,75549924.000000,-0.002900,-0.023200,-1.015000, , , 
26661.000000,1335599.000000,75549924.000000, , , ,-1.300781,0.000000,-0.325195
26662.000000,1335600.000000,75549924.000000,0.005800,-0.014500,-0.986000, , , 
26663.000000,1335699.000000,75549924.000000,0.002900,-0.011600,-0.986000, , , 
26664.000000,1335700.000000,75549924.000000, , , ,0.000000,0.000000,0.000000
26665.000000,1335800.000000,75549924.000000,0.005800,-0.008700,-0.962800, , , 
26666.000000,1335801.000000,75549924.000000, , , ,-0.325195,-0.325195,-0.325195
26667.000000,1335892.000000,75549924.000000, , , ,-0.650391,-0.325195,0.000000
26668.000000,1335899.000000,75549924.000000,-0.011600,-0.023200,-0.962800, , , 
26669.000000,1335993.000000,75549924.000000, , , ,-0.325195,0.000000,-0.325195
26670.000000,1336000.000000,75549924.000000,-0.002900,-0.008700,-1.017900, , , 
26671.000000,1336094.000000,75549924.000000, , , ,-0.325195,0.000000,0.000000
26672.000000,1336099.000000,75549924.000000,0.011600,-0.034800,-0.977300, , , 
26673.000000,1336195.000000,75549924.000000, , , ,-0.975586,-0.975586,0.000000
26674.000000,1336200.000000,75549924.000000,0.000000,-0.011600,-0.954100, , , 
26675.000000,1336296.000000,75549924.000000, , , ,-0.650391,-0.325195,0.000000
26676.000000,1336299.000000,75549924.000000,0.002900,-0.020300,-0.959900, , , 
26677.000000,1336397.000000,75549924.000000, , , ,-0.325195,-0.650391,-0.325195
26678.000000,1336400.000000,75549924.000000,0.014500,-0.014500,-0.933800, , , 
26679.000000,1336498.000000,75549924.000000, , , ,-0.325195,-0.975586,0.000000
26680.000000,1336499.000000,75549924.000000,-0.014500,-0.023200,-0.942500, , , 
26681.000000,1336599.000000,75549924.000000, , , ,-0.650391,-0.325195,0.000000
26682.000000,1336600.000000,75549924.000000,0.014500,-0.017400,-0.965700, , , 
26683.000000,1336699.000000,75549924.000000,0.000000,-0.017400,-0.971500, , , 
26684.000000,1336700.000000,75549924.000000, , , ,-0.650391,-0.650391,-0.325195
26685.000000,1336800.000000,75549924.000000,0.005800,-0.029000,-0.997600, , , 
26686.000000,1336801.000000,75549924.000000, , , ,-0.650391,0.000000,0.000000
26687.000000,1336892.000000,75549924.000000, , , ,-0.975586,0.325195,0.000000
26688.000000,1336899.000000,75549924.000000,0.000000,-0.037700,-0.997600, , , 
26689.000000,1336993.000000,75549924.000000, , , ,-0.650391,0.000000,-0.325195
26690.000000,1337000.000000,75549924.000000,0.031900,-0.040600,-1.000500, , , 
26691.000000,1337094.000000,75549924.000000, , , ,0.000000,0.000000,-0.325195
26692.000000,1337099.000000,75549924.000000,0.002900,-0.002900,-0.988900, , , 
26693.000000,1337195.000000,75549924.000000, , , ,-0.650391,0.325195,-0.325195
26694.000000,1337200.000000,75549924.000000,0.017400,-0.037700,-0.994700, , , 
26695.000000,1337296.000000,75549924.000000, , , ,-0.650391,0.325195,0.000000
26696.000000,1337299.000000,75549924.000000,0.020300,-0.026100,-1.020800, , , 
26697.000000,1337397.000000,75549924.000000, , , ,-0.650391,0.000000,0.000000
26698.000000,1337400.000000,75549924.000000,0.023200,-0.029000,-1.000500, , , 
26699.000000,1337498.000000,75549924.000000, , , ,-0.650391,-0.975586,-0.325195
26700.000000,1337499.000000,75549924.000000,0.011600,-0.029000,-0.939600, , , 
26701.000000,1337599.000000,75549924.000000, , , ,-0.325195,-0.325195,0.000000
26702.000000,1337600.000000,75549924.000000,0.005800,-0.005800,-0.954100, , , 
26703.000000,1337699.000000,75549924.000000,0.011600,-0.008700,-0.968600, , , 
26704.000000,1337700.000000,75549924.000000, , , ,-0.325195,-0.975586,-0.325195
26705.000000,1337800.000000,75549924.000000,-0.002900,-0.017400,-0.994700, , , 
26706.000000,1337801.000000,75549924.000000, , , ,0.000000,0.000000,-0.325195
26707.000000,1337892.000000,75549924.000000, , , ,0.000000,0.325195,-0.325195
26708.000000,1337899.000000,75549924.000000,0.017400,-0.034800,-1.017900, , , 
26709.000000,1337993.000000,75549924.000000, , , ,-0.325195,0.650391,-0.325195
26710.000000,1338000.000000,75549924.000000,0.005800,-0.034800,-1.012100, , , 
26711.000000,1338094.000000,75549924.000000, , , ,-0.325195,-0.325195,0.000000
26712.000000,1338099.000000,75549924.000000,0.034800,-0.029000,-0.983100, , , 
26713.000000,1338195.000000,75549924.000000, , , ,-0.650391,-0.325195,-0.325195
26714.000000,1338200.000000,75549924.000000,0.008700,-0.020300,-0.971500, , , 
26715.000000,1338296.000000,75549924.000000, , , ,0.000000,0.000000,0.000000
26716.000000,1338301.000000,75549924.000000,0.020300,-0.023200,-0.971500, , , 
26717.000000,1338396.000000,75549924.000000, , , ,-0.650391,0.000000,0.000000
26718.000000,1338399.000000,75549924.000000,0.011600,-0.031900,-0.977300, , , 
26719.000000,1338497.000000,75549924.000000, , , ,-0.650391,-0.325195,-0.650391
26720.000000,1338500.000000,75549924.000000,0.031900,-0.026100,-0.951200, , , 
26721.000000,1338598.000000,75549924.000000, , , ,-0.325195,-1.625977,0.000000
26722.000000,1338599.000000,75549924.000000,0.014500,-0.031900,-0.957000, , , 
26723.000000,1338699.000000,75549924.000000, , , ,-0.975586,0.650391,0.000000
26724.000000,1338700.000000,75549924.000000,-0.002900,-0.029000,-1.012100, , , 
26725.000000,1338799.000000,75549924.000000,0.037700,-0.011600,-0.986000, , , 
26726.000000,1338800.000000,75549924.000000, , , ,-0.975586,0.000000,-0.325195
26727.000000,1338900.000000,75549924.000000,0.043500,-0.020300,-0.901900, , , 
26728.000000,1338901.000000,75549924.000000, , , ,-0.650391,-2.276367,-0.325195
26729.000000,1338992.000000,75549924.000000, , , ,0.000000,-2.276367,-0.325195
26730.000000,1338999.000000,75549924.000000,0.002900,-0.014500,-0.878700, , , 
26731.000000,1339093.000000,75549924.000000, , , ,-0.325195,0.650391,0.000000
26732.000000,1339100.000000,75549924.000000,-0.002900,-0.002900,-0.962800, , , 
26733.000000,1339194.000000,75549924.000000, , , ,-0.650391,-0.325195,-0.325195
26734.000000,1339199.000000,75549924.000000,0.043500,-0.023200,-0.994700, , , 
26735.000000,1339295.000000,75549924.000000, , , ,-0.325195,-0.975586,-0.325195
26736.000000,1339300.000000,75549924.000000,0.005800,-0.020300,-0.957000, , , 
26737.000000,1339396.000000,75549924.000000, , , ,0.000000,-0.975586,-0.325195
26738.000000,1339399.000000,75549924.000000,0.020300,-0.023200,-0.936700, , , 
26739.000000,1339497.000000,75549924.000000, , , ,-0.650391,-0.975586,-0.325195
26740.000000,1339500.000000,75549924.000000,0.005800,-0.017400,-0.948300, , , 
26741.000000,1339598.000000,75549924.000000, , , ,-0.975586,-0.975586,0.000000
26742.000000,1339599.000000,75549924.000000,0.023200,-0.020300,-0.939600, , , 
26743.000000,1339699.000000,75549924.000000, , , ,-0.650391,-0.325195,0.000000
26744.000000,1339700.000000,75549924.000000,0.026100,-0.040600,-0.954100, , , 
26745.000000,1339799.000000,75549924.000000,0.020300,-0.008700,-0.948300, , , 
26746.000000,1339800.000000,75549924.000000, , , ,-0.650391,-0.325195,0.000000
26747.000000,1339900.000000,75549924.000000,0.008700,-0.020300,-0.942500, , , 
26748.000000,1339901.000000,75549924.000000, , , ,-0.325195,-1.300781,0.000000
26749.000000,1339992.000000,75549924.000000, , , ,-0.650391,0.000000,-0.325195
26750.000000,1339999.000000,75549924.000000,0.008700,-0.026100,-0.980200, , , 
26751.000000,1340093.000000,75549924.000000, , , ,-1.300781,0.000000,-0.325195
26752.000000,1340100.000000,75549924.000000,0.017400,-0.023200,-0.986000, , , 
26753.000000,1340194.000000,75549924.000000, , , ,-0.975586,0.000000,0.000000
26754.000000,1340199.000000,75549924.000000,0.008700,-0.031900,-0.988900, , , 
26755.000000,1340295.000000,75549924.000000, , , ,-0.650391,-0.325195,0.000000
26756.000000,1340300.000000,75549924.000000,0.026100,-0.020300,-0.962800, , , 
26757.000000,1340396.000000,75549924.000000, , , ,-0.650391,-0.650391,-0.325195
26758.000000,1340399.000000,75549924.000000,0.023200,-0.020300,-0.939600, , , 
26759.000000,1340497.000000,75549924.000000, , , ,-1.300781,-0.325195,0.000000
26760.000000,1340500.000000,75549924.000000,0.000000,-0.023200,-0.974400, , , 
26761.000000,1340598.000000,75549924.000000, , , ,-0.325195,0.000000,0.000000
26762.000000,1340599.000000,75549924.000000,0.026100,0.000000,-0.974400, , , 
26763.000000,1340699.000000,75549924.000000, , , ,-0.325195,-0.325195,0.000000
26764.000000,1340700.000000,75549924.000000,0.008700,-0.014500,-0.951200, , , 
26765.000000,1340799.000000,75549924.000000,0.008700,-0.026100,-0.977300, , , 
26766.000000,1340800.000000,75549924.000000, , , ,-0.650391,-0.325195,0.000000
26767.000000,1340900.000000,75549924.000000,0.020300,-0.011600,-0.971500, , , 
26768.000000,1340901.000000,75549924.000000, , , ,-0.650391,-0.325195,0.000000
26769.000000,1340992.000000,75549924.000000, , , ,-1.300781,-0.650391,0.000000
26770.000000,1340999.000000,75549924.000000,0.017400,0.000000,-0.971500, , , 
26771.000000,1341093.000000,75549924.000000, , , ,-0.325195,0.000000,0.000000
26772.000000,1341100.000000,75549924.000000,0.017400,-0.026100,-0.986000, , , 
26773.000000,1341194.000000,75549924.000000, , , ,-0.650391,0.000000,0.000000
26774.000000,1341199.000000,75549924.000000,0.000000,-0.008700,-0.991800, , , 
26775.000000,1341295.000000,75549924.000000, , , ,-0.325195,0.000000,0.000000
26776.000000,1341300.000000,75549924.000000,-0.002900,-0.026100,-1.020800, , , 
26777.000000,1341396.000000,75549924.000000, , , ,-0.325195,0.000000,-0.325195
26778.000000,1341399.000000,75549924.000000,0.023200,-0.014500,-1.020800, , , 
26779.000000,1341497.000000,75549924.000000, , , ,-0.325195,-0.650391,-0.650391
26780.000000,1341500.000000,75549924.000000,0.000000,-0.017400,-0.988900, , , 
26781.000000,1341598.000000,75549924.000000, , , ,0.000000,0.650391,-0.325195
26782.000000,1341599.000000,75549924.000000,-0.008700,-0.026100,-0.991800, , , 
26783.000000,1341699.000000,75549924.000000, , , ,-0.325195,-0.650391,0.000000
26784.000000,1341700.000000,75549924.000000,0.026100,-0.043500,-0.974400, , , 
26785.000000,1341799.000000,75549924.000000,-0.008700,-0.008700,-0.954100, , , 
26786.000000,1341800.000000,75549924.000000, , , ,0.000000,-0.975586,0.000000
26787.000000,1341900.000000,75549924.000000,0.000000,-0.031900,-0.957000, , , 
26788.000000,1341901.000000,75549924.000000, , , ,0.000000,-0.325195,-0.325195
26789.000000,1341992.000000,75549924.000000, , , ,0.000000,0.000000,-0.325195
26790.000000,1341999.000000,75549924.000000,-0.023200,-0.005800,-0.983100, , , 
26791.000000,1342093.000000,75549924.000000, , , ,-0.325195,0.325195,0.000000
26792.000000,1342100.000000,75549924.000000,0.000000,-0.029000,-1.055600, , , 
26793.000000,1342194.000000,75549924.000000, , , ,-0.325195,0.975586,0.000000
26794.000000,1342199.000000,75549924.000000,-0.008700,-0.034800,-1.055600, , , 
26795.000000,1342295.000000,75549924.000000, , , ,-0.650391,0.325195,0.000000
26796.000000,1342300.000000,75549924.000000,-0.005800,-0.029000,-1.035300, , , 
26797.000000,1342396.000000,75549924.000000, , , ,-0.650391,0.325195,0.000000
26798.000000,1342399.000000,75549924.000000,-0.017400,-0.029000,-1.017900, , , 
26799.000000,1342497.000000,75549924.000000, , , ,-0.975586,0.325195,0.000000
26800.000000,1342500.000000,75549924.000000,0.005800,-0.026100,-0.991800, , , 
26801.000000,1342598.000000,75549924.000000, , , ,-0.975586,0.000000,0.000000
26802.000000,1342599.000000,75549924.000000,-0.008700,-0.017400,-0.959900, , , 
26803.000000,1342699.000000,75549924.000000, , , ,-0.650391,0.000000,0.000000
26804.000000,1342700.000000,75549924.000000,-0.005800,-0.020300,-0.968600, , , 
26805.000000,1342799.000000,75549924.000000,-0.014500,-0.023200,-0.974400, , , 
26806.000000,1342800.000000,75549924.000000, , , ,-1.300781,-0.325195,0.000000
26807.000000,1342900.000000,75549924.000000,-0.026100,-0.029000,-1.003400, , , 
26808.000000,1342901.000000,75549924.000000, , , ,-1.625977,0.000000,0.000000
26809.000000,1342992.000000,75549924.000000, , , ,-1.300781,-0.325195,-0.325195
26810.000000,1342999.000000,75549924.000000,-0.005800,-0.031900,-1.017900, , , 
26811.000000,1343093.000000,75549924.000000, , , ,-0.975586,0.650391,0.000000
26812.000000,1343100.000000,75549924.000000,-0.020300,0.000000,-1.015000, , , 
26813.000000,1343194.000000,75549924.000000, , , ,0.000000,0.000000,-0.325195
26814.000000,1343199.000000,75549924.000000,-0.008700,0.000000,-1.000500, , , 
26815.000000,1343295.000000,75549924.000000, , , ,-0.325195,0.000000,0.000000
26816.000000,1343300.000000,75549924.000000,-0.014500,-0.020300,-0.980200, , , 
26817.000000,1343396.000000,75549924.000000, , , ,-0.325195,0.000000,-0.325195
26818.000000,1343399.000000,75549924.000000,-0.008700,-0.029000,-0.994700, , , 
26819.000000,1343497.000000,75549924.000000, , , ,0.000000,-0.325195,0.000000
26820.000000,1343500.000000,75549924.000000,-0.023200,-0.023200,-0.974400, , , 
26821.000000,1343598.000000,75549924.000000, , , ,-0.975586,0.000000,0.000000
26822.000000,1343599.000000,75549924.000000,-0.020300,-0.040600,-1.020800, , , 
26823.000000,1343699.000000,75549924.000000, , , ,-0.975586,0.325195,0.000000
26824.000000,1343700.000000,75549924.000000,-0.008700,-0.011600,-1.020800, , , 
26825.000000,1343799.000000,75549924.000000,-0.020300,-0.014500,-0.997600, , , 
26826.000000,1343800.000000,75549924.000000, , , ,-0.650391,0.000000,0.000000
26827.000000,1343900.000000,75549924.000000,-0.014500,-0.011600,-0.983100, , , 
26828.000000,1343901.000000,75549924.000000, , , ,0.000000,-0.325195,0.000000
26829.000000,1343992.000000,75549924.000000, , , ,0.000000,-0.325195,0.000000
26830.000000,1343999.000000,75549924.000000,-0.008700,-0.014500,-0.988900, , , 
26831.000000,1344093.000000,75549924.000000, , , ,0.000000,0.325195,-0.325195
26832.000000,1344100.000000,75549924.000000,-0.026100,-0.031900,-0.997600, , , 
26833.000000,1344194.000000,75549924.000000, , , ,-0.650391,-0.325195,-0.325195
26834.000000,1344199.000000,75549924.000000,0.002900,-0.040600,-0.986000, , , 
26835.000000,1344295.000000,75549924.000000, , , ,-0.325195,-1.300781,0.000000
26836.000000,1344300.000000,75549924.000000,-0.002900,-0.029000,-0.954100, , , 
26837.000000,1344396.000000,75549924.000000, , , ,-0.650391,0.000000,-0.325195
26838.000000,1344399.000000,75549924.000000,-0.034800,-0.037700,-0.980200, , , 
26839.000000,1344497.000000,75549924.000000, , , ,-0.650391,0.000000,-0.325195
26840.000000,1344500.000000,75549924.000000,0.000000,-0.029000,-1.015000, , , 
26841.000000,1344598.000000,75549924.000000, , , ,0.000000,0.000000,-0.325195
26842.000000,1344599.000000,75549924.000000,-0.017400,-0.008700,-1.009200, , , 
26843.000000,1344699.000000,75549924.000000, , , ,0.000000,0.000000,-0.650391
26844.000000,1344700.000000,75549924.000000,-0.014500,-0.046400,-1.012100, , , 
26845.000000,1344799.000000,75549924.000000,0.005800,-0.046400,-1.003400, , , 
26846.000000,1344800.000000,75549924.000000, , , ,-0.325195,-0.325195,-0.650391
26847.000000,1344900.000000,75549924.000000,-0.011600,-0.040600,-0.968600, , , 
26848.000000,1344901.000000,75549924.000000, , , ,-0.325195,0.325195,-0.975586
26849.000000,1344992.000000,75549924.000000, , , ,-0.325195,0.000000,-0.325195
26850.000000,1344999.000000,75549924.000000,-0.008700,-0.046400,-0.980200, , , 
26851.000000,1345093.000000,75549924.000000, , , ,0.000000,-0.650391,-0.975586
26852.000000,1345100.000000,75549924.000000,-0.008700,-0.046400,-0.988900, , , 
26853.000000,1345194.000000,75549924.000000, , , ,-0.650391,0.000000,-0.650391
26854.000000,1345199.000000,75549924.000000,-0.002900,-0.049300,-0.991800, , , 
26855.000000,1345295.000000,75549924.000000, , , ,0.000000,0.325195,-0.325195
26856.000000,1345300.000000,75549924.000000,-0.008700,-0.063800,-1.006300, , , 
26857.000000,1345396.000000,75549924.000000, , , ,-0.975586,0.000000,-0.325195
26858.000000,1345399.000000,75549924.000000,0.008700,-0.049300,-0.994700, , , 
26859.000000,1345497.000000,75549924.000000, , , ,-0.975586,-1.300781,0.000000
26860.000000,1345500.000000,75549924.000000,0.011600,-0.052200,-0.936700, , , 
26861.000000,1345598.000000,75549924.000000, , , ,0.000000,0.000000,-0.975586
26862.000000,1345601.000000,75549924.000000,-0.014500,-0.040600,-0.983100, , , 
26863.000000,1345698.000000,75549924.000000, , , ,-0.650391,0.325195,-0.650391
26864.000000,1345699.000000,75549924.000000,0.000000,-0.023200,-1.009200, , , 
26865.000000,1345799.000000,75549924.000000, , , ,0.000000,0.000000,-0.650391
26866.000000,1345800.000000,75549924.000000,0.002900,-0.040600,-0.980200, , , 
26867.000000,1345899.000000,75549924.000000,0.014500,-0.037700,-0.980200, , , 
26868.000000,1345900.000000,75549924.000000, , , ,0.000000,-0.975586,0.000000
26869.000000,1346000.000000,75549924.000000,-0.005800,-0.029000,-0.965700, , , 
26870.000000,1346001.000000,75549924.000000, , , ,-0.650391,0.325195,0.000000
26871.000000,1346092.000000,75549924.000000, , , ,-1.300781,0.000000,0.000000
26872.000000,1346099.000000,75549924.000000,0.026100,-0.031900,-0.980200, , , 
26873.000000,1346193.000000,75549924.000000, , , ,-0.650391,-0.325195,0.000000
26874.000000,1346200.000000,75549924.000000,0.011600,-0.026100,-1.003400, , , 
26875.000000,1346294.000000,75549924.000000, , , ,-0.650391,-0.650391,-0.325195
26876.000000,1346299.000000,75549924.000000,0.026100,-0.011600,-0.933800, , , 
26877.000000,1346395.000000,75549924.000000, , , ,-0.650391,-0.975586,0.000000
26878.000000,1346400.000000,75549924.000000,-0.005800,0.005800,-0.948300, , , 
26879.000000,1346496.000000,75549924.000000, , , ,-0.325195,0.325195,0.000000
26880.000000,1346499.000000,75549924.000000,-0.002900,-0.017400,-1.020800, , , 
26881.000000,1346597.000000,75549924.000000, , , ,-0.650391,0.975586,-0.325195
26882.000000,1346600.000000,75549924.000000,0.000000,-0.029000,-1.052700, , , 
26883.000000,1346698.000000,75549924.000000, , , ,-0.325195,0.000000,0.000000
26884.000000,1346699.000000,75549924.000000,0.037700,-0.020300,-1.015000, , , 
26885.000000,1346799.000000,75549924.000000, , , ,-0.975586,-0.325195,-0.325195
26886.000000,1346800.000000,75549924.000000,0.011600,-0.017400,-0.968600, , , 
26887.000000,1346899.000000,75549924.000000,0.000000,-0.023200,-0.997600, , , 
26888.000000,1346900.000000,75549924.000000, , , ,-0.650391,0.325195,0.000000
26889.000000,1347000.000000,75549924.000000,0.020300,-0.029000,-1.003400, , , 
26890.000000,1347001.000000,75549924.000000, , , ,-0.650391,0.650391,0.000000
26891.000000,1347092.000000,75549924.000000, , , ,-0.650391,-0.650391,-0.325195
26892.000000,1347099.000000,75549924.000000,0.014500,-0.017400,-0.974400, , , 
26893.000000,1347193.000000,75549924.000000, , , ,-0.650391,0.000000,-0.325195
26894.000000,1347200.000000,75549924.000000,0.002900,-0.026100,-1.015000, , , 
26895.000000,1347294.000000,75549924.000000, , , ,-0.325195,0.650391,-0.325195
26896.000000,1347299.000000,75549924.000000,0.011600,-0.031900,-1.023700, , , 
26897.000000,1347395.000000,75549924.000000, , , ,-0.650391,0.000000,-0.325195
26898.000000,1347400.000000,75549924.000000,0.008700,-0.031900,-0.986000, , , 
26899.000000,1347496.000000,75549924.000000, , , ,-0.650391,0.000000,-0.325195
26900.000000,1347499.000000,75549924.000000,0.005800,-0.023200,-1.015000, , , 
26901.000000,1347597.000000,75549924.000000, , , ,-0.650391,1.300781,-0.325195
26902.000000,1347600.000000,75549924.000000,0.005800,-0.034800,-1.044000, , , 
26903.000000,1347698.000000,75549924.000000, , , ,-0.650391,0.000000,-0.325195
26904.000000,1347699.000000,75549924.000000,0.043500,-0.026100,-0.968600, , , 
26905.000000,1347799.000000,75549924.000000, , , ,-0.975586,-0.975586,-0.650391
26906.000000,1347800.000000,75549924.000000,0.002900,-0.043500,-0.957000, , , 
26907.000000,1347899.000000,75549924.000000,-0.005800,-0.040600,-0.994700, , , 
26908.000000,1347900.000000,75549924.000000, , , ,-1.300781,0.325195,-0.325195
26909.000000,1348000.000000,75549924.000000,0.020300,-0.029000,-1.017900, , , 
26910.000000,1348001.000000,75549924.000000, , , ,-0.650391,0.650391,-0.650391
26911.000000,1348092.000000,75549924.000000, , , ,-0.650391,0.000000,-0.325195
26912.000000,1348099.000000,75549924.000000,0.023200,-0.031900,-0.997600, , , 
26913.000000,1348193.000000,75549924.000000, , , ,-0.325195,-0.650391,-0.650391
26914.000000,1348200.000000,75549924.000000,0.008700,-0.043500,-0.965700, , , 
26915.000000,1348294.000000,75549924.000000, , , ,-0.650391,-0.325195,-0.650391
26916.000000,1348299.000000,75549924.000000,0.011600,-0.031900,-0.968600, , , 
26917.000000,1348395.000000,75549924.000000, , , ,-0.975586,-0.325195,0.000000
26918.000000,1348400.000000,75549924.000000,0.029000,-0.029000,-0.971500, , , 
26919.000000,1348496.000000,75549924.000000, , , ,-0.650391,-0.975586,-0.325195
26920.000000,1348499.000000,75549924.000000,0.005800,-0.031900,-0.948300, , , 
26921.000000,1348597.000000,75549924.000000, , , ,-0.650391,0.325195,0.000000
26922.000000,1348600.000000,75549924.000000,-0.002900,-0.043500,-0.988900, , , 
26923.000000,1348698.000000,75549924.000000, , , ,-1.625977,-0.325195,-0.325195
26924.000000,1348699.000000,75549924.000000,0.011600,-0.029000,-1.009200, , , 
26925.000000,1348799.000000,75549924.000000, , , ,-1.300781,-0.650391,0.000000
26926.000000,1348800.000000,75549924.000000,0.020300,-0.011600,-0.983100, , , 
26927.000000,1348899.000000,75549924.000000,-0.011600,-0.008700,-0.997600, , , 
26928.000000,1348900.000000,75549924.000000, , , ,-0.975586,0.325195,0.000000
26929.000000,1349000.000000,75549924.000000,0.017400,-0.014500,-1.012100, , , 
26930.000000,1349001.000000,75549924.000000, , , ,-0.975586,0.325195,0.650391
26931.000000,1349092.000000,75549924.000000, , , ,-1.300781,-0.325195,0.000000
26932.000000,1349099.000000,75549924.000000,0.014500,0.002900,-0.983100, , , 
26933.000000,1349193.000000,75549924.000000, , , ,-0.975586,-0.650391,0.000000
26934.000000,1349200.000000,75549924.000000,0.026100,0.002900,-0.951200, , , 
26935.000000,1349294.000000,75549924.000000, , , ,0.000000,-0.650391,0.000000
26936.000000,1349299.000000,75549924.000000,0.005800,0.002900,-0.936700, , , 
26937.000000,1349395.000000,75549924.000000, , , ,0.000000,-0.975586,0.325195
26938.000000,1349400.000000,75549924.000000,0.005800,-0.002900,-0.959900, , , 
26939.000000,1349496.000000,75549924.000000, , , ,0.000000,0.000000,-0.325195
26940.000000,1349499.000000,75549924.000000,0.017400,-0.017400,-0.977300, , , 
26941.000000,1349597.000000,75549924.000000, , , ,-0.975586,0.000000,0.000000
26942.000000,1349600.000000,75549924.000000,0.002900,-0.026100,-0.977300, , , 
26943.000000,1349698.000000,75549924.000000, , , ,-0.325195,0.000000,0.000000
26944.000000,1349699.000000,75549924.000000,0.020300,-0.020300,-0.968600, , , 
26945.000000,1349799.000000,75549924.000000, , , ,-0.650391,-0.325195,-0.325195
26946.000000,1349800.000000,75549924.000000,0.005800,-0.014500,-0.974400, , , 
26947.000000,1349899.000000,75549924.000000,0.011600,-0.034800,-0.988900, , , 
26948.000000,1349900.000000,75549924.000000, , , ,-0.650391,0.325195,0.000000
26949.000000,1350000.000000,75549924.000000,0.005800,-0.020300,-0.991800, , , 
26950.000000,1350001.000000,75549924.000000, , , ,-0.650391,-0.325195,-0.325195
26951.000000,1350092.000000,75549924.000000, , , ,-0.325195,0.000000,0.000000
26952.000000,1350099.000000,75549924.000000,0.000000,-0.017400,-0.986000, , , 
26953.000000,1350193.000000,75549924.000000, , , ,-0.650391,0.325195,0.000000
26954.000000,1350200.000000,75549924.000000,0.011600,-0.002900,-1.017900, , , 
26955.000000,1350294.000000,75549924.000000, , , ,-0.650391,0.000000,-0.325195
26956.000000,1350299.000000,75549924.000000,0.031900,-0.020300,-0.986000, , , 
26957.000000,1350395.000000,75549924.000000, , , ,-0.325195,-0.975586,-0.325195
26958.000000,1350400.000000,75549924.000000,0.005800,-0.002900,-0.936700, , , 
26959.000000,1350496.000000,75549924.000000, , , ,0.000000,-0.650391,-0.325195
26960.000000,1350499.000000,75549924.000000,0.008700,-0.026100,-0.974400, , , 
26961.000000,1350597.000000,75549924.000000, , , ,-0.325195,-0.650391,-0.325195
26962.000000,1350600.000000,75549924.000000,0.040600,-0.031900,-0.951200, , , 
26963.000000,1350698.000000,75549924.000000, , , ,0.000000,0.000000,0.325195
26964.000000,1350699.000000,75549924.000000,0.000000,-0.014500,-0.957000, , , 
26965.000000,1350799.000000,75549924.000000, , , ,0.000000,0.000000,-0.325195
26966.000000,1350800.000000,75549924.000000,0.000000,-0.031900,-1.006300, , , 
26967.000000,1350899.000000,75549924.000000,0.014500,-0.037700,-1.017900, , , 
26968.000000,1350900.000000,75549924.000000, , , ,0.000000,-0.325195,-0.650391
26969.000000,1351000.000000,75549924.000000,0.002900,-0.046400,-1.012100, , , 
26970.000000,1351001.000000,75549924.000000, , , ,-0.325195,0.325195,-0.325195
26971.000000,1351092.000000,75549924.000000, , , ,-0.325195,0.650391,-0.325195
26972.000000,1351099.000000,75549924.000000,0.017400,-0.046400,-0.988900, , , 
26973.000000,1351193.000000,75549924.000000, , , ,-0.650391,-1.300781,-0.325195
26974.000000,1351200.000000,75549924.000000,0.023200,-0.034800,-0.936700, , , 
26975.000000,1351294.000000,75549924.000000, , , ,0.000000,-0.650391,-0.650391
26976.000000,1351299.000000,75549924.000000,0.002900,-0.023200,-0.965700, , , 
26977.000000,1351395.000000,75549924.000000, , , ,0.000000,0.650391,-0.650391
26978.000000,1351400.000000,75549924.000000,0.002900,-0.040600,-1.003400, , , 
26979.000000,1351496.000000,75549924.000000, , , ,-0.975586,0.000000,-0.325195
26980.000000,1351499.000000,75549924.000000,0.000000,-0.040600,-1.012100, , , 
26981.000000,1351597.000000,75549924.000000, , , ,-0.325195,0.000000,0.000000
26982.000000,1351600.000000,75549924.000000,0.023200,-0.029000,-1.012100, , , 
26983.000000,1351698.000000,75549924.000000, , , ,0.000000,0.000000,-0.325195
26984.000000,1351699.000000,75549924.000000,-0.005800,-0.029000,-0.991800, , , 
26985.000000,1351799.000000,75549924.000000, , , ,0.000000,0.650391,-0.325195
26986.000000,1351800.000000,75549924.000000,-0.002900,-0.037700,-1.006300, , , 
26987.000000,1351899.000000,75549924.000000,0.026100,-0.052200,-1.029500, , , 
26988.000000,1351900.000000,75549924.000000, , , ,-0.325195,0.000000,0.000000
26989.000000,1352000.000000,75549924.000000,0.000000,-0.058000,-0.971500, , , 
26990.000000,1352001.000000,75549924.000000, , , ,-0.975586,0.000000,-0.325195
26991.000000,1352092.000000,75549924.000000, , , ,-0.975586,-0.650391,0.000000
26992.000000,1352099.000000,75549924.000000,0.017400,-0.023200,-0.942500, , , 
26993.000000,1352193.000000,75549924.000000, , , ,-0.325195,-0.325195,0.000000
26994.000000,1352200.000000,75549924.000000,0.002900,-0.011600,-0.971500, , , 
26995.000000,1352294.000000,75549924.000000, , , ,0.000000,0.000000,-0.650391
26996.000000,1352299.000000,75549924.000000,0.002900,-0.034800,-0.986000, , , 
26997.000000,1352395.000000,75549924.000000, , , ,0.000000,0.000000,-0.650391
26998.000000,1352400.000000,75549924.000000,0.020300,-0.026100,-0.980200, , , 
26999.000000,1352496.000000,75549924.000000, , , ,0.000000,-0.325195,0.000000
27000.000000,1352499.000000,75549924.000000,0.020300,-0.023200,-0.962800, , , 
27001.000000,1352597.000000,75549924.000000, , , ,-0.650391,0.000000,-0.650391
27002.000000,1352600.000000,75549924.000000,-0.014500,-0.055100,-1.006300, , , 
27003.000000,1352698.000000,75549924.000000, , , ,-0.975586,1.300781,0.000000
27004.000000,1352699.000000,75549924.000000,0.011600,-0.046400,-1.046900, , , 
27005.000000,1352799.000000,75549924.000000, , , ,-0.975586,0.000000,-0.325195
27006.000000,1352800.000000,75549924.000000,0.017400,-0.029000,-1.029500, , , 
27007.000000,1352899.000000,75549924.000000,0.017400,-0.031900,-1.003400, , , 
27008.000000,1352900.000000,75549924.000000, , , ,-0.650391,0.000000,-0.325195
27009.000000,1353000.000000,75549924.000000,0.017400,-0.034800,-0.974400, , , 
27010.000000,1353001.000000,75549924.000000, , , ,-0.325195,-0.325195,-0.325195
27011.000000,1353092.000000,75549924.000000, , , ,-0.650391,0.325195,0.000000
27012.000000,1353099.000000,75549924.000000,0.002900,-0.040600,-0.991800, , , 
27013.000000,1353193.000000,75549924.000000, , , ,-1.300781,0.325195,0.000000
27014.000000,1353200.000000,75549924.000000,0.017400,-0.037700,-1.017900, , , 
27015.000000,1353294.000000,75549924.000000, , , ,-0.975586,-0.325195,0.000000
27016.000000,1353299.000000,75549924.000000,0.020300,-0.017400,-0.986000, , , 
27017.000000,1353395.000000,75549924.000000, , , ,-0.975586,0.000000,0.000000
27018.000000,1353400.000000,75549924.000000,0.005800,-0.017400,-0.962800, , , 
27019.000000,1353496.000000,75549924.000000, , , ,-0.975586,0.325195,0.000000
27020.000000,1353499.000000,75549924.000000,0.017400,-0.014500,-0.980200, , , 
27021.000000,1353597.000000,75549924.000000, , , ,-0.975586,-1.300781,0.000000
27022.000000,1353600.000000,75549924.000000,0.026100,0.005800,-0.954100, , , 
27023.000000,1353698.000000,75549924.000000, , , ,-0.325195,-0.325195,0.000000
27024.000000,1353699.000000,75549924.000000,-0.005800,-0.008700,-0.968600, , , 
27025.000000,1353799.000000,75549924.000000, , , ,-0.325195,0.000000,0.000000
27026.000000,1353800.000000,75549924.000000,0.020300,-0.020300,-1.015000, , , 
27027.000000,1353899.000000,75549924.000000,0.020300,-0.017400,-0.977300, , , 
27028.000000,1353900.000000,75549924.000000, , , ,-0.325195,-0.650391,-0.325195
27029.000000,1354000.000000,75549924.000000,0.002900,-0.005800,-0.957000, , , 
27030.000000,1354001.000000,75549924.000000, , , ,0.000000,-0.325195,0.000000
27031.000000,1354092.000000,75549924.000000, , , ,-0.325195,-0.325195,-0.325195
27032.000000,1354099.000000,75549924.000000,0.017400,-0.017400,-0.977300, , , 
27033.000000,1354193.000000,75549924.000000, , , ,-0.325195,0.325195,0.000000
27034.000000,1354200.000000,75549924.000000,-0.002900,-0.020300,-0.988900, , , 
27035.000000,1354294.000000,75549924.000000, , , ,-0.975586,-0.325195,0.000000
27036.000000,1354299.000000,75549924.000000,0.020300,-0.026100,-1.012100, , , 
27037.000000,1354395.000000,75549924.000000, , , ,-0.650391,0.000000,0.000000
27038.000000,1354400.000000,75549924.000000,0.005800,-0.014500,-1.023700, , , 
27039.000000,1354496.000000,75549924.000000, , , ,-0.650391,0.000000,0.000000
27040.000000,1354499.000000,75549924.000000,0.014500,-0.008700,-1.012100, , , 
27041.000000,1354597.000000,75549924.000000, , , ,-0.650391,-0.650391,0.000000
27042.000000,1354600.000000,75549924.000000,0.017400,-0.026100,-0.971500, , , 
27043.000000,1354698.000000,75549924.000000, , , ,-0.325195,0.000000,-0.325195
27044.000000,1354699.000000,75549924.000000,0.005800,0.008700,-0.977300, , , 
27045.000000,1354799.000000,75549924.000000, , , ,-0.650391,-1.300781,-0.325195
27046.000000,1354800.000000,75549924.000000,0.029000,-0.020300,-0.968600, , , 
27047.000000,1354899.000000,75549924.000000,0.005800,-0.008700,-0.962800, , , 
27048.000000,1354900.000000,75549924.000000, , , ,-0.325195,-0.325195,-0.325195
27049.000000,1355000.000000,75549924.000000,0.020300,-0.008700,-0.951200, , , 
27050.000000,1355001.000000,75549924.000000, , , ,-0.325195,0.000000,0.000000
27051.000000,1355092.000000,75549924.000000, , , ,-0.650391,-1.300781,0.000000
27052.000000,1355099.000000,75549924.000000,0.014500,-0.002900,-0.968600, , , 
27053.000000,1355193.000000,75549924.000000, , , ,-0.325195,0.000000,0.000000
27054.000000,1355200.000000,75549924.000000,0.002900,-0.017400,-0.991800, , , 
27055.000000,1355294.000000,75549924.000000, , , ,-0.325195,0.325195,0.000000
27056.000000,1355299.000000,75549924.000000,0.011600,-0.008700,-0.994700, , , 
27057.000000,1355395.000000,75549924.000000, , , ,0.000000,-0.650391,0.000000
27058.000000,1355400.000000,75549924.000000,0.034800,-0.008700,-0.957000, , , 
27059.000000,1355496.000000,75549924.000000, , , ,-0.325195,-0.975586,0.000000
27060.000000,1355499.000000,75549924.000000,0.014500,-0.023200,-0.922200, , , 
27061.000000,1355597.000000,75549924.000000, , , ,-0.650391,-0.975586,0.000000
27062.000000,1355600.000000,75549924.000000,0.008700,-0.008700,-0.942500, , , 
27063.000000,1355698.000000,75549924.000000, , , ,-0.325195,0.000000,0.000000
27064.000000,1355699.000000,75549924.000000,0.005800,-0.020300,-0.986000, , , 
27065.000000,1355799.000000,75549924.000000, , , ,-0.650391,-0.650391,0.000000
27066.000000,1355800.000000,75549924.000000,0.023200,-0.008700,-0.951200, , , 
27067.000000,1355899.000000,75549924.000000,0.017400,0.000000,-0.957000, , , 
27068.000000,1355900.000000,75549924.000000, , , ,-0.325195,-0.975586,-0.325195
27069.000000,1356000.000000,75549924.000000,0.011600,-0.011600,-0.974400, , , 
27070.000000,1356001.000000,75549924.000000, , , ,-0.325195,-0.325195,0.000000
27071.000000,1356092.000000,75549924.000000, , , ,-0.650391,-0.325195,0.000000
27072.000000,1356099.000000,75549924.000000,0.029000,-0.005800,-0.951200, , , 
27073.000000,1356193.000000,75549924.000000, , , ,0.000000,0.000000,0.000000
27074.000000,1356200.000000,75549924.000000,0.000000,0.000000,-0.971500, , , 
27075.000000,1356294.000000,75549924.000000, , , ,-0.325195,-0.650391,0.000000
27076.000000,1356299.000000,75549924.000000,0.037700,0.000000,-0.974400, , , 
27077.000000,1356395.000000,75549924.000000, , , ,-0.975586,-0.650391,0.000000
27078.000000,1356400.000000,75549924.000000,0.000000,-0.008700,-0.991800, , , 
27079.000000,1356496.000000,75549924.000000, , , ,-0.650391,0.975586,0.000000
27080.000000,1356499.000000,75549924.000000,0.017400,-0.005800,-1.020800, , , 
27081.000000,1356597.000000,75549924.000000, , , ,-0.650391,0.000000,0.000000
27082.000000,1356600.000000,75549924.000000,0.023200,-0.011600,-1.015000, , , 
27083.000000,1356698.000000,75549924.000000, , , ,0.000000,-0.325195,0.000000
27084.000000,1356699.000000,75549924.000000,0.023200,-0.005800,-0.991800, , , 
27085.000000,1356799.000000,75549924.000000, , , ,-0.325195,-0.650391,0.000000
27086.000000,1356800.000000,75549924.000000,0.026100,-0.005800,-0.945400, , , 
27087.000000,1356899.000000,75549924.000000,0.014500,-0.017400,-0.945400, , , 
27088.000000,1356900.000000,75549924.000000, , , ,-0.325195,-0.975586,0.000000
27089.000000,1357000.000000,75549924.000000,0.031900,-0.023200,-0.959900, , , 
27090.000000,1357001.000000,75549924.000000, , , ,-0.975586,-0.975586,0.000000
27091.000000,1357092.000000,75549924.000000, , , ,-0.650391,-0.650391,-0.325195
27092.000000,1357099.000000,75549924.000000,0.017400,-0.017400,-0.945400, , , 
27093.000000,1357193.000000,75549924.000000, , , ,0.000000,0.000000,0.000000
27094.000000,1357200.000000,75549924.000000,0.014500,-0.023200,-0.965700, , , 
27095.000000,1357294.000000,75549924.000000, , , ,-0.325195,-0.325195,0.000000
27096.000000,1357299.000000,75549924.000000,0.020300,-0.017400,-1.012100, , , 
27097.000000,1357395.000000,75549924.000000, , , ,-0.325195,0.650391,0.000000
27098.000000,1357400.000000,75549924.000000,0.011600,-0.020300,-1.012100, , , 
27099.000000,1357496.000000,75549924.000000, , , ,-0.650391,0.325195,0.000000
27100.000000,1357499.000000,75549924.000000,0.011600,-0.023200,-1.023700, , , 
27101.000000,1357597.000000,75549924.000000, , , ,-1.300781,-0.650391,0.000000
27102.000000,1357600.000000,75549924.000000,0.031900,-0.034800,-0.977300, , , 
27103.000000,1357698.000000,75549924.000000, , , ,-0.975586,-1.300781,-0.650391
27104.000000,1357699.000000,75549924.000000,0.017400,-0.020300,-0.913500, , , 
27105.000000,1357799.000000,75549924.000000, , , ,-0.975586,-0.650391,0.000000
27106.000000,1357800.000000,75549924.000000,0.026100,0.000000,-0.928000, , , 
27107.000000,1357899.000000,75549924.000000,0.029000,-0.020300,-0.951200, , , 
27108.000000,1357900.000000,75549924.000000, , , ,-0.650391,-0.975586,0.000000
27109.000000,1358000.000000,75549924.000000,0.000000,-0.023200,-0.980200, , , 
27110.000000,1358001.000000,75549924.000000, , , ,-0.325195,0.000000,-0.325195
27111.000000,1358092.000000,75549924.000000, , , ,-0.325195,0.000000,-0.325195
27112.000000,1358099.000000,75549924.000000,0.008700,-0.017400,-1.029500, , , 
27113.000000,1358193.000000,75549924.000000, , , ,-0.325195,0.000000,-0.325195
27114.000000,1358200.000000,75549924.000000,0.034800,-0.011600,-1.003400, , , 
27115.000000,1358294.000000,75549924.000000, , , ,0.000000,-0.650391,-0.325195
27116.000000,1358299.000000,75549924.000000,0.020300,-0.034800,-0.954100, , , 
27117.000000,1358395.000000,75549924.000000, , , ,0.000000,0.000000,-0.325195
27118.000000,1358400.000000,75549924.000000,0.005800,-0.029000,-0.962800, , , 
27119.000000,1358496.000000,75549924.000000, , , ,-0.650391,-0.650391,-0.325195
27120.000000,1358499.000000,75549924.000000,0.020300,-0.031900,-0.965700, , , 
27121.000000,1358597.000000,75549924.000000, , , ,-0.650391,0.000000,-0.650391
27122.000000,1358600.000000,75549924.000000,0.011600,-0.020300,-0.980200, , , 
27123.000000,1358698.000000,75549924.000000, , , ,-0.325195,0.000000,-0.325195
27124.000000,1358699.000000,75549924.000000,-0.002900,-0.031900,-1.015000, , , 
27125.000000,1358799.000000,75549924.000000, , , ,-0.975586,0.325195,-0.325195
27126.000000,1358800.000000,75549924.000000,0.008700,-0.040600,-1.035300, , , 
27127.000000,1358899.000000,75549924.000000,0.000000,-0.026100,-1.044000, , , 
27128.000000,1358900.000000,75549924.000000, , , ,-0.650391,0.000000,0.000000
27129.000000,1359000.000000,75549924.000000,0.031900,-0.002900,-0.994700, , , 
27130.000000,1359001.000000,75549924.000000, , , ,-0.975586,0.000000,0.000000
27131.000000,1359092.000000,75549924.000000, , , ,-0.650391,-0.650391,0.000000
27132.000000,1359099.000000,75549924.000000,0.000000,-0.011600,-0.948300, , , 
27133.000000,1359193.000000,75549924.000000, , , ,-0.325195,-0.975586,0.000000
27134.000000,1359200.000000,75549924.000000,0.002900,0.000000,-0.948300, , , 
27135.000000,1359294.000000,75549924.000000, , , ,-0.975586,-0.325195,0.000000
27136.000000,1359299.000000,75549924.000000,0.011600,-0.023200,-0.948300, , , 
27137.000000,1359395.000000,75549924.000000, , , ,0.325195,0.000000,0.000000
27138.000000,1359400.000000,75549924.000000,-0.023200,0.005800,-0.974400, , , 
27139.000000,1359496.000000,75549924.000000, , , ,0.000000,-0.650391,-0.325195
27140.000000,1359499.000000,75549924.000000,0.020300,0.005800,-1.006300, , , 
27141.000000,1359597.000000,75549924.000000, , , ,0.000000,0.000000,0.000000
27142.000000,1359600.000000,75549924.000000,-0.008700,0.002900,-0.986000, , , 
27143.000000,1359698.000000,75549924.000000, , , ,-0.325195,0.000000,0.000000
27144.000000,1359699.000000,75549924.000000,0.008700,-0.046400,-0.971500, , , 
27145.000000,1359799.000000,75549924.000000, , , ,0.000000,-0.325195,0.325195
27146.000000,1359800.000000,75549924.000000,0.008700,0.005800,-0.936700, , , 
27147.000000,1359899.000000,75549924.000000,-0.020300,-0.026100,-0.951200, , , 
27148.000000,1359900.000000,75549924.000000, , , ,-0.325195,-0.975586,0.000000
27149.000000,1360000.000000,75549924.000000,-0.002900,-0.031900,-0.986000, , , 
27150.000000,1360001.000000,75549924.000000, , , ,-0.650391,0.000000,0.000000
27151.000000,1360092.000000,75549924.000000, , , ,-0.650391,0.000000,0.000000
27152.000000,1360099.000000,75549924.000000,0.000000,-0.011600,-1.012100, , , 
27153.000000,1360193.000000,75549924.000000, , , ,-0.975586,-0.325195,-0.325195
27154.000000,1360200.000000,75549924.000000,0.002900,-0.020300,-1.006300, , , 
27155.000000,1360294.000000,75549924.000000, , , ,-0.325195,0.000000,0.000000
27156.000000,1360299.000000,75549924.000000,-0.008700,-0.026100,-0.988900, , , 
27157.000000,1360395.000000,75549924.000000, , , ,-0.650391,0.000000,0.000000
27158.000000,1360400.000000,75549924.000000,0.008700,-0.034800,-0.971500, , , 
27159.000000,1360496.000000,75549924.000000, , , ,-0.325195,0.000000,0.000000
27160.000000,1360499.000000,75549924.000000,0.000000,-0.046400,-0.965700, , , 
27161.000000,1360597.000000,75549924.000000, , , ,-0.650391,-0.975586,-0.325195
27162.000000,1360600.000000,75549924.000000,0.005800,-0.023200,-0.948300, , , 
27163.000000,1360698.000000,75549924.000000, , , ,-0.975586,-0.975586,0.000000
27164.000000,1360699.000000,75549924.000000,-0.005800,-0.017400,-0.965700, , , 
27165.000000,1360799.000000,75549924.000000, , , ,-0.650391,0.000000,0.000000
27166.000000,1360800.000000,75549924.000000,-0.008700,-0.020300,-0.988900, , , 
27167.000000,1360899.000000,75549924.000000,0.008700,-0.017400,-0.977300, , , 
27168.000000,1360900.000000,75549924.000000, , , ,0.000000,-0.975586,-0.650391
27169.000000,1361000.000000,75549924.000000,-0.008700,-0.020300,-0.994700, , , 
27170.000000,1361001.000000,75549924.000000, , , ,0.000000,0.325195,-0.325195
27171.000000,1361092.000000,75549924.000000, , , ,-0.325195,0.325195,-0.325195
27172.000000,1361099.000000,75549924.000000,-0.014500,-0.058000,-1.049800, , , 
27173.000000,1361193.000000,75549924.000000, , , ,-1.625977,0.000000,-0.325195
27174.000000,1361200.000000,75549924.000000,0.023200,-0.029000,-0.997600, , , 
27175.000000,1361294.000000,75549924.000000, , , ,-0.650391,-1.300781,0.000000
27176.000000,1361299.000000,75549924.000000,-0.002900,-0.017400,-0.962800, , , 
27177.000000,1361395.000000,75549924.000000, , , ,-0.325195,-0.325195,-0.325195
27178.000000,1361400.000000,75549924.000000,0.000000,-0.023200,-0.936700, , , 
27179.000000,1361496.000000,75549924.000000, , , ,0.000000,-1.300781,-0.325195
27180.000000,1361499.000000,75549924.000000,0.008700,0.000000,-0.890300, , , 
27181.000000,1361597.000000,75549924.000000, , , ,0.000000,-0.325195,0.000000
27182.000000,1361600.000000,75549924.000000,-0.029000,-0.031900,-0.954100, , , 
27183.000000,1361698.000000,75549924.000000, , , ,-0.650391,-0.325195,-0.325195
27184.000000,1361699.000000,75549924.000000,0.000000,-0.043500,-0.983100, , , 
27185.000000,1361799.000000,75549924.000000, , , ,-0.325195,0.000000,-0.325195
27186.000000,1361800.000000,75549924.000000,0.000000,-0.020300,-0.962800, , , 
27187.000000,1361899.000000,75549924.000000,-0.008700,-0.011600,-0.959900, , , 
27188.000000,1361900.000000,75549924.000000, , , ,-0.325195,-0.650391,-0.325195
27189.000000,1362000.000000,75549924.000000,0.000000,-0.031900,-0.939600, , , 
27190.000000,1362001.000000,75549924.000000, , , ,-0.325195,-0.650391,0.000000
27191.000000,1362092.000000,75549924.000000, , , ,-0.325195,-0.650391,-0.325195
27192.000000,1362099.000000,75549924.000000,-0.005800,-0.014500,-0.933800, , , 
27193.000000,1362193.000000,75549924.000000, , , ,-0.975586,-0.325195,-0.325195
27194.000000,1362200.000000,75549924.000000,-0.005800,-0.049300,-0.974400, , , 
27195.000000,1362294.000000,75549924.000000, , , ,-1.300781,0.000000,-0.325195
27196.000000,1362299.000000,75549924.000000,0.000000,-0.034800,-0.974400, , , 
27197.000000,1362395.000000,75549924.000000, , , ,-0.650391,-1.300781,-0.325195
27198.000000,1362400.000000,75549924.000000,-0.005800,-0.002900,-0.948300, , , 
27199.000000,1362496.000000,75549924.000000, , , ,0.000000,-0.325195,-0.325195
27200.000000,1362499.000000,75549924.000000,-0.008700,-0.002900,-0.951200, , , 
27201.000000,1362597.000000,75549924.000000, , , ,0.000000,-0.325195,0.000000
27202.000000,1362600.000000,75549924.000000,-0.023200,-0.034800,-0.962800, , , 
27203.000000,1362698.000000,75549924.000000, , , ,0.000000,-0.325195,-0.325195
27204.000000,1362699.000000,75549924.000000,-0.008700,-0.017400,-0.980200, , , 
27205.000000,1362799.000000,75549924.000000, , , ,0.000000,0.325195,-0.325195
27206.000000,1362800.000000,75549924.000000,-0.026100,-0.026100,-1.009200, , , 
27207.000000,1362899.000000,75549924.000000,0.023200,-0.049300,-0.977300, , , 
27208.000000,1362900.000000,75549924.000000, , , ,-0.975586,-1.300781,-0.325195
27209.000000,1363000.000000,75549924.000000,-0.017400,-0.034800,-0.930900, , , 
27210.000000,1363001.000000,75549924.000000, , , ,-0.975586,-0.650391,-0.325195
27211.000000,1363092.000000,75549924.000000, , , ,-0.325195,0.650391,0.000000
27212.000000,1363099.000000,75549924.000000,-0.037700,-0.023200,-1.009200, , , 
27213.000000,1363193.000000,75549924.000000, , , ,-1.300781,0.000000,-0.325195
27214.000000,1363200.000000,75549924.000000,0.026100,-0.034800,-1.003400, , , 
27215.000000,1363294.000000,75549924.000000, , , ,-0.325195,-0.975586,-0.325195
27216.000000,1363299.000000,75549924.000000,-0.014500,-0.029000,-0.948300, , , 
27217.000000,1363395.000000,75549924.000000, , , ,-0.975586,-0.650391,-0.325195
27218.000000,1363400.000000,75549924.000000,-0.008700,-0.023200,-0.954100, , , 
27219.000000,1363496.000000,75549924.000000, , , ,-0.650391,-0.650391,0.000000
27220.000000,1363499.000000,75549924.000000,-0.026100,-0.026100,-0.971500, , , 
27221.000000,1363597.000000,75549924.000000, , , ,-0.650391,0.975586,-0.325195
27222.000000,1363600.000000,75549924.000000,-0.014500,-0.026100,-1.023700, , , 
27223.000000,1363698.000000,75549924.000000, , , ,-1.300781,0.650391,0.000000
27224.000000,1363699.000000,75549924.000000,-0.029000,-0.008700,-1.049800, , , 
27225.000000,1363799.000000,75549924.000000, , , ,-0.650391,-0.650391,0.000000
27226.000000,1363800.000000,75549924.000000,0.031900,-0.026100,-0.965700, , , 
27227.000000,1363899.000000,75549924.000000,-0.034800,0.008700,-0.899000, , , 
27228.000000,1363900.000000,75549924.000000, , , ,0.000000,-1.625977,-0.325195
27229.000000,1364000.000000,75549924.000000,-0.031900,-0.008700,-0.957000, , , 
27230.000000,1364001.000000,75549924.000000, , , ,-0.975586,0.000000,0.000000
27231.000000,1364092.000000,75549924.000000, , , ,-1.300781,-0.325195,0.325195
27232.000000,1364099.000000,75549924.000000,-0.002900,-0.014500,-0.959900, , , 
27233.000000,1364193.000000,75549924.000000, , , ,-1.625977,0.000000,0.000000
27234.000000,1364200.000000,75549924.000000,-0.055100,-0.005800,-1.023700, , , 
27235.000000,1364294.000000,75549924.000000, , , ,-1.300781,0.975586,0.000000
27236.000000,1364299.000000,75549924.000000,-0.008700,0.014500,-1.046900, , , 
27237.000000,1364395.000000,75549924.000000, , , ,0.650391,-1.300781,0.000000
27238.000000,1364400.000000,75549924.000000,0.008700,0.046400,-0.930900, , , 
27239.000000,1364496.000000,75549924.000000, , , ,0.325195,-2.276367,0.000000
27240.000000,1364499.000000,75549924.000000,-0.034800,-0.014500,-0.896100, , , 
27241.000000,1364597.000000,75549924.000000, , , ,-1.625977,0.975586,0.000000
27242.000000,1364600.000000,75549924.000000,-0.072500,-0.037700,-0.988900, , , 
27243.000000,1364698.000000,75549924.000000, , , ,-2.276367,2.601563,0.325195
27244.000000,1364699.000000,75549924.000000,-0.034800,0.008700,-1.110700, , , 
27245.000000,1364799.000000,75549924.000000, , , ,-1.300781,0.000000,0.325195
27246.000000,1364800.000000,75549924.000000,0.014500,0.029000,-1.055600, , , 
27247.000000,1364899.000000,75549924.000000,-0.034800,0.034800,-0.991800, , , 
27248.000000,1364900.000000,75549924.000000, , , ,0.000000,-0.975586,0.000000
27249.000000,1365000.000000,75549924.000000,-0.026100,-0.005800,-0.971500, , , 
27250.000000,1365001.000000,75549924.000000, , , ,-0.325195,-0.325195,0.000000
27251.000000,1365092.000000,75549924.000000, , , ,0.325195,0.000000,0.325195
27252.000000,1365099.000000,75549924.000000,-0.029000,0.002900,-0.962800, , , 
27253.000000,1365193.000000,75549924.000000, , , ,0.000000,0.000000,0.325195
27254.000000,1365200.000000,75549924.000000,-0.029000,-0.026100,-0.997600, , , 
27255.000000,1365294.000000,75549924.000000, , , ,-0.650391,0.975586,0.000000
27256.000000,1365299.000000,75549924.000000,-0.014500,-0.005800,-1.020800, , , 
27257.000000,1365395.000000,75549924.000000, , , ,-1.300781,0.000000,0.325195
27258.000000,1365400.000000,75549924.000000,-0.017400,0.000000,-1.015000, , , 
27259.000000,1365496.000000,75549924.000000, , , ,-0.975586,0.975586,0.000000
27260.000000,1365499.000000,75549924.000000,-0.046400,0.000000,-1.041100, , , 
27261.000000,1365597.000000,75549924.000000, , , ,-0.325195,0.650391,0.000000
27262.000000,1365600.000000,75549924.000000,-0.002900,0.002900,-1.029500, , , 
27263.000000,1365698.000000,75549924.000000, , , ,-0.650391,0.000000,0.000000
27264.000000,1365699.000000,75549924.000000,-0.026100,-0.008700,-0.980200, , , 
27265.000000,1365799.000000,75549924.000000, , , ,0.000000,-0.650391,0.000000
27266.000000,1365800.000000,75549924.000000,-0.002900,-0.008700,-0.945400, , , 
27267.000000,1365899.000000,75549924.000000,-0.023200,-0.014500,-0.942500, , , 
27268.000000,1365900.000000,75549924.000000, , , ,0.000000,-1.300781,0.000000
27269.000000,1366000.000000,75549924.000000,-0.040600,-0.017400,-0.988900, , , 
27270.000000,1366001.000000,75549924.000000, , , ,-0.650391,0.650391,0.000000
27271.000000,1366092.000000,75549924.000000, , , ,-0.650391,0.000000,0.000000
27272.000000,1366099.000000,75549924.000000,-0.011600,-0.017400,-1.015000, , , 
27273.000000,1366193.000000,75549924.000000, , , ,-0.975586,-0.325195,0.000000
27274.000000,1366200.000000,75549924.000000,-0.017400,-0.008700,-0.988900, , , 
27275.000000,1366294.000000,75549924.000000, , , ,-0.650391,-0.325195,0.000000
27276.000000,1366299.000000,75549924.000000,-0.017400,0.011600,-0.951200, , , 
27277.000000,1366395.000000,75549924.000000, , , ,0.000000,0.000000,0.000000
27278.000000,1366400.000000,75549924.000000,-0.017400,-0.017400,-0.968600, , , 
27279.000000,1366496.000000,75549924.000000, , , ,-0.975586,0.000000,0.000000
27280.000000,1366499.000000,75549924.000000,-0.049300,-0.017400,-1.003400, , , 
27281.000000,1366597.000000,75549924.000000, , , ,-0.325195,0.000000,-0.325195
27282.000000,1366600.000000,75549924.000000,-0.014500,-0.031900,-1.000500, , , 
27283.000000,1366698.000000,75549924.000000, , , ,-0.650391,-0.325195,-0.325195
27284.000000,1366699.000000,75549924.000000,-0.008700,-0.037700,-0.977300, , , 
27285.000000,1366799.000000,75549924.000000, , , ,-0.650391,0.000000,-0.325195
27286.000000,1366800.000000,75549924.000000,-0.031900,-0.008700,-0.971500, , , 
27287.000000,1366899.000000,75549924.000000,0.002900,-0.008700,-0.962800, , , 
27288.000000,1366900.000000,75549924.000000, , , ,-0.325195,-0.650391,0.000000
27289.000000,1367000.000000,75549924.000000,-0.046400,-0.031900,-0.988900, , , 
27290.000000,1367001.000000,75549924.000000, , , ,-0.325195,-0.325195,-0.325195
27291.000000,1367092.000000,75549924.000000, , , ,-0.650391,-0.325195,-0.325195
27292.000000,1367099.000000,75549924.000000,-0.011600,-0.017400,-0.980200, , , 
27293.000000,1367193.000000,75549924.000000, , , ,-0.325195,-0.975586,-0.325195
27294.000000,1367200.000000,75549924.000000,-0.020300,-0.005800,-0.951200, , , 
27295.000000,1367294.000000,75549924.000000, , , ,-0.325195,0.000000,0.000000
27296.000000,1367299.000000,75549924.000000,-0.034800,-0.020300,-1.006300, , , 
27297.000000,1367395.000000,75549924.000000, , , ,-0.650391,0.000000,0.000000
27298.000000,1367400.000000,75549924.000000,-0.011600,-0.029000,-1.006300, , , 
27299.000000,1367496.000000,75549924.000000, , , ,-0.975586,0.000000,0.000000
27300.000000,1367499.000000,75549924.000000,-0.014500,-0.017400,-0.980200, , , 
27301.000000,1367597.000000,75549924.000000, , , ,-0.650391,0.000000,-0.325195
27302.000000,1367600.000000,75549924.000000,-0.023200,-0.026100,-0.980200, , , 
27303.000000,1367698.000000,75549924.000000, , , ,-0.650391,-0.325195,0.000000
27304.000000,1367699.000000,75549924.000000,-0.014500,-0.017400,-0.977300, , , 
27305.000000,1367799.000000,75549924.000000, , , ,0.000000,-0.325195,-0.325195
27306.000000,1367800.000000,75549924.000000,-0.011600,-0.008700,-0.962800, , , 
27307.000000,1367899.000000,75549924.000000,-0.017400,-0.023200,-0.968600, , , 
27308.000000,1367900.000000,75549924.000000, , , ,0.000000,0.000000,0.000000
27309.000000,1368000.000000,75549924.000000,-0.008700,-0.023200,-0.965700, , , 
27310.000000,1368001.000000,75549924.000000, , , ,-0.325195,-0.650391,-0.650391
27311.000000,1368092.000000,75549924.000000, , , ,-0.650391,0.000000,-0.325195
27312.000000,1368099.000000,75549924.000000,-0.026100,-0.026100,-1.003400, , , 
27313.000000,1368193.000000,75549924.000000, , , ,-1.300781,-0.325195,0.000000
27314.000000,1368200.000000,75549924.000000,-0.002900,-0.014500,-1.003400, , , 
27315.000000,1368294.000000,75549924.000000, , , ,-0.975586,0.325195,-0.325195
27316.000000,1368299.000000,75549924.000000,-0.020300,0.000000,-1.009200, , , 
27317.000000,1368395.000000,75549924.000000, , , ,-0.650391,0.000000,-0.325195
27318.000000,1368400.000000,75549924.000000,0.002900,-0.014500,-1.003400, , , 
27319.000000,1368496.000000,75549924.000000, , , ,-0.325195,-0.325195,0.000000
27320.000000,1368499.000000,75549924.000000,-0.017400,-0.014500,-0.986000, , , 
27321.000000,1368597.000000,75549924.000000, , , ,-0.325195,0.650391,0.000000
27322.000000,1368600.000000,75549924.000000,-0.011600,-0.005800,-1.020800, , , 
27323.000000,1368698.000000,75549924.000000, , , ,-0.975586,-0.325195,0.000000
27324.000000,1368699.000000,75549924.000000,0.002900,-0.005800,-0.986000, , , 
27325.000000,1368799.000000,75549924.000000, , , ,-0.650391,-0.325195,0.000000
27326.000000,1368800.000000,75549924.000000,0.000000,-0.002900,-0.945400, , , 
27327.000000,1368899.000000,75549924.000000,-0.005800,0.011600,-0.959900, , , 
27328.000000,1368900.000000,75549924.000000, , , ,-0.650391,-0.650391,0.000000
27329.000000,1369000.000000,75549924.000000,-0.008700,-0.002900,-0.971500, , , 
27330.000000,1369001.000000,75549924.000000, , , ,-0.325195,0.000000,0.000000
27331.000000,1369092.000000,75549924.000000, , , ,-0.325195,-0.975586,0.000000
27332.000000,1369099.000000,75549924.000000,-0.008700,0.000000,-0.968600, , , 
27333.000000,1369193.000000,75549924.000000, , , ,-0.325195,0.000000,0.000000
27334.000000,1369200.000000,75549924.000000,0.000000,-0.011600,-0.994700, , , 
27335.000000,1369294.000000,75549924.000000, , , ,-0.650391,0.000000,-0.325195
27336.000000,1369299.000000,75549924.000000,-0.017400,-0.005800,-0.994700, , , 
27337.000000,1369395.000000,75549924.000000, , , ,-0.325195,-0.975586,-0.325195
27338.000000,1369400.000000,75549924.000000,0.002900,-0.023200,-0.968600, , , 
27339.000000,1369496.000000,75549924.000000, , , ,0.000000,-0.325195,-0.325195
27340.000000,1369499.000000,75549924.000000,-0.002900,-0.005800,-0.980200, , , 
27341.000000,1369597.000000,75549924.000000, , , ,-0.325195,0.325195,-0.650391
27342.000000,1369600.000000,75549924.000000,-0.020300,-0.011600,-0.994700, , , 
27343.000000,1369698.000000,75549924.000000, , , ,-0.325195,0.000000,-0.325195
27344.000000,1369699.000000,75549924.000000,-0.002900,-0.046400,-1.023700, , , 
27345.000000,1369799.000000,75549924.000000, , , ,-0.650391,0.000000,-0.325195
27346.000000,1369800.000000,75549924.000000,0.002900,-0.014500,-1.012100, , , 
27347.000000,1369899.000000,75549924.000000,-0.020300,-0.005800,-0.986000, , , 
27348.000000,1369900.000000,75549924.000000, , , ,0.000000,0.000000,0.000000
27349.000000,1370000.000000,75549924.000000,-0.017400,-0.031900,-1.029500, , , 
27350.000000,1370001.000000,75549924.000000, , , ,-0.650391,0.325195,-0.325195
27351.000000,1370092.000000,75549924.000000, , , ,-0.650391,0.325195,-0.325195
27352.000000,1370099.000000,75549924.000000,0.000000,-0.029000,-1.049800, , , 
27353.000000,1370193.000000,75549924.000000, , , ,-0.325195,0.650391,0.000000
27354.000000,1370200.000000,75549924.000000,0.002900,-0.020300,-0.980200, , , 
27355.000000,1370294.000000,75549924.000000, , , ,-0.325195,-0.650391,0.000000
27356.000000,1370299.000000,75549924.000000,0.000000,-0.023200,-0.942500, , , 
27357.000000,1370395.000000,75549924.000000, , , ,-0.325195,0.000000,0.000000
27358.000000,1370400.000000,75549924.000000,-0.023200,-0.011600,-0.977300, , , 
27359.000000,1370496.000000,75549924.000000, , , ,-0.650391,0.975586,-0.325195
27360.000000,1370499.000000,75549924.000000,-0.011600,-0.037700,-1.029500, , , 
27361.000000,1370597.000000,75549924.000000, , , ,-0.650391,0.000000,0.000000
27362.000000,1370600.000000,75549924.000000,0.002900,-0.023200,-1.009200, , , 
27363.000000,1370698.000000,75549924.000000, , , ,-0.975586,-0.325195,0.000000
27364.000000,1370699.000000,75549924.000000,0.000000,-0.020300,-0.962800, , , 
27365.000000,1370799.000000,75549924.000000, , , ,-0.325195,-0.325195,0.000000
27366.000000,1370800.000000,75549924.000000,-0.008700,-0.005800,-0.977300, , , 
27367.000000,1370899.000000,75549924.000000,0.014500,-0.005800,-0.971500, , , 
27368.000000,1370900.000000,75549924.000000, , , ,-0.650391,-0.650391,0.000000
27369.000000,1371000.000000,75549924.000000,-0.008700,0.014500,-0.968600, , , 
27370.000000,1371001.000000,75549924.000000, , , ,-0.325195,-0.650391,0.000000
27371.000000,1371092.000000,75549924.000000, , , ,-0.650391,0.000000,-0.325195
27372.000000,1371099.000000,75549924.000000,-0.002900,-0.023200,-0.994700, , , 
27373.000000,1371193.000000,75549924.000000, , , ,-0.325195,-0.650391,0.000000
27374.000000,1371200.000000,75549924.000000,0.002900,-0.023200,-0.968600, , , 
27375.000000,1371294.000000,75549924.000000, , , ,-0.325195,0.000000,0.000000
27376.000000,1371299.000000,75549924.000000,-0.017400,-0.002900,-0.965700, , , 
27377.000000,1371395.000000,75549924.000000, , , ,-0.325195,0.000000,-0.325195
27378.000000,1371400.000000,75549924.000000,-0.002900,-0.020300,-1.009200, , , 
27379.000000,1371496.000000,75549924.000000, , , ,-0.650391,0.000000,-0.325195
27380.000000,1371499.000000,75549924.000000,-0.020300,-0.026100,-1.006300, , , 
27381.000000,1371597.000000,75549924.000000, , , ,-0.325195,0.650391,0.000000
27382.000000,1371600.000000,75549924.000000,-0.014500,-0.023200,-0.997600, , , 
27383.000000,1371698.000000,75549924.000000, , , ,-0.650391,-0.975586,0.325195
27384.000000,1371699.000000,75549924.000000,0.023200,-0.014500,-0.974400, , , 
27385.000000,1371799.000000,75549924.000000, , , ,0.000000,-0.650391,-0.325195
27386.000000,1371800.000000,75549924.000000,-0.002900,-0.023200,-0.913500, , , 
27387.000000,1371899.000000,75549924.000000,-0.014500,-0.011600,-0.948300, , , 
27388.000000,1371900.000000,75549924.000000, , , ,-0.325195,-0.975586,0.000000
27389.000000,1372000.000000,75549924.000000,-0.011600,-0.029000,-1.026600, , , 
27390.000000,1372001.000000,75549924.000000, , , ,-0.325195,0.000000,0.000000
27391.000000,1372092.000000,75549924.000000, , , ,-0.975586,0.325195,-0.325195
27392.000000,1372099.000000,75549924.000000,0.000000,-0.023200,-1.015000, , , 
27393.000000,1372193.000000,75549924.000000, , , ,-0.650391,-0.650391,0.325195
27394.000000,1372200.000000,75549924.000000,0.008700,-0.002900,-0.959900, , , 
27395.000000,1372294.000000,75549924.000000, , , ,0.000000,0.000000,0.000000
27396.000000,1372299.000000,75549924.000000,-0.023200,-0.020300,-0.980200, , , 
27397.000000,1372395.000000,75549924.000000, , , ,-0.650391,0.000000,0.000000
27398.000000,1372400.000000,75549924.000000,-0.005800,-0.005800,-0.991800, , , 
27399.000000,1372496.000000,75549924.000000, , , ,0.000000,0.325195,0.000000
27400.000000,1372499.000000,75549924.000000,0.000000,-0.008700,-0.994700, , , 
27401.000000,1372597.000000,75549924.000000, , , ,0.000000,0.000000,0.000000
27402.000000,1372600.000000,75549924.000000,0.000000,-0.034800,-0.997600, , , 
27403.000000,1372698.000000,75549924.000000, , , ,-0.650391,0.000000,0.000000
27404.000000,1372699.000000,75549924.000000,-0.014500,-0.020300,-0.991800, , , 
27405.000000,1372799.000000,75549924.000000, , , ,-0.325195,0.000000,-0.325195
27406.000000,1372800.000000,75549924.000000,-0.002900,-0.026100,-1.003400, , , 
27407.000000,1372899.000000,75549924.000000,0.002900,-0.017400,-0.994700, , , 
27408.000000,1372900.000000,75549924.000000, , , ,-0.650391,0.000000,0.000000
27409.000000,1373000.000000,75549924.000000,0.005800,0.000000,-0.959900, , , 
27410.000000,1373001.000000,75549924.000000, , , ,-0.325195,-0.650391,0.000000
27411.000000,1373092.000000,75549924.000000, , , ,-0.325195,-0.975586,0.000000
27412.000000,1373099.000000,75549924.000000,-0.002900,-0.011600,-0.945400, , , 
27413.000000,1373193.000000,75549924.000000, , , ,-0.325195,0.000000,0.000000
27414.000000,1373200.000000,75549924.000000,-0.011600,-0.017400,-0.983100, , , 
27415.000000,1373294.000000,75549924.000000, , , ,-0.650391,-0.650391,-0.325195
27416.000000,1373299.000000,75549924.000000,0.029000,-0.014500,-0.968600, , , 
27417.000000,1373395.000000,75549924.000000, , , ,0.000000,-0.650391,0.000000
27418.000000,1373400.000000,75549924.000000,-0.017400,-0.017400,-0.965700, , , 
27419.000000,1373496.000000,75549924.000000, , , ,0.000000,0.325195,0.000000
27420.000000,1373499.000000,75549924.000000,-0.005800,-0.026100,-1.009200, , , 
27421.000000,1373597.000000,75549924.000000, , , ,-0.975586,0.325195,0.000000
27422.000000,1373600.000000,75549924.000000,-0.011600,-0.040600,-1.029500, , , 
27423.000000,1373698.000000,75549924.000000, , , ,-1.300781,0.000000,0.000000
27424.000000,1373699.000000,75549924.000000,0.002900,-0.020300,-1.006300, , , 
27425.000000,1373799.000000,75549924.000000, , , ,-0.325195,-0.975586,0.000000
27426.000000,1373800.000000,75549924.000000,-0.002900,0.000000,-0.983100, , , 
27427.000000,1373899.000000,75549924.000000,-0.023200,-0.026100,-1.020800, , , 
27428.000000,1373900.000000,75549924.000000, , , ,-0.325195,0.975586,-0.325195
27429.000000,1374000.000000,75549924.000000,0.017400,-0.002900,-0.986000, , , 
27430.000000,1374001.000000,75549924.000000, , , ,-0.650391,0.000000,0.000000
27431.000000,1374092.000000,75549924.000000, , , ,-0.650391,-0.325195,0.000000
27432.000000,1374099.000000,75549924.000000,-0.023200,-0.014500,-0.983100, , , 
27433.000000,1374193.000000,75549924.000000, , , ,0.000000,0.000000,-0.325195
27434.000000,1374200.000000,75549924.000000,0.005800,-0.031900,-1.006300, , , 
27435.000000,1374294.000000,75549924.000000, , , ,-0.975586,0.000000,0.000000
27436.000000,1374299.000000,75549924.000000,-0.017400,-0.026100,-0.986000, , , 
27437.000000,1374395.000000,75549924.000000, , , ,-0.650391,-0.650391,-0.325195
27438.000000,1374400.000000,75549924.000000,0.005800,-0.011600,-0.974400, , , 
27439.000000,1374496.000000,75549924.000000, , , ,-0.325195,-0.325195,0.000000
27440.000000,1374499.000000,75549924.000000,0.000000,-0.020300,-0.959900, , , 
27441.000000,1374597.000000,75549924.000000, , , ,-0.325195,-0.325195,0.000000
27442.000000,1374600.000000,75549924.000000,-0.008700,-0.020300,-0.954100, , , 
27443.000000,1374698.000000,75549924.000000, , , ,-0.650391,-0.325195,0.000000
27444.000000,1374699.000000,75549924.000000,0.000000,-0.008700,-0.971500, , , 
27445.000000,1374799.000000,75549924.000000, , , ,-0.650391,0.000000,0.000000
27446.000000,1374800.000000,75549924.000000,-0.014500,-0.026100,-0.991800, , , 
27447.000000,1374899.000000,75549924.000000,-0.005800,-0.011600,-1.006300, , , 
27448.000000,1374900.000000,75549924.000000, , , ,-0.975586,0.000000,0.000000
27449.000000,1375000.000000,75549924.000000,0.002900,-0.005800,-0.988900, , , 
27450.000000,1375001.000000,75549924.000000, , , ,-0.650391,0.000000,0.000000
27451.000000,1375092.000000,75549924.000000, , , ,-0.325195,-0.975586,0.000000
27452.000000,1375099.000000,75549924.000000,-0.002900,-0.023200,-0.965700, , , 
27453.000000,1375193.000000,75549924.000000, , , ,-0.650391,0.000000,-0.325195
27454.000000,1375200.000000,75549924.000000,-0.014500,-0.014500,-0.991800, , , 
27455.000000,1375294.000000,75549924.000000, , , ,-0.975586,0.325195,-0.325195
27456.000000,1375299.000000,75549924.000000,-0.011600,-0.017400,-1.032400, , , 
27457.000000,1375395.000000,75549924.000000, , , ,-0.975586,0.650391,0.000000
27458.000000,1375400.000000,75549924.000000,0.002900,-0.034800,-1.012100, , , 
27459.000000,1375496.000000,75549924.000000, , , ,-0.650391,0.000000,0.000000
27460.000000,1375499.000000,75549924.000000,-0.002900,-0.008700,-1.000500, , , 
27461.000000,1375597.000000,75549924.000000, , , ,-0.325195,-0.650391,-0.325195
27462.000000,1375600.000000,75549924.000000,0.014500,-0.008700,-0.957000, , , 
27463.000000,1375698.000000,75549924.000000, , , ,-0.650391,-0.650391,0.000000
27464.000000,1375699.000000,75549924.000000,-0.020300,-0.026100,-0.942500, , , 
27465.000000,1375799.000000,75549924.000000, , , ,-0.325195,0.000000,-0.325195
27466.000000,1375800.000000,75549924.000000,0.002900,-0.020300,-0.994700, , , 
27467.000000,1375899.000000,75549924.000000,0.002900,-0.011600,-0.997600, , , 
27468.000000,1375900.000000,75549924.000000, , , ,-1.300781,0.000000,0.000000
27469.000000,1376000.000000,75549924.000000,-0.011600,-0.017400,-0.988900, , , 
27470.000000,1376001.000000,75549924.000000, , , ,-0.975586,0.000000,0.000000
27471.000000,1376092.000000,75549924.000000, , , ,-0.325195,0.000000,0.000000
27472.000000,1376099.000000,75549924.000000,0.008700,-0.008700,-0.994700, , , 
27473.000000,1376193.000000,75549924.000000, , , ,-0.325195,0.000000,0.000000
27474.000000,1376200.000000,75549924.000000,-0.008700,0.000000,-0.983100, , , 
27475.000000,1376294.000000,75549924.000000, , , ,-0.650391,-0.325195,0.000000
27476.000000,1376299.000000,75549924.000000,0.002900,-0.011600,-0.980200, , , 
27477.000000,1376395.000000,75549924.000000, , , ,-0.650391,-0.650391,0.000000
27478.000000,1376400.000000,75549924.000000,-0.005800,-0.020300,-0.971500, , , 
27479.000000,1376496.000000,75549924.000000, , , ,-0.650391,0.000000,0.000000
27480.000000,1376499.000000,75549924.000000,-0.002900,-0.017400,-0.977300, , , 
27481.000000,1376597.000000,75549924.000000, , , ,0.000000,0.000000,0.000000
27482.000000,1376600.000000,75549924.000000,-0.014500,-0.011600,-0.986000, , , 
27483.000000,1376698.000000,75549924.000000, , , ,-0.650391,0.000000,0.000000
27484.000000,1376699.000000,75549924.000000,0.005800,-0.029000,-1.012100, , , 
27485.000000,1376799.000000,75549924.000000, , , ,-0.325195,-0.325195,0.000000
27486.000000,1376800.000000,75549924.000000,0.002900,-0.005800,-0.983100, , , 
27487.000000,1376899.000000,75549924.000000,-0.023200,-0.014500,-0.994700, , , 
27488.000000,1376900.000000,75549924.000000, , , ,-0.650391,0.325195,-0.325195
27489.000000,1377000.000000,75549924.000000,0.005800,-0.034800,-1.015000,-0.650391,0.325195,0.000000
27490.000000,1377100.000000,75549924.000000,-0.011600,-0.002900,-1.020800, , , 
27491.000000,1377101.000000,75549924.000000, , , ,-0.325195,0.000000,-0.325195
27492.000000,1377192.000000,75549924.000000, , , ,-0.650391,0.000000,0.000000
27493.000000,1377199.000000,75549924.000000,0.011600,-0.017400,-0.968600, , , 
27494.000000,1377293.000000,75549924.000000, , , ,-0.325195,-1.300781,0.000000
27495.000000,1377300.000000,75549924.000000,-0.014500,-0.011600,-0.959900, , , 
27496.000000,1377394.000000,75549924.000000, , , ,-1.300781,0.975586,0.000000
27497.000000,1377399.000000,75549924.000000,-0.031900,-0.017400,-1.035300, , , 
27498.000000,1377495.000000,75549924.000000, , , ,-1.625977,1.300781,0.000000
27499.000000,1377500.000000,75549924.000000,0.000000,-0.026100,-1.081700, , , 
27500.000000,1377596.000000,75549924.000000, , , ,-0.975586,0.650391,0.000000
27501.000000,1377599.000000,75549924.000000,0.000000,-0.008700,-1.029500, , , 
27502.000000,1377697.000000,75549924.000000, , , ,-0.325195,0.000000,-0.325195
27503.000000,1377700.000000,75549924.000000,0.002900,-0.002900,-0.994700, , , 
27504.000000,1377798.000000,75549924.000000, , , ,0.000000,0.650391,-0.325195
27505.000000,1377799.000000,75549924.000000,-0.017400,-0.017400,-1.017900, , , 
27506.000000,1377899.000000,75549924.000000, , , ,-0.650391,0.975586,0.000000
27507.000000,1377900.000000,75549924.000000,-0.005800,-0.029000,-1.044000, , , 
27508.000000,1377999.000000,75549924.000000,0.008700,-0.011600,-1.000500, , , 
27509.000000,1378000.000000,75549924.000000, , , ,-0.650391,0.000000,0.000000
27510.000000,1378100.000000,75549924.000000,-0.008700,-0.011600,-0.965700, , , 
27511.000000,1378101.000000,75549924.000000, , , ,-0.325195,0.000000,0.000000
27512.000000,1378192.000000,75549924.000000, , , ,-0.325195,0.000000,0.000000
27513.000000,1378199.000000,75549924.000000,-0.014500,-0.029000,-0.991800, , , 
27514.000000,1378293.000000,75549924.000000, , , ,-0.650391,0.000000,-0.325195
27515.000000,1378300.000000,75549924.000000,0.002900,-0.011600,-1.015000, , , 
27516.000000,1378394.000000,75549924.000000, , , ,-0.650391,0.000000,0.000000
27517.000000,1378399.000000,75549924.000000,0.002900,-0.023200,-1.006300, , , 
27518.000000,1378495.000000,75549924.000000, , , ,-0.325195,0.650391,0.000000
27519.000000,1378500.000000,75549924.000000,0.000000,-0.014500,-1.015000, , , 
27520.000000,1378596.000000,75549924.000000, , , ,0.000000,0.000000,-0.325195
27521.000000,1378599.000000,75549924.000000,0.011600,0.000000,-0.965700, , , 
27522.000000,1378697.000000,75549924.000000, , , ,-0.975586,0.000000,-0.325195
27523.000000,1378700.000000,75549924.000000,-0.029000,-0.029000,-1.006300, , , 
27524.000000,1378798.000000,75549924.000000, , , ,-1.300781,0.975586,-0.325195
27525.000000,1378799.000000,75549924.000000,-0.005800,-0.011600,-1.058500, , , 
27526.000000,1378899.000000,75549924.000000, , , ,-1.625977,0.325195,-0.325195
27527.000000,1378900.000000,75549924.000000,0.002900,-0.011600,-1.023700, , , 
27528.000000,1378999.000000,75549924.000000,0.000000,0.017400,-1.017900, , , 
27529.000000,1379000.000000,75549924.000000, , , ,-0.325195,0.650391,-0.325195
27530.000000,1379100.000000,75549924.000000,0.014500,-0.011600,-1.017900, , , 
27531.000000,1379101.000000,75549924.000000, , , ,0.000000,0.650391,0.000000
27532.000000,1379192.000000,75549924.000000, , , ,-0.975586,0.000000,0.000000
27533.000000,1379199.000000,75549924.000000,0.008700,-0.029000,-0.994700, , , 
27534.000000,1379293.000000,75549924.000000, , , ,0.000000,0.000000,-0.650391
27535.000000,1379300.000000,75549924.000000,0.011600,-0.034800,-0.988900, , , 
27536.000000,1379394.000000,75549924.000000, , , ,0.000000,0.000000,-0.325195
27537.000000,1379399.000000,75549924.000000,0.000000,-0.029000,-0.994700, , , 
27538.000000,1379495.000000,75549924.000000, , , ,-0.650391,0.325195,-0.325195
27539.000000,1379500.000000,75549924.000000,0.029000,-0.037700,-1.006300, , , 
27540.000000,1379596.000000,75549924.000000, , , ,-0.325195,0.000000,-0.650391
27541.000000,1379599.000000,75549924.000000,0.017400,-0.055100,-0.991800, , , 
27542.000000,1379697.000000,75549924.000000, , , ,-0.325195,0.000000,-0.325195
27543.000000,1379700.000000,75549924.000000,0.011600,-0.037700,-0.968600, , , 
27544.000000,1379798.000000,75549924.000000, , , ,-0.975586,0.650391,0.000000
27545.000000,1379799.000000,75549924.000000,0.002900,-0.052200,-1.015000, , , 
27546.000000,1379899.000000,75549924.000000, , , ,-0.650391,-0.975586,-0.325195
27547.000000,1379900.000000,75549924.000000,0.046400,-0.011600,-0.991800, , , 
27548.000000,1379999.000000,75549924.000000,0.005800,-0.037700,-1.012100, , , 
27549.000000,1380000.000000,75549924.000000, , , ,-0.650391,0.000000,-0.650391
27550.000000,1380100.000000,75549924.000000,0.031900,-0.031900,-1.009200, , , 
27551.000000,1380101.000000,75549924.000000, , , ,-0.325195,0.650391,-0.650391
27552.000000,1380192.000000,75549924.000000, , , ,-0.650391,-0.650391,-0.325195
27553.000000,1380199.000000,75549924.000000,0.037700,-0.017400,-0.957000, , , 
27554.000000,1380293.000000,75549924.000000, , , ,-0.325195,0.325195,0.000000
27555.000000,1380300.000000,75549924.000000,0.005800,-0.031900,-1.006300, , , 
27556.000000,1380394.000000,75549924.000000, , , ,-0.650391,0.650391,-0.325195
27557.000000,1380399.000000,75549924.000000,0.031900,-0.023200,-1.020800, , , 
27558.000000,1380495.000000,75549924.000000, , , ,-0.975586,-0.325195,-0.325195
27559.000000,1380500.000000,75549924.000000,0.046400,-0.017400,-0.994700, , , 
27560.000000,1380596.000000,75549924.000000, , , ,-0.650391,-0.975586,-0.650391
27561.000000,1380599.000000,75549924.000000,0.046400,-0.026100,-0.965700, , , 
27562.000000,1380697.000000,75549924.000000, , , ,-0.650391,-0.325195,0.000000
27563.000000,1380700.000000,75549924.000000,0.023200,-0.023200,-0.971500, , , 
27564.000000,1380798.000000,75549924.000000, , , ,-1.625977,0.325195,-0.325195
27565.000000,1380799.000000,75549924.000000,0.034800,-0.034800,-0.991800, , , 
27566.000000,1380899.000000,75549924.000000, , , ,-0.975586,0.000000,0.000000
27567.000000,1380900.000000,75549924.000000,0.049300,0.000000,-0.951200, , , 
27568.000000,1380999.000000,75549924.000000,0.049300,-0.008700,-0.930900, , , 
27569.000000,1381000.000000,75549924.000000, , , ,0.000000,-0.975586,-0.325195
27570.000000,1381100.000000,75549924.000000,-0.002900,-0.017400,-1.000500, , , 
27571.000000,1381101.000000,75549924.000000, , , ,0.000000,0.325195,-0.650391
27572.000000,1381192.000000,75549924.000000, , , ,-0.975586,0.975586,0.000000
27573.000000,1381199.000000,75549924.000000,0.034800,-0.034800,-1.067200, , , 
27574.000000,1381293.000000,75549924.000000, , , ,-0.975586,-0.650391,0.000000
27575.000000,1381300.000000,75549924.000000,0.089900,-0.020300,-0.991800, , , 
27576.000000,1381394.000000,75549924.000000, , , ,-0.650391,-1.300781,0.000000
27577.000000,1381399.000000,75549924.000000,0.031900,0.000000,-0.904800, , , 
27578.000000,1381495.000000,75549924.000000, , , ,-0.325195,-0.325195,0.000000
27579.000000,1381500.000000,75549924.000000,0.034800,0.005800,-0.930900, , , 
27580.000000,1381596.000000,75549924.000000, , , ,-0.650391,-0.325195,0.000000
27581.000000,1381599.000000,75549924.000000,0.043500,-0.002900,-0.939600, , , 
27582.000000,1381697.000000,75549924.000000, , , ,-0.650391,-1.300781,0.000000
27583.000000,1381700.000000,75549924.000000,0.031900,-0.002900,-0.945400, , , 
27584.000000,1381798.000000,75549924.000000, , , ,-0.650391,0.000000,0.000000
27585.000000,1381799.000000,75549924.000000,0.017400,-0.011600,-1.000500, , , 
27586.000000,1381899.000000,75549924.000000, , , ,-0.975586,0.325195,0.000000
27587.000000,1381900.000000,75549924.000000,0.031900,-0.008700,-1.041100, , , 
27588.000000,1381999.000000,75549924.000000,0.055100,0.002900,-1.006300, , , 
27589.000000,1382000.000000,75549924.000000, , , ,-0.650391,0.000000,0.000000
27590.000000,1382100.000000,75549924.000000,0.052200,0.000000,-0.928000, , , 
27591.000000,1382101.000000,75549924.000000, , , ,0.000000,-0.650391,-0.650391
27592.000000,1382192.000000,75549924.000000, , , ,0.000000,-1.625977,0.325195
27593.000000,1382199.000000,75549924.000000,0.037700,-0.002900,-0.922200, , , 
27594.000000,1382293.000000,75549924.000000, , , ,-0.650391,-0.325195,0.000000
27595.000000,1382300.000000,75549924.000000,0.040600,-0.014500,-0.942500, , , 
27596.000000,1382394.000000,75549924.000000, , , ,-0.975586,0.000000,0.000000
27597.000000,1382399.000000,75549924.000000,0.023200,0.017400,-0.962800, , , 
27598.000000,1382495.000000,75549924.000000, , , ,-0.650391,-0.650391,0.000000
27599.000000,1382500.000000,75549924.000000,0.060900,-0.002900,-0.954100, , , 
27600.000000,1382596.000000,75549924.000000, , , ,-0.650391,-1.625977,0.000000
27601.000000,1382599.000000,75549924.000000,0.029000,0.000000,-0.942500, , , 
27602.000000,1382697.000000,75549924.000000, , , ,-0.650391,-0.325195,0.000000
27603.000000,1382700.000000,75549924.000000,0.023200,-0.011600,-0.988900, , , 
27604.000000,1382798.000000,75549924.000000, , , ,-0.650391,0.650391,0.000000
27605.000000,1382799.000000,75549924.000000,0.031900,0.000000,-1.032400, , , 
27606.000000,1382899.000000,75549924.000000, , , ,-0.650391,-0.325195,0.000000
27607.000000,1382900.000000,75549924.000000,0.055100,-0.011600,-0.991800, , , 
27608.000000,1382999.000000,75549924.000000,0.034800,0.000000,-0.942500, , , 
27609.000000,1383000.000000,75549924.000000, , , ,-0.325195,-1.300781,0.000000
27610.000000,1383100.000000,75549924.000000,0.043500,0.000000,-0.957000, , , 
27611.000000,1383101.000000,75549924.000000, , , ,0.000000,-0.650391,0.000000
27612.000000,1383192.000000,75549924.000000, , , ,-0.650391,0.000000,0.000000
27613.000000,1383199.000000,75549924.000000,0.037700,-0.020300,-0.962800, , , 
27614.000000,1383293.000000,75549924.000000, , , ,-0.650391,-1.625977,0.000000
27615.000000,1383300.000000,75549924.000000,0.058000,-0.005800,-0.933800, , , 
27616.000000,1383394.000000,75549924.000000, , , ,0.000000,-1.625977,0.000000
27617.000000,1383399.000000,75549924.000000,0.020300,0.011600,-0.930900, , , 
27618.000000,1383495.000000,75549924.000000, , , ,0.000000,0.325195,0.000000
27619.000000,1383500.000000,75549924.000000,0.031900,-0.029000,-0.991800, , , 
27620.000000,1383596.000000,75549924.000000, , , ,-0.650391,-0.650391,-0.325195
27621.000000,1383599.000000,75549924.000000,0.055100,-0.017400,-1.009200, , , 
27622.000000,1383697.000000,75549924.000000, , , ,-0.325195,-0.650391,0.000000
27623.000000,1383700.000000,75549924.000000,0.029000,-0.005800,-0.965700, , , 
27624.000000,1383798.000000,75549924.000000, , , ,0.000000,-0.325195,0.000000
27625.000000,1383799.000000,75549924.000000,0.014500,-0.008700,-0.959900, , , 
27626.000000,1383899.000000,75549924.000000, , , ,0.000000,-1.300781,0.000000
27627.000000,1383900.000000,75549924.000000,0.063800,-0.008700,-0.930900, , , 
27628.000000,1383999.000000,75549924.000000,0.023200,-0.002900,-0.899000, , , 
27629.000000,1384000.000000,75549924.000000, , , ,0.000000,-1.625977,0.000000
27630.000000,1384100.000000,75549924.000000,0.023200,-0.011600,-0.945400, , , 
27631.000000,1384101.000000,75549924.000000, , , ,0.000000,-1.300781,-0.325195
27632.000000,1384192.000000,75549924.000000, , , ,0.000000,-0.650391,0.000000
27633.000000,1384199.000000,75549924.000000,0.040600,-0.014500,-0.980200, , , 
27634.000000,1384293.000000,75549924.000000, , , ,-0.325195,0.325195,0.000000
27635.000000,1384300.000000,75549924.000000,0.005800,-0.020300,-1.006300, , , 
27636.000000,1384394.000000,75549924.000000, , , ,0.000000,0.000000,0.000000
27637.000000,1384399.000000,75549924.000000,0.031900,-0.020300,-1.026600, , , 
27638.000000,1384495.000000,75549924.000000, , , ,0.000000,0.000000,0.000000
27639.000000,1384500.000000,75549924.000000,0.043500,-0.005800,-0.951200, , , 
27640.000000,1384596.000000,75549924.000000, , , ,0.000000,-0.975586,-0.325195
27641.000000,1384599.000000,75549924.000000,-0.008700,-0.029000,-0.962800, , , 
27642.000000,1384697.000000,75549924.000000, , , ,0.000000,0.325195,0.000000
27643.000000,1384700.000000,75549924.000000,-0.005800,-0.049300,-1.038200, , , 
27644.000000,1384798.000000,75549924.000000, , , ,-1.625977,0.000000,0.000000
27645.000000,1384799.000000,75549924.000000,0.037700,-0.034800,-1.023700, , , 
27646.000000,1384899.000000,75549924.000000, , , ,0.000000,-0.975586,0.000000
27647.000000,1384900.000000,75549924.000000,0.023200,-0.017400,-0.954100, , , 
27648.000000,1384999.000000,75549924.000000,-0.002900,-0.017400,-0.962800, , , 
27649.000000,1385000.000000,75549924.000000, , , ,-0.325195,0.000000,0.000000
27650.000000,1385100.000000,75549924.000000,0.005800,-0.005800,-0.974400, , , 
27651.000000,1385101.000000,75549924.000000, , , ,-0.325195,-0.325195,0.000000
27652.000000,1385192.000000,75549924.000000, , , ,0.000000,-0.325195,-0.325195
27653.000000,1385199.000000,75549924.000000,0.002900,-0.020300,-0.965700, , , 
27654.000000,1385293.000000,75549924.000000, , , ,0.000000,0.000000,-0.650391
27655.000000,1385300.000000,75549924.000000,0.023200,-0.037700,-0.968600, , , 
27656.000000,1385394.000000,75549924.000000, , , ,-0.650391,-0.325195,0.000000
27657.000000,1385399.000000,75549924.000000,0.011600,-0.023200,-0.971500, , , 
27658.000000,1385495.000000,75549924.000000, , , ,-0.650391,0.000000,-0.325195
27659.000000,1385500.000000,75549924.000000,-0.005800,-0.055100,-0.991800, , , 
27660.000000,1385596.000000,75549924.000000, , , ,-0.650391,0.000000,-0.325195
27661.000000,1385599.000000,75549924.000000,0.005800,-0.023200,-0.997600, , , 
27662.000000,1385697.000000,75549924.000000, , , ,-0.650391,0.000000,-0.650391
27663.000000,1385700.000000,75549924.000000,0.000000,-0.040600,-1.009200, , , 
27664.000000,1385798.000000,75549924.000000, , , ,-0.650391,-0.325195,-0.650391
27665.000000,1385799.000000,75549924.000000,0.000000,-0.040600,-0.991800, , , 
27666.000000,1385899.000000,75549924.000000, , , ,-0.650391,0.000000,0.000000
27667.000000,1385900.000000,75549924.000000,0.000000,-0.040600,-0.980200, , , 
27668.000000,1385999.000000,75549924.000000,0.000000,-0.034800,-0.994700, , , 
27669.000000,1386000.000000,75549924.000000, , , ,-0.975586,-0.325195,-0.325195
27670.000000,1386100.000000,75549924.000000,-0.005800,-0.029000,-0.977300, , , 
27671.000000,1386101.000000,75549924.000000, , , ,0.000000,0.325195,-0.325195
27672.000000,1386192.000000,75549924.000000, , , ,-1.300781,-0.975586,-0.325195
27673.000000,1386199.000000,75549924.000000,0.008700,-0.043500,-0.957000, , , 
27674.000000,1386293.000000,75549924.000000, , , ,-0.975586,0.000000,-0.325195
27675.000000,1386300.000000,75549924.000000,-0.008700,-0.026100,-0.994700, , , 
27676.000000,1386394.000000,75549924.000000, , , ,-0.650391,0.000000,0.000000
27677.000000,1386399.000000,75549924.000000,-0.008700,-0.029000,-0.988900, , , 
27678.000000,1386495.000000,75549924.000000, , , ,-0.650391,0.000000,0.000000
27679.000000,1386500.000000,75549924.000000,0.014500,-0.029000,-0.988900, , , 
27680.000000,1386595.000000,75549924.000000, , , ,-0.650391,-0.650391,0.000000
27681.000000,1386600.000000,75549924.000000,0.008700,-0.017400,-0.965700, , , 
27682.000000,1386696.000000,75549924.000000, , , ,-0.325195,-0.650391,-0.325195
27683.000000,1386699.000000,75549924.000000,-0.014500,-0.023200,-0.959900, , , 
27684.000000,1386797.000000,75549924.000000, , , ,-0.650391,0.000000,-0.325195
27685.000000,1386800.000000,75549924.000000,0.005800,-0.020300,-0.977300, , , 
27686.000000,1386898.000000,75549924.000000, , , ,-0.650391,0.000000,-0.325195
27687.000000,1386899.000000,75549924.000000,0.000000,-0.029000,-1.000500, , , 
27688.000000,1386999.000000,75549924.000000, , , ,-0.650391,0.325195,-0.325195
27689.000000,1387000.000000,75549924.000000,-0.011600,-0.037700,-1.015000, , , 
27690.000000,1387099.000000,75549924.000000,-0.011600,-0.034800,-1.020800, , , 
27691.000000,1387100.000000,75549924.000000, , , ,-1.625977,1.300781,0.000000
27692.000000,1387200.000000,75549924.000000,0.011600,-0.011600,-0.988900, , , 
27693.000000,1387201.000000,75549924.000000, , , ,-1.625977,-1.300781,-0.325195
27694.000000,1387292.000000,75549924.000000, , , ,-0.325195,-0.975586,0.000000
27695.000000,1387299.000000,75549924.000000,-0.011600,-0.008700,-0.930900, , , 
27696.000000,1387393.000000,75549924.000000, , , ,-0.325195,-0.325195,-0.325195
27697.000000,1387400.000000,75549924.000000,-0.020300,-0.020300,-0.965700, , , 
27698.000000,1387494.000000,75549924.000000, , , ,-0.650391,0.650391,0.000000
27699.000000,1387499.000000,75549924.000000,-0.017400,-0.063800,-1.029500, , , 
27700.000000,1387595.000000,75549924.000000, , , ,-0.650391,0.000000,-0.325195
27701.000000,1387600.000000,75549924.000000,0.014500,-0.040600,-1.000500, , , 
27702.000000,1387696.000000,75549924.000000, , , ,-0.975586,-1.300781,-0.325195
27703.000000,1387699.000000,75549924.000000,-0.005800,-0.020300,-0.959900, , , 
27704.000000,1387797.000000,75549924.000000, , , ,-0.325195,0.325195,0.000000
27705.000000,1387800.000000,75549924.000000,-0.011600,-0.034800,-0.986000, , , 
27706.000000,1387898.000000,75549924.000000, , , ,-0.650391,-0.325195,-0.325195
27707.000000,1387899.000000,75549924.000000,-0.008700,-0.020300,-0.991800, , , 
27708.000000,1387999.000000,75549924.000000, , , ,-0.650391,0.650391,-0.325195
27709.000000,1388000.000000,75549924.000000,-0.023200,-0.031900,-1.015000, , , 
27710.000000,1388099.000000,75549924.000000,0.000000,-0.037700,-1.046900, , , 
27711.000000,1388100.000000,75549924.000000, , , ,-0.650391,0.650391,0.000000
27712.000000,1388200.000000,75549924.000000,0.011600,-0.023200,-0.980200, , , 
27713.000000,1388201.000000,75549924.000000, , , ,0.000000,0.000000,-0.325195
27714.000000,1388292.000000,75549924.000000, , , ,-0.325195,-0.325195,-0.650391
27715.000000,1388299.000000,75549924.000000,-0.026100,-0.031900,-0.986000, , , 
27716.000000,1388393.000000,75549924.000000, , , ,-0.650391,0.000000,-0.650391
27717.000000,1388400.000000,75549924.000000,0.000000,-0.043500,-1.006300, , , 
27718.000000,1388494.000000,75549924.000000, , , ,-0.975586,0.000000,-0.325195
27719.000000,1388499.000000,75549924.000000,0.002900,-0.029000,-0.986000, , , 
27720.000000,1388595.000000,75549924.000000, , , ,-0.975586,0.650391,0.000000
27721.000000,1388600.000000,75549924.000000,-0.014500,-0.005800,-1.000500, , , 
27722.000000,1388696.000000,75549924.000000, , , ,-0.325195,-0.650391,0.000000
27723.000000,1388699.000000,75549924.000000,0.000000,-0.011600,-0.994700, , , 
27724.000000,1388797.000000,75549924.000000, , , ,-0.975586,0.000000,0.000000
27725.000000,1388800.000000,75549924.000000,0.002900,-0.002900,-0.954100, , , 
27726.000000,1388898.000000,75549924.000000, , , ,-0.975586,-0.325195,0.000000
27727.000000,1388899.000000,75549924.000000,-0.011600,0.002900,-0.980200, , , 
27728.000000,1388999.000000,75549924.000000, , , ,-0.975586,0.000000,0.000000
27729.000000,1389000.000000,75549924.000000,-0.014500,-0.014500,-1.035300, , , 
27730.000000,1389099.000000,75549924.000000,-0.008700,0.000000,-1.044000, , , 
27731.000000,1389100.000000,75549924.000000, , , ,-0.975586,0.975586,0.000000
27732.000000,1389200.000000,75549924.000000,0.005800,0.002900,-1.023700, , , 
27733.000000,1389201.000000,75549924.000000, , , ,-0.975586,0.000000,0.000000
27734.000000,1389292.000000,75549924.000000, , , ,-0.650391,0.325195,0.000000
27735.000000,1389299.000000,75549924.000000,-0.011600,0.005800,-0.997600, , , 
27736.000000,1389393.000000,75549924.000000, , , ,-0.650391,0.325195,0.000000
27737.000000,1389400.000000,75549924.000000,-0.008700,0.005800,-1.006300, , , 
27738.000000,1389494.000000,75549924.000000, , , ,-0.650391,0.650391,-0.325195
27739.000000,1389499.000000,75549924.000000,-0.002900,0.002900,-1.020800, , , 
27740.000000,1389595.000000,75549924.000000, , , ,-0.325195,-0.325195,0.000000
27741.000000,1389600.000000,75549924.000000,-0.008700,0.000000,-0.994700, , , 
27742.000000,1389696.000000,75549924.000000, , , ,-0.325195,-0.325195,0.000000
27743.000000,1389699.000000,75549924.000000,-0.014500,-0.002900,-1.006300, , , 
27744.000000,1389797.000000,75549924.000000, , , ,-0.650391,0.975586,0.000000
27745.000000,1389800.000000,75549924.000000,-0.011600,0.005800,-1.029500, , , 
27746.000000,1389898.000000,75549924.000000, , , ,-0.650391,0.000000,0.000000
27747.000000,1389899.000000,75549924.000000,0.000000,-0.011600,-1.020800, , , 
27748.000000,1389999.000000,75549924.000000, , , ,-0.650391,0.650391,0.000000
27749.000000,1390000.000000,75549924.000000,0.008700,0.002900,-1.023700, , , 
27750.000000,1390099.000000,75549924.000000,0.008700,0.000000,-1.003400, , , 
27751.000000,1390100.000000,75549924.000000, , , ,-0.325195,0.000000,-0.325195
27752.000000,1390200.000000,75549924.000000,0.002900,-0.008700,-1.003400, , , 
27753.000000,1390201.000000,75549924.000000, , , ,-0.650391,0.650391,0.000000
27754.000000,1390292.000000,75549924.000000, , , ,-0.975586,-0.650391,0.000000
27755.000000,1390299.000000,75549924.000000,0.034800,-0.017400,-0.957000, , , 
27756.000000,1390393.000000,75549924.000000, , , ,-0.975586,-1.951172,0.000000
27757.000000,1390400.000000,75549924.000000,-0.005800,0.005800,-0.933800, , , 
27758.000000,1390494.000000,75549924.000000, , , ,-0.650391,0.325195,0.000000
27759.000000,1390499.000000,75549924.000000,-0.008700,-0.002900,-0.991800, , , 
27760.000000,1390595.000000,75549924.000000, , , ,-0.650391,0.650391,0.000000
27761.000000,1390600.000000,75549924.000000,0.005800,-0.020300,-1.058500, , , 
27762.000000,1390696.000000,75549924.000000, , , ,-1.951172,0.650391,0.000000
27763.000000,1390700.000000,75549924.000000,0.029000,-0.005800,-1.029500, , , 
27764.000000,1390796.000000,75549924.000000, , , ,-0.650391,-1.300781,0.000000
27765.000000,1390799.000000,75549924.000000,0.037700,0.000000,-0.951200, , , 
27766.000000,1390897.000000,75549924.000000, , , ,0.000000,-1.300781,0.000000
27767.000000,1390900.000000,75549924.000000,0.023200,0.014500,-0.907700, , , 
27768.000000,1390998.000000,75549924.000000, , , ,0.650391,0.000000,0.000000
27769.000000,1390999.000000,75549924.000000,-0.008700,0.020300,-0.936700, , , 
27770.000000,1391099.000000,75549924.000000, , , ,-0.325195,0.000000,0.000000
27771.000000,1391100.000000,75549924.000000,0.017400,-0.026100,-1.029500, , , 
27772.000000,1391199.000000,75549924.000000,0.005800,0.005800,-1.026600, , , 
27773.000000,1391200.000000,75549924.000000, , , ,-0.650391,0.000000,0.000000
27774.000000,1391300.000000,75549924.000000,0.023200,0.002900,-1.003400, , , 
27775.000000,1391301.000000,75549924.000000, , , ,0.000000,0.000000,0.000000
27776.000000,1391392.000000,75549924.000000, , , ,0.000000,0.325195,0.000000
27777.000000,1391399.000000,75549924.000000,0.029000,-0.029000,-0.997600, , , 
27778.000000,1391493.000000,75549924.000000, , , ,-0.325195,0.000000,0.000000
27779.000000,1391500.000000,75549924.000000,0.023200,-0.011600,-0.986000, , , 
27780.000000,1391594.000000,75549924.000000, , , ,-0.325195,0.000000,0.000000
27781.000000,1391599.000000,75549924.000000,0.031900,-0.014500,-0.994700, , , 
27782.000000,1391695.000000,75549924.000000, , , ,-0.325195,-0.325195,0.000000
27783.000000,1391700.000000,75549924.000000,0.031900,0.000000,-0.977300, , , 
27784.000000,1391796.000000,75549924.000000, , , ,-0.650391,-0.650391,0.325195
27785.000000,1391799.000000,75549924.000000,0.043500,-0.011600,-0.945400, , , 
27786.000000,1391897.000000,75549924.000000, , , ,-0.650391,0.000000,0.000000
27787.000000,1391900.000000,75549924.000000,0.029000,-0.008700,-0.945400, , , 
27788.000000,1391998.000000,75549924.000000, , , ,-0.325195,-2.276367,0.000000
27789.000000,1391999.000000,75549924.000000,0.049300,-0.005800,-0.919300, , , 
27790.000000,1392099.000000,75549924.000000, , , ,-0.650391,-0.975586,-0.325195
27791.000000,1392100.000000,75549924.000000,0.002900,-0.011600,-0.954100, , , 
27792.000000,1392199.000000,75549924.000000,0.046400,-0.017400,-1.015000, , , 
27793.000000,1392200.000000,75549924.000000, , , ,-0.650391,0.325195,0.000000
27794.000000,1392300.000000,75549924.000000,0.026100,0.000000,-1.000500, , , 
27795.000000,1392301.000000,75549924.000000, , , ,-0.650391,0.000000,0.000000
27796.000000,1392392.000000,75549924.000000, , , ,-0.650391,-0.975586,0.000000
27797.000000,1392399.000000,75549924.000000,0.037700,-0.011600,-0.980200, , , 
27798.000000,1392493.000000,75549924.000000, , , ,-0.325195,0.000000,0.000000
27799.000000,1392500.000000,75549924.000000,0.029000,-0.005800,-0.971500, , , 
27800.000000,1392594.000000,75549924.000000, , , ,0.000000,0.325195,-0.325195
27801.000000,1392599.000000,75549924.000000,0.026100,-0.008700,-0.997600, , , 
27802.000000,1392695.000000,75549924.000000, , , ,0.000000,0.325195,0.000000
27803.000000,1392700.000000,75549924.000000,0.014500,-0.005800,-1.009200, , , 
27804.000000,1392796.000000,75549924.000000, , , ,-0.975586,-0.650391,-0.325195
27805.000000,1392799.000000,75549924.000000,0.049300,-0.031900,-0.980200, , , 
27806.000000,1392897.000000,75549924.000000, , , ,-0.650391,0.325195,0.000000
27807.000000,1392900.000000,75549924.000000,0.034800,-0.014500,-0.971500, , , 
27808.000000,1392998.000000,75549924.000000, , , ,-0.325195,-0.650391,0.000000
27809.000000,1392999.000000,75549924.000000,0.040600,-0.011600,-0.939600, , , 
27810.000000,1393099.000000,75549924.000000, , , ,-0.650391,-0.650391,-0.325195
27811.000000,1393100.000000,75549924.000000,0.000000,-0.029000,-0.974400, , , 
27812.000000,1393199.000000,75549924.000000,0.026100,-0.023200,-1.041100, , , 
27813.000000,1393200.000000,75549924.000000, , , ,-0.325195,0.650391,-0.650391
27814.000000,1393300.000000,75549924.000000,0.043500,-0.034800,-1.020800, , , 
27815.000000,1393301.000000,75549924.000000, , , ,-0.975586,0.325195,-0.325195
27816.000000,1393392.000000,75549924.000000, , , ,-0.650391,-0.650391,-0.650391
27817.000000,1393399.000000,75549924.000000,0.026100,-0.029000,-0.980200, , , 
27818.000000,1393493.000000,75549924.000000, , , ,-0.325195,0.000000,-0.650391
27819.000000,1393500.000000,75549924.000000,0.043500,-0.029000,-1.009200, , , 
27820.000000,1393594.000000,75549924.000000, , , ,-0.650391,0.325195,-0.650391
27821.000000,1393599.000000,75549924.000000,0.031900,-0.026100,-0.991800, , , 
27822.000000,1393695.000000,75549924.000000, , , ,-0.325195,-0.650391,-0.650391
27823.000000,1393700.000000,75549924.000000,0.043500,-0.005800,-0.983100, , , 
27824.000000,1393796.000000,75549924.000000, , , ,-0.325195,0.000000,0.000000
27825.000000,1393799.000000,75549924.000000,0.049300,-0.008700,-1.000500, , , 
27826.000000,1393897.000000,75549924.000000, , , ,0.000000,0.000000,0.000000
27827.000000,1393900.000000,75549924.000000,0.031900,-0.023200,-0.974400, , , 
27828.000000,1393998.000000,75549924.000000, , , ,-0.325195,-0.325195,-0.325195
27829.000000,1393999.000000,75549924.000000,0.023200,-0.029000,-0.994700, , , 
27830.000000,1394099.000000,75549924.000000, , , ,-0.650391,0.650391,0.000000
27831.000000,1394100.000000,75549924.000000,0.031900,-0.029000,-1.026600, , , 
27832.000000,1394199.000000,75549924.000000,0.058000,-0.020300,-0.971500, , , 
27833.000000,1394200.000000,75549924.000000, , , ,-0.975586,0.000000,-0.325195
27834.000000,1394300.000000,75549924.000000,0.005800,-0.020300,-0.954100, , , 
27835.000000,1394301.000000,75549924.000000, , , ,-0.650391,-1.300781,-0.325195
27836.000000,1394392.000000,75549924.000000, , , ,-0.650391,0.325195,-0.325195
27837.000000,1394399.000000,75549924.000000,0.029000,-0.049300,-1.000500, , , 
27838.000000,1394493.000000,75549924.000000, , , ,-1.625977,-0.325195,-0.325195
27839.000000,1394500.000000,75549924.000000,0.031900,-0.029000,-0.988900, , , 
27840.000000,1394594.000000,75549924.000000, , , ,-0.975586,-0.325195,-0.650391
27841.000000,1394599.000000,75549924.000000,0.023200,-0.014500,-0.986000, , , 
27842.000000,1394695.000000,75549924.000000, , , ,0.000000,0.000000,-0.650391
27843.000000,1394700.000000,75549924.000000,0.031900,-0.023200,-0.991800, , , 
27844.000000,1394796.000000,75549924.000000, , , ,-0.325195,-0.325195,-0.650391
27845.000000,1394800.000000,75549924.000000,0.026100,-0.034800,-0.962800, , , 
27846.000000,1394896.000000,75549924.000000, , , ,-0.325195,-1.625977,-0.650391
27847.000000,1394899.000000,75549924.000000,0.043500,-0.046400,-0.948300, , , 
27848.000000,1394997.000000,75549924.000000, , , ,0.000000,-0.650391,-0.325195
27849.000000,1395000.000000,75549924.000000,0.017400,-0.029000,-0.942500, , , 
27850.000000,1395098.000000,75549924.000000, , , ,-0.650391,-0.975586,0.000000
27851.000000,1395099.000000,75549924.000000,0.005800,-0.026100,-0.951200, , , 
27852.000000,1395199.000000,75549924.000000, , , ,-0.975586,0.000000,0.000000
27853.000000,1395200.000000,75549924.000000,0.023200,-0.029000,-1.006300, , , 
27854.000000,1395299.000000,75549924.000000,0.029000,-0.040600,-1.015000, , , 
27855.000000,1395300.000000,75549924.000000, , , ,-0.650391,0.000000,-0.325195
27856.000000,1395400.000000,75549924.000000,0.014500,-0.017400,-0.965700, , , 
27857.000000,1395401.000000,75549924.000000, , , ,-0.650391,-0.975586,-0.325195
27858.000000,1395492.000000,75549924.000000, , , ,-0.650391,-0.975586,-0.325195
27859.000000,1395499.000000,75549924.000000,0.031900,-0.020300,-0.942500, , , 
27860.000000,1395593.000000,75549924.000000, , , ,0.000000,-0.325195,-0.650391
27861.000000,1395600.000000,75549924.000000,0.020300,-0.029000,-0.954100, , , 
27862.000000,1395694.000000,75549924.000000, , , ,0.000000,-1.300781,-0.325195
27863.000000,1395699.000000,75549924.000000,0.026100,-0.005800,-0.933800, , , 
27864.000000,1395795.000000,75549924.000000, , , ,-0.325195,-0.650391,-0.325195
27865.000000,1395800.000000,75549924.000000,0.023200,-0.020300,-0.942500, , , 
27866.000000,1395896.000000,75549924.000000, , , ,-0.650391,-0.650391,0.000000
27867.000000,1395899.000000,75549924.000000,0.014500,-0.026100,-0.959900, , , 
27868.000000,1395997.000000,75549924.000000, , , ,-1.300781,-0.975586,0.000000
27869.000000,1396000.000000,75549924.000000,0.011600,-0.031900,-0.959900, , , 
27870.000000,1396098.000000,75549924.000000, , , ,-0.650391,0.000000,0.000000
27871.000000,1396099.000000,75549924.000000,0.014500,0.011600,-0.962800, , , 
27872.000000,1396199.000000,75549924.000000, , , ,-0.650391,-0.650391,0.000000
27873.000000,1396200.000000,75549924.000000,0.017400,0.000000,-0.994700, , , 
27874.000000,1396299.000000,75549924.000000,0.020300,0.014500,-0.988900, , , 
27875.000000,1396300.000000,75549924.000000, , , ,-0.650391,0.000000,0.325195
27876.000000,1396400.000000,75549924.000000,0.008700,0.020300,-0.988900, , , 
27877.000000,1396401.000000,75549924.000000, , , ,-0.325195,0.000000,0.325195
27878.000000,1396492.000000,75549924.000000, , , ,-0.325195,-0.325195,0.000000
27879.000000,1396499.000000,75549924.000000,0.031900,0.002900,-0.977300, , , 
27880.000000,1396593.000000,75549924.000000, , , ,-0.325195,-0.975586,0.325195
27881.000000,1396600.000000,75549924.000000,0.034800,0.017400,-0.916400, , , 
27882.000000,1396694.000000,75549924.000000, , , ,0.000000,-1.625977,0.000000
27883.000000,1396699.000000,75549924.000000,0.000000,0.005800,-0.916400, , , 
27884.000000,1396795.000000,75549924.000000, , , ,0.000000,-0.650391,0.000000
27885.000000,1396800.000000,75549924.000000,0.005800,0.020300,-0.957000, , , 
27886.000000,1396896.000000,75549924.000000, , , ,-0.325195,0.000000,0.000000
27887.000000,1396899.000000,75549924.000000,0.023200,-0.008700,-0.983100, , , 
27888.000000,1396997.000000,75549924.000000, , , ,0.000000,-0.650391,0.000000
27889.000000,1397000.000000,75549924.000000,0.014500,0.011600,-0.962800, , , 
27890.000000,1397098.000000,75549924.000000, , , ,-0.325195,0.325195,0.000000
27891.000000,1397099.000000,75549924.000000,-0.020300,0.020300,-1.000500, , , 
27892.000000,1397199.000000,75549924.000000, , , ,-0.650391,0.650391,0.000000
27893.000000,1397200.000000,75549924.000000,0.005800,-0.014500,-1.035300, , , 
27894.000000,1397299.000000,75549924.000000,0.043500,-0.011600,-0.962800, , , 
27895.000000,1397300.000000,75549924.000000, , , ,-0.650391,-0.650391,-0.325195
27896.000000,1397400.000000,75549924.000000,-0.005800,-0.014500,-0.951200, , , 
27897.000000,1397401.000000,75549924.000000, , , ,0.000000,-0.325195,0.000000
27898.000000,1397492.000000,75549924.000000, , , ,0.000000,0.000000,-0.325195
27899.000000,1397499.000000,75549924.000000,0.002900,-0.014500,-1.023700, , , 
27900.000000,1397593.000000,75549924.000000, , , ,-0.650391,0.325195,-0.325195
27901.000000,1397600.000000,75549924.000000,0.031900,-0.002900,-1.020800, , , 
27902.000000,1397694.000000,75549924.000000, , , ,-0.325195,-0.650391,0.000000
27903.000000,1397699.000000,75549924.000000,0.002900,-0.020300,-0.994700, , , 
27904.000000,1397795.000000,75549924.000000, , , ,-0.325195,0.325195,-0.325195
27905.000000,1397800.000000,75549924.000000,0.005800,0.002900,-0.997600, , , 
27906.000000,1397896.000000,75549924.000000, , , ,-0.325195,0.325195,-0.325195
27907.000000,1397899.000000,75549924.000000,0.011600,-0.008700,-0.986000, , , 
27908.000000,1397997.000000,75549924.000000, , , ,-0.325195,-0.650391,-0.325195
27909.000000,1398000.000000,75549924.000000,0.000000,-0.023200,-0.965700, , , 
27910.000000,1398098.000000,75549924.000000, , , ,0.000000,-1.625977,0.000000
27911.000000,1398099.000000,75549924.000000,0.020300,-0.008700,-0.904800, , , 
27912.000000,1398199.000000,75549924.000000, , , ,0.000000,-0.650391,0.000000
27913.000000,1398200.000000,75549924.000000,-0.029000,-0.026100,-0.954100, , , 
27914.000000,1398299.000000,75549924.000000,0.000000,-0.031900,-1.023700, , , 
27915.000000,1398300.000000,75549924.000000, , , ,-1.300781,0.000000,0.000000
27916.000000,1398400.000000,75549924.000000,0.002900,-0.002900,-0.991800, , , 
27917.000000,1398401.000000,75549924.000000, , , ,-0.650391,-0.325195,0.000000
27918.000000,1398492.000000,75549924.000000, , , ,0.000000,-0.650391,-0.325195
27919.000000,1398499.000000,75549924.000000,0.002900,-0.011600,-0.965700, , , 
27920.000000,1398593.000000,75549924.000000, , , ,-0.325195,0.000000,0.000000
27921.000000,1398600.000000,75549924.000000,0.000000,-0.011600,-0.959900, , , 
27922.000000,1398694.000000,75549924.000000, , , ,-0.650391,0.000000,0.000000
27923.000000,1398699.000000,75549924.000000,0.011600,-0.017400,-0.971500, , , 
27924.000000,1398795.000000,75549924.000000, , , ,-0.325195,-0.325195,0.000000
27925.000000,1398800.000000,75549924.000000,-0.014500,-0.011600,-1.006300, , , 
27926.000000,1398896.000000,75549924.000000, , , ,-0.975586,0.000000,0.000000
27927.000000,1398899.000000,75549924.000000,0.008700,-0.034800,-1.000500, , , 
27928.000000,1398997.000000,75549924.000000, , , ,-0.650391,-0.325195,0.000000
27929.000000,1399000.000000,75549924.000000,0.002900,0.008700,-0.988900, , , 
27930.000000,1399098.000000,75549924.000000, , , ,-0.650391,0.000000,0.000000
27931.000000,1399099.000000,75549924.000000,-0.002900,0.000000,-0.986000, , , 
27932.000000,1399199.000000,75549924.000000, , , ,0.000000,0.000000,0.000000
27933.000000,1399200.000000,75549924.000000,0.000000,-0.031900,-0.988900, , , 
27934.000000,1399299.000000,75549924.000000,-0.017400,-0.011600,-1.006300, , , 
27935.000000,1399300.000000,75549924.000000, , , ,-0.975586,0.000000,0.000000
27936.000000,1399400.000000,75549924.000000,0.000000,-0.008700,-1.012100, , , 
27937.000000,1399401.000000,75549924.000000, , , ,-0.325195,0.325195,0.000000
27938.000000,1399492.000000,75549924.000000, , , ,-0.650391,0.000000,0.000000
27939.000000,1399499.000000,75549924.000000,-0.005800,-0.011600,-1.003400, , , 
27940.000000,1399593.000000,75549924.000000, , , ,-1.300781,0.325195,0.000000
27941.000000,1399600.000000,75549924.000000,0.002900,-0.023200,-1.012100, , , 
27942.000000,1399694.000000,75549924.000000, , , ,-0.650391,0.325195,0.000000
27943.000000,1399699.000000,75549924.000000,0.000000,-0.002900,-0.991800, , , 
27944.000000,1399795.000000,75549924.000000, , , ,-0.325195,0.000000,-0.325195
27945.000000,1399800.000000,75549924.000000,-0.002900,-0.017400,-0.986000, , , 
27946.000000,1399896.000000,75549924.000000, , , ,0.000000,0.325195,-0.325195
27947.000000,1399899.000000,75549924.000000,0.005800,-0.011600,-1.003400, , , 
27948.000000,1399997.000000,75549924.000000, , , ,-0.650391,0.000000,-0.325195
27949.000000,1400000.000000,75549924.000000,0.002900,-0.023200,-0.980200, , , 
27950.000000,1400098.000000,75549924.000000, , , ,-0.650391,-0.975586,0.000000
27951.000000,1400099.000000,75549924.000000,0.008700,-0.017400,-0.951200, , , 
27952.000000,1400199.000000,75549924.000000, , , ,-0.650391,0.650391,0.650391
27953.000000,1400200.000000,75549924.000000,-0.020300,-0.008700,-0.994700, , , 
27954.000000,1400299.000000,75549924.000000,-0.002900,-0.014500,-1.006300, , , 
27955.000000,1400300.000000,75549924.000000, , , ,-0.650391,-0.325195,0.000000
27956.000000,1400400.000000,75549924.000000,0.011600,-0.008700,-0.971500, , , 
27957.000000,1400401.000000,75549924.000000, , , ,0.000000,-0.650391,0.000000
27958.000000,1400492.000000,75549924.000000, , , ,-0.325195,-0.325195,0.000000
27959.000000,1400499.000000,75549924.000000,0.020300,-0.029000,-0.968600, , , 
27960.000000,1400593.000000,75549924.000000, , , ,-0.975586,-0.325195,0.000000
27961.000000,1400600.000000,75549924.000000,-0.011600,-0.014500,-0.980200, , , 
27962.000000,1400694.000000,75549924.000000, , , ,-0.650391,0.325195,0.000000
27963.000000,1400699.000000,75549924.000000,0.023200,-0.017400,-0.983100, , , 
27964.000000,1400795.000000,75549924.000000, , , ,-0.650391,-0.325195,0.000000
27965.000000,1400800.000000,75549924.000000,0.000000,0.000000,-0.986000, , , 
27966.000000,1400896.000000,75549924.000000, , , ,-0.650391,0.000000,0.000000
27967.000000,1400899.000000,75549924.000000,-0.005800,0.002900,-0.988900, , , 
27968.000000,1400997.000000,75549924.000000, , , ,-0.650391,-0.325195,0.000000
27969.000000,1401000.000000,75549924.000000,0.005800,-0.014500,-0.980200, , , 
27970.000000,1401098.000000,75549924.000000, , , ,-0.975586,0.000000,0.000000
27971.000000,1401099.000000,75549924.000000,0.000000,0.000000,-0.988900, , , 
27972.000000,1401199.000000,75549924.000000, , , ,-0.650391,0.000000,0.000000
27973.000000,1401200.000000,75549924.000000,0.000000,0.000000,-0.974400, , , 
27974.000000,1401299.000000,75549924.000000,0.005800,0.002900,-0.977300, , , 
27975.000000,1401300.000000,75549924.000000, , , ,-0.325195,-0.650391,0.000000
27976.000000,1401400.000000,75549924.000000,-0.005800,0.008700,-1.006300, , , 
27977.000000,1401401.000000,75549924.000000, , , ,-0.650391,0.000000,0.000000
27978.000000,1401500.000000,75549924.000000,0.011600,-0.020300,-0.997600, , , 
27979.000000,1401501.000000,75549924.000000, , , ,-0.650391,0.000000,-0.325195
27980.000000,1401592.000000,75549924.000000, , , ,-0.975586,0.000000,0.000000
27981.000000,1401599.000000,75549924.000000,0.011600,-0.008700,-0.971500, , , 
27982.000000,1401693.000000,75549924.000000, , , ,-1.300781,0.000000,0.000000
27983.000000,1401700.000000,75549924.000000,-0.005800,-0.008700,-0.986000, , , 
27984.000000,1401794.000000,75549924.000000, , , ,-0.325195,0.000000,0.000000
27985.000000,1401799.000000,75549924.000000,0.002900,-0.014500,-1.017900, , , 
27986.000000,1401895.000000,75549924.000000, , , ,-0.325195,-0.325195,-0.650391
27987.000000,1401900.000000,75549924.000000,0.000000,-0.014500,-0.994700, , , 
27988.000000,1401996.000000,75549924.000000, , , ,-0.975586,0.325195,-0.325195
27989.000000,1401999.000000,75549924.000000,0.002900,-0.014500,-0.988900, , , 
27990.000000,1402097.000000,75549924.000000, , , ,-0.975586,0.000000,-0.325195
27991.000000,1402100.000000,75549924.000000,-0.011600,-0.014500,-1.020800, , , 
27992.000000,1402198.000000,75549924.000000, , , ,-0.975586,0.000000,-0.325195
27993.000000,1402199.000000,75549924.000000,0.008700,-0.017400,-1.009200, , , 
27994.000000,1402299.000000,75549924.000000, , , ,0.325195,0.000000,-0.650391
27995.000000,1402300.000000,75549924.000000,0.017400,0.000000,-0.951200, , , 
27996.000000,1402399.000000,75549924.000000,0.000000,-0.017400,-0.959900, , , 
27997.000000,1402400.000000,75549924.000000, , , ,0.000000,-0.650391,-0.325195
27998.000000,1402500.000000,75549924.000000,0.000000,-0.023200,-0.974400, , , 
27999.000000,1402501.000000,75549924.000000, , , ,-0.325195,-0.650391,-0.325195
28000.000000,1402592.000000,75549924.000000, , , ,-0.325195,0.000000,-0.325195
28001.000000,1402599.000000,75549924.000000,0.000000,-0.029000,-0.977300, , , 
28002.000000,1402693.000000,75549924.000000, , , ,-0.650391,-0.325195,-0.325195
28003.000000,1402700.000000,75549924.000000,0.008700,-0.026100,-0.988900, , , 
28004.000000,1402794.000000,75549924.000000, , , ,-0.650391,0.325195,-0.325195
28005.000000,1402799.000000,75549924.000000,0.000000,-0.020300,-0.977300, , , 
28006.000000,1402895.000000,75549924.000000, , , ,-0.325195,-0.975586,-0.325195
28007.000000,1402900.000000,75549924.000000,0.014500,0.000000,-0.959900, , , 
28008.000000,1402996.000000,75549924.000000, , , ,0.000000,0.000000,-0.325195
28009.000000,1402999.000000,75549924.000000,-0.005800,-0.029000,-0.997600, , , 
28010.000000,1403097.000000,75549924.000000, , , ,-0.650391,0.650391,-0.325195
28011.000000,1403100.000000,75549924.000000,0.002900,-0.034800,-1.012100, , , 
28012.000000,1403198.000000,75549924.000000, , , ,-0.650391,-0.650391,-0.325195
28013.000000,1403199.000000,75549924.000000,0.026100,-0.011600,-0.986000, , , 
28014.000000,1403299.000000,75549924.000000, , , ,0.000000,-0.325195,-0.325195
28015.000000,1403300.000000,75549924.000000,0.008700,-0.023200,-0.977300, , , 
28016.000000,1403399.000000,75549924.000000,0.002900,-0.029000,-0.980200, , , 
28017.000000,1403400.000000,75549924.000000, , , ,-0.325195,0.325195,0.000000
28018.000000,1403500.000000,75549924.000000,0.026100,-0.026100,-0.997600, , , 
28019.000000,1403501.000000,75549924.000000, , , ,-0.975586,0.000000,0.000000
28020.000000,1403592.000000,75549924.000000, , , ,-0.650391,-0.650391,0.000000
28021.000000,1403599.000000,75549924.000000,0.020300,-0.023200,-0.974400, , , 
28022.000000,1403693.000000,75549924.000000, , , ,-0.650391,-0.650391,0.000000
28023.000000,1403700.000000,75549924.000000,0.014500,-0.014500,-0.933800, , , 
28024.000000,1403794.000000,75549924.000000, , , ,-0.325195,0.000000,0.000000
28025.000000,1403799.000000,75549924.000000,0.000000,-0.005800,-0.942500, , , 
28026.000000,1403895.000000,75549924.000000, , , ,-0.325195,-0.650391,0.000000
28027.000000,1403900.000000,75549924.000000,0.017400,-0.017400,-0.974400, , , 
28028.000000,1403996.000000,75549924.000000, , , ,-0.650391,-0.975586,-0.325195
28029.000000,1403999.000000,75549924.000000,0.026100,-0.017400,-0.959900, , , 
28030.000000,1404097.000000,75549924.000000, , , ,0.000000,0.000000,0.325195
28031.000000,1404100.000000,75549924.000000,-0.008700,-0.023200,-0.977300, , , 
28032.000000,1404198.000000,75549924.000000, , , ,-0.325195,0.650391,-0.325195
28033.000000,1404199.000000,75549924.000000,0.026100,-0.005800,-1.026600, , , 
28034.000000,1404299.000000,75549924.000000, , , ,-0.325195,-0.650391,0.000000
28035.000000,1404300.000000,75549924.000000,0.029000,-0.005800,-0.983100, , , 
28036.000000,1404399.000000,75549924.000000,0.002900,-0.026100,-0.951200, , , 
28037.000000,1404400.000000,75549924.000000, , , ,-0.650391,-0.650391,0.000000
28038.000000,1404500.000000,75549924.000000,-0.002900,-0.014500,-0.980200, , , 
28039.000000,1404501.000000,75549924.000000, , , ,-0.325195,0.325195,0.000000
28040.000000,1404592.000000,75549924.000000, , , ,-1.300781,0.325195,0.000000
28041.000000,1404599.000000,75549924.000000,0.011600,-0.023200,-1.026600, , , 
28042.000000,1404693.000000,75549924.000000, , , ,-0.975586,0.000000,0.000000
28043.000000,1404700.000000,75549924.000000,0.014500,-0.023200,-1.000500, , , 
28044.000000,1404794.000000,75549924.000000, , , ,-0.650391,0.000000,0.000000
28045.000000,1404799.000000,75549924.000000,-0.002900,0.000000,-1.000500, , , 
28046.000000,1404895.000000,75549924.000000, , , ,-0.975586,0.000000,0.000000
28047.000000,1404900.000000,75549924.000000,0.014500,-0.026100,-1.009200, , , 
28048.000000,1404996.000000,75549924.000000, , , ,-0.325195,0.000000,0.000000
28049.000000,1404999.000000,75549924.000000,0.008700,-0.008700,-1.003400, , , 
28050.000000,1405097.000000,75549924.000000, , , ,-0.325195,0.325195,0.000000
28051.000000,1405100.000000,75549924.000000,0.026100,-0.005800,-1.035300, , , 
28052.000000,1405198.000000,75549924.000000, , , ,-0.650391,0.650391,0.000000
28053.000000,1405199.000000,75549924.000000,0.017400,-0.011600,-1.003400, , , 
28054.000000,1405299.000000,75549924.000000, , , ,-0.325195,-0.325195,-0.325195
28055.000000,1405300.000000,75549924.000000,0.005800,0.000000,-0.974400, , , 
28056.000000,1405399.000000,75549924.000000,0.008700,-0.002900,-0.965700, , , 
28057.000000,1405400.000000,75549924.000000, , , ,-0.325195,-0.325195,0.000000
28058.000000,1405500.000000,75549924.000000,0.000000,-0.005800,-0.991800, , , 
28059.000000,1405501.000000,75549924.000000, , , ,-0.325195,0.000000,0.000000
28060.000000,1405592.000000,75549924.000000, , , ,-0.650391,0.325195,0.000000
28061.000000,1405599.000000,75549924.000000,0.020300,-0.011600,-1.012100, , , 
28062.000000,1405693.000000,75549924.000000, , , ,-0.650391,-0.975586,0.000000
28063.000000,1405700.000000,75549924.000000,0.014500,0.002900,-0.971500, , , 
28064.000000,1405794.000000,75549924.000000, , , ,-0.650391,-1.300781,0.000000
28065.000000,1405799.000000,75549924.000000,0.011600,-0.005800,-0.968600, , , 
28066.000000,1405895.000000,75549924.000000, , , ,-0.975586,0.650391,0.000000
28067.000000,1405900.000000,75549924.000000,0.000000,-0.037700,-1.006300, , , 
28068.000000,1405995.000000,75549924.000000, , , ,-0.975586,0.000000,0.000000
28069.000000,1406000.000000,75549924.000000,0.029000,-0.020300,-1.012100, , , 
28070.000000,1406096.000000,75549924.000000, , , ,-0.325195,-0.975586,-0.325195
28071.000000,1406099.000000,75549924.000000,0.031900,-0.017400,-0.951200, , , 
28072.000000,1406197.000000,75549924.000000, , , ,-0.325195,-0.325195,-0.325195
28073.000000,1406200.000000,75549924.000000,0.005800,-0.029000,-0.980200, , , 
28074.000000,1406298.000000,75549924.000000, , , ,0.000000,0.000000,-0.650391
28075.000000,1406299.000000,75549924.000000,0.023200,-0.031900,-0.986000, , , 
28076.000000,1406399.000000,75549924.000000, , , ,0.000000,-1.300781,-0.650391
28077.000000,1406400.000000,75549924.000000,0.031900,-0.037700,-0.945400, , , 
28078.000000,1406499.000000,75549924.000000,0.026100,-0.058000,-0.936700, , , 
28079.000000,1406500.000000,75549924.000000, , , ,-1.300781,-1.625977,-0.325195
28080.000000,1406600.000000,75549924.000000,0.000000,-0.031900,-0.939600, , , 
28081.000000,1406601.000000,75549924.000000, , , ,-0.325195,-0.325195,-0.650391
28082.000000,1406692.000000,75549924.000000, , , ,-0.325195,-0.325195,-0.650391
28083.000000,1406699.000000,75549924.000000,0.008700,-0.037700,-0.974400, , , 
28084.000000,1406793.000000,75549924.000000, , , ,-0.325195,-0.325195,-0.325195
28085.000000,1406800.000000,75549924.000000,0.026100,-0.040600,-0.977300, , , 
28086.000000,1406894.000000,75549924.000000, , , ,-1.300781,-0.325195,-0.325195
28087.000000,1406899.000000,75549924.000000,0.002900,-0.026100,-0.962800, , , 
28088.000000,1406995.000000,75549924.000000, , , ,-0.325195,-0.325195,-0.650391
28089.000000,1407000.000000,75549924.000000,0.017400,-0.020300,-0.971500, , , 
28090.000000,1407096.000000,75549924.000000, , , ,-0.325195,-0.650391,-0.325195
28091.000000,1407099.000000,75549924.000000,0.011600,-0.043500,-0.974400, , , 
28092.000000,1407197.000000,75549924.000000, , , ,-1.300781,-0.975586,-0.325195
28093.000000,1407200.000000,75549924.000000,0.014500,-0.017400,-0.942500, , , 
28094.000000,1407298.000000,75549924.000000, , , ,-0.650391,-0.975586,0.000000
28095.000000,1407299.000000,75549924.000000,0.008700,-0.034800,-0.933800, , , 
28096.000000,1407399.000000,75549924.000000, , , ,-0.975586,-0.650391,-0.325195
28097.000000,1407400.000000,75549924.000000,0.011600,-0.043500,-0.957000, , , 
28098.000000,1407499.000000,75549924.000000,0.011600,0.000000,-0.971500, , , 
28099.000000,1407500.000000,75549924.000000, , , ,-0.975586,-0.325195,-0.325195
28100.000000,1407600.000000,75549924.000000,0.002900,-0.020300,-0.983100, , , 
28101.000000,1407601.000000,75549924.000000, , , ,-0.325195,0.000000,0.000000
28102.000000,1407692.000000,75549924.000000, , , ,0.000000,0.325195,-0.325195
28103.000000,1407699.000000,75549924.000000,0.002900,-0.031900,-0.980200, , , 
28104.000000,1407793.000000,75549924.000000, , , ,-0.325195,0.000000,-0.325195
28105.000000,1407800.000000,75549924.000000,0.011600,-0.031900,-0.997600, , , 
28106.000000,1407894.000000,75549924.000000, , , ,-1.300781,-0.650391,-0.325195
28107.000000,1407899.000000,75549924.000000,0.026100,-0.034800,-0.968600, , , 
28108.000000,1407995.000000,75549924.000000, , , ,-0.325195,-0.650391,0.000000
28109.000000,1408000.000000,75549924.000000,0.020300,-0.017400,-0.910600, , , 
28110.000000,1408096.000000,75549924.000000, , , ,0.000000,-0.975586,-0.325195
28111.000000,1408099.000000,75549924.000000,0.011600,-0.017400,-0.936700, , , 
28112.000000,1408197.000000,75549924.000000, , , ,-0.650391,-1.300781,-0.650391
28113.000000,1408200.000000,75549924.000000,0.002900,-0.052200,-0.957000, , , 
28114.000000,1408298.000000,75549924.000000, , , ,0.000000,-0.975586,-0.325195
28115.000000,1408299.000000,75549924.000000,0.005800,-0.037700,-0.936700, , , 
28116.000000,1408399.000000,75549924.000000, , , ,-0.325195,-0.650391,-0.325195
28117.000000,1408400.000000,75549924.000000,0.014500,-0.026100,-0.957000, , , 
28118.000000,1408499.000000,75549924.000000,0.002900,-0.055100,-0.977300, , , 
28119.000000,1408500.000000,75549924.000000, , , ,-0.650391,-0.325195,-0.325195
28120.000000,1408600.000000,75549924.000000,0.011600,-0.040600,-0.971500, , , 
28121.000000,1408601.000000,75549924.000000, , , ,0.000000,0.000000,-0.650391
28122.000000,1408692.000000,75549924.000000, , , ,-0.975586,-0.975586,-0.325195
28123.000000,1408699.000000,75549924.000000,0.031900,-0.046400,-0.957000, , , 
28124.000000,1408793.000000,75549924.000000, , , ,-0.650391,-0.650391,-0.325195
28125.000000,1408800.000000,75549924.000000,-0.005800,-0.029000,-0.959900, , , 
28126.000000,1408894.000000,75549924.000000, , , ,-0.325195,-0.325195,-0.650391
28127.000000,1408899.000000,75549924.000000,0.020300,-0.046400,-0.977300, , , 
28128.000000,1408995.000000,75549924.000000, , , ,-0.325195,-0.650391,-0.325195
28129.000000,1409000.000000,75549924.000000,0.011600,-0.017400,-0.951200, , , 
28130.000000,1409096.000000,75549924.000000, , , ,-0.650391,-0.650391,-0.650391
28131.000000,1409099.000000,75549924.000000,0.011600,-0.049300,-0.945400, , , 
28132.000000,1409197.000000,75549924.000000, , , ,-0.975586,-0.325195,0.000000
28133.000000,1409200.000000,75549924.000000,0.002900,-0.037700,-0.957000, , , 
28134.000000,1409298.000000,75549924.000000, , , ,-0.975586,-0.650391,0.000000
28135.000000,1409299.000000,75549924.000000,0.011600,-0.020300,-0.962800, , , 
28136.000000,1409399.000000,75549924.000000, , , ,-0.975586,-0.325195,-0.325195
28137.000000,1409400.000000,75549924.000000,0.005800,-0.026100,-0.957000, , , 
28138.000000,1409499.000000,75549924.000000,0.008700,-0.034800,-0.936700, , , 
28139.000000,1409500.000000,75549924.000000, , , ,0.000000,-1.300781,-0.325195
28140.000000,1409600.000000,75549924.000000,0.000000,-0.026100,-0.951200, , , 
28141.000000,1409601.000000,75549924.000000, , , ,0.000000,-0.325195,-0.325195
28142.000000,1409692.000000,75549924.000000, , , ,-0.975586,-0.325195,-0.325195
28143.000000,1409699.000000,75549924.000000,-0.014500,-0.046400,-0.994700, , , 
28144.000000,1409793.000000,75549924.000000, , , ,-0.975586,0.000000,0.000000
28145.000000,1409800.000000,75549924.000000,0.008700,-0.017400,-1.012100, , , 
28146.000000,1409894.000000,75549924.000000, , , ,-0.650391,-0.325195,-0.325195
28147.000000,1409899.000000,75549924.000000,-0.005800,-0.026100,-1.012100, , , 
28148.000000,1409995.000000,75549924.000000, , , ,-0.650391,0.000000,-0.325195
28149.000000,1410000.000000,75549924.000000,0.000000,-0.008700,-0.971500, , , 
28150.000000,1410096.000000,75549924.000000, , , ,-0.975586,0.000000,-0.325195
28151.000000,1410101.000000,75549924.000000,-0.011600,-0.020300,-0.968600, , , 
28152.000000,1410196.000000,75549924.000000, , , ,-0.325195,-0.325195,-0.650391
28153.000000,1410199.000000,75549924.000000,0.000000,-0.029000,-0.991800, , , 
28154.000000,1410297.000000,75549924.000000, , , ,-0.325195,0.000000,-0.325195
28155.000000,1410300.000000,75549924.000000,-0.008700,-0.026100,-0.974400, , , 
28156.000000,1410398.000000,75549924.000000, , , ,-0.650391,-0.325195,0.000000
28157.000000,1410399.000000,75549924.000000,-0.005800,-0.005800,-0.951200, , , 
28158.000000,1410499.000000,75549924.000000, , , ,-0.650391,-0.650391,-0.325195
28159.000000,1410500.000000,75549924.000000,-0.020300,-0.034800,-0.994700, , , 
28160.000000,1410599.000000,75549924.000000,-0.008700,-0.037700,-0.997600, , , 
28161.000000,1410600.000000,75549924.000000, , , ,-0.650391,0.000000,-0.325195
28162.000000,1410700.000000,75549924.000000,-0.011600,-0.011600,-0.962800, , , 
28163.000000,1410701.000000,75549924.000000, , , ,-0.650391,0.000000,-0.325195
28164.000000,1410792.000000,75549924.000000, , , ,-0.650391,-0.975586,0.000000
28165.000000,1410799.000000,75549924.000000,0.005800,-0.017400,-0.925100, , , 
28166.000000,1410893.000000,75549924.000000, , , ,0.000000,-0.650391,-0.325195
28167.000000,1410900.000000,75549924.000000,-0.040600,-0.029000,-0.939600, , , 
28168.000000,1410994.000000,75549924.000000, , , ,-0.325195,-0.325195,0.000000
28169.000000,1410999.000000,75549924.000000,-0.020300,-0.020300,-0.977300, , , 
28170.000000,1411095.000000,75549924.000000, , , ,-0.650391,0.000000,-0.325195
28171.000000,1411100.000000,75549924.000000,-0.020300,-0.017400,-0.997600, , , 
28172.000000,1411196.000000,75549924.000000, , , ,-0.325195,0.000000,-0.325195
28173.000000,1411199.000000,75549924.000000,-0.029000,-0.026100,-1.000500, , , 
28174.000000,1411297.000000,75549924.000000, , , ,-0.325195,0.325195,0.000000
28175.000000,1411300.000000,75549924.000000,-0.023200,-0.023200,-1.017900, , , 
28176.000000,1411398.000000,75549924.000000, , , ,-0.650391,0.325195,-0.325195
28177.000000,1411399.000000,75549924.000000,-0.026100,-0.031900,-1.012100, , , 
28178.000000,1411499.000000,75549924.000000, , , ,-0.325195,-0.325195,0.000000
28179.000000,1411500.000000,75549924.000000,-0.005800,-0.017400,-0.977300, , , 
28180.000000,1411599.000000,75549924.000000,-0.026100,-0.023200,-0.959900, , , 
28181.000000,1411600.000000,75549924.000000, , , ,-0.325195,-0.975586,0.000000
28182.000000,1411700.000000,75549924.000000,-0.029000,-0.031900,-0.977300, , , 
28183.000000,1411701.000000,75549924.000000, , , ,-0.975586,-0.325195,-0.325195
28184.000000,1411792.000000,75549924.000000, , , ,-0.975586,0.000000,-0.325195
28185.000000,1411799.000000,75549924.000000,-0.026100,-0.026100,-0.974400, , , 
28186.000000,1411893.000000,75549924.000000, , , ,-0.325195,0.000000,0.000000
28187.000000,1411900.000000,75549924.000000,-0.037700,-0.029000,-0.997600, , , 
28188.000000,1411994.000000,75549924.000000, , , ,0.000000,-0.325195,0.000000
28189.000000,1411999.000000,75549924.000000,-0.017400,-0.026100,-0.980200, , , 
28190.000000,1412095.000000,75549924.000000, , , ,0.000000,0.000000,-0.650391
28191.000000,1412100.000000,75549924.000000,-0.037700,-0.034800,-0.971500, , , 
28192.000000,1412196.000000,75549924.000000, , , ,-0.325195,0.000000,-0.325195
28193.000000,1412199.000000,75549924.000000,-0.023200,-0.017400,-1.012100, , , 
28194.000000,1412297.000000,75549924.000000, , , ,-0.325195,0.325195,0.000000
28195.000000,1412300.000000,75549924.000000,-0.040600,-0.023200,-1.003400, , , 
28196.000000,1412398.000000,75549924.000000, , , ,-0.975586,0.650391,0.325195
28197.000000,1412399.000000,75549924.000000,-0.020300,-0.014500,-0.994700, , , 
28198.000000,1412499.000000,75549924.000000, , , ,-0.975586,-0.650391,0.000000
28199.000000,1412500.000000,75549924.000000,-0.026100,-0.011600,-0.977300, , , 
28200.000000,1412599.000000,75549924.000000,-0.043500,-0.011600,-0.971500, , , 
28201.000000,1412600.000000,75549924.000000, , , ,-0.650391,0.000000,0.000000
28202.000000,1412700.000000,75549924.000000,-0.011600,-0.008700,-0.971500, , , 
28203.000000,1412701.000000,75549924.000000, , , ,-0.975586,-0.325195,0.000000
28204.000000,1412792.000000,75549924.000000, , , ,-0.975586,-0.650391,0.000000
28205.000000,1412799.000000,75549924.000000,-0.049300,-0.011600,-0.986000, , , 
28206.000000,1412893.000000,75549924.000000, , , ,-0.325195,0.650391,0.000000
28207.000000,1412900.000000,75549924.000000,-0.046400,-0.005800,-1.038200, , , 
28208.000000,1412994.000000,75549924.000000, , , ,-0.650391,0.975586,0.000000
28209.000000,1412999.000000,75549924.000000,-0.029000,-0.017400,-1.055600, , , 
28210.000000,1413095.000000,75549924.000000, , , ,-0.650391,0.325195,0.000000
28211.000000,1413100.000000,75549924.000000,-0.023200,0.002900,-1.009200, , , 
28212.000000,1413196.000000,75549924.000000, , , ,-0.650391,-0.650391,0.000000
28213.000000,1413199.000000,75549924.000000,-0.026100,0.011600,-0.957000, , , 
28214.000000,1413297.000000,75549924.000000, , , ,-0.650391,-0.325195,0.000000
28215.000000,1413300.000000,75549924.000000,-0.031900,-0.002900,-0.948300, , , 
28216.000000,1413398.000000,75549924.000000, , , ,0.000000,0.000000,-0.325195
28217.000000,1413399.000000,75549924.000000,-0.031900,-0.026100,-0.980200, , , 
28218.000000,1413499.000000,75549924.000000, , , ,-0.325195,-0.325195,0.000000
28219.000000,1413500.000000,75549924.000000,-0.026100,0.000000,-0.980200, , , 
28220.000000,1413599.000000,75549924.000000,-0.037700,-0.014500,-0.991800, , , 
28221.000000,1413600.000000,75549924.000000, , , ,-0.325195,0.000000,-0.325195
28222.000000,1413700.000000,75549924.000000,-0.034800,-0.026100,-1.000500, , , 
28223.000000,1413701.000000,75549924.000000, , , ,-0.325195,0.000000,0.000000
28224.000000,1413792.000000,75549924.000000, , , ,-1.300781,0.000000,0.000000
28225.000000,1413799.000000,75549924.000000,-0.020300,-0.014500,-0.988900, , , 
28226.000000,1413893.000000,75549924.000000, , , ,-0.325195,-0.325195,0.000000
28227.000000,1413900.000000,75549924.000000,-0.037700,-0.002900,-0.986000, , , 
28228.000000,1413994.000000,75549924.000000, , , ,-0.650391,-0.325195,0.000000
28229.000000,1413999.000000,75549924.000000,-0.020300,-0.020300,-0.971500, , , 
28230.000000,1414095.000000,75549924.000000, , , ,-0.650391,0.000000,0.000000
28231.000000,1414100.000000,75549924.000000,-0.023200,-0.002900,-0.957000, , , 
28232.000000,1414196.000000,75549924.000000, , , ,-0.325195,-0.325195,0.000000
28233.000000,1414199.000000,75549924.000000,-0.026100,-0.005800,-0.962800, , , 
28234.000000,1414297.000000,75549924.000000, , , ,-0.650391,-0.975586,0.000000
28235.000000,1414300.000000,75549924.000000,-0.014500,-0.029000,-0.951200, , , 
28236.000000,1414398.000000,75549924.000000, , , ,-0.650391,-0.975586,-0.325195
28237.000000,1414399.000000,75549924.000000,-0.017400,-0.014500,-0.939600, , , 
28238.000000,1414499.000000,75549924.000000, , , ,-0.325195,-1.625977,0.000000
28239.000000,1414500.000000,75549924.000000,-0.011600,0.000000,-0.904800, , , 
28240.000000,1414599.000000,75549924.000000,-0.052200,0.000000,-0.928000, , , 
28241.000000,1414600.000000,75549924.000000, , , ,-0.650391,-0.975586,0.000000
28242.000000,1414700.000000,75549924.000000,-0.002900,-0.014500,-0.962800, , , 
28243.000000,1414701.000000,75549924.000000, , , ,-0.975586,-0.650391,0.000000
28244.000000,1414792.000000,75549924.000000, , , ,-0.325195,-0.975586,0.000000
28245.000000,1414799.000000,75549924.000000,-0.026100,-0.005800,-0.948300, , , 
28246.000000,1414893.000000,75549924.000000, , , ,-0.325195,-0.325195,-0.325195
28247.000000,1414900.000000,75549924.000000,-0.052200,0.000000,-0.983100, , , 
28248.000000,1414994.000000,75549924.000000, , , ,-0.975586,0.325195,0.000000
28249.000000,1414999.000000,75549924.000000,-0.026100,-0.026100,-1.029500, , , 
28250.000000,1415095.000000,75549924.000000, , , ,-0.325195,0.000000,-0.325195
28251.000000,1415100.000000,75549924.000000,-0.014500,-0.017400,-1.015000, , , 
28252.000000,1415196.000000,75549924.000000, , , ,-0.325195,0.325195,0.000000
28253.000000,1415199.000000,75549924.000000,-0.043500,0.005800,-1.006300, , , 
28254.000000,1415297.000000,75549924.000000, , , ,-0.975586,0.000000,0.000000
28255.000000,1415300.000000,75549924.000000,0.005800,-0.020300,-0.997600, , , 
28256.000000,1415398.000000,75549924.000000, , , ,-0.325195,-0.975586,-0.325195
28257.000000,1415399.000000,75549924.000000,-0.011600,-0.005800,-0.936700, , , 
28258.000000,1415499.000000,75549924.000000, , , ,-0.325195,-0.975586,0.325195
28259.000000,1415500.000000,75549924.000000,-0.017400,0.000000,-0.910600, , , 
28260.000000,1415599.000000,75549924.000000,-0.008700,-0.005800,-0.968600, , , 
28261.000000,1415600.000000,75549924.000000, , , ,0.000000,-0.325195,0.000000
28262.000000,1415700.000000,75549924.000000,-0.014500,-0.014500,-0.988900, , , 
28263.000000,1415701.000000,75549924.000000, , , ,-0.325195,0.000000,0.000000
28264.000000,1415801.000000,75549924.000000,-0.020300,-0.014500,-0.977300, , , 
28265.000000,1415802.000000,75549924.000000, , , ,-0.650391,-0.325195,0.000000
28266.000000,1415892.000000,75549924.000000, , , ,-0.975586,-0.325195,0.000000
28267.000000,1415899.000000,75549924.000000,0.002900,-0.017400,-0.957000, , , 
28268.000000,1415993.000000,75549924.000000, , , ,0.000000,-0.975586,0.000000
28269.000000,1416000.000000,75549924.000000,-0.020300,0.000000,-0.959900, , , 
28270.000000,1416094.000000,75549924.000000, , , ,0.000000,0.325195,0.000000
28271.000000,1416099.000000,75549924.000000,-0.031900,0.000000,-0.986000, , , 
28272.000000,1416195.000000,75549924.000000, , , ,-0.325195,0.325195,0.000000
28273.000000,1416200.000000,75549924.000000,0.011600,-0.011600,-0.991800, , , 
28274.000000,1416296.000000,75549924.000000, , , ,0.000000,-0.650391,0.000000
28275.000000,1416299.000000,75549924.000000,-0.023200,0.002900,-0.986000, , , 
28276.000000,1416397.000000,75549924.000000, , , ,-0.650391,0.000000,0.000000
28277.000000,1416400.000000,75549924.000000,-0.020300,-0.017400,-0.986000, , , 
28278.000000,1416498.000000,75549924.000000, , , ,-0.975586,0.650391,-0.325195
28279.000000,1416499.000000,75549924.000000,-0.023200,-0.017400,-1.017900, , , 
28280.000000,1416599.000000,75549924.000000, , , ,-0.975586,0.000000,0.000000
28281.000000,1416600.000000,75549924.000000,-0.014500,-0.002900,-1.029500, , , 
28282.000000,1416699.000000,75549924.000000,-0.014500,-0.008700,-1.000500, , , 
28283.000000,1416700.000000,75549924.000000, , , ,-0.650391,0.000000,-0.325195
28284.000000,1416800.000000,75549924.000000,-0.029000,0.000000,-1.006300, , , 
28285.000000,1416801.000000,75549924.000000, , , ,-0.325195,0.650391,0.000000
28286.000000,1416892.000000,75549924.000000, , , ,-0.650391,0.975586,-0.325195
28287.000000,1416899.000000,75549924.000000,-0.023200,-0.017400,-1.055600, , , 
28288.000000,1416993.000000,75549924.000000, , , ,-0.325195,0.325195,-0.325195
28289.000000,1417000.000000,75549924.000000,-0.011600,-0.020300,-1.038200, , , 
28290.000000,1417094.000000,75549924.000000, , , ,-0.650391,-0.325195,0.000000
28291.000000,1417099.000000,75549924.000000,-0.011600,-0.011600,-0.997600, , , 
28292.000000,1417195.000000,75549924.000000, , , ,-0.325195,1.300781,0.000000
28293.000000,1417200.000000,75549924.000000,-0.034800,-0.014500,-1.038200, , , 
28294.000000,1417296.000000,75549924.000000, , , ,-0.650391,0.650391,-0.325195
28295.000000,1417299.000000,75549924.000000,-0.026100,-0.017400,-1.026600, , , 
28296.000000,1417397.000000,75549924.000000, , , ,-0.325195,0.000000,-0.325195
28297.000000,1417400.000000,75549924.000000,-0.008700,-0.011600,-0.991800, , , 
28298.000000,1417498.000000,75549924.000000, , , ,0.000000,0.000000,-0.650391
28299.000000,1417499.000000,75549924.000000,-0.026100,-0.017400,-1.003400, , , 
28300.000000,1417599.000000,75549924.000000, , , ,-0.650391,0.975586,-0.325195
28301.000000,1417600.000000,75549924.000000,-0.031900,-0.029000,-1.017900, , , 
28302.000000,1417699.000000,75549924.000000,-0.037700,-0.037700,-1.035300, , , 
28303.000000,1417700.000000,75549924.000000, , , ,-0.325195,0.975586,-0.325195
28304.000000,1417800.000000,75549924.000000,-0.020300,-0.029000,-1.049800, , , 
28305.000000,1417801.000000,75549924.000000, , , ,-0.650391,0.650391,-0.325195
28306.000000,1417892.000000,75549924.000000, , , ,-0.650391,0.325195,-0.325195
28307.000000,1417899.000000,75549924.000000,-0.008700,-0.017400,-1.006300, , , 
28308.000000,1417993.000000,75549924.000000, , , ,-0.975586,0.325195,-0.650391
28309.000000,1418000.000000,75549924.000000,-0.029000,-0.031900,-1.012100, , , 
28310.000000,1418094.000000,75549924.000000, , , ,-0.650391,0.000000,0.000000
28311.000000,1418099.000000,75549924.000000,-0.017400,-0.017400,-1.012100, , , 
28312.000000,1418195.000000,75549924.000000, , , ,-0.325195,0.650391,-0.325195
28313.000000,1418200.000000,75549924.000000,-0.017400,-0.037700,-0.991800, , , 
28314.000000,1418296.000000,75549924.000000, , , ,-0.325195,-0.650391,0.000000
28315.000000,1418299.000000,75549924.000000,-0.005800,-0.017400,-0.971500, , , 
28316.000000,1418397.000000,75549924.000000, , , ,-0.325195,0.325195,-0.325195
28317.000000,1418400.000000,75549924.000000,-0.034800,-0.017400,-0.988900, , , 
28318.000000,1418498.000000,75549924.000000, , , ,-0.650391,0.000000,-0.325195
28319.000000,1418499.000000,75549924.000000,-0.020300,-0.034800,-0.994700, , , 
28320.000000,1418599.000000,75549924.000000, , , ,-1.300781,0.325195,0.000000
28321.000000,1418600.000000,75549924.000000,-0.029000,-0.034800,-0.997600, , , 
28322.000000,1418699.000000,75549924.000000,-0.026100,-0.020300,-1.015000, , , 
28323.000000,1418700.000000,75549924.000000, , , ,-0.975586,-0.325195,0.000000
28324.000000,1418800.000000,75549924.000000,-0.017400,-0.023200,-1.003400, , , 
28325.000000,1418801.000000,75549924.000000, , , ,-0.975586,0.325195,-0.650391
28326.000000,1418892.000000,75549924.000000, , , ,-0.650391,-0.325195,0.000000
28327.000000,1418899.000000,75549924.000000,-0.005800,-0.008700,-0.962800, , , 
28328.000000,1418993.000000,75549924.000000, , , ,-0.325195,-0.650391,0.000000
28329.000000,1419000.000000,75549924.000000,-0.023200,-0.008700,-0.954100, , , 
28330.000000,1419094.000000,75549924.000000, , , ,-0.325195,0.000000,0.000000
28331.000000,1419099.000000,75549924.000000,-0.034800,-0.029000,-0.983100, , , 
28332.000000,1419195.000000,75549924.000000, , , ,-0.325195,0.650391,-0.325195
28333.000000,1419200.000000,75549924.000000,-0.026100,-0.023200,-1.032400, , , 
28334.000000,1419296.000000,75549924.000000, , , ,-0.975586,0.325195,-0.325195
28335.000000,1419299.000000,75549924.000000,-0.011600,-0.014500,-1.032400, , , 
28336.000000,1419397.000000,75549924.000000, , , ,0.000000,-0.325195,0.000000
28337.000000,1419400.000000,75549924.000000,-0.026100,-0.020300,-0.974400, , , 
28338.000000,1419498.000000,75549924.000000, , , ,-0.325195,0.650391,0.000000
28339.000000,1419499.000000,75549924.000000,-0.037700,-0.023200,-1.020800, , , 
28340.000000,1419599.000000,75549924.000000, , , ,0.000000,0.650391,-0.325195
28341.000000,1419600.000000,75549924.000000,-0.008700,-0.023200,-1.049800, , , 
28342.000000,1419699.000000,75549924.000000,-0.029000,-0.029000,-1.012100, , , 
28343.000000,1419700.000000,75549924.000000, , , ,0.000000,0.325195,-0.650391
28344.000000,1419800.000000,75549924.000000,0.008700,-0.014500,-0.968600, , , 
28345.000000,1419801.000000,75549924.000000, , , ,-0.325195,0.000000,0.000000
28346.000000,1419892.000000,75549924.000000, , , ,-0.325195,-0.975586,0.325195
28347.000000,1419899.000000,75549924.000000,-0.014500,-0.020300,-0.962800, , , 
28348.000000,1419993.000000,75549924.000000, , , ,-0.650391,0.325195,0.000000
28349.000000,1420000.000000,75549924.000000,-0.029000,-0.020300,-0.997600, , , 
28350.000000,1420094.000000,75549924.000000, , , ,-1.300781,0.650391,0.000000
28351.000000,1420099.000000,75549924.000000,0.000000,-0.011600,-1.023700, , , 
28352.000000,1420195.000000,75549924.000000, , , ,-0.650391,0.000000,0.000000
28353.000000,1420200.000000,75549924.000000,0.005800,-0.011600,-1.000500, , , 
28354.000000,1420296.000000,75549924.000000, , , ,-0.650391,-0.325195,0.000000
28355.000000,1420299.000000,75549924.000000,0.000000,-0.011600,-0.957000, , , 
28356.000000,1420397.000000,75549924.000000, , , ,-0.325195,0.000000,0.000000
28357.000000,1420400.000000,75549924.000000,-0.011600,-0.005800,-0.974400, , , 
28358.000000,1420498.000000,75549924.000000, , , ,-0.650391,0.325195,0.000000
28359.000000,1420499.000000,75549924.000000,0.020300,-0.008700,-1.006300, , , 
28360.000000,1420599.000000,75549924.000000, , , ,-0.650391,0.650391,0.325195
28361.000000,1420600.000000,75549924.000000,0.026100,-0.002900,-0.971500, , , 
28362.000000,1420699.000000,75549924.000000,0.040600,0.000000,-0.968600, , , 
28363.000000,1420700.000000,75549924.000000, , , ,-0.650391,0.000000,-0.650391
28364.000000,1420800.000000,75549924.000000,0.037700,0.008700,-0.974400, , , 
28365.000000,1420801.000000,75549924.000000, , , ,-0.650391,-0.325195,0.000000
28366.000000,1420892.000000,75549924.000000, , , ,-0.650391,0.000000,0.000000
28367.000000,1420899.000000,75549924.000000,0.037700,0.000000,-0.977300, , , 
28368.000000,1420993.000000,75549924.000000, , , ,-0.650391,0.650391,0.000000
28369.000000,1421000.000000,75549924.000000,0.037700,-0.005800,-1.012100, , , 
28370.000000,1421094.000000,75549924.000000, , , ,-0.650391,0.000000,0.000000
28371.000000,1421099.000000,75549924.000000,0.031900,-0.017400,-1.017900, , , 
28372.000000,1421195.000000,75549924.000000, , , ,-0.975586,-0.650391,0.000000
28373.000000,1421200.000000,75549924.000000,0.052200,-0.002900,-1.003400, , , 
28374.000000,1421296.000000,75549924.000000, , , ,-0.650391,0.325195,0.000000
28375.000000,1421299.000000,75549924.000000,0.037700,-0.011600,-0.997600, , , 
28376.000000,1421397.000000,75549924.000000, , , ,-0.650391,0.000000,-0.325195
28377.000000,1421400.000000,75549924.000000,0.043500,-0.014500,-1.000500, , , 
28378.000000,1421498.000000,75549924.000000, , , ,-0.650391,0.650391,-0.325195
28379.000000,1421499.000000,75549924.000000,0.043500,-0.005800,-1.020800, , , 
28380.000000,1421599.000000,75549924.000000, , , ,0.325195,0.325195,0.000000
28381.000000,1421600.000000,75549924.000000,0.058000,0.000000,-0.991800, , , 
28382.000000,1421699.000000,75549924.000000,0.029000,0.017400,-0.994700, , , 
28383.000000,1421700.000000,75549924.000000, , , ,0.000000,-0.325195,-0.325195
28384.000000,1421800.000000,75549924.000000,0.034800,-0.037700,-1.041100, , , 
28385.000000,1421801.000000,75549924.000000, , , ,-0.650391,0.975586,0.000000
28386.000000,1421892.000000,75549924.000000, , , ,-0.325195,0.650391,0.000000
28387.000000,1421899.000000,75549924.000000,0.058000,0.000000,-1.017900, , , 
28388.000000,1421993.000000,75549924.000000, , , ,-0.650391,0.000000,0.000000
28389.000000,1422000.000000,75549924.000000,0.031900,-0.008700,-0.997600, , , 
28390.000000,1422094.000000,75549924.000000, , , ,0.000000,0.000000,0.000000
28391.000000,1422099.000000,75549924.000000,0.046400,-0.011600,-0.977300, , , 
28392.000000,1422195.000000,75549924.000000, , , ,-0.650391,0.000000,-0.325195
28393.000000,1422200.000000,75549924.000000,0.017400,-0.014500,-1.012100, , , 
28394.000000,1422296.000000,75549924.000000, , , ,-0.325195,1.625977,0.000000
28395.000000,1422299.000000,75549924.000000,0.040600,-0.011600,-1.044000, , , 
28396.000000,1422397.000000,75549924.000000, , , ,-0.975586,0.000000,0.000000
28397.000000,1422400.000000,75549924.000000,0.055100,-0.026100,-1.003400, , , 
28398.000000,1422498.000000,75549924.000000, , , ,-0.325195,0.000000,-0.325195
28399.000000,1422499.000000,75549924.000000,0.043500,-0.002900,-0.965700, , , 
28400.000000,1422599.000000,75549924.000000, , , ,-0.650391,-1.625977,-0.325195
28401.000000,1422600.000000,75549924.000000,0.049300,-0.017400,-0.962800, , , 
28402.000000,1422699.000000,75549924.000000,0.037700,-0.026100,-0.957000, , , 
28403.000000,1422700.000000,75549924.000000, , , ,-0.325195,-0.650391,-0.325195
28404.000000,1422800.000000,75549924.000000,0.040600,-0.008700,-0.957000, , , 
28405.000000,1422801.000000,75549924.000000, , , ,-0.650391,-0.650391,0.000000
28406.000000,1422892.000000,75549924.000000, , , ,-0.325195,-0.325195,0.000000
28407.000000,1422899.000000,75549924.000000,0.026100,-0.020300,-0.974400, , , 
28408.000000,1422993.000000,75549924.000000, , , ,-0.650391,0.000000,-0.325195
28409.000000,1423000.000000,75549924.000000,0.026100,-0.034800,-0.994700, , , 
28410.000000,1423094.000000,75549924.000000, , , ,-0.650391,0.000000,-0.325195
28411.000000,1423099.000000,75549924.000000,0.037700,-0.020300,-0.997600, , , 
28412.000000,1423195.000000,75549924.000000, , , ,-0.650391,-0.975586,-0.325195
28413.000000,1423200.000000,75549924.000000,0.026100,-0.014500,-0.945400, , , 
28414.000000,1423296.000000,75549924.000000, , , ,-0.650391,-0.650391,-0.325195
28415.000000,1423299.000000,75549924.000000,0.037700,-0.017400,-0.925100, , , 
28416.000000,1423397.000000,75549924.000000, , , ,-0.325195,-0.325195,0.325195
28417.000000,1423400.000000,75549924.000000,0.011600,-0.014500,-0.957000, , , 
28418.000000,1423498.000000,75549924.000000, , , ,-0.975586,0.000000,0.000000
28419.000000,1423499.000000,75549924.000000,0.029000,-0.037700,-0.971500, , , 
28420.000000,1423599.000000,75549924.000000, , , ,-0.325195,-1.625977,0.000000
28421.000000,1423600.000000,75549924.000000,0.058000,-0.011600,-0.933800, , , 
28422.000000,1423699.000000,75549924.000000,-0.005800,-0.023200,-0.954100, , , 
28423.000000,1423700.000000,75549924.000000, , , ,-0.975586,-0.325195,-0.325195
28424.000000,1423800.000000,75549924.000000,0.020300,-0.011600,-0.986000, , , 
28425.000000,1423801.000000,75549924.000000, , , ,-0.650391,-0.650391,-0.325195
28426.000000,1423892.000000,75549924.000000, , , ,-0.325195,0.000000,0.000000
28427.000000,1423899.000000,75549924.000000,0.026100,-0.020300,-0.986000, , , 
28428.000000,1423993.000000,75549924.000000, , , ,-0.325195,-1.625977,0.000000
28429.000000,1424000.000000,75549924.000000,0.020300,-0.026100,-0.971500, , , 
28430.000000,1424094.000000,75549924.000000, , , ,-0.325195,-0.975586,0.000000
28431.000000,1424099.000000,75549924.000000,0.037700,-0.031900,-0.925100, , , 
28432.000000,1424195.000000,75549924.000000, , , ,0.000000,-1.951172,-0.325195
28433.000000,1424200.000000,75549924.000000,0.031900,0.000000,-0.867100, , , 
28434.000000,1424296.000000,75549924.000000, , , ,-0.325195,-1.625977,0.000000
28435.000000,1424299.000000,75549924.000000,0.000000,-0.023200,-0.910600, , , 
28436.000000,1424397.000000,75549924.000000, , , ,-0.975586,0.325195,-0.325195
28437.000000,1424400.000000,75549924.000000,0.000000,-0.066700,-1.017900, , , 
28438.000000,1424498.000000,75549924.000000, , , ,-1.951172,0.000000,-0.325195
28439.000000,1424499.000000,75549924.000000,0.023200,-0.017400,-1.041100, , , 
28440.000000,1424599.000000,75549924.000000, , , ,-0.325195,-0.650391,-0.325195
28441.000000,1424600.000000,75549924.000000,0.020300,0.000000,-0.988900, , , 
28442.000000,1424699.000000,75549924.000000,0.008700,-0.029000,-0.971500, , , 
28443.000000,1424700.000000,75549924.000000, , , ,-0.650391,0.000000,-0.325195
28444.000000,1424800.000000,75549924.000000,0.000000,-0.046400,-0.994700, , , 
28445.000000,1424801.000000,75549924.000000, , , ,-0.975586,0.000000,-0.650391
28446.000000,1424892.000000,75549924.000000, , , ,0.000000,0.000000,0.000000
28447.000000,1424899.000000,75549924.000000,0.011600,-0.020300,-0.983100, , , 
28448.000000,1424993.000000,75549924.000000, , , ,0.000000,-0.325195,-0.325195
28449.000000,1425000.000000,75549924.000000,0.002900,-0.014500,-0.988900, , , 
28450.000000,1425094.000000,75549924.000000, , , ,-0.650391,0.000000,-0.325195
28451.000000,1425099.000000,75549924.000000,0.000000,-0.046400,-1.012100, , , 
28452.000000,1425195.000000,75549924.000000, , , ,-0.650391,-0.650391,0.000000
28453.000000,1425200.000000,75549924.000000,0.008700,-0.011600,-0.971500, , , 
28454.000000,1425296.000000,75549924.000000, , , ,-0.650391,-0.650391,-0.650391
28455.000000,1425299.000000,75549924.000000,0.005800,-0.008700,-0.974400, , , 
28456.000000,1425397.000000,75549924.000000, , , ,0.000000,0.000000,-0.325195
28457.000000,1425400.000000,75549924.000000,-0.014500,-0.023200,-1.003400, , , 
28458.000000,1425498.000000,75549924.000000, , , ,-0.325195,0.000000,-0.325195
28459.000000,1425499.000000,75549924.000000,0.005800,-0.020300,-1.012100, , , 
28460.000000,1425599.000000,75549924.000000, , , ,0.000000,0.000000,0.000000
28461.000000,1425600.000000,75549924.000000,0.005800,0.000000,-1.000500, , , 
28462.000000,1425699.000000,75549924.000000,-0.011600,-0.034800,-0.986000, , , 
28463.000000,1425700.000000,75549924.000000, , , ,-0.325195,0.000000,0.000000
28464.000000,1425800.000000,75549924.000000,0.020300,-0.023200,-0.962800, , , 
28465.000000,1425801.000000,75549924.000000, , , ,-0.650391,0.000000,0.000000
28466.000000,1425892.000000,75549924.000000, , , ,-0.650391,-1.951172,0.000000
28467.000000,1425899.000000,75549924.000000,0.000000,-0.008700,-0.928000, , , 
28468.000000,1425993.000000,75549924.000000, , , ,-0.650391,-0.650391,0.000000
28469.000000,1426000.000000,75549924.000000,-0.017400,-0.005800,-0.948300, , , 
28470.000000,1426094.000000,75549924.000000, , , ,-0.975586,0.650391,0.000000
28471.000000,1426099.000000,75549924.000000,-0.005800,-0.017400,-0.988900, , , 
28472.000000,1426195.000000,75549924.000000, , , ,-0.975586,-0.650391,0.000000
28473.000000,1426200.000000,75549924.000000,0.011600,-0.005800,-0.971500, , , 
28474.000000,1426296.000000,75549924.000000, , , ,-0.325195,-1.625977,0.000000
28475.000000,1426299.000000,75549924.000000,0.008700,-0.014500,-0.913500, , , 
28476.000000,1426397.000000,75549924.000000, , , ,-0.325195,-0.650391,-0.325195
28477.000000,1426400.000000,75549924.000000,-0.017400,-0.017400,-0.959900, , , 
28478.000000,1426498.000000,75549924.000000, , , ,-0.325195,0.000000,0.000000
28479.000000,1426499.000000,75549924.000000,-0.011600,-0.011600,-0.983100, , , 
28480.000000,1426599.000000,75549924.000000, , , ,-0.975586,-0.325195,0.000000
28481.000000,1426600.000000,75549924.000000,0.000000,-0.014500,-0.971500, , , 
28482.000000,1426699.000000,75549924.000000,0.000000,-0.008700,-0.980200, , , 
28483.000000,1426700.000000,75549924.000000, , , ,-1.300781,-0.650391,0.000000
28484.000000,1426800.000000,75549924.000000,-0.005800,-0.011600,-0.951200, , , 
28485.000000,1426801.000000,75549924.000000, , , ,-0.650391,-0.650391,0.000000
28486.000000,1426892.000000,75549924.000000, , , ,-0.325195,-0.650391,-0.325195
28487.000000,1426899.000000,75549924.000000,-0.005800,-0.005800,-0.957000, , , 
28488.000000,1426993.000000,75549924.000000, , , ,-0.650391,0.000000,0.000000
28489.000000,1427000.000000,75549924.000000,-0.017400,-0.002900,-1.012100, , , 
28490.000000,1427094.000000,75549924.000000, , , ,0.000000,0.000000,-0.325195
28491.000000,1427099.000000,75549924.000000,0.000000,-0.014500,-0.994700, , , 
28492.000000,1427195.000000,75549924.000000, , , ,0.000000,-0.325195,-0.325195
28493.000000,1427200.000000,75549924.000000,-0.029000,-0.023200,-1.003400, , , 
28494.000000,1427296.000000,75549924.000000, , , ,0.000000,0.000000,-0.650391
28495.000000,1427299.000000,75549924.000000,-0.011600,-0.031900,-0.997600, , , 
28496.000000,1427397.000000,75549924.000000, , , ,-0.325195,-0.325195,-0.325195
28497.000000,1427400.000000,75549924.000000,0.000000,-0.020300,-0.959900, , , 
28498.000000,1427498.000000,75549924.000000, , , ,-0.325195,-0.650391,-0.325195
28499.000000,1427499.000000,75549924.000000,-0.023200,-0.029000,-0.994700, , , 
28500.000000,1427599.000000,75549924.000000, , , ,-0.650391,0.325195,0.000000
28501.000000,1427600.000000,75549924.000000,-0.011600,-0.031900,-1.017900, , , 
28502.000000,1427699.000000,75549924.000000,-0.014500,-0.002900,-0.991800, , , 
28503.000000,1427700.000000,75549924.000000, , , ,-0.975586,0.000000,-0.325195
28504.000000,1427800.000000,75549924.000000,-0.017400,-0.011600,-0.994700, , , 
28505.000000,1427801.000000,75549924.000000, , , ,0.000000,0.000000,-0.325195
28506.000000,1427892.000000,75549924.000000, , , ,-0.325195,0.000000,-0.650391
28507.000000,1427899.000000,75549924.000000,-0.037700,-0.023200,-1.017900, , , 
28508.000000,1427993.000000,75549924.000000, , , ,-0.975586,0.325195,0.000000
28509.000000,1428000.000000,75549924.000000,0.000000,-0.020300,-1.035300, , , 
28510.000000,1428094.000000,75549924.000000, , , ,0.000000,0.000000,0.000000
28511.000000,1428099.000000,75549924.000000,0.000000,0.002900,-0.988900, , , 
28512.000000,1428195.000000,75549924.000000, , , ,0.000000,-0.650391,-0.325195
28513.000000,1428200.000000,75549924.000000,-0.023200,-0.023200,-0.948300, , , 
28514.000000,1428296.000000,75549924.000000, , , ,0.000000,0.000000,-0.325195
28515.000000,1428299.000000,75549924.000000,-0.049300,-0.017400,-1.009200, , , 
28516.000000,1428397.000000,75549924.000000, , , ,-0.325195,0.325195,-0.650391
28517.000000,1428400.000000,75549924.000000,-0.020300,-0.029000,-1.038200, , , 
28518.000000,1428498.000000,75549924.000000, , , ,-0.650391,0.000000,0.000000
28519.000000,1428499.000000,75549924.000000,0.008700,-0.031900,-1.012100, , , 
28520.000000,1428599.000000,75549924.000000, , , ,-0.650391,0.000000,0.000000
28521.000000,1428600.000000,75549924.000000,-0.002900,-0.014500,-0.997600, , , 
28522.000000,1428699.000000,75549924.000000,-0.008700,-0.023200,-0.959900, , , 
28523.000000,1428700.000000,75549924.000000, , , ,-0.325195,-0.325195,0.000000
28524.000000,1428800.000000,75549924.000000,-0.011600,-0.029000,-0.962800, , , 
28525.000000,1428801.000000,75549924.000000, , , ,0.000000,-0.975586,-0.325195
28526.000000,1428892.000000,75549924.000000, , , ,-0.325195,0.325195,-0.975586
28527.000000,1428899.000000,75549924.000000,-0.026100,-0.031900,-1.023700, , , 
28528.000000,1428993.000000,75549924.000000, , , ,-1.300781,0.650391,-0.325195
28529.000000,1429000.000000,75549924.000000,-0.026100,-0.055100,-1.041100, , , 
28530.000000,1429094.000000,75549924.000000, , , ,-0.650391,0.650391,-0.325195
28531.000000,1429099.000000,75549924.000000,0.000000,-0.023200,-1.015000, , , 
28532.000000,1429195.000000,75549924.000000, , , ,-0.325195,-0.650391,-0.325195
28533.000000,1429200.000000,75549924.000000,-0.017400,-0.020300,-0.988900, , , 
28534.000000,1429296.000000,75549924.000000, , , ,-0.325195,0.325195,-0.650391
28535.000000,1429299.000000,75549924.000000,-0.031900,-0.043500,-1.006300, , , 
28536.000000,1429397.000000,75549924.000000, , , ,-1.300781,0.325195,-0.325195
28537.000000,1429400.000000,75549924.000000,0.000000,-0.031900,-0.997600, , , 
28538.000000,1429498.000000,75549924.000000, , , ,-0.650391,-0.975586,0.000000
28539.000000,1429499.000000,75549924.000000,0.000000,-0.023200,-0.951200, , , 
28540.000000,1429599.000000,75549924.000000, , , ,-0.325195,-0.325195,-0.325195
28541.000000,1429600.000000,75549924.000000,-0.029000,-0.017400,-0.933800, , , 
28542.000000,1429699.000000,75549924.000000,-0.031900,-0.026100,-1.015000, , , 
28543.000000,1429700.000000,75549924.000000, , , ,-0.325195,0.000000,0.000000
28544.000000,1429800.000000,75549924.000000,-0.005800,-0.026100,-1.038200, , , 
28545.000000,1429801.000000,75549924.000000, , , ,-0.975586,0.325195,0.000000
28546.000000,1429892.000000,75549924.000000, , , ,-0.975586,0.000000,0.325195
28547.000000,1429899.000000,75549924.000000,-0.008700,-0.014500,-1.003400, , , 
28548.000000,1429993.000000,75549924.000000, , , ,-0.975586,0.000000,0.000000
28549.000000,1430000.000000,75549924.000000,-0.017400,-0.002900,-0.986000, , , 
28550.000000,1430094.000000,75549924.000000, , , ,-0.325195,0.000000,0.000000
28551.000000,1430099.000000,75549924.000000,-0.008700,-0.008700,-1.000500, , , 
28552.000000,1430195.000000,75549924.000000, , , ,-0.975586,0.000000,0.000000
28553.000000,1430200.000000,75549924.000000,0.000000,-0.002900,-0.994700, , , 
28554.000000,1430296.000000,75549924.000000, , , ,-0.650391,0.000000,0.000000
28555.000000,1430299.000000,75549924.000000,0.005800,0.000000,-0.980200, , , 
28556.000000,1430397.000000,75549924.000000, , , ,-0.325195,0.000000,0.000000
28557.000000,1430400.000000,75549924.000000,-0.005800,-0.005800,-0.988900, , , 
28558.000000,1430498.000000,75549924.000000, , , ,-0.650391,0.000000,0.000000
28559.000000,1430499.000000,75549924.000000,-0.002900,-0.014500,-0.997600, , , 
28560.000000,1430599.000000,75549924.000000, , , ,-0.325195,0.000000,0.000000
28561.000000,1430600.000000,75549924.000000,0.005800,0.005800,-0.986000, , , 
28562.000000,1430699.000000,75549924.000000,-0.002900,-0.017400,-0.977300, , , 
28563.000000,1430700.000000,75549924.000000, , , ,-0.650391,-0.325195,0.000000
28564.000000,1430800.000000,75549924.000000,-0.002900,0.002900,-1.006300, , , 
28565.000000,1430801.000000,75549924.000000, , , ,-0.325195,0.650391,0.325195
28566.000000,1430892.000000,75549924.000000, , , ,-0.650391,0.000000,0.000000
28567.000000,1430899.000000,75549924.000000,0.017400,-0.005800,-1.009200, , , 
28568.000000,1430993.000000,75549924.000000, , , ,-0.650391,-0.975586,0.325195
28569.000000,1431000.000000,75549924.000000,0.014500,-0.008700,-0.974400, , , 
28570.000000,1431094.000000,75549924.000000, , , ,0.000000,0.325195,0.000000
28571.000000,1431099.000000,75549924.000000,0.000000,-0.005800,-0.986000, , , 
28572.000000,1431195.000000,75549924.000000, , , ,-1.300781,0.000000,0.000000
28573.000000,1431200.000000,75549924.000000,0.005800,-0.002900,-1.012100, , , 
28574.000000,1431296.000000,75549924.000000, , , ,-0.650391,-0.325195,0.000000
28575.000000,1431299.000000,75549924.000000,0.034800,0.005800,-0.971500, , , 
28576.000000,1431397.000000,75549924.000000, , , ,-0.325195,0.000000,0.000000
28577.000000,1431400.000000,75549924.000000,0.002900,0.002900,-0.959900, , , 
28578.000000,1431498.000000,75549924.000000, , , ,-0.650391,0.000000,0.325195
28579.000000,1431499.000000,75549924.000000,0.002900,0.005800,-1.003400, , , 
28580.000000,1431599.000000,75549924.000000, , , ,-0.325195,0.000000,0.000000
28581.000000,1431600.000000,75549924.000000,0.017400,0.008700,-1.015000, , , 
28582.000000,1431699.000000,75549924.000000,0.014500,-0.005800,-1.006300, , , 
28583.000000,1431700.000000,75549924.000000, , , ,-0.650391,0.000000,0.000000
28584.000000,1431800.000000,75549924.000000,0.040600,0.000000,-0.980200, , , 
28585.000000,1431801.000000,75549924.000000, , , ,-0.650391,0.000000,0.000000
28586.000000,1431892.000000,75549924.000000, , , ,-0.325195,-0.650391,0.000000
28587.000000,1431899.000000,75549924.000000,0.026100,-0.005800,-0.942500, , , 
28588.000000,1431993.000000,75549924.000000, , , ,-0.325195,-0.325195,0.325195
28589.000000,1432000.000000,75549924.000000,0.002900,-0.002900,-0.951200, , , 
28590.000000,1432094.000000,75549924.000000, , , ,0.000000,0.000000,0.000000
28591.000000,1432099.000000,75549924.000000,0.020300,-0.002900,-0.994700, , , 
28592.000000,1432195.000000,75549924.000000, , , ,-0.325195,-0.325195,-0.325195
28593.000000,1432200.000000,75549924.000000,0.011600,-0.020300,-0.986000, , , 
28594.000000,1432296.000000,75549924.000000, , , ,-0.650391,-0.325195,0.000000
28595.000000,1432299.000000,75549924.000000,0.023200,0.000000,-0.977300, , , 
28596.000000,1432397.000000,75549924.000000, , , ,0.000000,0.000000,0.000000
28597.000000,1432400.000000,75549924.000000,0.008700,-0.005800,-0.994700, , , 
28598.000000,1432498.000000,75549924.000000, , , ,-0.650391,0.325195,-0.325195
28599.000000,1432499.000000,75549924.000000,0.014500,-0.026100,-0.991800, , , 
28600.000000,1432599.000000,75549924.000000, , , ,-0.975586,-0.325195,-0.325195
28601.000000,1432600.000000,75549924.000000,0.034800,-0.011600,-0.968600, , , 
28602.000000,1432699.000000,75549924.000000,0.000000,-0.026100,-0.965700, , , 
28603.000000,1432700.000000,75549924.000000, , , ,-0.325195,0.000000,-0.325195
28604.000000,1432800.000000,75549924.000000,0.023200,-0.049300,-0.965700, , , 
28605.000000,1432801.000000,75549924.000000, , , ,-0.650391,0.000000,-0.325195
28606.000000,1432892.000000,75549924.000000, , , ,0.000000,-0.650391,-0.325195
28607.000000,1432899.000000,75549924.000000,0.031900,-0.017400,-0.945400, , , 
28608.000000,1432993.000000,75549924.000000, , , ,-0.650391,0.000000,-0.325195
28609.000000,1433000.000000,75549924.000000,-0.005800,-0.034800,-0.991800, , , 
28610.000000,1433094.000000,75549924.000000, , , ,-0.650391,0.000000,-0.650391
28611.000000,1433099.000000,75549924.000000,0.031900,-0.040600,-0.983100, , , 
28612.000000,1433195.000000,75549924.000000, , , ,-0.650391,-0.325195,0.000000
28613.000000,1433200.000000,75549924.000000,0.014500,-0.020300,-0.965700, , , 
28614.000000,1433296.000000,75549924.000000, , , ,-0.650391,-0.325195,-0.325195
28615.000000,1433299.000000,75549924.000000,0.023200,-0.029000,-0.968600, , , 
28616.000000,1433397.000000,75549924.000000, , , ,-0.650391,-0.650391,-0.650391
28617.000000,1433400.000000,75549924.000000,0.017400,-0.029000,-0.962800, , , 
28618.000000,1433498.000000,75549924.000000, , , ,-0.650391,-0.975586,-0.325195
28619.000000,1433499.000000,75549924.000000,0.014500,-0.017400,-0.980200, , , 
28620.000000,1433599.000000,75549924.000000, , , ,-0.325195,0.000000,0.000000
28621.000000,1433600.000000,75549924.000000,0.014500,-0.037700,-0.988900, , , 
28622.000000,1433699.000000,75549924.000000,0.031900,-0.031900,-0.962800, , , 
28623.000000,1433700.000000,75549924.000000, , , ,-0.975586,-0.650391,0.000000
28624.000000,1433800.000000,75549924.000000,0.008700,-0.008700,-0.962800, , , 
28625.000000,1433801.000000,75549924.000000, , , ,-0.325195,-0.325195,-0.325195
28626.000000,1433892.000000,75549924.000000, , , ,-0.325195,0.000000,-0.325195
28627.000000,1433899.000000,75549924.000000,0.020300,-0.014500,-0.983100, , , 
28628.000000,1433993.000000,75549924.000000, , , ,-0.325195,0.650391,-0.325195
28629.000000,1434000.000000,75549924.000000,0.002900,-0.031900,-1.044000, , , 
28630.000000,1434094.000000,75549924.000000, , , ,-0.650391,0.000000,-0.325195
28631.000000,1434099.000000,75549924.000000,0.049300,-0.023200,-1.009200, , , 
28632.000000,1434195.000000,75549924.000000, , , ,-0.650391,0.000000,0.000000
28633.000000,1434200.000000,75549924.000000,-0.011600,-0.040600,-1.000500, , , 
28634.000000,1434296.000000,75549924.000000, , , ,-1.951172,0.325195,0.000000
28635.000000,1434299.000000,75549924.000000,0.026100,-0.049300,-1.015000, , , 
28636.000000,1434397.000000,75549924.000000, , , ,-0.650391,-1.625977,0.000000
28637.000000,1434400.000000,75549924.000000,0.040600,0.008700,-0.951200, , , 
28638.000000,1434498.000000,75549924.000000, , , ,0.325195,0.000000,-0.325195
28639.000000,1434499.000000,75549924.000000,-0.026100,-0.026100,-0.983100, , , 
28640.000000,1434599.000000,75549924.000000, , , ,-0.975586,0.650391,-0.650391
28641.000000,1434600.000000,75549924.000000,0.017400,-0.037700,-1.052700, , , 
28642.000000,1434699.000000,75549924.000000,0.046400,-0.023200,-1.003400, , , 
28643.000000,1434700.000000,75549924.000000, , , ,-0.975586,-0.325195,0.000000
28644.000000,1434800.000000,75549924.000000,0.034800,-0.017400,-0.901900, , , 
28645.000000,1434801.000000,75549924.000000, , , ,-0.650391,-1.951172,0.000000
28646.000000,1434892.000000,75549924.000000, , , ,0.000000,-0.325195,0.000000
28647.000000,1434899.000000,75549924.000000,0.002900,-0.005800,-0.907700, , , 
28648.000000,1434993.000000,75549924.000000, , , ,-0.325195,-0.975586,-0.325195
28649.000000,1435000.000000,75549924.000000,-0.002900,-0.017400,-0.986000, , , 
28650.000000,1435094.000000,75549924.000000, , , ,-0.650391,1.625977,-0.650391
28651.000000,1435099.000000,75549924.000000,0.002900,-0.052200,-1.052700, , , 
28652.000000,1435195.000000,75549924.000000, , , ,-1.300781,0.325195,-0.325195
28653.000000,1435200.000000,75549924.000000,0.031900,-0.029000,-1.044000, , , 
28654.000000,1435296.000000,75549924.000000, , , ,0.000000,0.000000,-0.325195
28655.000000,1435299.000000,75549924.000000,0.014500,-0.026100,-0.974400, , , 
28656.000000,1435397.000000,75549924.000000, , , ,-0.650391,-1.951172,-0.325195
28657.000000,1435400.000000,75549924.000000,0.029000,-0.011600,-0.910600, , , 
28658.000000,1435498.000000,75549924.000000, , , ,-0.325195,-0.325195,-0.325195
28659.000000,1435499.000000,75549924.000000,0.000000,-0.023200,-0.936700, , , 
28660.000000,1435599.000000,75549924.000000, , , ,-0.975586,-0.325195,-0.650391
28661.000000,1435600.000000,75549924.000000,0.014500,-0.029000,-0.962800, , , 
28662.000000,1435699.000000,75549924.000000,0.031900,-0.011600,-0.936700, , , 
28663.000000,1435700.000000,75549924.000000, , , ,-0.650391,-1.300781,-0.325195
28664.000000,1435800.000000,75549924.000000,0.023200,-0.026100,-0.959900, , , 
28665.000000,1435801.000000,75549924.000000, , , ,-0.325195,-0.650391,-0.325195
28666.000000,1435892.000000,75549924.000000, , , ,-0.650391,-0.975586,0.000000
28667.000000,1435899.000000,75549924.000000,0.014500,-0.046400,-0.977300, , , 
28668.000000,1435993.000000,75549924.000000, , , ,-0.650391,-0.325195,-0.325195
28669.000000,1436000.000000,75549924.000000,0.008700,-0.026100,-0.971500, , , 
28670.000000,1436094.000000,75549924.000000, , , ,-0.650391,0.000000,-0.325195
28671.000000,1436101.000000,75549924.000000,0.002900,-0.043500,-1.000500, , , 
28672.000000,1436194.000000,75549924.000000, , , ,-0.325195,-0.325195,-0.325195
28673.000000,1436199.000000,75549924.000000,0.017400,-0.020300,-0.986000, , , 
28674.000000,1436295.000000,75549924.000000, , , ,-0.650391,0.000000,-0.325195
28675.000000,1436300.000000,75549924.000000,0.014500,-0.011600,-0.968600, , , 
28676.000000,1436396.000000,75549924.000000, , , ,-0.650391,0.000000,-0.325195
28677.000000,1436399.000000,75549924.000000,0.000000,-0.023200,-1.023700, , , 
28678.000000,1436497.000000,75549924.000000, , , ,-0.325195,0.650391,0.000000
28679.000000,1436500.000000,75549924.000000,0.020300,-0.014500,-1.029500, , , 
28680.000000,1436598.000000,75549924.000000, , , ,-0.975586,-0.650391,-0.325195
28681.000000,1436599.000000,75549924.000000,0.037700,0.002900,-0.974400, , , 
28682.000000,1436699.000000,75549924.000000, , , ,-0.325195,-0.975586,0.000000
28683.000000,1436700.000000,75549924.000000,0.017400,-0.002900,-0.928000, , , 
28684.000000,1436799.000000,75549924.000000,-0.008700,-0.002900,-0.945400, , , 
28685.000000,1436800.000000,75549924.000000, , , ,-0.325195,-0.650391,0.325195
28686.000000,1436900.000000,75549924.000000,0.020300,-0.005800,-0.971500, , , 
28687.000000,1436901.000000,75549924.000000, , , ,-0.650391,-0.325195,0.000000
28688.000000,1436992.000000,75549924.000000, , , ,-0.975586,-0.325195,0.000000
28689.000000,1436999.000000,75549924.000000,-0.020300,-0.023200,-1.003400, , , 
28690.000000,1437093.000000,75549924.000000, , , ,-0.975586,0.000000,-0.325195
28691.000000,1437100.000000,75549924.000000,0.011600,-0.002900,-1.009200, , , 
28692.000000,1437194.000000,75549924.000000, , , ,-0.325195,-0.650391,0.000000
28693.000000,1437199.000000,75549924.000000,0.017400,0.005800,-0.965700, , , 
28694.000000,1437295.000000,75549924.000000, , , ,-0.325195,-0.650391,-0.325195
28695.000000,1437300.000000,75549924.000000,-0.011600,-0.029000,-0.959900, , , 
28696.000000,1437396.000000,75549924.000000, , , ,-0.325195,-1.300781,0.000000
28697.000000,1437399.000000,75549924.000000,0.026100,-0.017400,-0.933800, , , 
28698.000000,1437497.000000,75549924.000000, , , ,0.000000,-0.650391,0.000000
28699.000000,1437500.000000,75549924.000000,-0.005800,0.000000,-0.942500, , , 
28700.000000,1437598.000000,75549924.000000, , , ,0.000000,-1.625977,0.000000
28701.000000,1437599.000000,75549924.000000,0.023200,-0.005800,-0.922200, , , 
28702.000000,1437699.000000,75549924.000000, , , ,0.000000,-0.325195,0.000000
28703.000000,1437700.000000,75549924.000000,-0.020300,-0.011600,-0.962800, , , 
28704.000000,1437799.000000,75549924.000000,-0.017400,-0.023200,-1.049800, , , 
28705.000000,1437800.000000,75549924.000000, , , ,0.000000,0.000000,0.000000
28706.000000,1437900.000000,75549924.000000,0.026100,-0.017400,-0.991800, , , 
28707.000000,1437901.000000,75549924.000000, , , ,-0.975586,-0.325195,-0.325195
28708.000000,1437992.000000,75549924.000000, , , ,-0.325195,-0.975586,0.000000
28709.000000,1437999.000000,75549924.000000,-0.008700,-0.008700,-0.936700, , , 
28710.000000,1438093.000000,75549924.000000, , , ,-0.650391,0.000000,-0.325195
28711.000000,1438100.000000,75549924.000000,-0.020300,-0.023200,-0.983100, , , 
28712.000000,1438194.000000,75549924.000000, , , ,-0.650391,0.000000,-0.325195
28713.000000,1438199.000000,75549924.000000,0.026100,-0.020300,-0.974400, , , 
28714.000000,1438295.000000,75549924.000000, , , ,-0.650391,-0.650391,0.000000
28715.000000,1438300.000000,75549924.000000,-0.005800,-0.008700,-0.968600, , , 
28716.000000,1438396.000000,75549924.000000, , , ,0.000000,-1.300781,-0.325195
28717.000000,1438399.000000,75549924.000000,0.020300,-0.017400,-0.916400, , , 
28718.000000,1438497.000000,75549924.000000, , , ,0.000000,-0.650391,-0.325195
28719.000000,1438500.000000,75549924.000000,-0.034800,-0.031900,-0.962800, , , 
28720.000000,1438598.000000,75549924.000000, , , ,-0.650391,0.325195,-0.325195
28721.000000,1438599.000000,75549924.000000,-0.011600,-0.031900,-1.023700, , , 
28722.000000,1438699.000000,75549924.000000, , , ,-0.975586,0.000000,0.000000
28723.000000,1438700.000000,75549924.000000,0.002900,-0.026100,-0.997600, , , 
28724.000000,1438799.000000,75549924.000000,-0.008700,-0.011600,-0.986000, , , 
28725.000000,1438800.000000,75549924.000000, , , ,-0.650391,-0.650391,-0.325195
28726.000000,1438900.000000,75549924.000000,-0.002900,-0.014500,-0.977300, , , 
28727.000000,1438901.000000,75549924.000000, , , ,-0.325195,-0.325195,-0.650391
28728.000000,1438992.000000,75549924.000000, , , ,-0.975586,-0.325195,0.000000
28729.000000,1438999.000000,75549924.000000,-0.008700,-0.023200,-0.954100, , , 
28730.000000,1439093.000000,75549924.000000, , , ,-0.650391,-0.325195,-0.325195
28731.000000,1439100.000000,75549924.000000,-0.008700,-0.017400,-0.971500, , , 
28732.000000,1439194.000000,75549924.000000, , , ,-0.325195,0.000000,-0.325195
28733.000000,1439199.000000,75549924.000000,-0.026100,-0.017400,-1.006300, , , 
28734.000000,1439295.000000,75549924.000000, , , ,-0.325195,0.000000,-0.650391
28735.000000,1439300.000000,75549924.000000,0.002900,-0.020300,-0.997600, , , 
28736.000000,1439396.000000,75549924.000000, , , ,0.000000,-0.325195,-0.325195
28737.000000,1439399.000000,75549924.000000,0.000000,-0.020300,-0.965700, , , 
28738.000000,1439497.000000,75549924.000000, , , ,-0.325195,-0.325195,0.325195
28739.000000,1439500.000000,75549924.000000,-0.029000,-0.034800,-0.977300, , , 
28740.000000,1439598.000000,75549924.000000, , , ,-0.325195,0.000000,0.000000
28741.000000,1439599.000000,75549924.000000,0.000000,-0.020300,-0.980200, , , 
28742.000000,1439699.000000,75549924.000000, , , ,-0.650391,0.000000,0.000000
28743.000000,1439700.000000,75549924.000000,-0.029000,-0.008700,-0.991800, , , 
28744.000000,1439799.000000,75549924.000000,0.017400,-0.014500,-0.933800, , , 
28745.000000,1439800.000000,75549924.000000, , , ,-0.650391,-1.300781,-0.325195
28746.000000,1439900.000000,75549924.000000,-0.026100,0.005800,-0.919300, , , 
28747.000000,1439901.000000,75549924.000000, , , ,0.000000,-0.975586,-0.325195
28748.000000,1439992.000000,75549924.000000, , , ,0.000000,0.000000,0.000000
28749.000000,1439999.000000,75549924.000000,-0.026100,-0.008700,-0.997600, , , 
28750.000000,1440093.000000,75549924.000000, , , ,-0.325195,0.650391,0.000000
28751.000000,1440100.000000,75549924.000000,-0.023200,-0.023200,-1.032400, , , 
28752.000000,1440194.000000,75549924.000000, , , ,-0.975586,-0.325195,0.000000
28753.000000,1440199.000000,75549924.000000,-0.014500,-0.008700,-1.023700, , , 
28754.000000,1440295.000000,75549924.000000, , , ,-0.325195,0.000000,0.000000
28755.000000,1440300.000000,75549924.000000,0.000000,-0.002900,-0.988900, , , 
28756.000000,1440396.000000,75549924.000000, , , ,-0.325195,-0.325195,0.000000
28757.000000,1440399.000000,75549924.000000,-0.017400,-0.023200,-0.968600, , , 
28758.000000,1440497.000000,75549924.000000, , , ,-0.650391,0.000000,0.000000
28759.000000,1440500.000000,75549924.000000,0.000000,-0.023200,-0.991800, , , 
28760.000000,1440598.000000,75549924.000000, , , ,-0.975586,0.650391,0.000000
28761.000000,1440599.000000,75549924.000000,-0.031900,-0.023200,-1.015000, , , 
28762.000000,1440699.000000,75549924.000000, , , ,-1.625977,0.000000,0.000000
28763.000000,1440700.000000,75549924.000000,-0.008700,-0.029000,-1.032400, , , 
28764.000000,1440799.000000,75549924.000000,-0.002900,-0.002900,-1.023700, , , 
28765.000000,1440800.000000,75549924.000000, , , ,-0.975586,0.325195,0.000000
28766.000000,1440900.000000,75549924.000000,-0.020300,-0.008700,-0.974400, , , 
28767.000000,1440901.000000,75549924.000000, , , ,-0.650391,0.000000,-0.325195
28768.000000,1440992.000000,75549924.000000, , , ,-0.325195,0.000000,-0.325195
28769.000000,1440999.000000,75549924.000000,-0.017400,-0.023200,-1.000500, , , 
28770.000000,1441093.000000,75549924.000000, , , ,-0.325195,0.000000,-0.325195
28771.000000,1441100.000000,75549924.000000,-0.005800,-0.017400,-1.012100, , , 
28772.000000,1441194.000000,75549924.000000, , , ,0.000000,0.000000,-0.325195
28773.000000,1441199.000000,75549924.000000,-0.008700,-0.031900,-0.977300, , , 
28774.000000,1441295.000000,75549924.000000, , , ,-0.650391,0.000000,-0.325195
28775.000000,1441300.000000,75549924.000000,-0.014500,-0.011600,-0.988900, , , 
28776.000000,1441396.000000,75549924.000000, , , ,-0.325195,0.000000,-0.325195
28777.000000,1441399.000000,75549924.000000,-0.014500,-0.031900,-1.006300, , , 
28778.000000,1441497.000000,75549924.000000, , , ,-0.325195,0.000000,-0.325195
28779.000000,1441500.000000,75549924.000000,-0.031900,-0.029000,-1.003400, , , 
28780.000000,1441598.000000,75549924.000000, , , ,0.000000,0.000000,-0.325195
28781.000000,1441599.000000,75549924.000000,0.000000,-0.037700,-0.997600, , , 
28782.000000,1441699.000000,75549924.000000, , , ,0.000000,-0.325195,-0.325195
28783.000000,1441700.000000,75549924.000000,-0.017400,-0.043500,-0.983100, , , 
28784.000000,1441799.000000,75549924.000000,-0.020300,-0.034800,-0.988900, , , 
28785.000000,1441800.000000,75549924.000000, , , ,-0.325195,0.000000,-0.325195
28786.000000,1441900.000000,75549924.000000,-0.014500,-0.034800,-1.035300, , , 
28787.000000,1441901.000000,75549924.000000, , , ,-0.975586,0.325195,-0.325195
28788.000000,1441992.000000,75549924.000000, , , ,-0.325195,0.000000,0.000000
28789.000000,1441999.000000,75549924.000000,0.002900,-0.023200,-1.000500, , , 
28790.000000,1442093.000000,75549924.000000, , , ,-0.325195,-0.650391,-0.325195
28791.000000,1442100.000000,75549924.000000,-0.005800,-0.020300,-0.942500, , , 
28792.000000,1442194.000000,75549924.000000, , , ,0.000000,-0.325195,0.325195
28793.000000,1442199.000000,75549924.000000,-0.014500,-0.034800,-0.968600, , , 
28794.000000,1442295.000000,75549924.000000, , , ,-0.650391,0.000000,-0.325195
28795.000000,1442300.000000,75549924.000000,-0.026100,-0.043500,-0.983100, , , 
28796.000000,1442396.000000,75549924.000000, , , ,-1.300781,-1.300781,0.000000
28797.000000,1442399.000000,75549924.000000,-0.017400,-0.031900,-0.977300, , , 
28798.000000,1442497.000000,75549924.000000, , , ,-0.325195,0.000000,0.000000
28799.000000,1442500.000000,75549924.000000,-0.005800,-0.005800,-0.968600, , , 
28800.000000,1442598.000000,75549924.000000, , , ,-0.325195,-0.650391,-0.650391
28801.000000,1442599.000000,75549924.000000,-0.020300,-0.029000,-0.971500, , , 
28802.000000,1442699.000000,75549924.000000, , , ,0.000000,0.000000,0.000000
28803.000000,1442700.000000,75549924.000000,-0.005800,-0.037700,-1.000500, , , 
28804.000000,1442799.000000,75549924.000000,-0.011600,-0.031900,-0.980200, , , 
28805.000000,1442800.000000,75549924.000000, , , ,-0.325195,-0.325195,-0.325195
28806.000000,1442900.000000,75549924.000000,-0.002900,-0.049300,-0.948300, , , 
28807.000000,1442901.000000,75549924.000000, , , ,-0.650391,-0.325195,0.000000
28808.000000,1442992.000000,75549924.000000, , , ,-0.325195,-0.650391,0.000000
28809.000000,1442999.000000,75549924.000000,-0.008700,-0.023200,-0.939600, , , 
28810.000000,1443093.000000,75549924.000000, , , ,0.000000,0.000000,0.000000
28811.000000,1443100.000000,75549924.000000,-0.026100,-0.031900,-0.988900, , , 
28812.000000,1443194.000000,75549924.000000, , , ,-0.325195,0.000000,-0.325195
28813.000000,1443199.000000,75549924.000000,-0.008700,-0.037700,-1.012100, , , 
28814.000000,1443295.000000,75549924.000000, , , ,-0.325195,0.000000,-0.325195
28815.000000,1443300.000000,75549924.000000,0.000000,-0.049300,-0.980200, , , 
28816.000000,1443396.000000,75549924.000000, , , ,-1.300781,0.000000,-0.325195
28817.000000,1443399.000000,75549924.000000,-0.023200,-0.040600,-0.997600, , , 
28818.000000,1443497.000000,75549924.000000, , , ,-0.975586,0.325195,-0.325195
28819.000000,1443500.000000,75549924.000000,-0.005800,-0.052200,-1.003400, , , 
28820.000000,1443598.000000,75549924.000000, , , ,-0.975586,0.000000,-0.650391
28821.000000,1443599.000000,75549924.000000,-0.031900,-0.046400,-1.035300, , , 
28822.000000,1443699.000000,75549924.000000, , , ,-1.300781,0.000000,-0.650391
28823.000000,1443700.000000,75549924.000000,0.029000,-0.049300,-1.006300, , , 
28824.000000,1443799.000000,75549924.000000,0.002900,-0.037700,-0.925100, , , 
28825.000000,1443800.000000,75549924.000000, , , ,-0.650391,-1.300781,-0.650391
28826.000000,1443900.000000,75549924.000000,-0.020300,-0.031900,-0.974400, , , 
28827.000000,1443901.000000,75549924.000000, , , ,0.000000,0.000000,-0.650391
28828.000000,1443992.000000,75549924.000000, , , ,-0.650391,0.975586,-0.650391
28829.000000,1443999.000000,75549924.000000,-0.008700,-0.046400,-1.020800, , , 
28830.000000,1444093.000000,75549924.000000, , , ,-0.650391,-0.325195,-0.650391
28831.000000,1444100.000000,75549924.000000,0.011600,-0.046400,-1.009200, , , 
28832.000000,1444194.000000,75549924.000000, , , ,-0.650391,0.325195,-0.325195
28833.000000,1444199.000000,75549924.000000,-0.005800,-0.031900,-1.003400, , , 
28834.000000,1444295.000000,75549924.000000, , , ,-0.975586,-0.325195,0.000000
28835.000000,1444300.000000,75549924.000000,0.017400,-0.026100,-0.951200, , , 
28836.000000,1444396.000000,75549924.000000, , , ,-0.650391,-1.300781,0.000000
28837.000000,1444399.000000,75549924.000000,-0.002900,-0.026100,-0.936700, , , 
28838.000000,1444497.000000,75549924.000000, , , ,-0.325195,0.000000,0.000000
28839.000000,1444500.000000,75549924.000000,-0.008700,-0.026100,-0.983100, , , 
28840.000000,1444598.000000,75549924.000000, , , ,-0.975586,0.000000,-0.325195
28841.000000,1444599.000000,75549924.000000,-0.005800,-0.034800,-1.012100, , , 
28842.000000,1444699.000000,75549924.000000, , , ,-0.650391,0.325195,0.650391
28843.000000,1444700.000000,75549924.000000,0.011600,-0.011600,-0.974400, , , 
28844.000000,1444799.000000,75549924.000000,0.008700,-0.005800,-0.965700, , , 
28845.000000,1444800.000000,75549924.000000, , , ,-0.975586,-0.650391,0.000000
28846.000000,1444900.000000,75549924.000000,-0.005800,-0.008700,-0.974400, , , 
28847.000000,1444901.000000,75549924.000000, , , ,-0.975586,-0.325195,0.000000
28848.000000,1444992.000000,75549924.000000, , , ,-0.975586,0.000000,0.000000
28849.000000,1444999.000000,75549924.000000,-0.002900,-0.011600,-1.000500, , , 
28850.000000,1445093.000000,75549924.000000, , , ,-1.625977,0.325195,0.000000
28851.000000,1445100.000000,75549924.000000,0.014500,-0.008700,-1.006300, , , 
28852.000000,1445194.000000,75549924.000000, , , ,-0.975586,-1.625977,0.650391
28853.000000,1445199.000000,75549924.000000,0.031900,0.023200,-0.922200, , , 
28854.000000,1445295.000000,75549924.000000, , , ,-0.325195,-0.975586,0.000000
28855.000000,1445300.000000,75549924.000000,-0.008700,0.008700,-0.901900, , , 
28856.000000,1445396.000000,75549924.000000, , , ,-0.650391,-0.325195,0.000000
28857.000000,1445399.000000,75549924.000000,-0.005800,-0.002900,-0.959900, , , 
28858.000000,1445497.000000,75549924.000000, , , ,-0.650391,0.000000,0.000000
28859.000000,1445500.000000,75549924.000000,0.008700,-0.002900,-0.983100, , , 
28860.000000,1445598.000000,75549924.000000, , , ,-0.650391,-0.325195,-0.325195
28861.000000,1445599.000000,75549924.000000,-0.002900,0.000000,-0.988900, , , 
28862.000000,1445699.000000,75549924.000000, , , ,-0.650391,-0.975586,0.000000
28863.000000,1445700.000000,75549924.000000,0.026100,0.011600,-0.957000, , , 
28864.000000,1445799.000000,75549924.000000,-0.005800,-0.011600,-0.933800, , , 
28865.000000,1445800.000000,75549924.000000, , , ,0.000000,-0.975586,0.000000
28866.000000,1445900.000000,75549924.000000,0.014500,0.008700,-0.948300, , , 
28867.000000,1445901.000000,75549924.000000, , , ,0.000000,-0.975586,0.000000
28868.000000,1445992.000000,75549924.000000, , , ,0.000000,0.000000,0.000000
28869.000000,1445999.000000,75549924.000000,0.000000,-0.017400,-0.968600, , , 
28870.000000,1446093.000000,75549924.000000, , , ,-0.650391,-0.650391,0.000000
28871.000000,1446100.000000,75549924.000000,0.011600,-0.023200,-0.965700, , , 
28872.000000,1446194.000000,75549924.000000, , , ,-0.975586,-0.650391,0.325195
28873.000000,1446199.000000,75549924.000000,0.000000,-0.011600,-0.928000, , , 
28874.000000,1446295.000000,75549924.000000, , , ,0.000000,-0.975586,0.000000
28875.000000,1446300.000000,75549924.000000,0.000000,0.000000,-0.930900, , , 
28876.000000,1446396.000000,75549924.000000, , , ,-0.650391,-1.300781,0.000000
28877.000000,1446399.000000,75549924.000000,0.005800,-0.011600,-0.942500, , , 
28878.000000,1446497.000000,75549924.000000, , , ,-0.650391,0.000000,0.000000
28879.000000,1446500.000000,75549924.000000,0.002900,0.000000,-0.965700, , , 
28880.000000,1446598.000000,75549924.000000, , , ,-0.650391,-0.325195,0.000000
28881.000000,1446599.000000,75549924.000000,0.002900,-0.020300,-0.974400, , , 
28882.000000,1446699.000000,75549924.000000, , , ,-0.325195,-0.975586,0.000000
28883.000000,1446700.000000,75549924.000000,0.017400,-0.008700,-0.933800, , , 
28884.000000,1446799.000000,75549924.000000,-0.011600,-0.008700,-0.942500, , , 
28885.000000,1446800.000000,75549924.000000, , , ,-0.325195,-0.650391,0.000000
28886.000000,1446900.000000,75549924.000000,0.023200,-0.020300,-0.939600, , , 
28887.000000,1446901.000000,75549924.000000, , , ,-0.650391,-1.300781,0.000000
28888.000000,1446992.000000,75549924.000000, , , ,-0.325195,-1.300781,0.000000
28889.000000,1446999.000000,75549924.000000,0.000000,-0.008700,-0.919300, , , 
28890.000000,1447093.000000,75549924.000000, , , ,-0.975586,0.000000,0.000000
28891.000000,1447100.000000,75549924.000000,-0.008700,-0.020300,-0.965700, , , 
28892.000000,1447194.000000,75549924.000000, , , ,-1.300781,0.000000,0.000000
28893.000000,1447199.000000,75549924.000000,0.014500,-0.005800,-0.986000, , , 
28894.000000,1447295.000000,75549924.000000, , , ,-0.325195,-0.650391,0.000000
28895.000000,1447300.000000,75549924.000000,-0.014500,-0.017400,-0.962800, , , 
28896.000000,1447396.000000,75549924.000000, , , ,-0.975586,0.000000,0.000000
28897.000000,1447399.000000,75549924.000000,-0.026100,-0.020300,-1.026600, , , 
28898.000000,1447497.000000,75549924.000000, , , ,-0.650391,0.000000,0.000000
28899.000000,1447500.000000,75549924.000000,0.026100,-0.017400,-1.026600, , , 
28900.000000,1447598.000000,75549924.000000, , , ,-0.325195,-0.975586,-0.325195
28901.000000,1447599.000000,75549924.000000,0.011600,0.011600,-0.922200, , , 
28902.000000,1447699.000000,75549924.000000, , , ,-0.325195,0.000000,-0.325195
28903.000000,1447700.000000,75549924.000000,-0.031900,-0.026100,-0.986000, , , 
28904.000000,1447799.000000,75549924.000000,0.017400,-0.034800,-1.020800, , , 
28905.000000,1447800.000000,75549924.000000, , , ,-0.325195,0.325195,-0.325195
28906.000000,1447900.000000,75549924.000000,0.000000,-0.011600,-0.986000, , , 
28907.000000,1447901.000000,75549924.000000, , , ,0.000000,0.000000,0.000000
28908.000000,1447992.000000,75549924.000000, , , ,0.000000,-0.325195,-0.325195
28909.000000,1447999.000000,75549924.000000,0.000000,-0.023200,-0.983100, , , 
28910.000000,1448093.000000,75549924.000000, , , ,-0.650391,0.000000,-0.325195
28911.000000,1448100.000000,75549924.000000,-0.002900,-0.034800,-0.959900, , , 
28912.000000,1448194.000000,75549924.000000, , , ,-0.650391,0.000000,-0.325195
28913.000000,1448199.000000,75549924.000000,0.000000,-0.034800,-0.962800, , , 
28914.000000,1448295.000000,75549924.000000, , , ,0.000000,-0.325195,-0.650391
28915.000000,1448300.000000,75549924.000000,-0.014500,-0.031900,-0.971500, , , 
28916.000000,1448396.000000,75549924.000000, , , ,-0.325195,-0.975586,-0.650391
28917.000000,1448399.000000,75549924.000000,0.008700,-0.049300,-0.957000, , , 
28918.000000,1448497.000000,75549924.000000, , , ,-0.325195,-0.650391,-0.650391
28919.000000,1448500.000000,75549924.000000,-0.023200,-0.063800,-0.977300, , , 
28920.000000,1448598.000000,75549924.000000, , , ,-0.650391,-0.325195,-0.650391
28921.000000,1448599.000000,75549924.000000,0.002900,-0.043500,-0.968600, , , 
28922.000000,1448699.000000,75549924.000000, , , ,-0.975586,-0.975586,-0.650391
28923.000000,1448700.000000,75549924.000000,-0.011600,-0.043500,-0.930900, , , 
28924.000000,1448799.000000,75549924.000000,-0.026100,-0.029000,-0.974400, , , 
28925.000000,1448800.000000,75549924.000000, , , ,-0.650391,-0.325195,-0.650391
28926.000000,1448900.000000,75549924.000000,-0.023200,-0.043500,-0.994700, , , 
28927.000000,1448901.000000,75549924.000000, , , ,-0.650391,0.000000,-0.650391
28928.000000,1448992.000000,75549924.000000, , , ,-0.650391,-1.300781,-0.650391
28929.000000,1448999.000000,75549924.000000,0.005800,-0.049300,-0.928000, , , 
28930.000000,1449093.000000,75549924.000000, , , ,-0.325195,-1.625977,-0.650391
28931.000000,1449100.000000,75549924.000000,-0.037700,-0.037700,-0.928000, , , 
28932.000000,1449194.000000,75549924.000000, , , ,0.000000,-0.650391,-0.650391
28933.000000,1449199.000000,75549924.000000,-0.023200,-0.034800,-0.945400, , , 
28934.000000,1449295.000000,75549924.000000, , , ,0.000000,-0.325195,-0.650391
28935.000000,1449300.000000,75549924.000000,-0.034800,-0.055100,-0.980200, , , 
28936.000000,1449396.000000,75549924.000000, , , ,-0.325195,-0.650391,-0.325195
28937.000000,1449399.000000,75549924.000000,-0.034800,-0.055100,-0.971500, , , 
28938.000000,1449497.000000,75549924.000000, , , ,-0.650391,-0.975586,0.000000
28939.000000,1449500.000000,75549924.000000,-0.020300,-0.034800,-0.951200, , , 
28940.000000,1449598.000000,75549924.000000, , , ,-0.650391,0.000000,-0.325195
28941.000000,1449599.000000,75549924.000000,-0.052200,-0.017400,-0.983100, , , 
28942.000000,1449699.000000,75549924.000000, , , ,-1.300781,0.000000,0.000000
28943.000000,1449700.000000,75549924.000000,-0.040600,-0.020300,-1.032400, , , 
28944.000000,1449799.000000,75549924.000000,-0.011600,-0.023200,-0.997600, , , 
28945.000000,1449800.000000,75549924.000000, , , ,-0.650391,-0.325195,-0.325195
28946.000000,1449900.000000,75549924.000000,-0.040600,-0.011600,-0.977300, , , 
28947.000000,1449901.000000,75549924.000000, , , ,-0.325195,-0.325195,0.000000
28948.000000,1449992.000000,75549924.000000, , , ,-0.325195,0.000000,0.000000
28949.000000,1449999.000000,75549924.000000,-0.040600,-0.011600,-0.977300, , , 
28950.000000,1450093.000000,75549924.000000, , , ,-0.325195,0.000000,0.000000
28951.000000,1450100.000000,75549924.000000,-0.043500,-0.017400,-1.009200, , , 
28952.000000,1450194.000000,75549924.000000, , , ,-0.325195,0.975586,0.000000
28953.000000,1450199.000000,75549924.000000,-0.063800,-0.026100,-1.070100, , , 
28954.000000,1450295.000000,75549924.000000, , , ,-0.975586,0.975586,-0.325195
28955.000000,1450300.000000,75549924.000000,-0.031900,-0.023200,-1.064300, , , 
28956.000000,1450396.000000,75549924.000000, , , ,-0.975586,0.650391,0.000000
28957.000000,1450399.000000,75549924.000000,-0.052200,-0.023200,-1.067200, , , 
28958.000000,1450497.000000,75549924.000000, , , ,-0.325195,0.975586,0.000000
28959.000000,1450500.000000,75549924.000000,-0.031900,-0.017400,-1.020800, , , 
28960.000000,1450598.000000,75549924.000000, , , ,-0.650391,0.000000,0.000000
28961.000000,1450599.000000,75549924.000000,-0.031900,-0.008700,-1.000500, , , 
28962.000000,1450699.000000,75549924.000000, , , ,-0.650391,0.650391,-0.325195
28963.000000,1450700.000000,75549924.000000,-0.066700,-0.002900,-1.046900, , , 
28964.000000,1450799.000000,75549924.000000,-0.055100,-0.031900,-1.058500, , , 
28965.000000,1450800.000000,75549924.000000, , , ,0.000000,1.300781,-0.325195
28966.000000,1450900.000000,75549924.000000,-0.046400,-0.029000,-1.058500, , , 
28967.000000,1450901.000000,75549924.000000, , , ,-0.975586,0.650391,0.000000
28968.000000,1450992.000000,75549924.000000, , , ,-0.650391,0.325195,-0.325195
28969.000000,1450999.000000,75549924.000000,-0.034800,-0.020300,-1.012100, , , 
28970.000000,1451093.000000,75549924.000000, , , ,-0.325195,-0.325195,0.000000
28971.000000,1451100.000000,75549924.000000,-0.060900,-0.011600,-1.000500, , , 
28972.000000,1451194.000000,75549924.000000, , , ,-0.975586,1.300781,-0.325195
28973.000000,1451199.000000,75549924.000000,-0.078300,-0.017400,-1.055600, , , 
28974.000000,1451295.000000,75549924.000000, , , ,-0.325195,0.000000,0.000000
28975.000000,1451300.000000,75549924.000000,-0.026100,-0.011600,-1.023700, , , 
28976.000000,1451396.000000,75549924.000000, , , ,-0.650391,-0.325195,0.000000
28977.000000,1451399.000000,75549924.000000,-0.063800,0.002900,-0.983100, , , 
28978.000000,1451497.000000,75549924.000000, , , ,-0.975586,0.000000,0.000000
28979.000000,1451500.000000,75549924.000000,-0.063800,-0.026100,-0.991800, , , 
28980.000000,1451598.000000,75549924.000000, , , ,0.000000,0.000000,0.000000
28981.000000,1451599.000000,75549924.000000,-0.034800,-0.002900,-0.957000, , , 
28982.000000,1451699.000000,75549924.000000, , , ,-0.325195,-0.975586,0.000000
28983.000000,1451700.000000,75549924.000000,-0.058000,-0.029000,-0.954100, , , 
28984.000000,1451799.000000,75549924.000000,-0.084100,-0.017400,-1.009200, , , 
28985.000000,1451800.000000,75549924.000000, , , ,-0.650391,0.975586,-0.325195
28986.000000,1451900.000000,75549924.000000,-0.037700,-0.011600,-1.003400, , , 
28987.000000,1451901.000000,75549924.000000, , , ,-1.625977,0.000000,0.000000
28988.000000,1451992.000000,75549924.000000, , , ,-0.325195,-0.650391,0.000000
28989.000000,1451999.000000,75549924.000000,-0.043500,0.000000,-0.954100, , , 
28990.000000,1452093.000000,75549924.000000, , , ,0.000000,-0.325195,-0.325195
28991.000000,1452100.000000,75549924.000000,-0.049300,-0.029000,-0.986000, , , 
28992.000000,1452194.000000,75549924.000000, , , ,-0.325195,0.325195,-0.325195
28993.000000,1452199.000000,75549924.000000,-0.014500,-0.026100,-1.006300, , , 
28994.000000,1452295.000000,75549924.000000, , , ,-0.975586,0.000000,0.000000
28995.000000,1452300.000000,75549924.000000,0.000000,-0.020300,-0.994700, , , 
28996.000000,1452396.000000,75549924.000000, , , ,-0.325195,0.000000,0.000000
28997.000000,1452399.000000,75549924.000000,-0.014500,-0.008700,-0.962800, , , 
28998.000000,1452497.000000,75549924.000000, , , ,-0.650391,0.000000,0.000000
28999.000000,1452500.000000,75549924.000000,-0.005800,-0.023200,-0.962800, , , 
29000.000000,1452598.000000,75549924.000000, , , ,-0.650391,0.000000,0.000000
29001.000000,1452599.000000,75549924.000000,-0.002900,-0.011600,-0.974400, , , 
29002.000000,1452699.000000,75549924.000000, , , ,-0.325195,0.000000,0.000000
29003.000000,1452700.000000,75549924.000000,0.008700,-0.005800,-0.971500, , , 
29004.000000,1452799.000000,75549924.000000,0.020300,-0.011600,-0.951200, , , 
29005.000000,1452800.000000,75549924.000000, , , ,0.000000,-1.625977,-0.650391
29006.000000,1452900.000000,75549924.000000,-0.008700,-0.017400,-0.983100, , , 
29007.000000,1452901.000000,75549924.000000, , , ,-0.650391,0.000000,0.000000
29008.000000,1452992.000000,75549924.000000, , , ,-0.975586,0.000000,0.000000
29009.000000,1452999.000000,75549924.000000,0.011600,-0.029000,-0.997600, , , 
29010.000000,1453093.000000,75549924.000000, , , ,-0.975586,-0.650391,0.000000
29011.000000,1453100.000000,75549924.000000,0.014500,-0.008700,-0.962800, , , 
29012.000000,1453194.000000,75549924.000000, , , ,-0.325195,-0.325195,0.000000
29013.000000,1453199.000000,75549924.000000,-0.011600,-0.011600,-0.986000, , , 
29014.000000,1453295.000000,75549924.000000, , , ,-0.650391,0.000000,0.000000
29015.000000,1453300.000000,75549924.000000,-0.002900,-0.020300,-1.009200, , , 
29016.000000,1453396.000000,75549924.000000, , , ,-0.325195,0.325195,0.000000
29017.000000,1453399.000000,75549924.000000,-0.002900,-0.026100,-1.009200, , , 
29018.000000,1453497.000000,75549924.000000, , , ,-0.975586,0.000000,0.000000
29019.000000,1453500.000000,75549924.000000,0.014500,-0.023200,-1.000500, , , 
29020.000000,1453598.000000,75549924.000000, , , ,0.000000,0.000000,0.000000
29021.000000,1453599.000000,75549924.000000,-0.011600,-0.017400,-0.977300, , , 
29022.000000,1453699.000000,75549924.000000, , , ,-0.325195,0.000000,0.000000
29023.000000,1453700.000000,75549924.000000,-0.002900,-0.011600,-1.003400, , , 
29024.000000,1453799.000000,75549924.000000,0.017400,-0.023200,-1.015000, , , 
29025.000000,1453800.000000,75549924.000000, , , ,-0.650391,0.000000,0.000000
29026.000000,1453900.000000,75549924.000000,-0.011600,-0.020300,-0.991800, , , 
29027.000000,1453901.000000,75549924.000000, , , ,-0.975586,-0.650391,0.000000
29028.000000,1453992.000000,75549924.000000, , , ,-0.325195,0.000000,-0.325195
29029.000000,1453999.000000,75549924.000000,0.014500,-0.008700,-0.980200, , , 
29030.000000,1454093.000000,75549924.000000, , , ,-0.325195,0.000000,0.000000
29031.000000,1454100.000000,75549924.000000,-0.008700,-0.029000,-0.991800, , , 
29032.000000,1454194.000000,75549924.000000, , , ,-0.975586,0.000000,0.000000
29033.000000,1454201.000000,75549924.000000,0.002900,-0.034800,-0.994700, , , 
29034.000000,1454294.000000,75549924.000000, , , ,-0.650391,-0.650391,-0.325195
29035.000000,1454299.000000,75549924.000000,0.014500,-0.005800,-0.965700, , , 
29036.000000,1454395.000000,75549924.000000, , , ,-0.325195,0.000000,-0.325195
29037.000000,1454400.000000,75549924.000000,-0.026100,-0.031900,-0.994700, , , 
29038.000000,1454496.000000,75549924.000000, , , ,-0.975586,0.000000,0.000000
29039.000000,1454499.000000,75549924.000000,0.008700,-0.037700,-0.986000, , , 
29040.000000,1454597.000000,75549924.000000, , , ,-0.325195,0.000000,0.000000
29041.000000,1454600.000000,75549924.000000,0.000000,-0.017400,-0.965700, , , 
29042.000000,1454698.000000,75549924.000000, , , ,0.000000,-0.975586,-0.325195
29043.000000,1454699.000000,75549924.000000,0.011600,-0.023200,-0.959900, , , 
29044.000000,1454799.000000,75549924.000000, , , ,-0.325195,0.000000,0.000000
29045.000000,1454800.000000,75549924.000000,-0.014500,-0.026100,-0.962800, , , 
29046.000000,1454899.000000,75549924.000000,-0.005800,-0.029000,-0.980200, , , 
29047.000000,1454900.000000,75549924.000000, , , ,-0.650391,0.000000,-0.650391
29048.000000,1455000.000000,75549924.000000,0.000000,-0.055100,-1.017900, , , 
29049.000000,1455001.000000,75549924.000000, , , ,-0.650391,0.325195,-0.975586
29050.000000,1455092.000000,75549924.000000, , , ,-0.650391,-0.650391,-0.650391
29051.000000,1455099.000000,75549924.000000,0.011600,-0.026100,-0.986000, , , 
29052.000000,1455193.000000,75549924.000000, , , ,-0.650391,-0.325195,-0.325195
29053.000000,1455200.000000,75549924.000000,0.005800,-0.029000,-0.942500, , , 
29054.000000,1455294.000000,75549924.000000, , , ,-0.650391,-1.300781,0.000000
29055.000000,1455299.000000,75549924.000000,-0.020300,-0.034800,-0.971500, , , 
29056.000000,1455395.000000,75549924.000000, , , ,-0.975586,0.000000,-0.325195
29057.000000,1455400.000000,75549924.000000,0.011600,-0.034800,-0.991800, , , 
29058.000000,1455496.000000,75549924.000000, , , ,-0.325195,-0.325195,0.000000
29059.000000,1455499.000000,75549924.000000,0.005800,-0.017400,-0.983100, , , 
29060.000000,1455597.000000,75549924.000000, , , ,-0.650391,0.650391,-0.325195
29061.000000,1455600.000000,75549924.000000,-0.023200,-0.031900,-1.023700, , , 
29062.000000,1455698.000000,75549924.000000, , , ,-0.975586,0.000000,0.000000
29063.000000,1455699.000000,75549924.000000,0.011600,-0.046400,-1.035300, , , 
29064.000000,1455799.000000,75549924.000000, , , ,-0.975586,0.325195,0.325195
29065.000000,1455800.000000,75549924.000000,0.008700,-0.029000,-0.991800, , , 
29066.000000,1455899.000000,75549924.000000,0.000000,-0.034800,-0.971500, , , 
29067.000000,1455900.000000,75549924.000000, , , ,-1.300781,-0.650391,0.000000
29068.000000,1456000.000000,75549924.000000,-0.002900,-0.017400,-0.986000, , , 
29069.000000,1456001.000000,75549924.000000, , , ,-0.650391,0.000000,0.000000
29070.000000,1456092.000000,75549924.000000, , , ,-0.650391,-0.650391,-0.325195
29071.000000,1456099.000000,75549924.000000,0.000000,-0.011600,-0.974400, , , 
29072.000000,1456193.000000,75549924.000000, , , ,-0.325195,0.000000,0.000000
29073.000000,1456200.000000,75549924.000000,-0.002900,-0.005800,-0.962800, , , 
29074.000000,1456294.000000,75549924.000000, , , ,-0.650391,0.000000,0.000000
29075.000000,1456299.000000,75549924.000000,-0.002900,0.008700,-0.988900, , , 
29076.000000,1456395.000000,75549924.000000, , , ,-0.325195,0.325195,0.000000
29077.000000,1456400.000000,75549924.000000,-0.023200,-0.020300,-1.015000, , , 
29078.000000,1456496.000000,75549924.000000, , , ,-0.325195,0.650391,0.325195
29079.000000,1456499.000000,75549924.000000,0.011600,-0.011600,-1.023700, , , 
29080.000000,1456597.000000,75549924.000000, , , ,-0.650391,0.325195,0.000000
29081.000000,1456600.000000,75549924.000000,-0.014500,0.000000,-1.017900, , , 
29082.000000,1456698.000000,75549924.000000, , , ,-0.650391,0.000000,0.000000
29083.000000,1456699.000000,75549924.000000,0.000000,-0.029000,-1.015000, , , 
29084.000000,1456799.000000,75549924.000000, , , ,-0.975586,0.000000,0.325195
29085.000000,1456800.000000,75549924.000000,0.005800,-0.005800,-0.948300, , , 
29086.000000,1456899.000000,75549924.000000,-0.014500,-0.005800,-0.974400, , , 
29087.000000,1456900.000000,75549924.000000, , , ,-0.975586,-0.650391,0.000000
29088.000000,1457000.000000,75549924.000000,0.011600,0.000000,-0.957000, , , 
29089.000000,1457001.000000,75549924.000000, , , ,-0.325195,0.000000,0.000000
29090.000000,1457092.000000,75549924.000000, , , ,-0.325195,-2.276367,0.000000
29091.000000,1457099.000000,75549924.000000,-0.005800,0.000000,-0.916400, , , 
29092.000000,1457193.000000,75549924.000000, , , ,-0.650391,0.000000,0.325195
29093.000000,1457200.000000,75549924.000000,-0.043500,-0.005800,-0.994700, , , 
29094.000000,1457294.000000,75549924.000000, , , ,-1.625977,0.325195,0.325195
29095.000000,1457299.000000,75549924.000000,0.008700,0.005800,-1.026600, , , 
29096.000000,1457395.000000,75549924.000000, , , ,-0.975586,0.000000,0.000000
29097.000000,1457400.000000,75549924.000000,-0.011600,0.014500,-1.000500, , , 
29098.000000,1457496.000000,75549924.000000, , , ,-0.650391,0.000000,0.000000
29099.000000,1457499.000000,75549924.000000,-0.017400,0.008700,-1.012100, , , 
29100.000000,1457597.000000,75549924.000000, , , ,-0.650391,-0.325195,0.000000
29101.000000,1457600.000000,75549924.000000,0.008700,-0.011600,-0.994700, , , 
29102.000000,1457698.000000,75549924.000000, , , ,-1.300781,0.000000,0.000000
29103.000000,1457699.000000,75549924.000000,-0.017400,0.000000,-0.980200, , , 
29104.000000,1457799.000000,75549924.000000, , , ,-0.650391,-0.650391,0.325195
29105.000000,1457800.000000,75549924.000000,-0.020300,0.017400,-0.959900, , , 
29106.000000,1457899.000000,75549924.000000,-0.011600,-0.011600,-0.988900, , , 
29107.000000,1457900.000000,75549924.000000, , , ,-0.650391,-0.325195,0.000000
29108.000000,1458000.000000,75549924.000000,-0.005800,0.020300,-0.988900, , , 
29109.000000,1458001.000000,75549924.000000, , , ,-0.650391,0.000000,0.000000
29110.000000,1458092.000000,75549924.000000, , , ,-0.325195,-0.650391,0.000000
29111.000000,1458099.000000,75549924.000000,-0.005800,0.017400,-0.974400, , , 
29112.000000,1458193.000000,75549924.000000, , , ,-0.975586,0.325195,0.000000
29113.000000,1458200.000000,75549924.000000,-0.020300,0.014500,-0.988900, , , 
29114.000000,1458294.000000,75549924.000000, , , ,-0.975586,0.325195,0.325195
29115.000000,1458299.000000,75549924.000000,0.000000,0.005800,-1.009200, , , 
29116.000000,1458395.000000,75549924.000000, , , ,-0.650391,-0.325195,0.650391
29117.000000,1458400.000000,75549924.000000,-0.020300,0.031900,-0.983100, , , 
29118.000000,1458496.000000,75549924.000000, , , ,-0.650391,0.325195,0.325195
29119.000000,1458499.000000,75549924.000000,-0.011600,0.008700,-0.994700, , , 
29120.000000,1458597.000000,75549924.000000, , , ,-0.325195,-0.325195,0.000000
29121.000000,1458600.000000,75549924.000000,-0.002900,0.000000,-1.003400, , , 
29122.000000,1458698.000000,75549924.000000, , , ,-0.325195,0.000000,0.000000
29123.000000,1458699.000000,75549924.000000,-0.026100,0.005800,-0.997600, , , 
29124.000000,1458799.000000,75549924.000000, , , ,-0.650391,0.325195,0.000000
29125.000000,1458800.000000,75549924.000000,0.000000,0.000000,-1.006300, , , 
29126.000000,1458899.000000,75549924.000000,-0.008700,0.020300,-0.997600, , , 
29127.000000,1458900.000000,75549924.000000, , , ,-0.325195,0.000000,0.325195
29128.000000,1459000.000000,75549924.000000,-0.014500,0.002900,-0.983100, , , 
29129.000000,1459001.000000,75549924.000000, , , ,0.000000,0.000000,0.000000
29130.000000,1459092.000000,75549924.000000, , , ,-0.650391,0.000000,0.325195
29131.000000,1459099.000000,75549924.000000,0.005800,0.000000,-0.962800, , , 
29132.000000,1459193.000000,75549924.000000, , , ,-0.325195,-1.625977,0.000000
29133.000000,1459200.000000,75549924.000000,-0.017400,0.008700,-0.951200, , , 
29134.000000,1459294.000000,75549924.000000, , , ,-0.325195,0.000000,0.325195
29135.000000,1459299.000000,75549924.000000,-0.029000,0.000000,-0.983100, , , 
29136.000000,1459395.000000,75549924.000000, , , ,-1.625977,0.325195,0.325195
29137.000000,1459400.000000,75549924.000000,-0.011600,-0.020300,-1.038200, , , 
29138.000000,1459496.000000,75549924.000000, , , ,-0.975586,0.000000,0.325195
29139.000000,1459499.000000,75549924.000000,0.014500,0.031900,-0.994700, , , 
29140.000000,1459597.000000,75549924.000000, , , ,0.000000,-0.650391,0.325195
29141.000000,1459600.000000,75549924.000000,-0.029000,0.029000,-0.945400, , , 
29142.000000,1459698.000000,75549924.000000, , , ,-0.650391,0.000000,0.000000
29143.000000,1459699.000000,75549924.000000,-0.011600,0.017400,-0.986000, , , 
29144.000000,1459799.000000,75549924.000000, , , ,0.000000,0.325195,0.650391
29145.000000,1459800.000000,75549924.000000,-0.017400,0.011600,-1.023700, , , 
29146.000000,1459899.000000,75549924.000000,-0.005800,0.014500,-1.015000, , , 
29147.000000,1459900.000000,75549924.000000, , , ,-0.325195,0.000000,0.325195
29148.000000,1460000.000000,75549924.000000,-0.017400,0.000000,-1.038200, , , 
29149.000000,1460001.000000,75549924.000000, , , ,-0.325195,0.975586,0.000000
29150.000000,1460092.000000,75549924.000000, , , ,-0.975586,0.650391,0.325195
29151.000000,1460099.000000,75549924.000000,-0.002900,0.017400,-1.032400, , , 
29152.000000,1460193.000000,75549924.000000, , , ,-1.625977,0.000000,0.000000
29153.000000,1460200.000000,75549924.000000,-0.005800,0.017400,-0.986000, , , 
29154.000000,1460294.000000,75549924.000000, , , ,-0.325195,-0.325195,0.000000
29155.000000,1460299.000000,75549924.000000,-0.002900,0.029000,-0.962800, , , 
29156.000000,1460395.000000,75549924.000000, , , ,-0.325195,0.000000,0.000000
29157.000000,1460400.000000,75549924.000000,-0.034800,0.005800,-1.023700, , , 
29158.000000,1460496.000000,75549924.000000, , , ,-1.300781,1.300781,0.325195
29159.000000,1460499.000000,75549924.000000,-0.002900,0.000000,-1.046900, , , 
29160.000000,1460597.000000,75549924.000000, , , ,-0.325195,-0.650391,0.325195
29161.000000,1460600.000000,75549924.000000,0.014500,0.029000,-0.994700, , , 
29162.000000,1460698.000000,75549924.000000, , , ,-0.325195,0.000000,0.000000
29163.000000,1460699.000000,75549924.000000,-0.029000,0.014500,-0.980200, , , 
29164.000000,1460799.000000,75549924.000000, , , ,0.000000,0.325195,0.000000
29165.000000,1460800.000000,75549924.000000,0.002900,0.011600,-0.951200, , , 
29166.000000,1460899.000000,75549924.000000,-0.008700,-0.005800,-0.971500, , , 
29167.000000,1460900.000000,75549924.000000, , , ,-0.650391,-1.300781,0.650391
29168.000000,1461000.000000,75549924.000000,0.011600,-0.005800,-0.959900, , , 
29169.000000,1461001.000000,75549924.000000, , , ,-0.975586,0.000000,0.325195
29170.000000,1461092.000000,75549924.000000, , , ,-0.975586,-0.975586,0.975586
29171.000000,1461099.000000,75549924.000000,-0.011600,0.023200,-0.959900, , , 
29172.000000,1461193.000000,75549924.000000, , , ,-0.650391,1.300781,0.325195
29173.000000,1461200.000000,75549924.000000,-0.026100,0.020300,-1.067200, , , 
29174.000000,1461294.000000,75549924.000000, , , ,-0.325195,0.975586,0.325195
29175.000000,1461299.000000,75549924.000000,0.002900,0.029000,-1.075900, , , 
29176.000000,1461395.000000,75549924.000000, , , ,0.000000,0.000000,0.000000
29177.000000,1461400.000000,75549924.000000,0.000000,0.017400,-1.029500, , , 
29178.000000,1461496.000000,75549924.000000, , , ,-0.650391,0.975586,0.325195
29179.000000,1461499.000000,75549924.000000,0.011600,0.023200,-1.012100, , , 
29180.000000,1461597.000000,75549924.000000, , , ,0.000000,-0.325195,0.325195
29181.000000,1461600.000000,75549924.000000,-0.005800,0.029000,-0.968600, , , 
29182.000000,1461698.000000,75549924.000000, , , ,0.000000,-0.325195,0.000000
29183.000000,1461699.000000,75549924.000000,-0.002900,0.017400,-0.980200, , , 
29184.000000,1461799.000000,75549924.000000, , , ,0.000000,0.650391,0.325195
29185.000000,1461800.000000,75549924.000000,0.011600,0.002900,-1.003400, , , 
29186.000000,1461899.000000,75549924.000000,0.020300,0.002900,-0.951200, , , 
29187.000000,1461900.000000,75549924.000000, , , ,0.650391,-0.975586,0.650391
29188.000000,1462000.000000,75549924.000000,-0.026100,0.005800,-0.988900, , , 
29189.000000,1462001.000000,75549924.000000, , , ,0.325195,0.000000,0.000000
29190.000000,1462092.000000,75549924.000000, , , ,0.000000,1.951172,0.325195
29191.000000,1462099.000000,75549924.000000,0.000000,-0.020300,-1.093300, , , 
29192.000000,1462193.000000,75549924.000000, , , ,0.000000,0.650391,0.325195
29193.000000,1462200.000000,75549924.000000,0.046400,0.020300,-1.020800, , , 
29194.000000,1462294.000000,75549924.000000, , , ,0.000000,-1.951172,0.325195
29195.000000,1462299.000000,75549924.000000,0.000000,0.017400,-0.948300, , , 
29196.000000,1462395.000000,75549924.000000, , , ,-1.300781,0.000000,0.650391
29197.000000,1462400.000000,75549924.000000,0.011600,-0.002900,-0.971500, , , 
29198.000000,1462496.000000,75549924.000000, , , ,-1.300781,0.000000,0.650391
29199.000000,1462499.000000,75549924.000000,-0.005800,0.017400,-1.000500, , , 
29200.000000,1462597.000000,75549924.000000, , , ,-0.650391,0.325195,0.325195
29201.000000,1462600.000000,75549924.000000,0.014500,0.026100,-1.029500, , , 
29202.000000,1462698.000000,75549924.000000, , , ,-0.650391,0.650391,0.325195
29203.000000,1462699.000000,75549924.000000,0.029000,0.014500,-1.015000, , , 
29204.000000,1462799.000000,75549924.000000, , , ,0.000000,0.000000,0.000000
29205.000000,1462800.000000,75549924.000000,0.000000,0.017400,-0.988900, , , 
29206.000000,1462899.000000,75549924.000000,0.008700,0.005800,-0.988900, , , 
29207.000000,1462900.000000,75549924.000000, , , ,-0.650391,-0.325195,0.325195
29208.000000,1463000.000000,75549924.000000,0.014500,-0.008700,-1.020800, , , 
29209.000000,1463001.000000,75549924.000000, , , ,-0.325195,0.975586,0.325195
29210.000000,1463101.000000,75549924.000000,0.014500,-0.037700,-0.988900,-0.650391,-0.325195,0.000000
29211.000000,1463192.000000,75549924.000000, , , ,-0.650391,0.000000,0.000000
29212.000000,1463199.000000,75549924.000000,0.037700,-0.005800,-0.968600, , , 
29213.000000,1463293.000000,75549924.000000, , , ,-0.325195,0.000000,-0.325195
29214.000000,1463300.000000,75549924.000000,0.002900,-0.026100,-0.988900, , , 
29215.000000,1463394.000000,75549924.000000, , , ,-0.325195,0.000000,-0.325195
29216.000000,1463399.000000,75549924.000000,0.017400,-0.020300,-0.986000, , , 
29217.000000,1463495.000000,75549924.000000, , , ,-0.650391,-0.325195,0.000000
29218.000000,1463500.000000,75549924.000000,0.046400,-0.005800,-0.977300, , , 
29219.000000,1463596.000000,75549924.000000, , , ,-0.650391,0.000000,0.000000
29220.000000,1463599.000000,75549924.000000,0.026100,-0.020300,-0.948300, , , 
29221.000000,1463697.000000,75549924.000000, , , ,-0.650391,-0.975586,0.000000
29222.000000,1463700.000000,75549924.000000,0.017400,-0.017400,-0.945400, , , 
29223.000000,1463798.000000,75549924.000000, , , ,-0.975586,-0.650391,0.000000
29224.000000,1463799.000000,75549924.000000,0.040600,-0.008700,-0.971500, , , 
29225.000000,1463899.000000,75549924.000000, , , ,-1.625977,0.325195,0.000000
29226.000000,1463900.000000,75549924.000000,0.005800,-0.026100,-1.015000, , , 
29227.000000,1463999.000000,75549924.000000,0.040600,-0.014500,-0.997600, , , 
29228.000000,1464000.000000,75549924.000000, , , ,-1.951172,-0.325195,0.000000
29229.000000,1464100.000000,75549924.000000,0.023200,0.023200,-0.965700, , , 
29230.000000,1464101.000000,75549924.000000, , , ,-0.975586,-0.650391,0.000000
29231.000000,1464192.000000,75549924.000000, , , ,-0.975586,-0.325195,0.000000
29232.000000,1464199.000000,75549924.000000,0.043500,0.000000,-0.954100, , , 
29233.000000,1464293.000000,75549924.000000, , , ,-0.975586,-1.300781,0.000000
29234.000000,1464300.000000,75549924.000000,0.034800,-0.005800,-0.957000, , , 
29235.000000,1464394.000000,75549924.000000, , , ,-0.325195,-0.325195,0.000000
29236.000000,1464399.000000,75549924.000000,0.023200,0.005800,-0.965700, , , 
29237.000000,1464495.000000,75549924.000000, , , ,-0.975586,0.000000,0.000000
29238.000000,1464500.000000,75549924.000000,0.008700,0.002900,-0.988900, , , 
29239.000000,1464596.000000,75549924.000000, , , ,-0.325195,-0.325195,0.000000
29240.000000,1464599.000000,75549924.000000,0.034800,0.002900,-0.977300, , , 
29241.000000,1464697.000000,75549924.000000, , , ,0.000000,-0.650391,0.000000
29242.000000,1464700.000000,75549924.000000,0.040600,0.000000,-0.962800, , , 
29243.000000,1464798.000000,75549924.000000, , , ,-0.650391,-0.975586,0.000000
29244.000000,1464799.000000,75549924.000000,0.023200,-0.005800,-0.951200, , , 
29245.000000,1464899.000000,75549924.000000, , , ,-0.975586,-0.325195,-0.325195
29246.000000,1464900.000000,75549924.000000,0.020300,-0.037700,-0.986000, , , 
29247.000000,1464999.000000,75549924.000000,0.031900,0.000000,-1.000500, , , 
29248.000000,1465000.000000,75549924.000000, , , ,-0.650391,0.000000,0.000000
29249.000000,1465100.000000,75549924.000000,0.031900,-0.002900,-0.974400, , , 
29250.000000,1465101.000000,75549924.000000, , , ,-0.650391,-0.650391,0.000000
29251.000000,1465192.000000,75549924.000000, , , ,-0.975586,0.000000,0.000000
29252.000000,1465199.000000,75549924.000000,0.026100,-0.029000,-0.986000, , , 
29253.000000,1465293.000000,75549924.000000, , , ,-0.975586,0.000000,0.000000
29254.000000,1465300.000000,75549924.000000,0.040600,0.011600,-0.986000, , , 
29255.000000,1465394.000000,75549924.000000, , , ,-0.975586,-1.300781,0.000000
29256.000000,1465399.000000,75549924.000000,0.023200,0.011600,-0.962800, , , 
29257.000000,1465495.000000,75549924.000000, , , ,-0.650391,-0.325195,0.650391
29258.000000,1465500.000000,75549924.000000,0.031900,0.002900,-0.957000, , , 
29259.000000,1465596.000000,75549924.000000, , , ,-1.300781,0.000000,0.975586
29260.000000,1465599.000000,75549924.000000,0.014500,0.011600,-1.000500, , , 
29261.000000,1465697.000000,75549924.000000, , , ,-0.650391,0.000000,0.650391
29262.000000,1465700.000000,75549924.000000,0.031900,0.046400,-0.991800, , , 
29263.000000,1465798.000000,75549924.000000, , , ,-0.325195,-0.975586,0.325195
29264.000000,1465799.000000,75549924.000000,0.037700,0.029000,-0.971500, , , 
29265.000000,1465899.000000,75549924.000000, , , ,-0.650391,-0.325195,0.650391
29266.000000,1465900.000000,75549924.000000,0.031900,0.029000,-0.957000, , , 
29267.000000,1465999.000000,75549924.000000,0.026100,0.005800,-0.957000, , , 
29268.000000,1466000.000000,75549924.000000, , , ,-0.325195,-0.650391,0.650391
29269.000000,1466100.000000,75549924.000000,0.034800,0.000000,-0.945400, , , 
29270.000000,1466101.000000,75549924.000000, , , ,-0.325195,-0.650391,0.000000
29271.000000,1466192.000000,75549924.000000, , , ,-0.325195,-0.650391,0.000000
29272.000000,1466199.000000,75549924.000000,0.040600,0.026100,-0.965700, , , 
29273.000000,1466293.000000,75549924.000000, , , ,-0.325195,-0.325195,0.000000
29274.000000,1466300.000000,75549924.000000,0.002900,0.005800,-0.980200, , , 
29275.000000,1466394.000000,75549924.000000, , , ,-0.325195,-0.325195,0.000000
29276.000000,1466399.000000,75549924.000000,0.040600,-0.005800,-0.980200, , , 
29277.000000,1466495.000000,75549924.000000, , , ,-0.325195,0.000000,0.000000
29278.000000,1466500.000000,75549924.000000,0.020300,-0.014500,-0.994700, , , 
29279.000000,1466596.000000,75549924.000000, , , ,-0.325195,0.000000,-0.325195
29280.000000,1466599.000000,75549924.000000,0.017400,-0.011600,-1.006300, , , 
29281.000000,1466697.000000,75549924.000000, , , ,-0.325195,0.000000,-0.650391
29282.000000,1466700.000000,75549924.000000,0.037700,-0.017400,-0.991800, , , 
29283.000000,1466798.000000,75549924.000000, , , ,-0.650391,-1.625977,0.000000
29284.000000,1466799.000000,75549924.000000,0.040600,-0.023200,-0.945400, , , 
29285.000000,1466899.000000,75549924.000000, , , ,0.000000,-0.650391,0.000000
29286.000000,1466900.000000,75549924.000000,0.011600,-0.014500,-0.930900, , , 
29287.000000,1466999.000000,75549924.000000,0.031900,-0.011600,-0.974400, , , 
29288.000000,1467000.000000,75549924.000000, , , ,-0.650391,0.000000,0.000000
29289.000000,1467100.000000,75549924.000000,0.020300,-0.011600,-1.000500, , , 
29290.000000,1467101.000000,75549924.000000, , , ,-0.325195,0.325195,-0.325195
29291.000000,1467192.000000,75549924.000000, , , ,-0.325195,-0.650391,-0.650391
29292.000000,1467199.000000,75549924.000000,0.017400,-0.005800,-0.971500, , , 
29293.000000,1467293.000000,75549924.000000, , , ,-0.325195,0.000000,-0.325195
29294.000000,1467300.000000,75549924.000000,0.017400,-0.031900,-0.986000, , , 
29295.000000,1467394.000000,75549924.000000, , , ,-0.975586,-0.650391,-0.325195
29296.000000,1467399.000000,75549924.000000,0.014500,-0.026100,-0.977300, , , 
29297.000000,1467495.000000,75549924.000000, , , ,-0.975586,0.000000,0.000000
29298.000000,1467500.000000,75549924.000000,0.020300,-0.017400,-0.945400, , , 
29299.000000,1467596.000000,75549924.000000, , , ,-0.975586,-0.650391,-0.325195
29300.000000,1467599.000000,75549924.000000,0.002900,-0.011600,-0.971500, , , 
29301.000000,1467697.000000,75549924.000000, , , ,-0.975586,0.000000,-0.325195
29302.000000,1467700.000000,75549924.000000,0.011600,-0.034800,-0.991800, , , 
29303.000000,1467798.000000,75549924.000000, , , ,-0.975586,-0.325195,-0.650391
29304.000000,1467799.000000,75549924.000000,-0.002900,-0.031900,-0.991800, , , 
29305.000000,1467899.000000,75549924.000000, , , ,-1.625977,-0.325195,-0.325195
29306.000000,1467900.000000,75549924.000000,0.008700,-0.046400,-1.012100, , , 
29307.000000,1467999.000000,75549924.000000,0.011600,-0.052200,-0.971500, , , 
29308.000000,1468000.000000,75549924.000000, , , ,-1.300781,0.000000,-0.650391
29309.000000,1468100.000000,75549924.000000,0.011600,-0.043500,-0.965700, , , 
29310.000000,1468101.000000,75549924.000000, , , ,-1.625977,-0.975586,-0.650391
29311.000000,1468192.000000,75549924.000000, , , ,-1.625977,0.325195,-0.650391
29312.000000,1468199.000000,75549924.000000,-0.017400,-0.043500,-1.000500, , , 
29313.000000,1468293.000000,75549924.000000, , , ,-0.975586,0.000000,-0.975586
29314.000000,1468300.000000,75549924.000000,0.020300,-0.046400,-0.986000, , , 
29315.000000,1468394.000000,75549924.000000, , , ,-0.325195,-1.300781,-0.975586
29316.000000,1468399.000000,75549924.000000,0.014500,-0.023200,-0.942500, , , 
29317.000000,1468495.000000,75549924.000000, , , ,-0.325195,-0.975586,-1.300781
29318.000000,1468500.000000,75549924.000000,-0.017400,-0.037700,-0.968600, , , 
29319.000000,1468596.000000,75549924.000000, , , ,-0.325195,0.000000,-1.300781
29320.000000,1468599.000000,75549924.000000,0.002900,-0.055100,-0.974400, , , 
29321.000000,1468697.000000,75549924.000000, , , ,-0.975586,0.000000,-0.650391
29322.000000,1468700.000000,75549924.000000,0.000000,-0.037700,-0.988900, , , 
29323.000000,1468798.000000,75549924.000000, , , ,-1.625977,-0.325195,-0.650391
29324.000000,1468799.000000,75549924.000000,0.005800,-0.046400,-0.988900, , , 
29325.000000,1468899.000000,75549924.000000, , , ,-0.975586,0.000000,-0.650391
29326.000000,1468900.000000,75549924.000000,-0.002900,-0.020300,-0.968600, , , 
29327.000000,1468999.000000,75549924.000000,0.005800,-0.017400,-0.962800, , , 
29328.000000,1469000.000000,75549924.000000, , , ,-0.650391,-0.975586,-0.975586
29329.000000,1469100.000000,75549924.000000,0.020300,-0.049300,-0.942500, , , 
29330.000000,1469101.000000,75549924.000000, , , ,-0.325195,-0.650391,-0.975586
29331.000000,1469192.000000,75549924.000000, , , ,-1.300781,-0.975586,-0.975586
29332.000000,1469199.000000,75549924.000000,0.000000,-0.034800,-0.930900, , , 
29333.000000,1469293.000000,75549924.000000, , , ,-1.625977,0.000000,0.000000
29334.000000,1469300.000000,75549924.000000,-0.014500,-0.040600,-0.977300, , , 
29335.000000,1469394.000000,75549924.000000, , , ,-1.625977,-0.325195,-0.650391
29336.000000,1469399.000000,75549924.000000,-0.002900,-0.031900,-0.997600, , , 
29337.000000,1469495.000000,75549924.000000, , , ,-0.650391,-0.650391,-0.975586
29338.000000,1469500.000000,75549924.000000,0.008700,-0.029000,-0.988900, , , 
29339.000000,1469596.000000,75549924.000000, , , ,-0.325195,-0.650391,-0.975586
29340.000000,1469599.000000,75549924.000000,0.000000,-0.031900,-0.939600, , , 
29341.000000,1469697.000000,75549924.000000, , , ,0.325195,-0.325195,-0.975586
29342.000000,1469700.000000,75549924.000000,-0.011600,-0.029000,-0.948300, , , 
29343.000000,1469798.000000,75549924.000000, , , ,0.000000,0.000000,-0.650391
29344.000000,1469799.000000,75549924.000000,0.017400,-0.066700,-0.971500, , , 
29345.000000,1469899.000000,75549924.000000, , , ,0.000000,-0.325195,-0.975586
29346.000000,1469900.000000,75549924.000000,-0.014500,-0.055100,-0.983100, , , 
29347.000000,1469999.000000,75549924.000000,-0.008700,-0.084100,-0.988900, , , 
29348.000000,1470000.000000,75549924.000000, , , ,0.000000,0.000000,-1.625977
29349.000000,1470100.000000,75549924.000000,0.000000,-0.089900,-0.977300, , , 
29350.000000,1470101.000000,75549924.000000, , , ,0.325195,-0.650391,-1.625977
29351.000000,1470192.000000,75549924.000000, , , ,0.000000,-0.650391,-1.951172
29352.000000,1470199.000000,75549924.000000,0.000000,-0.092800,-0.939600, , , 
29353.000000,1470293.000000,75549924.000000, , , ,0.000000,-0.325195,-1.951172
29354.000000,1470300.000000,75549924.000000,-0.017400,-0.104400,-0.974400, , , 
29355.000000,1470394.000000,75549924.000000, , , ,0.000000,0.000000,-2.601563
29356.000000,1470401.000000,75549924.000000,-0.023200,-0.124700,-1.020800, , , 
29357.000000,1470494.000000,75549924.000000, , , ,-0.325195,-0.325195,-2.926758
29358.000000,1470499.000000,75549924.000000,0.005800,-0.130500,-1.003400, , , 
29359.000000,1470595.000000,75549924.000000, , , ,0.000000,-0.975586,-2.926758
29360.000000,1470600.000000,75549924.000000,0.000000,-0.153700,-0.954100, , , 
29361.000000,1470696.000000,75549924.000000, , , ,-0.325195,-0.325195,-2.926758
29362.000000,1470699.000000,75549924.000000,-0.020300,-0.165300,-0.974400, , , 
29363.000000,1470797.000000,75549924.000000, , , ,-1.300781,0.325195,-3.251953
29364.000000,1470800.000000,75549924.000000,-0.008700,-0.159500,-1.006300, , , 
29365.000000,1470898.000000,75549924.000000, , , ,-0.975586,0.650391,-2.601563
29366.000000,1470899.000000,75549924.000000,-0.008700,-0.162400,-1.015000, , , 
29367.000000,1470999.000000,75549924.000000, , , ,-1.625977,-0.325195,-2.926758
29368.000000,1471000.000000,75549924.000000,-0.002900,-0.147900,-0.977300, , , 
29369.000000,1471099.000000,75549924.000000,-0.008700,-0.142100,-0.957000, , , 
29370.000000,1471100.000000,75549924.000000, , , ,-1.300781,0.000000,-2.926758
29371.000000,1471200.000000,75549924.000000,-0.023200,-0.156600,-0.991800, , , 
29372.000000,1471201.000000,75549924.000000, , , ,-1.300781,0.000000,-2.601563
29373.000000,1471292.000000,75549924.000000, , , ,-1.951172,-0.650391,-2.926758
29374.000000,1471299.000000,75549924.000000,-0.014500,-0.127600,-0.957000, , , 
29375.000000,1471393.000000,75549924.000000, , , ,-1.625977,-0.325195,-2.601563
29376.000000,1471400.000000,75549924.000000,-0.014500,-0.130500,-0.959900, , , 
29377.000000,1471494.000000,75549924.000000, , , ,-0.975586,0.000000,-2.276367
29378.000000,1471499.000000,75549924.000000,-0.020300,-0.124700,-0.997600, , , 
29379.000000,1471595.000000,75549924.000000, , , ,-0.975586,0.000000,-2.276367
29380.000000,1471600.000000,75549924.000000,-0.008700,-0.101500,-0.983100, , , 
29381.000000,1471696.000000,75549924.000000, , , ,-1.300781,-0.325195,-2.276367
29382.000000,1471699.000000,75549924.000000,-0.014500,-0.113100,-0.986000, , , 
29383.000000,1471797.000000,75549924.000000, , , ,-1.625977,-0.325195,-2.276367
29384.000000,1471800.000000,75549924.000000,-0.005800,-0.089900,-0.983100, , , 
29385.000000,1471898.000000,75549924.000000, , , ,-1.300781,-0.650391,-1.951172
29386.000000,1471899.000000,75549924.000000,-0.008700,-0.069600,-0.974400, , , 
29387.000000,1471999.000000,75549924.000000, , , ,-0.650391,0.000000,-1.300781
29388.000000,1472000.000000,75549924.000000,-0.017400,-0.055100,-0.991800, , , 
29389.000000,1472099.000000,75549924.000000,0.000000,-0.055100,-0.980200, , , 
29390.000000,1472100.000000,75549924.000000, , , ,-0.325195,-0.650391,-1.300781
29391.000000,1472200.000000,75549924.000000,0.000000,-0.031900,-0.930900, , , 
29392.000000,1472201.000000,75549924.000000, , , ,-0.975586,-0.650391,-0.650391
29393.000000,1472292.000000,75549924.000000, , , ,-0.975586,-0.325195,-0.325195
29394.000000,1472299.000000,75549924.000000,-0.040600,-0.031900,-0.977300, , , 
29395.000000,1472393.000000,75549924.000000, , , ,-0.325195,0.325195,-0.975586
29396.000000,1472400.000000,75549924.000000,0.000000,-0.031900,-1.009200, , , 
29397.000000,1472494.000000,75549924.000000, , , ,0.000000,0.000000,-0.650391
29398.000000,1472499.000000,75549924.000000,-0.020300,-0.034800,-1.015000, , , 
29399.000000,1472595.000000,75549924.000000, , , ,-0.975586,0.325195,-0.975586
29400.000000,1472600.000000,75549924.000000,-0.011600,-0.049300,-1.012100, , , 
29401.000000,1472696.000000,75549924.000000, , , ,-0.325195,-0.650391,-0.975586
29402.000000,1472699.000000,75549924.000000,-0.005800,-0.034800,-0.968600, , , 
29403.000000,1472797.000000,75549924.000000, , , ,-1.300781,0.000000,-0.975586
29404.000000,1472800.000000,75549924.000000,-0.011600,-0.040600,-0.977300, , , 
29405.000000,1472898.000000,75549924.000000, , , ,-0.650391,-0.325195,-0.975586
29406.000000,1472899.000000,75549924.000000,-0.011600,-0.031900,-0.968600, , , 
29407.000000,1472999.000000,75549924.000000, , , ,-0.325195,-0.650391,-0.650391
29408.000000,1473000.000000,75549924.000000,-0.011600,-0.014500,-0.954100, , , 
29409.000000,1473099.000000,75549924.000000,-0.008700,-0.031900,-0.988900, , , 
29410.000000,1473100.000000,75549924.000000, , , ,-0.325195,0.000000,-0.650391
29411.000000,1473200.000000,75549924.000000,0.000000,-0.023200,-0.971500, , , 
29412.000000,1473201.000000,75549924.000000, , , ,-0.325195,-0.325195,-0.650391
29413.000000,1473292.000000,75549924.000000, , , ,-0.325195,-0.325195,-0.650391
29414.000000,1473299.000000,75549924.000000,-0.043500,0.000000,-0.971500, , , 
29415.000000,1473393.000000,75549924.000000, , , ,0.325195,0.325195,-0.650391
29416.000000,1473400.000000,75549924.000000,-0.014500,-0.020300,-1.032400, , , 
29417.000000,1473494.000000,75549924.000000, , , ,-0.325195,0.000000,-0.650391
29418.000000,1473499.000000,75549924.000000,-0.002900,-0.037700,-1.006300, , , 
29419.000000,1473595.000000,75549924.000000, , , ,-0.325195,-0.325195,-0.650391
29420.000000,1473600.000000,75549924.000000,-0.008700,-0.005800,-0.957000, , , 
29421.000000,1473696.000000,75549924.000000, , , ,0.000000,-0.325195,-0.325195
29422.000000,1473699.000000,75549924.000000,-0.011600,-0.008700,-0.959900, , , 
29423.000000,1473797.000000,75549924.000000, , , ,0.000000,0.000000,-0.325195
29424.000000,1473800.000000,75549924.000000,0.000000,-0.005800,-0.968600, , , 
29425.000000,1473898.000000,75549924.000000, , , ,0.975586,-0.650391,-0.325195
29426.000000,1473899.000000,75549924.000000,0.002900,-0.011600,-0.936700, , , 
29427.000000,1473999.000000,75549924.000000, , , ,0.650391,-0.325195,0.000000
29428.000000,1474000.000000,75549924.000000,-0.014500,-0.020300,-0.968600, , , 
29429.000000,1474099.000000,75549924.000000,-0.017400,-0.029000,-0.991800, , , 
29430.000000,1474100.000000,75549924.000000, , , ,0.650391,0.000000,-0.325195
29431.000000,1474200.000000,75549924.000000,-0.011600,-0.040600,-1.003400, , , 
29432.000000,1474201.000000,75549924.000000, , , ,0.325195,0.000000,-0.650391
29433.000000,1474292.000000,75549924.000000, , , ,-0.650391,-0.325195,-0.325195
29434.000000,1474299.000000,75549924.000000,-0.011600,-0.031900,-0.997600, , , 
29435.000000,1474393.000000,75549924.000000, , , ,-0.325195,0.000000,-0.650391
29436.000000,1474400.000000,75549924.000000,-0.017400,-0.029000,-0.974400, , , 
29437.000000,1474494.000000,75549924.000000, , , ,0.000000,-0.325195,0.000000
29438.000000,1474499.000000,75549924.000000,0.000000,-0.017400,-0.971500, , , 
29439.000000,1474595.000000,75549924.000000, , , ,0.650391,0.000000,0.000000
29440.000000,1474600.000000,75549924.000000,-0.023200,-0.017400,-0.980200, , , 
29441.000000,1474696.000000,75549924.000000, , , ,0.000000,0.000000,-0.650391
29442.000000,1474699.000000,75549924.000000,-0.014500,-0.034800,-0.991800, , , 
29443.000000,1474797.000000,75549924.000000, , , ,0.325195,0.000000,-0.325195
29444.000000,1474800.000000,75549924.000000,-0.011600,-0.040600,-1.020800, , , 
29445.000000,1474898.000000,75549924.000000, , , ,-0.650391,0.325195,-0.650391
29446.000000,1474899.000000,75549924.000000,-0.011600,-0.052200,-1.009200, , , 
29447.000000,1474999.000000,75549924.000000, , , ,-0.325195,-0.325195,0.000000
29448.000000,1475000.000000,75549924.000000,0.011600,-0.029000,-0.971500, , , 
29449.000000,1475099.000000,75549924.000000,-0.029000,-0.037700,-0.980200, , , 
29450.000000,1475100.000000,75549924.000000, , , ,0.000000,-0.325195,-0.650391
29451.000000,1475200.000000,75549924.000000,-0.008700,-0.055100,-1.000500, , , 
29452.000000,1475201.000000,75549924.000000, , , ,-0.325195,0.325195,-0.650391
29453.000000,1475292.000000,75549924.000000, , , ,-0.650391,0.000000,-0.650391
29454.000000,1475299.000000,75549924.000000,0.000000,-0.040600,-0.980200, , , 
29455.000000,1475393.000000,75549924.000000, , , ,-0.650391,-0.650391,0.000000
29456.000000,1475400.000000,75549924.000000,-0.014500,-0.031900,-0.951200, , , 
29457.000000,1475494.000000,75549924.000000, , , ,-0.325195,-0.650391,0.000000
29458.000000,1475499.000000,75549924.000000,-0.026100,-0.029000,-0.954100, , , 
29459.000000,1475595.000000,75549924.000000, , , ,-0.650391,0.325195,0.000000
29460.000000,1475600.000000,75549924.000000,-0.020300,-0.011600,-1.006300, , , 
29461.000000,1475696.000000,75549924.000000, , , ,-0.650391,0.325195,-0.325195
29462.000000,1475699.000000,75549924.000000,-0.017400,-0.034800,-1.035300, , , 
29463.000000,1475797.000000,75549924.000000, , , ,-0.975586,-0.325195,-0.325195
29464.000000,1475800.000000,75549924.000000,0.002900,-0.043500,-0.988900, , , 
29465.000000,1475898.000000,75549924.000000, , , ,-0.650391,-0.650391,-0.650391
29466.000000,1475899.000000,75549924.000000,-0.011600,-0.011600,-0.962800, , , 
29467.000000,1475999.000000,75549924.000000, , , ,-0.325195,-0.325195,-0.325195
29468.000000,1476000.000000,75549924.000000,-0.020300,-0.029000,-0.994700, , , 
29469.000000,1476099.000000,75549924.000000,0.002900,-0.029000,-0.936700, , , 
29470.000000,1476100.000000,75549924.000000, , , ,-0.325195,0.000000,0.000000
29471.000000,1476200.000000,75549924.000000,-0.002900,-0.011600,-0.928000, , , 
29472.000000,1476201.000000,75549924.000000, , , ,0.000000,-1.625977,-0.325195
29473.000000,1476292.000000,75549924.000000, , , ,-0.650391,0.650391,-0.325195
29474.000000,1476299.000000,75549924.000000,-0.046400,-0.043500,-1.006300, , , 
29475.000000,1476393.000000,75549924.000000, , , ,-1.300781,0.325195,-0.325195
29476.000000,1476400.000000,75549924.000000,-0.002900,-0.046400,-1.041100, , , 
29477.000000,1476494.000000,75549924.000000, , , ,-0.975586,0.000000,-0.325195
29478.000000,1476499.000000,75549924.000000,-0.011600,-0.026100,-1.032400, , , 
29479.000000,1476595.000000,75549924.000000, , , ,-0.650391,-0.650391,-0.325195
29480.000000,1476600.000000,75549924.000000,-0.008700,-0.040600,-0.980200, , , 
29481.000000,1476696.000000,75549924.000000, , , ,-0.650391,0.000000,-0.325195
29482.000000,1476699.000000,75549924.000000,-0.014500,-0.011600,-0.968600, , , 
29483.000000,1476797.000000,75549924.000000, , , ,-0.325195,0.000000,-0.325195
29484.000000,1476800.000000,75549924.000000,-0.005800,-0.023200,-0.971500, , , 
29485.000000,1476898.000000,75549924.000000, , , ,0.000000,-0.325195,-0.325195
29486.000000,1476899.000000,75549924.000000,-0.002900,-0.020300,-0.968600, , , 
29487.000000,1476999.000000,75549924.000000, , , ,-0.325195,-0.325195,0.000000
29488.000000,1477000.000000,75549924.000000,-0.008700,-0.037700,-0.965700, , , 
29489.000000,1477099.000000,75549924.000000,-0.026100,-0.046400,-0.991800, , , 
29490.000000,1477100.000000,75549924.000000, , , ,-0.650391,0.000000,-0.650391
29491.000000,1477200.000000,75549924.000000,0.000000,-0.029000,-0.988900, , , 
29492.000000,1477201.000000,75549924.000000, , , ,-0.975586,0.000000,-0.325195
29493.000000,1477292.000000,75549924.000000, , , ,-0.325195,-0.325195,-0.325195
29494.000000,1477299.000000,75549924.000000,-0.005800,-0.020300,-0.962800, , , 
29495.000000,1477393.000000,75549924.000000, , , ,0.000000,0.000000,-0.325195
29496.000000,1477400.000000,75549924.000000,-0.023200,-0.023200,-0.974400, , , 
29497.000000,1477494.000000,75549924.000000, , , ,-0.650391,-0.325195,0.000000
29498.000000,1477499.000000,75549924.000000,-0.017400,-0.040600,-0.988900, , , 
29499.000000,1477595.000000,75549924.000000, , , ,-0.325195,0.000000,-0.325195
29500.000000,1477600.000000,75549924.000000,-0.017400,-0.049300,-1.006300, , , 
29501.000000,1477696.000000,75549924.000000, , , ,-0.650391,0.000000,0.000000
29502.000000,1477699.000000,75549924.000000,-0.008700,-0.040600,-0.997600, , , 
29503.000000,1477797.000000,75549924.000000, , , ,0.000000,-0.650391,-0.650391
29504.000000,1477800.000000,75549924.000000,0.000000,-0.020300,-0.959900, , , 
29505.000000,1477898.000000,75549924.000000, , , ,-0.325195,-0.975586,-0.325195
29506.000000,1477899.000000,75549924.000000,-0.014500,-0.029000,-0.959900, , , 
29507.000000,1477999.000000,75549924.000000, , , ,-1.300781,0.000000,-0.325195
29508.000000,1478000.000000,75549924.000000,-0.029000,-0.043500,-1.000500, , , 
29509.000000,1478099.000000,75549924.000000,0.000000,-0.037700,-1.000500, , , 
29510.000000,1478100.000000,75549924.000000, , , ,-0.650391,0.325195,-0.325195
29511.000000,1478200.000000,75549924.000000,-0.014500,-0.020300,-1.006300, , , 
29512.000000,1478201.000000,75549924.000000, , , ,-0.325195,-0.325195,-0.325195
29513.000000,1478292.000000,75549924.000000, , , ,-0.325195,0.325195,-0.325195
29514.000000,1478299.000000,75549924.000000,-0.026100,-0.020300,-1.006300, , , 
29515.000000,1478393.000000,75549924.000000, , , ,-0.325195,-0.325195,-0.325195
29516.000000,1478400.000000,75549924.000000,0.000000,-0.034800,-1.020800, , , 
29517.000000,1478494.000000,75549924.000000, , , ,0.000000,0.650391,-0.650391
29518.000000,1478499.000000,75549924.000000,-0.014500,-0.040600,-1.038200, , , 
29519.000000,1478595.000000,75549924.000000, , , ,-0.650391,-0.325195,-0.325195
29520.000000,1478600.000000,75549924.000000,0.000000,-0.049300,-0.980200, , , 
29521.000000,1478696.000000,75549924.000000, , , ,-0.650391,-0.975586,0.000000
29522.000000,1478699.000000,75549924.000000,-0.008700,-0.029000,-0.942500, , , 
29523.000000,1478797.000000,75549924.000000, , , ,-0.975586,-0.650391,-0.325195
29524.000000,1478800.000000,75549924.000000,0.017400,-0.029000,-0.933800, , , 
29525.000000,1478898.000000,75549924.000000, , , ,-0.650391,-0.975586,0.000000
29526.000000,1478899.000000,75549924.000000,-0.017400,-0.005800,-0.925100, , , 
29527.000000,1478999.000000,75549924.000000, , , ,-0.975586,0.000000,0.000000
29528.000000,1479000.000000,75549924.000000,-0.005800,-0.017400,-0.971500, , , 
29529.000000,1479099.000000,75549924.000000,0.000000,-0.020300,-0.977300, , , 
29530.000000,1479100.000000,75549924.000000, , , ,-0.650391,-0.325195,0.000000
29531.000000,1479200.000000,75549924.000000,-0.008700,-0.029000,-0.959900, , , 
29532.000000,1479201.000000,75549924.000000, , , ,-0.975586,-0.325195,0.000000
29533.000000,1479292.000000,75549924.000000, , , ,-0.650391,-0.650391,0.000000
29534.000000,1479299.000000,75549924.000000,0.000000,0.000000,-0.962800, , , 
29535.000000,1479393.000000,75549924.000000, , , ,-0.325195,-0.325195,0.000000
29536.000000,1479400.000000,75549924.000000,-0.011600,0.000000,-0.977300, , , 
29537.000000,1479494.000000,75549924.000000, , , ,-0.325195,0.000000,0.000000
29538.000000,1479499.000000,75549924.000000,-0.017400,-0.023200,-1.000500, , , 
29539.000000,1479595.000000,75549924.000000, , , ,-0.650391,0.650391,0.000000
29540.000000,1479600.000000,75549924.000000,-0.008700,-0.008700,-1.029500, , , 
29541.000000,1479696.000000,75549924.000000, , , ,-0.975586,0.000000,0.000000
29542.000000,1479699.000000,75549924.000000,-0.026100,-0.017400,-1.029500, , , 
29543.000000,1479797.000000,75549924.000000, , , ,-0.650391,0.325195,0.000000
29544.000000,1479800.000000,75549924.000000,-0.005800,0.005800,-1.015000, , , 
29545.000000,1479898.000000,75549924.000000, , , ,-0.325195,-0.325195,0.000000
29546.000000,1479899.000000,75549924.000000,0.005800,-0.005800,-0.977300, , , 
29547.000000,1479999.000000,75549924.000000, , , ,-0.975586,-0.975586,0.325195
29548.000000,1480000.000000,75549924.000000,0.011600,-0.011600,-0.945400, , , 
29549.000000,1480099.000000,75549924.000000,-0.017400,-0.008700,-0.948300, , , 
29550.000000,1480100.000000,75549924.000000, , , ,-0.975586,0.000000,-0.325195
29551.000000,1480200.000000,75549924.000000,-0.002900,-0.002900,-0.977300, , , 
29552.000000,1480201.000000,75549924.000000, , , ,-0.325195,0.000000,0.000000
29553.000000,1480292.000000,75549924.000000, , , ,-0.975586,0.000000,0.000000
29554.000000,1480299.000000,75549924.000000,-0.011600,-0.020300,-1.015000, , , 
29555.000000,1480393.000000,75549924.000000, , , ,-1.300781,0.000000,0.000000
29556.000000,1480400.000000,75549924.000000,0.011600,-0.026100,-0.994700, , , 
29557.000000,1480494.000000,75549924.000000, , , ,-0.650391,-0.325195,0.000000
29558.000000,1480499.000000,75549924.000000,0.000000,0.000000,-0.965700, , , 
29559.000000,1480595.000000,75549924.000000, , , ,0.000000,-0.650391,0.000000
29560.000000,1480600.000000,75549924.000000,-0.014500,-0.011600,-0.991800, , , 
29561.000000,1480696.000000,75549924.000000, , , ,-0.650391,0.000000,0.000000
29562.000000,1480699.000000,75549924.000000,0.005800,0.002900,-0.980200, , , 
29563.000000,1480797.000000,75549924.000000, , , ,-0.650391,0.325195,0.000000
29564.000000,1480800.000000,75549924.000000,-0.014500,-0.011600,-1.012100, , , 
29565.000000,1480898.000000,75549924.000000, , , ,-0.325195,0.000000,-0.325195
29566.000000,1480899.000000,75549924.000000,0.000000,-0.002900,-1.017900, , , 
29567.000000,1480999.000000,75549924.000000, , , ,-0.325195,0.325195,0.000000
29568.000000,1481000.000000,75549924.000000,-0.011600,-0.002900,-0.986000, , , 
29569.000000,1481099.000000,75549924.000000,-0.005800,-0.005800,-1.015000, , , 
29570.000000,1481100.000000,75549924.000000, , , ,-0.325195,0.325195,0.000000
29571.000000,1481200.000000,75549924.000000,0.008700,-0.023200,-0.991800, , , 
29572.000000,1481201.000000,75549924.000000, , , ,-0.975586,-0.325195,0.000000
29573.000000,1481292.000000,75549924.000000, , , ,-0.650391,0.000000,0.000000
29574.000000,1481299.000000,75549924.000000,-0.017400,0.000000,-0.959900, , , 
29575.000000,1481393.000000,75549924.000000, , , ,-0.325195,0.000000,0.000000
29576.000000,1481400.000000,75549924.000000,0.000000,-0.008700,-0.997600, , , 
29577.000000,1481494.000000,75549924.000000, , , ,0.000000,0.325195,0.000000
29578.000000,1481499.000000,75549924.000000,-0.008700,-0.005800,-1.012100, , , 
29579.000000,1481595.000000,75549924.000000, , , ,-0.975586,0.325195,-0.325195
29580.000000,1481600.000000,75549924.000000,0.000000,-0.026100,-0.991800, , , 
29581.000000,1481696.000000,75549924.000000, , , ,-0.325195,-0.650391,0.000000
29582.000000,1481699.000000,75549924.000000,0.008700,0.011600,-0.951200, , , 
29583.000000,1481797.000000,75549924.000000, , , ,-0.325195,-0.325195,0.000000
29584.000000,1481800.000000,75549924.000000,-0.017400,-0.008700,-0.957000, , , 
29585.000000,1481898.000000,75549924.000000, , , ,-0.325195,0.000000,0.000000
29586.000000,1481899.000000,75549924.000000,-0.014500,-0.020300,-0.991800, , , 
29587.000000,1481999.000000,75549924.000000, , , ,-0.325195,0.325195,-0.325195
29588.000000,1482000.000000,75549924.000000,-0.002900,-0.020300,-1.041100, , , 
29589.000000,1482099.000000,75549924.000000,-0.002900,-0.034800,-1.023700, , , 
29590.000000,1482100.000000,75549924.000000, , , ,-0.325195,0.325195,-0.325195
29591.000000,1482200.000000,75549924.000000,0.000000,-0.023200,-0.983100, , , 
29592.000000,1482201.000000,75549924.000000, , , ,-0.325195,0.325195,-0.325195
29593.000000,1482292.000000,75549924.000000, , , ,-0.650391,0.000000,-0.325195
29594.000000,1482299.000000,75549924.000000,-0.011600,-0.023200,-0.988900, , , 
29595.000000,1482393.000000,75549924.000000, , , ,-0.650391,0.650391,0.650391
29596.000000,1482400.000000,75549924.000000,-0.011600,-0.026100,-1.017900, , , 
29597.000000,1482494.000000,75549924.000000, , , ,-0.650391,0.650391,-0.325195
29598.000000,1482499.000000,75549924.000000,-0.002900,-0.017400,-1.017900, , , 
29599.000000,1482595.000000,75549924.000000, , , ,-0.650391,0.000000,0.000000
29600.000000,1482600.000000,75549924.000000,0.008700,-0.014500,-0.997600, , , 
29601.000000,1482696.000000,75549924.000000, , , ,-1.625977,-0.325195,-0.325195
29602.000000,1482699.000000,75549924.000000,-0.011600,-0.034800,-0.983100, , , 
29603.000000,1482797.000000,75549924.000000, , , ,-1.300781,0.000000,0.000000
29604.000000,1482800.000000,75549924.000000,0.008700,0.005800,-0.945400, , , 
29605.000000,1482898.000000,75549924.000000, , , ,0.000000,-0.325195,0.000000
29606.000000,1482899.000000,75549924.000000,-0.008700,-0.011600,-0.959900, , , 
29607.000000,1482999.000000,75549924.000000, , , ,-0.325195,0.000000,0.000000
29608.000000,1483000.000000,75549924.000000,0.000000,-0.002900,-0.986000, , , 
29609.000000,1483099.000000,75549924.000000,-0.014500,-0.005800,-0.988900, , , 
29610.000000,1483100.000000,75549924.000000, , , ,-0.650391,0.000000,0.000000
29611.000000,1483200.000000,75549924.000000,0.011600,-0.026100,-0.988900, , , 
29612.000000,1483201.000000,75549924.000000, , , ,-0.650391,-0.325195,0.000000
29613.000000,1483292.000000,75549924.000000, , , ,0.000000,-0.975586,0.650391
29614.000000,1483299.000000,75549924.000000,-0.002900,0.000000,-0.948300, , , 
29615.000000,1483393.000000,75549924.000000, , , ,0.000000,-0.325195,-0.325195
29616.000000,1483400.000000,75549924.000000,-0.026100,-0.005800,-0.977300, , , 
29617.000000,1483494.000000,75549924.000000, , , ,-0.325195,0.975586,0.000000
29618.000000,1483499.000000,75549924.000000,-0.008700,-0.026100,-1.044000, , , 
29619.000000,1483595.000000,75549924.000000, , , ,-0.650391,0.000000,0.000000
29620.000000,1483600.000000,75549924.000000,0.008700,-0.029000,-1.023700, , , 
29621.000000,1483696.000000,75549924.000000, , , ,-0.975586,-0.325195,-0.325195
29622.000000,1483699.000000,75549924.000000,-0.002900,-0.017400,-0.974400, , , 
29623.000000,1483797.000000,75549924.000000, , , ,-0.325195,-0.325195,0.000000
29624.000000,1483800.000000,75549924.000000,0.000000,-0.017400,-0.965700, , , 
29625.000000,1483898.000000,75549924.000000, , , ,-0.325195,-0.650391,-0.650391
29626.000000,1483899.000000,75549924.000000,0.008700,-0.014500,-0.968600, , , 
29627.000000,1483999.000000,75549924.000000, , , ,-0.325195,0.000000,-0.325195
29628.000000,1484000.000000,75549924.000000,-0.011600,-0.011600,-1.000500, , , 
29629.000000,1484099.000000,75549924.000000,0.000000,-0.023200,-1.012100, , , 
29630.000000,1484100.000000,75549924.000000, , , ,0.000000,0.325195,-0.650391
29631.000000,1484200.000000,75549924.000000,0.002900,-0.029000,-0.986000, , , 
29632.000000,1484201.000000,75549924.000000, , , ,-0.650391,0.000000,-0.325195
29633.000000,1484292.000000,75549924.000000, , , ,0.000000,0.325195,-0.325195
29634.000000,1484299.000000,75549924.000000,-0.014500,-0.023200,-1.009200, , , 
29635.000000,1484393.000000,75549924.000000, , , ,0.000000,-0.325195,-0.325195
29636.000000,1484400.000000,75549924.000000,0.002900,-0.008700,-1.009200, , , 
29637.000000,1484494.000000,75549924.000000, , , ,-0.650391,0.325195,0.000000
29638.000000,1484499.000000,75549924.000000,0.000000,-0.020300,-0.986000, , , 
29639.000000,1484595.000000,75549924.000000, , , ,-0.650391,0.000000,-0.325195
29640.000000,1484600.000000,75549924.000000,0.000000,-0.020300,-0.997600, , , 
29641.000000,1484696.000000,75549924.000000, , , ,-0.975586,-0.975586,0.000000
29642.000000,1484699.000000,75549924.000000,0.011600,-0.008700,-0.957000, , , 
29643.000000,1484797.000000,75549924.000000, , , ,-0.325195,-0.975586,0.000000
29644.000000,1484800.000000,75549924.000000,-0.005800,-0.023200,-0.942500, , , 
29645.000000,1484898.000000,75549924.000000, , , ,-0.650391,0.650391,0.000000
29646.000000,1484899.000000,75549924.000000,-0.023200,-0.017400,-1.015000, , , 
29647.000000,1484999.000000,75549924.000000, , , ,-0.975586,0.325195,0.000000
29648.000000,1485000.000000,75549924.000000,0.011600,-0.020300,-1.041100, , , 
29649.000000,1485099.000000,75549924.000000,0.002900,-0.023200,-0.971500, , , 
29650.000000,1485100.000000,75549924.000000, , , ,-0.650391,0.000000,0.000000
29651.000000,1485200.000000,75549924.000000,0.000000,-0.008700,-0.971500, , , 
29652.000000,1485201.000000,75549924.000000, , , ,-0.975586,-0.975586,-0.325195
29653.000000,1485292.000000,75549924.000000, , , ,-0.325195,-0.325195,-0.325195
29654.000000,1485299.000000,75549924.000000,0.008700,-0.014500,-0.977300, , , 
29655.000000,1485393.000000,75549924.000000, , , ,-0.325195,0.000000,-0.325195
29656.000000,1485400.000000,75549924.000000,-0.002900,-0.017400,-0.965700, , , 
29657.000000,1485494.000000,75549924.000000, , , ,-0.650391,0.000000,-0.325195
29658.000000,1485499.000000,75549924.000000,0.026100,-0.029000,-0.994700, , , 
29659.000000,1485595.000000,75549924.000000, , , ,-0.650391,0.000000,-0.325195
29660.000000,1485600.000000,75549924.000000,0.011600,-0.029000,-0.991800, , , 
29661.000000,1485696.000000,75549924.000000, , , ,-0.650391,0.000000,0.000000
29662.000000,1485699.000000,75549924.000000,-0.002900,-0.020300,-0.991800, , , 
29663.000000,1485797.000000,75549924.000000, , , ,-0.325195,0.000000,-0.650391
29664.000000,1485800.000000,75549924.000000,0.002900,-0.037700,-1.023700, , , 
29665.000000,1485898.000000,75549924.000000, , , ,-0.325195,0.000000,-0.325195
29666.000000,1485899.000000,75549924.000000,0.008700,-0.034800,-1.000500, , , 
29667.000000,1485999.000000,75549924.000000, , , ,-0.650391,0.000000,-0.325195
29668.000000,1486000.000000,75549924.000000,0.002900,-0.020300,-0.962800, , , 
29669.000000,1486099.000000,75549924.000000,0.000000,-0.040600,-1.015000, , , 
29670.000000,1486100.000000,75549924.000000, , , ,-0.650391,0.000000,-0.325195
29671.000000,1486200.000000,75549924.000000,0.031900,-0.031900,-0.994700, , , 
29672.000000,1486201.000000,75549924.000000, , , ,0.000000,0.325195,-0.325195
29673.000000,1486292.000000,75549924.000000, , , ,0.000000,0.000000,-0.325195
29674.000000,1486299.000000,75549924.000000,0.005800,-0.029000,-0.968600, , , 
29675.000000,1486393.000000,75549924.000000, , , ,-0.325195,-0.975586,-0.325195
29676.000000,1486400.000000,75549924.000000,0.008700,-0.034800,-1.000500, , , 
29677.000000,1486494.000000,75549924.000000, , , ,-0.650391,0.975586,-0.325195
29678.000000,1486499.000000,75549924.000000,0.000000,-0.031900,-0.997600, , , 
29679.000000,1486595.000000,75549924.000000, , , ,-0.650391,-0.325195,-0.325195
29680.000000,1486600.000000,75549924.000000,0.029000,-0.040600,-0.965700, , , 
29681.000000,1486696.000000,75549924.000000, , , ,-1.300781,-0.650391,-0.325195
29682.000000,1486699.000000,75549924.000000,-0.011600,-0.026100,-1.003400, , , 
29683.000000,1486797.000000,75549924.000000, , , ,-1.300781,0.325195,0.000000
29684.000000,1486800.000000,75549924.000000,0.020300,-0.023200,-0.988900, , , 
29685.000000,1486898.000000,75549924.000000, , , ,-0.975586,-1.300781,0.000000
29686.000000,1486899.000000,75549924.000000,0.023200,-0.005800,-0.948300, , , 
29687.000000,1486999.000000,75549924.000000, , , ,-0.325195,0.000000,0.000000
29688.000000,1487000.000000,75549924.000000,0.011600,-0.002900,-0.957000, , , 
29689.000000,1487099.000000,75549924.000000,-0.008700,-0.029000,-0.954100, , , 
29690.000000,1487100.000000,75549924.000000, , , ,0.000000,-0.325195,0.000000
29691.000000,1487200.000000,75549924.000000,0.023200,-0.008700,-0.930900, , , 
29692.000000,1487201.000000,75549924.000000, , , ,0.000000,-0.975586,-0.650391
29693.000000,1487292.000000,75549924.000000, , , ,0.000000,-0.975586,-0.325195
29694.000000,1487299.000000,75549924.000000,0.023200,-0.026100,-0.951200, , , 
29695.000000,1487393.000000,75549924.000000, , , ,0.000000,-0.975586,-0.650391
29696.000000,1487400.000000,75549924.000000,0.008700,-0.023200,-0.939600, , , 
29697.000000,1487494.000000,75549924.000000, , , ,-0.650391,-0.650391,-0.325195
29698.000000,1487499.000000,75549924.000000,0.005800,-0.029000,-0.968600, , , 
29699.000000,1487595.000000,75549924.000000, , , ,-0.650391,0.000000,-0.325195
29700.000000,1487600.000000,75549924.000000,0.017400,-0.034800,-0.994700, , , 
29701.000000,1487696.000000,75549924.000000, , , ,-0.325195,-0.975586,-0.325195
29702.000000,1487699.000000,75549924.000000,0.008700,-0.023200,-0.980200, , , 
29703.000000,1487797.000000,75549924.000000, , , ,-0.650391,-0.325195,-0.650391
29704.000000,1487800.000000,75549924.000000,-0.005800,-0.031900,-0.977300, , , 
29705.000000,1487898.000000,75549924.000000, , , ,-0.650391,0.000000,-0.325195
29706.000000,1487899.000000,75549924.000000,0.008700,-0.017400,-0.988900, , , 
29707.000000,1487999.000000,75549924.000000, , , ,-0.325195,-0.650391,-0.325195
29708.000000,1488000.000000,75549924.000000,0.020300,-0.011600,-0.965700, , , 
29709.000000,1488100.000000,75549924.000000,0.002900,-0.017400,-0.954100,0.000000,-0.975586,-0.325195
29710.000000,1488199.000000,75549924.000000,0.000000,-0.023200,-0.977300, , , 
29711.000000,1488200.000000,75549924.000000, , , ,-0.325195,-0.650391,0.000000
29712.000000,1488300.000000,75549924.000000,0.000000,-0.034800,-1.009200, , , 
29713.000000,1488301.000000,75549924.000000, , , ,-0.325195,0.000000,-0.650391
29714.000000,1488392.000000,75549924.000000, , , ,-1.300781,0.000000,-0.325195
29715.000000,1488399.000000,75549924.000000,0.026100,-0.040600,-1.000500, , , 
29716.000000,1488493.000000,75549924.000000, , , ,-0.975586,-1.625977,0.000000
29717.000000,1488500.000000,75549924.000000,0.040600,-0.026100,-0.928000, , , 
29718.000000,1488594.000000,75549924.000000, , , ,-0.325195,-0.975586,-0.325195
29719.000000,1488599.000000,75549924.000000,-0.008700,-0.029000,-0.939600, , , 
29720.000000,1488695.000000,75549924.000000, , , ,-0.650391,0.000000,0.000000
29721.000000,1488700.000000,75549924.000000,0.011600,-0.014500,-0.991800, , , 
29722.000000,1488796.000000,75549924.000000, , , ,-0.325195,0.000000,-0.325195
29723.000000,1488799.000000,75549924.000000,0.020300,-0.020300,-0.983100, , , 
29724.000000,1488897.000000,75549924.000000, , , ,-0.325195,-0.975586,-0.325195
29725.000000,1488900.000000,75549924.000000,0.020300,-0.023200,-0.936700, , , 
29726.000000,1488998.000000,75549924.000000, , , ,-0.325195,-0.325195,0.000000
29727.000000,1488999.000000,75549924.000000,-0.002900,-0.023200,-0.968600, , , 
29728.000000,1489099.000000,75549924.000000, , , ,-0.325195,0.000000,-0.325195
29729.000000,1489100.000000,75549924.000000,0.017400,-0.058000,-0.980200, , , 
29730.000000,1489199.000000,75549924.000000,0.000000,-0.029000,-0.951200, , , 
29731.000000,1489200.000000,75549924.000000, , , ,-0.325195,-0.975586,0.000000
29732.000000,1489300.000000,75549924.000000,0.008700,-0.029000,-0.983100, , , 
29733.000000,1489301.000000,75549924.000000, , , ,-0.325195,0.000000,-0.325195
29734.000000,1489392.000000,75549924.000000, , , ,-0.650391,-0.325195,-0.325195
29735.000000,1489399.000000,75549924.000000,0.000000,-0.023200,-0.991800, , , 
29736.000000,1489493.000000,75549924.000000, , , ,-0.325195,0.000000,-0.325195
29737.000000,1489500.000000,75549924.000000,0.000000,-0.043500,-0.968600, , , 
29738.000000,1489594.000000,75549924.000000, , , ,-0.325195,-0.650391,-0.325195
29739.000000,1489599.000000,75549924.000000,0.014500,-0.043500,-0.983100, , , 
29740.000000,1489695.000000,75549924.000000, , , ,-0.325195,0.000000,-0.650391
29741.000000,1489700.000000,75549924.000000,0.002900,-0.046400,-0.988900, , , 
29742.000000,1489796.000000,75549924.000000, , , ,-0.325195,-0.650391,-0.650391
29743.000000,1489799.000000,75549924.000000,0.008700,-0.049300,-0.959900, , , 
29744.000000,1489897.000000,75549924.000000, , , ,-0.650391,-0.325195,-0.325195
29745.000000,1489900.000000,75549924.000000,0.000000,-0.043500,-0.991800, , , 
29746.000000,1489998.000000,75549924.000000, , , ,-1.300781,0.000000,-0.325195
29747.000000,1489999.000000,75549924.000000,0.008700,-0.049300,-0.997600, , , 
29748.000000,1490099.000000,75549924.000000, , , ,-0.650391,-0.325195,-0.325195
29749.000000,1490100.000000,75549924.000000,0.043500,-0.040600,-0.959900, , , 
29750.000000,1490199.000000,75549924.000000,-0.008700,-0.023200,-0.951200, , , 
29751.000000,1490200.000000,75549924.000000, , , ,-0.325195,-0.650391,-0.325195
29752.000000,1490300.000000,75549924.000000,0.000000,-0.029000,-0.980200, , , 
29753.000000,1490301.000000,75549924.000000, , , ,-0.325195,0.325195,-0.325195
29754.000000,1490392.000000,75549924.000000, , , ,-0.325195,0.000000,-0.325195
29755.000000,1490399.000000,75549924.000000,0.000000,-0.034800,-0.988900, , , 
29756.000000,1490493.000000,75549924.000000, , , ,-0.975586,-0.325195,0.325195
29757.000000,1490500.000000,75549924.000000,0.005800,-0.017400,-0.965700, , , 
29758.000000,1490594.000000,75549924.000000, , , ,-0.650391,-0.650391,0.000000
29759.000000,1490599.000000,75549924.000000,0.000000,-0.031900,-0.971500, , , 
29760.000000,1490695.000000,75549924.000000, , , ,-0.975586,0.325195,0.000000
29761.000000,1490700.000000,75549924.000000,-0.014500,-0.037700,-1.020800, , , 
29762.000000,1490796.000000,75549924.000000, , , ,-0.975586,-0.325195,0.000000
29763.000000,1490799.000000,75549924.000000,0.008700,-0.008700,-1.003400, , , 
29764.000000,1490897.000000,75549924.000000, , , ,-0.325195,-0.325195,-0.325195
29765.000000,1490900.000000,75549924.000000,0.000000,-0.020300,-0.957000, , , 
29766.000000,1490998.000000,75549924.000000, , , ,-1.300781,0.000000,-0.650391
29767.000000,1490999.000000,75549924.000000,-0.020300,-0.049300,-1.009200, , , 
29768.000000,1491099.000000,75549924.000000, , , ,-1.300781,0.325195,-0.325195
29769.000000,1491100.000000,75549924.000000,0.011600,-0.029000,-1.000500, , , 
29770.000000,1491199.000000,75549924.000000,0.005800,0.000000,-0.928000, , , 
29771.000000,1491200.000000,75549924.000000, , , ,-0.325195,-1.300781,0.000000
29772.000000,1491300.000000,75549924.000000,-0.011600,-0.020300,-0.959900, , , 
29773.000000,1491301.000000,75549924.000000, , , ,0.000000,-0.650391,-0.325195
29774.000000,1491392.000000,75549924.000000, , , ,-0.325195,0.000000,-0.325195
29775.000000,1491399.000000,75549924.000000,-0.017400,-0.049300,-0.994700, , , 
29776.000000,1491493.000000,75549924.000000, , , ,-0.975586,0.000000,-0.325195
29777.000000,1491500.000000,75549924.000000,0.000000,-0.031900,-0.997600, , , 
29778.000000,1491594.000000,75549924.000000, , , ,-0.325195,0.000000,0.000000
29779.000000,1491599.000000,75549924.000000,-0.014500,0.000000,-0.991800, , , 
29780.000000,1491695.000000,75549924.000000, , , ,-0.975586,0.000000,0.000000
29781.000000,1491700.000000,75549924.000000,-0.014500,-0.037700,-1.009200, , , 
29782.000000,1491796.000000,75549924.000000, , , ,-0.975586,0.650391,0.000000
29783.000000,1491799.000000,75549924.000000,-0.011600,-0.029000,-1.017900, , , 
29784.000000,1491897.000000,75549924.000000, , , ,-0.975586,-0.650391,0.000000
29785.000000,1491900.000000,75549924.000000,-0.002900,-0.023200,-1.000500, , , 
29786.000000,1491998.000000,75549924.000000, , , ,-0.325195,-0.325195,-0.325195
29787.000000,1491999.000000,75549924.000000,0.000000,-0.011600,-0.945400, , , 
29788.000000,1492099.000000,75549924.000000, , , ,-0.325195,-0.975586,0.000000
29789.000000,1492100.000000,75549924.000000,-0.011600,-0.023200,-0.936700, , , 
29790.000000,1492199.000000,75549924.000000,-0.026100,-0.023200,-0.977300, , , 
29791.000000,1492200.000000,75549924.000000, , , ,0.000000,0.000000,-0.325195
29792.000000,1492300.000000,75549924.000000,-0.031900,-0.034800,-1.026600, , , 
29793.000000,1492301.000000,75549924.000000, , , ,-1.300781,0.975586,-0.325195
29794.000000,1492392.000000,75549924.000000, , , ,-0.325195,0.000000,-0.325195
29795.000000,1492399.000000,75549924.000000,0.014500,-0.023200,-1.026600, , , 
29796.000000,1492493.000000,75549924.000000, , , ,-0.650391,-0.650391,-0.325195
29797.000000,1492500.000000,75549924.000000,-0.017400,-0.011600,-0.957000, , , 
29798.000000,1492594.000000,75549924.000000, , , ,-0.650391,-0.325195,0.000000
29799.000000,1492601.000000,75549924.000000,-0.008700,-0.011600,-0.948300, , , 
29800.000000,1492694.000000,75549924.000000, , , ,-0.650391,-0.650391,-0.325195
29801.000000,1492699.000000,75549924.000000,-0.031900,-0.046400,-0.974400, , , 
29802.000000,1492795.000000,75549924.000000, , , ,-0.325195,0.325195,0.000000
29803.000000,1492800.000000,75549924.000000,-0.011600,-0.023200,-0.991800, , , 
29804.000000,1492896.000000,75549924.000000, , , ,-0.325195,0.325195,0.000000
29805.000000,1492899.000000,75549924.000000,-0.026100,-0.023200,-1.020800, , , 
29806.000000,1492997.000000,75549924.000000, , , ,-0.650391,0.000000,0.000000
29807.000000,1493000.000000,75549924.000000,-0.026100,-0.037700,-1.017900, , , 
29808.000000,1493098.000000,75549924.000000, , , ,-0.650391,0.000000,-0.325195
29809.000000,1493099.000000,75549924.000000,-0.017400,-0.020300,-0.983100, , , 
29810.000000,1493199.000000,75549924.000000, , , ,-0.975586,0.000000,-0.325195
29811.000000,1493200.000000,75549924.000000,-0.020300,-0.034800,-1.003400, , , 
29812.000000,1493299.000000,75549924.000000,-0.014500,-0.029000,-0.997600, , , 
29813.000000,1493300.000000,75549924.000000, , , ,-0.975586,0.000000,0.000000
29814.000000,1493400.000000,75549924.000000,-0.008700,-0.023200,-0.962800, , , 
29815.000000,1493401.000000,75549924.000000, , , ,-0.650391,-0.325195,0.000000
29816.000000,1493492.000000,75549924.000000, , , ,-0.325195,-0.325195,0.000000
29817.000000,1493499.000000,75549924.000000,-0.031900,-0.020300,-0.986000, , , 
29818.000000,1493593.000000,75549924.000000, , , ,-0.650391,-0.650391,-0.325195
29819.000000,1493600.000000,75549924.000000,-0.002900,-0.023200,-1.000500, , , 
29820.000000,1493694.000000,75549924.000000, , , ,-0.650391,-0.325195,-0.325195
29821.000000,1493699.000000,75549924.000000,-0.017400,-0.026100,-0.974400, , , 
29822.000000,1493795.000000,75549924.000000, , , ,-0.650391,0.000000,-0.325195
29823.000000,1493800.000000,75549924.000000,-0.026100,-0.017400,-0.983100, , , 
29824.000000,1493896.000000,75549924.000000, , , ,-0.650391,0.325195,0.000000
29825.000000,1493899.000000,75549924.000000,-0.008700,-0.020300,-0.997600, , , 
29826.000000,1493997.000000,75549924.000000, , , ,-0.650391,0.000000,0.000000
29827.000000,1494000.000000,75549924.000000,-0.008700,-0.017400,-0.977300, , , 
29828.000000,1494098.000000,75549924.000000, , , ,-0.325195,0.000000,1.300781
29829.000000,1494099.000000,75549924.000000,-0.029000,-0.023200,-0.980200, , , 
29830.000000,1494199.000000,75549924.000000, , , ,-0.650391,0.000000,0.000000
29831.000000,1494200.000000,75549924.000000,-0.011600,-0.020300,-0.994700, , , 
29832.000000,1494299.000000,75549924.000000,-0.011600,-0.020300,-1.009200, , , 
29833.000000,1494300.000000,75549924.000000, , , ,-0.650391,0.000000,0.000000
29834.000000,1494400.000000,75549924.000000,-0.026100,-0.026100,-1.003400, , , 
29835.000000,1494401.000000,75549924.000000, , , ,-0.325195,0.650391,-0.325195
29836.000000,1494492.000000,75549924.000000, , , ,0.000000,-0.650391,0.650391
29837.000000,1494499.000000,75549924.000000,0.005800,-0.005800,-0.974400, , , 
29838.000000,1494593.000000,75549924.000000, , , ,0.000000,-0.975586,0.000000
29839.000000,1494600.000000,75549924.000000,-0.023200,-0.026100,-0.948300, , , 
29840.000000,1494694.000000,75549924.000000, , , ,-0.975586,0.000000,-0.325195
29841.000000,1494699.000000,75549924.000000,-0.026100,-0.037700,-0.997600, , , 
29842.000000,1494795.000000,75549924.000000, , , ,-0.975586,0.325195,0.000000
29843.000000,1494800.000000,75549924.000000,-0.014500,-0.026100,-1.015000, , , 
29844.000000,1494896.000000,75549924.000000, , , ,-0.650391,0.650391,0.000000
29845.000000,1494899.000000,75549924.000000,-0.005800,-0.020300,-1.009200, , , 
29846.000000,1494997.000000,75549924.000000, , , ,-0.650391,-0.650391,0.000000
29847.000000,1495000.000000,75549924.000000,-0.005800,-0.011600,-0.971500, , , 
29848.000000,1495098.000000,75549924.000000, , , ,-0.325195,-0.650391,0.000000
29849.000000,1495099.000000,75549924.000000,-0.005800,-0.011600,-0.954100, , , 
29850.000000,1495199.000000,75549924.000000, , , ,-0.325195,0.000000,-0.325195
29851.000000,1495200.000000,75549924.000000,-0.017400,-0.040600,-0.994700, , , 
29852.000000,1495299.000000,75549924.000000,-0.005800,-0.026100,-0.997600, , , 
29853.000000,1495300.000000,75549924.000000, , , ,-0.650391,0.000000,-0.325195
29854.000000,1495400.000000,75549924.000000,-0.014500,-0.023200,-0.988900, , , 
29855.000000,1495401.000000,75549924.000000, , , ,-0.650391,-0.325195,-0.325195
29856.000000,1495492.000000,75549924.000000, , , ,0.000000,0.000000,0.000000
29857.000000,1495499.000000,75549924.000000,0.000000,-0.017400,-0.997600, , , 
29858.000000,1495593.000000,75549924.000000, , , ,-0.650391,0.000000,-0.325195
29859.000000,1495600.000000,75549924.000000,-0.014500,-0.026100,-1.009200, , , 
29860.000000,1495694.000000,75549924.000000, , , ,-0.650391,0.000000,0.000000
29861.000000,1495699.000000,75549924.000000,0.000000,-0.020300,-1.000500, , , 
29862.000000,1495795.000000,75549924.000000, , , ,-0.650391,-0.325195,-0.325195
29863.000000,1495800.000000,75549924.000000,0.005800,-0.014500,-0.974400, , , 
29864.000000,1495896.000000,75549924.000000, , , ,-0.325195,-0.325195,0.000000
29865.000000,1495899.000000,75549924.000000,-0.011600,-0.017400,-0.968600, , , 
29866.000000,1495997.000000,75549924.000000, , , ,-0.975586,0.000000,0.000000
29867.000000,1496000.000000,75549924.000000,-0.008700,-0.017400,-0.988900, , , 
29868.000000,1496098.000000,75549924.000000, , , ,-1.300781,0.000000,0.000000
29869.000000,1496099.000000,75549924.000000,-0.008700,-0.023200,-1.015000, , , 
29870.000000,1496199.000000,75549924.000000, , , ,-0.325195,0.000000,0.000000
29871.000000,1496200.000000,75549924.000000,0.011600,-0.008700,-0.971500, , , 
29872.000000,1496299.000000,75549924.000000,-0.005800,0.008700,-0.945400, , , 
29873.000000,1496300.000000,75549924.000000, , , ,-0.325195,-0.650391,0.000000
29874.000000,1496400.000000,75549924.000000,-0.005800,-0.023200,-0.988900, , , 
29875.000000,1496401.000000,75549924.000000, , , ,-0.325195,0.000000,-0.325195
29876.000000,1496492.000000,75549924.000000, , , ,-0.975586,0.000000,0.000000
29877.000000,1496499.000000,75549924.000000,0.000000,-0.034800,-1.006300, , , 
29878.000000,1496593.000000,75549924.000000, , , ,-0.975586,-0.325195,0.000000
29879.000000,1496600.000000,75549924.000000,0.002900,0.011600,-1.000500, , , 
29880.000000,1496694.000000,75549924.000000, , , ,-0.650391,0.000000,0.000000
29881.000000,1496699.000000,75549924.000000,0.002900,-0.020300,-0.971500, , , 
29882.000000,1496795.000000,75549924.000000, , , ,-0.650391,-0.650391,-0.325195
29883.000000,1496800.000000,75549924.000000,0.014500,-0.008700,-0.954100, , , 
29884.000000,1496896.000000,75549924.000000, , , ,-0.325195,-0.975586,-0.325195
29885.000000,1496899.000000,75549924.000000,-0.002900,-0.014500,-0.959900, , , 
29886.000000,1496997.000000,75549924.000000, , , ,0.000000,0.325195,0.000000
29887.000000,1497000.000000,75549924.000000,-0.008700,-0.031900,-0.988900, , , 
29888.000000,1497098.000000,75549924.000000, , , ,-0.325195,0.000000,-0.325195
29889.000000,1497099.000000,75549924.000000,0.002900,-0.029000,-1.003400, , , 
29890.000000,1497199.000000,75549924.000000, , , ,-0.325195,0.000000,-0.650391
29891.000000,1497200.000000,75549924.000000,0.000000,-0.034800,-0.988900, , , 
29892.000000,1497299.000000,75549924.000000,0.000000,-0.034800,-0.971500, , , 
29893.000000,1497300.000000,75549924.000000, , , ,-0.975586,-0.325195,0.000000
29894.000000,1497400.000000,75549924.000000,-0.014500,-0.029000,-0.977300, , , 
29895.000000,1497401.000000,75549924.000000, , , ,-0.650391,-0.325195,-0.325195
29896.000000,1497492.000000,75549924.000000, , , ,-0.975586,0.000000,-0.325195
29897.000000,1497499.000000,75549924.000000,-0.002900,-0.011600,-0.994700, , , 
29898.000000,1497593.000000,75549924.000000, , , ,-0.650391,-0.325195,-0.325195
29899.000000,1497600.000000,75549924.000000,0.005800,-0.023200,-1.003400, , , 
29900.000000,1497694.000000,75549924.000000, , , ,-0.975586,0.000000,0.000000
29901.000000,1497699.000000,75549924.000000,0.000000,-0.014500,-0.983100, , , 
29902.000000,1497795.000000,75549924.000000, , , ,-0.650391,0.000000,0.000000
29903.000000,1497800.000000,75549924.000000,0.008700,-0.005800,-0.994700, , , 
29904.000000,1497896.000000,75549924.000000, , , ,-0.650391,-0.650391,0.000000
29905.000000,1497899.000000,75549924.000000,0.008700,-0.011600,-0.971500, , , 
29906.000000,1497997.000000,75549924.000000, , , ,-0.325195,-0.325195,0.000000
29907.000000,1498000.000000,75549924.000000,-0.011600,-0.017400,-0.957000, , , 
29908.000000,1498098.000000,75549924.000000, , , ,-0.650391,-0.325195,0.000000
29909.000000,1498099.000000,75549924.000000,0.002900,-0.008700,-0.991800, , , 
29910.000000,1498199.000000,75549924.000000, , , ,-0.650391,0.325195,0.000000
29911.000000,1498200.000000,75549924.000000,0.000000,-0.023200,-1.003400, , , 
29912.000000,1498299.000000,75549924.000000,0.005800,0.005800,-0.983100, , , 
29913.000000,1498300.000000,75549924.000000, , , ,-0.325195,-0.325195,-0.325195
29914.000000,1498400.000000,75549924.000000,0.005800,-0.017400,-0.988900, , , 
29915.000000,1498401.000000,75549924.000000, , , ,-0.325195,-0.325195,-0.325195
29916.000000,1498492.000000,75549924.000000, , , ,-0.650391,0.000000,0.000000
29917.000000,1498499.000000,75549924.000000,0.020300,-0.029000,-0.962800, , , 
29918.000000,1498593.000000,75549924.000000, , , ,-0.975586,-0.975586,0.000000
29919.000000,1498600.000000,75549924.000000,-0.008700,-0.008700,-0.954100, , , 
29920.000000,1498694.000000,75549924.000000, , , ,-0.650391,0.650391,-0.325195
29921.000000,1498699.000000,75549924.000000,-0.008700,-0.020300,-1.017900, , , 
29922.000000,1498795.000000,75549924.000000, , , ,-0.325195,0.000000,-0.325195
29923.000000,1498800.000000,75549924.000000,0.020300,-0.023200,-1.017900, , , 
29924.000000,1498896.000000,75549924.000000, , , ,0.000000,-0.325195,-0.325195
29925.000000,1498899.000000,75549924.000000,-0.005800,-0.014500,-0.962800, , , 
29926.000000,1498997.000000,75549924.000000, , , ,0.000000,-0.325195,0.000000
29927.000000,1499000.000000,75549924.000000,0.017400,-0.005800,-0.974400, , , 
29928.000000,1499098.000000,75549924.000000, , , ,-0.650391,-0.975586,0.000000
29929.000000,1499099.000000,75549924.000000,0.000000,-0.008700,-0.959900, , , 
29930.000000,1499199.000000,75549924.000000, , , ,-0.325195,0.000000,0.000000
29931.000000,1499200.000000,75549924.000000,-0.008700,-0.008700,-0.991800, , , 
29932.000000,1499299.000000,75549924.000000,0.002900,-0.005800,-1.015000, , , 
29933.000000,1499300.000000,75549924.000000, , , ,-0.975586,0.000000,0.325195
29934.000000,1499400.000000,75549924.000000,0.011600,-0.020300,-0.997600, , , 
29935.000000,1499401.000000,75549924.000000, , , ,-0.650391,0.000000,0.000000
29936.000000,1499492.000000,75549924.000000, , , ,-0.975586,0.000000,0.325195
29937.000000,1499499.000000,75549924.000000,-0.002900,0.026100,-0.962800, , , 
29938.000000,1499593.000000,75549924.000000, , , ,-0.325195,0.000000,0.325195
29939.000000,1499600.000000,75549924.000000,-0.002900,0.005800,-1.012100, , , 
29940.000000,1499694.000000,75549924.000000, , , ,-0.325195,0.000000,0.000000
29941.000000,1499699.000000,75549924.000000,0.011600,0.000000,-1.003400, , , 
29942.000000,1499795.000000,75549924.000000, , , ,-0.650391,-0.325195,0.000000
29943.000000,1499800.000000,75549924.000000,0.008700,0.002900,-0.983100, , , 
29944.000000,1499896.000000,75549924.000000, , , ,0.000000,0.000000,0.000000
29945.000000,1499899.000000,75549924.000000,-0.017400,0.002900,-0.994700, , , 
29946.000000,1499997.000000,75549924.000000, , , ,-0.325195,0.000000,0.000000
29947.000000,1500000.000000,75549924.000000,-0.011600,-0.011600,-1.009200, , , 
29948.000000,1500098.000000,75549924.000000, , , ,0.000000,0.000000,0.000000
29949.000000,1500099.000000,75549924.000000,0.026100,0.000000,-0.948300, , , 
29950.000000,1500199.000000,75549924.000000, , , ,0.000000,-1.300781,-0.325195
29951.000000,1500200.000000,75549924.000000,-0.017400,-0.020300,-0.951200, , , 
29952.000000,1500299.000000,75549924.000000,0.014500,-0.023200,-0.980200, , , 
29953.000000,1500300.000000,75549924.000000, , , ,-0.325195,0.000000,0.000000
29954.000000,1500400.000000,75549924.000000,-0.017400,-0.031900,-1.020800, , , 
29955.000000,1500401.000000,75549924.000000, , , ,-0.975586,0.000000,0.000000
29956.000000,1500492.000000,75549924.000000, , , ,-0.975586,0.975586,0.000000
29957.000000,1500499.000000,75549924.000000,0.000000,-0.014500,-1.044000, , , 
29958.000000,1500593.000000,75549924.000000, , , ,-0.650391,0.325195,0.000000
29959.000000,1500600.000000,75549924.000000,0.008700,-0.002900,-1.003400, , , 
29960.000000,1500694.000000,75549924.000000, , , ,-0.650391,-0.325195,0.000000
29961.000000,1500699.000000,75549924.000000,0.008700,0.000000,-0.965700, , , 
29962.000000,1500795.000000,75549924.000000, , , ,0.000000,0.000000,0.000000
29963.000000,1500800.000000,75549924.000000,-0.014500,-0.005800,-0.980200, , , 
29964.000000,1500896.000000,75549924.000000, , , ,-0.325195,0.000000,0.000000
29965.000000,1500899.000000,75549924.000000,0.000000,0.005800,-0.997600, , , 
29966.000000,1500997.000000,75549924.000000, , , ,-0.650391,0.000000,0.000000
29967.000000,1501000.000000,75549924.000000,0.002900,-0.023200,-1.006300, , , 
29968.000000,1501098.000000,75549924.000000, , , ,-0.325195,-0.325195,0.000000
29969.000000,1501099.000000,75549924.000000,0.011600,0.020300,-0.971500, , , 
29970.000000,1501199.000000,75549924.000000, , , ,0.000000,0.000000,0.000000
29971.000000,1501200.000000,75549924.000000,0.000000,0.005800,-0.965700, , , 
29972.000000,1501299.000000,75549924.000000,0.000000,-0.002900,-0.988900, , , 
29973.000000,1501300.000000,75549924.000000, , , ,-0.325195,-0.325195,-0.325195
29974.000000,1501400.000000,75549924.000000,0.000000,-0.011600,-0.988900, , , 
29975.000000,1501401.000000,75549924.000000, , , ,-0.325195,0.000000,0.000000
29976.000000,1501492.000000,75549924.000000, , , ,-0.650391,0.000000,0.000000
29977.000000,1501499.000000,75549924.000000,0.000000,0.011600,-0.983100, , , 
29978.000000,1501593.000000,75549924.000000, , , ,0.000000,0.000000,0.000000
29979.000000,1501600.000000,75549924.000000,0.000000,-0.023200,-1.012100, , , 
29980.000000,1501694.000000,75549924.000000, , , ,0.000000,0.325195,0.000000
29981.000000,1501699.000000,75549924.000000,0.011600,0.008700,-0.991800, , , 
29982.000000,1501795.000000,75549924.000000, , , ,-0.650391,-0.975586,0.000000
29983.000000,1501800.000000,75549924.000000,-0.002900,-0.014500,-0.977300, , , 
29984.000000,1501896.000000,75549924.000000, , , ,-0.650391,0.000000,0.000000
29985.000000,1501899.000000,75549924.000000,0.000000,-0.031900,-0.980200, , , 
29986.000000,1501997.000000,75549924.000000, , , ,-0.975586,0.000000,0.000000
29987.000000,1502000.000000,75549924.000000,0.005800,-0.023200,-1.000500, , , 
29988.000000,1502098.000000,75549924.000000, , , ,-0.325195,0.325195,-0.325195
29989.000000,1502099.000000,75549924.000000,0.000000,-0.008700,-1.006300, , , 
29990.000000,1502199.000000,75549924.000000, , , ,-0.325195,0.000000,0.000000
29991.000000,1502200.000000,75549924.000000,0.002900,-0.026100,-1.003400, , , 
29992.000000,1502299.000000,75549924.000000,0.005800,-0.017400,-0.974400, , , 
29993.000000,1502300.000000,75549924.000000, , , ,0.000000,0.000000,0.000000
29994.000000,1502400.000000,75549924.000000,0.000000,-0.029000,-0.988900, , , 
29995.000000,1502401.000000,75549924.000000, , , ,-0.325195,0.000000,-0.650391
29996.000000,1502492.000000,75549924.000000, , , ,-0.650391,-0.325195,-0.325195
29997.000000,1502499.000000,75549924.000000,0.005800,-0.043500,-0.997600, , , 
29998.000000,1502593.000000,75549924.000000, , , ,-0.650391,0.000000,0.000000
29999.000000,1502600.000000,75549924.000000,0.011600,-0.023200,-0.965700, , , 
30000.000000,1502694.000000,75549924.000000, , , ,-0.650391,-0.325195,0.000000
30001.000000,1502699.000000,75549924.000000,0.000000,-0.002900,-0.986000, , , 
30002.000000,1502795.000000,75549924.000000, , , ,0.000000,0.000000,-0.325195
30003.000000,1502800.000000,75549924.000000,0.002900,-0.017400,-0.994700, , , 
30004.000000,1502896.000000,75549924.000000, , , ,-0.325195,-0.650391,-0.325195
30005.000000,1502899.000000,75549924.000000,0.005800,-0.014500,-0.980200, , , 
30006.000000,1502997.000000,75549924.000000, , , ,-0.325195,0.000000,0.000000
30007.000000,1503000.000000,75549924.000000,0.008700,-0.037700,-0.994700, , , 
30008.000000,1503098.000000,75549924.000000, , , ,-0.650391,-0.325195,0.000000
30009.000000,1503099.000000,75549924.000000,0.000000,-0.031900,-0.968600, , , 
30010.000000,1503199.000000,75549924.000000, , , ,0.000000,-0.650391,-0.325195
30011.000000,1503200.000000,75549924.000000,0.008700,-0.017400,-0.948300, , , 
30012.000000,1503299.000000,75549924.000000,-0.002900,-0.031900,-0.983100, , , 
30013.000000,1503300.000000,75549924.000000, , , ,-0.325195,-0.325195,-0.325195
30014.000000,1503400.000000,75549924.000000,-0.008700,-0.049300,-1.020800, , , 
30015.000000,1503401.000000,75549924.000000, , , ,-0.975586,0.000000,-0.325195
30016.000000,1503492.000000,75549924.000000, , , ,-0.975586,0.325195,-0.325195
30017.000000,1503499.000000,75549924.000000,0.026100,0.002900,-0.986000, , , 
30018.000000,1503593.000000,75549924.000000, , , ,0.000000,0.000000,-0.325195
30019.000000,1503600.000000,75549924.000000,-0.020300,-0.040600,-1.020800, , , 
30020.000000,1503694.000000,75549924.000000, , , ,-0.975586,0.650391,-0.325195
30021.000000,1503699.000000,75549924.000000,0.023200,-0.058000,-1.000500, , , 
30022.000000,1503795.000000,75549924.000000, , , ,-0.325195,-0.325195,-0.325195
30023.000000,1503800.000000,75549924.000000,0.008700,-0.029000,-0.959900, , , 
30024.000000,1503896.000000,75549924.000000, , , ,-0.975586,-0.650391,-0.325195
30025.000000,1503899.000000,75549924.000000,0.000000,-0.029000,-0.983100, , , 
30026.000000,1503997.000000,75549924.000000, , , ,-0.325195,0.000000,-0.325195
30027.000000,1504000.000000,75549924.000000,0.002900,-0.037700,-0.988900, , , 
30028.000000,1504098.000000,75549924.000000, , , ,-0.325195,-0.650391,-0.325195
30029.000000,1504101.000000,75549924.000000,-0.005800,-0.023200,-0.988900, , , 
30030.000000,1504198.000000,75549924.000000, , , ,-0.325195,0.000000,-0.325195
30031.000000,1504199.000000,75549924.000000,0.002900,-0.029000,-1.003400, , , 
30032.000000,1504299.000000,75549924.000000, , , ,-0.650391,0.325195,-0.325195
30033.000000,1504300.000000,75549924.000000,0.026100,-0.034800,-0.988900, , , 
30034.000000,1504399.000000,75549924.000000,0.008700,-0.011600,-0.965700, , , 
30035.000000,1504400.000000,75549924.000000, , , ,-0.325195,-0.650391,0.000000
30036.000000,1504500.000000,75549924.000000,0.000000,-0.020300,-0.980200, , , 
30037.000000,1504501.000000,75549924.000000, , , ,-0.650391,0.000000,-0.325195
30038.000000,1504592.000000,75549924.000000, , , ,-0.650391,-0.650391,-0.325195
30039.000000,1504599.000000,75549924.000000,0.005800,-0.023200,-0.983100, , , 
30040.000000,1504693.000000,75549924.000000, , , ,-0.325195,-0.650391,-0.325195
30041.000000,1504700.000000,75549924.000000,0.011600,-0.020300,-0.971500, , , 
30042.000000,1504794.000000,75549924.000000, , , ,0.000000,0.000000,0.000000
30043.000000,1504799.000000,75549924.000000,0.000000,-0.026100,-0.986000, , , 
30044.000000,1504895.000000,75549924.000000, , , ,-0.975586,0.000000,0.000000
30045.000000,1504900.000000,75549924.000000,-0.002900,0.000000,-1.000500, , , 
30046.000000,1504996.000000,75549924.000000, , , ,-0.975586,0.650391,0.325195
30047.000000,1505001.000000,75549924.000000,0.000000,-0.017400,-1.029500, , , 
30048.000000,1505096.000000,75549924.000000, , , ,0.000000,0.000000,0.000000
30049.000000,1505099.000000,75549924.000000,0.002900,-0.002900,-1.000500, , , 
30050.000000,1505197.000000,75549924.000000, , , ,-0.325195,-1.625977,0.000000
30051.000000,1505200.000000,75549924.000000,0.020300,-0.002900,-0.942500, , , 
30052.000000,1505298.000000,75549924.000000, , , ,-0.325195,0.000000,0.000000
30053.000000,1505299.000000,75549924.000000,-0.020300,0.000000,-0.971500, , , 
30054.000000,1505399.000000,75549924.000000, , , ,-0.650391,0.000000,0.000000
30055.000000,1505400.000000,75549924.000000,0.002900,-0.005800,-1.015000, , , 
30056.000000,1505499.000000,75549924.000000,0.011600,-0.020300,-0.994700, , , 
30057.000000,1505500.000000,75549924.000000, , , ,-0.325195,0.000000,0.000000
30058.000000,1505600.000000,75549924.000000,0.017400,0.000000,-0.951200, , , 
30059.000000,1505601.000000,75549924.000000, , , ,0.000000,-0.650391,0.000000
30060.000000,1505692.000000,75549924.000000, , , ,-0.650391,-0.975586,0.000000
30061.000000,1505699.000000,75549924.000000,0.000000,-0.020300,-0.942500, , , 
30062.000000,1505793.000000,75549924.000000, , , ,-0.975586,0.000000,0.000000
30063.000000,1505800.000000,75549924.000000,-0.011600,0.000000,-0.983100, , , 
30064.000000,1505894.000000,75549924.000000, , , ,-1.625977,0.650391,0.000000
30065.000000,1505899.000000,75549924.000000,0.014500,-0.014500,-1.026600, , , 
30066.000000,1505995.000000,75549924.000000, , , ,-1.300781,0.000000,0.000000
30067.000000,1506000.000000,75549924.000000,0.008700,-0.011600,-0.988900, , , 
30068.000000,1506096.000000,75549924.000000, , , ,0.000000,-0.325195,0.000000
30069.000000,1506099.000000,75549924.000000,0.020300,0.037700,-0.928000, , , 
30070.000000,1506197.000000,75549924.000000, , , ,0.000000,-0.975586,0.000000
30071.000000,1506200.000000,75549924.000000,0.000000,0.000000,-0.954100, , , 
30072.000000,1506298.000000,75549924.000000, , , ,-0.325195,0.325195,0.000000
30073.000000,1506299.000000,75549924.000000,-0.002900,-0.029000,-1.012100, , , 
30074.000000,1506399.000000,75549924.000000, , , ,-1.300781,0.325195,0.000000
30075.000000,1506400.000000,75549924.000000,0.011600,-0.014500,-0.994700, , , 
30076.000000,1506499.000000,75549924.000000,0.000000,0.008700,-0.983100, , , 
30077.000000,1506500.000000,75549924.000000, , , ,-0.650391,-0.325195,0.000000
30078.000000,1506600.000000,75549924.000000,0.011600,-0.005800,-0.971500, , , 
30079.000000,1506601.000000,75549924.000000, , , ,-0.650391,0.000000,0.000000
30080.000000,1506692.000000,75549924.000000, , , ,-0.325195,-0.325195,0.000000
30081.000000,1506699.000000,75549924.000000,0.008700,0.005800,-0.951200, , , 
30082.000000,1506793.000000,75549924.000000, , , ,0.000000,-0.650391,0.000000
30083.000000,1506800.000000,75549924.000000,0.002900,-0.017400,-0.980200, , , 
30084.000000,1506894.000000,75549924.000000, , , ,-0.650391,-0.325195,0.000000
30085.000000,1506899.000000,75549924.000000,0.008700,-0.020300,-0.991800, , , 
30086.000000,1506995.000000,75549924.000000, , , ,0.000000,0.325195,0.000000
30087.000000,1507000.000000,75549924.000000,-0.008700,-0.008700,-0.994700, , , 
30088.000000,1507096.000000,75549924.000000, , , ,0.000000,-0.650391,-0.650391
30089.000000,1507099.000000,75549924.000000,0.020300,-0.034800,-1.000500, , , 
30090.000000,1507197.000000,75549924.000000, , , ,0.000000,0.000000,-0.650391
30091.000000,1507200.000000,75549924.000000,0.011600,-0.049300,-0.957000, , , 
30092.000000,1507298.000000,75549924.000000, , , ,-0.325195,-0.650391,-0.650391
30093.000000,1507299.000000,75549924.000000,0.002900,-0.040600,-0.951200, , , 
30094.000000,1507399.000000,75549924.000000, , , ,-0.325195,-0.650391,-0.650391
30095.000000,1507400.000000,75549924.000000,0.017400,-0.052200,-0.974400, , , 
30096.000000,1507499.000000,75549924.000000,0.011600,-0.058000,-0.954100, , , 
30097.000000,1507500.000000,75549924.000000, , , ,-0.325195,0.000000,-0.650391
30098.000000,1507600.000000,75549924.000000,0.017400,-0.034800,-0.962800, , , 
30099.000000,1507601.000000,75549924.000000, , , ,-0.975586,-0.975586,-0.650391
30100.000000,1507692.000000,75549924.000000, , , ,-0.975586,0.000000,-0.325195
30101.000000,1507699.000000,75549924.000000,0.005800,-0.055100,-0.983100, , , 
30102.000000,1507793.000000,75549924.000000, , , ,-0.975586,-0.325195,0.000000
30103.000000,1507800.000000,75549924.000000,0.026100,-0.043500,-0.991800, , , 
30104.000000,1507894.000000,75549924.000000, , , ,-0.650391,-0.325195,-0.650391
30105.000000,1507899.000000,75549924.000000,0.002900,-0.020300,-1.006300, , , 
30106.000000,1507995.000000,75549924.000000, , , ,-0.650391,0.325195,-0.650391
30107.000000,1508000.000000,75549924.000000,0.005800,-0.043500,-1.020800, , , 
30108.000000,1508096.000000,75549924.000000, , , ,-0.975586,-0.650391,-0.325195
30109.000000,1508099.000000,75549924.000000,0.029000,-0.040600,-0.968600, , , 
30110.000000,1508197.000000,75549924.000000, , , ,-0.325195,-0.650391,0.000000
30111.000000,1508200.000000,75549924.000000,-0.002900,-0.029000,-0.959900, , , 
30112.000000,1508298.000000,75549924.000000, , , ,-0.650391,0.325195,-0.325195
30113.000000,1508299.000000,75549924.000000,0.008700,-0.026100,-0.991800, , , 
30114.000000,1508399.000000,75549924.000000, , , ,-0.325195,-0.650391,-0.325195
30115.000000,1508400.000000,75549924.000000,0.020300,-0.029000,-0.965700, , , 
30116.000000,1508499.000000,75549924.000000,-0.005800,-0.026100,-0.994700, , , 
30117.000000,1508500.000000,75549924.000000, , , ,-0.650391,0.000000,0.000000
30118.000000,1508600.000000,75549924.000000,0.023200,-0.026100,-1.012100, , , 
30119.000000,1508601.000000,75549924.000000, , , ,-0.650391,-0.325195,0.000000
30120.000000,1508692.000000,75549924.000000, , , ,-0.650391,-0.650391,0.000000
30121.000000,1508699.000000,75549924.000000,0.020300,-0.017400,-0.962800, , , 
30122.000000,1508793.000000,75549924.000000, , , ,-0.650391,0.000000,0.000000
30123.000000,1508800.000000,75549924.000000,0.002900,-0.017400,-0.977300, , , 
30124.000000,1508894.000000,75549924.000000, , , ,-0.650391,-0.325195,0.000000
30125.000000,1508899.000000,75549924.000000,0.011600,-0.008700,-0.980200, , , 
30126.000000,1508995.000000,75549924.000000, , , ,0.000000,0.000000,0.000000
30127.000000,1509000.000000,75549924.000000,0.020300,-0.008700,-0.968600, , , 
30128.000000,1509096.000000,75549924.000000, , , ,-0.650391,-0.650391,0.000000
30129.000000,1509099.000000,75549924.000000,0.002900,-0.011600,-0.986000, , , 
30130.000000,1509197.000000,75549924.000000, , , ,-0.975586,0.325195,0.000000
30131.000000,1509200.000000,75549924.000000,0.002900,-0.040600,-1.009200, , , 
30132.000000,1509298.000000,75549924.000000, , , ,-0.650391,0.000000,0.000000
30133.000000,1509299.000000,75549924.000000,0.026100,-0.008700,-0.988900, , , 
30134.000000,1509399.000000,75549924.000000, , , ,-0.650391,-0.325195,0.000000
30135.000000,1509400.000000,75549924.000000,0.014500,-0.008700,-0.957000, , , 
30136.000000,1509499.000000,75549924.000000,0.002900,-0.029000,-0.974400, , , 
30137.000000,1509500.000000,75549924.000000, , , ,-0.975586,0.000000,0.000000
30138.000000,1509600.000000,75549924.000000,0.014500,-0.017400,-0.994700, , , 
30139.000000,1509601.000000,75549924.000000, , , ,-1.625977,0.000000,0.000000
30140.000000,1509692.000000,75549924.000000, , , ,-1.625977,0.325195,0.000000
30141.000000,1509699.000000,75549924.000000,0.000000,0.000000,-1.006300, , , 
30142.000000,1509793.000000,75549924.000000, , , ,-1.300781,0.000000,0.000000
30143.000000,1509800.000000,75549924.000000,0.020300,0.008700,-1.026600, , , 
30144.000000,1509894.000000,75549924.000000, , , ,-0.650391,0.000000,0.000000
30145.000000,1509899.000000,75549924.000000,0.029000,0.014500,-0.971500, , , 
30146.000000,1509995.000000,75549924.000000, , , ,0.000000,-1.625977,0.000000
30147.000000,1510000.000000,75549924.000000,0.023200,-0.005800,-0.925100, , , 
30148.000000,1510096.000000,75549924.000000, , , ,-0.325195,0.000000,0.650391
30149.000000,1510099.000000,75549924.000000,-0.008700,0.000000,-0.954100, , , 
30150.000000,1510197.000000,75549924.000000, , , ,-0.650391,0.000000,0.000000
30151.000000,1510200.000000,75549924.000000,0.008700,-0.002900,-0.997600, , , 
30152.000000,1510298.000000,75549924.000000, , , ,-1.300781,-0.650391,0.000000
30153.000000,1510299.000000,75549924.000000,0.037700,-0.011600,-0.962800, , , 
30154.000000,1510399.000000,75549924.000000, , , ,-0.975586,-1.951172,-0.325195
30155.000000,1510400.000000,75549924.000000,-0.005800,-0.002900,-0.945400, , , 
30156.000000,1510499.000000,75549924.000000,-0.002900,0.005800,-1.003400, , , 
30157.000000,1510500.000000,75549924.000000, , , ,-0.975586,0.650391,0.000000
30158.000000,1510600.000000,75549924.000000,-0.005800,0.000000,-1.052700, , , 
30159.000000,1510601.000000,75549924.000000, , , ,-1.300781,0.650391,0.000000
30160.000000,1510692.000000,75549924.000000, , , ,-0.650391,0.975586,0.000000
30161.000000,1510699.000000,75549924.000000,0.023200,0.000000,-1.029500, , , 
30162.000000,1510793.000000,75549924.000000, , , ,-0.325195,0.000000,-0.325195
30163.000000,1510800.000000,75549924.000000,0.031900,-0.005800,-0.974400, , , 
30164.000000,1510894.000000,75549924.000000, , , ,0.000000,-0.650391,-0.325195
30165.000000,1510899.000000,75549924.000000,0.011600,-0.014500,-0.954100, , , 
30166.000000,1510995.000000,75549924.000000, , , ,-0.325195,0.000000,-0.325195
30167.000000,1511000.000000,75549924.000000,-0.002900,-0.031900,-1.000500, , , 
30168.000000,1511096.000000,75549924.000000, , , ,-0.650391,0.325195,-0.650391
30169.000000,1511099.000000,75549924.000000,0.023200,-0.005800,-1.015000, , , 
30170.000000,1511197.000000,75549924.000000, , , ,0.000000,0.000000,0.000000
30171.000000,1511200.000000,75549924.000000,-0.020300,0.011600,-1.044000, , , 
30172.000000,1511298.000000,75549924.000000, , , ,0.000000,0.000000,0.000000
30173.000000,1511299.000000,75549924.000000,0.017400,-0.008700,-1.015000, , , 
30174.000000,1511399.000000,75549924.000000, , , ,0.000000,-1.300781,0.000000
30175.000000,1511400.000000,75549924.000000,0.055100,0.000000,-0.913500, , , 
30176.000000,1511499.000000,75549924.000000,-0.023200,-0.008700,-0.899000, , , 
30177.000000,1511500.000000,75549924.000000, , , ,-0.325195,-1.625977,0.000000
30178.000000,1511600.000000,75549924.000000,-0.002900,-0.011600,-0.959900, , , 
30179.000000,1511601.000000,75549924.000000, , , ,-0.975586,0.000000,0.325195
30180.000000,1511692.000000,75549924.000000, , , ,-0.650391,0.000000,0.000000
30181.000000,1511699.000000,75549924.000000,0.020300,0.002900,-1.000500, , , 
30182.000000,1511793.000000,75549924.000000, , , ,-0.325195,0.650391,0.000000
30183.000000,1511800.000000,75549924.000000,-0.008700,-0.011600,-1.041100, , , 
30184.000000,1511894.000000,75549924.000000, , , ,-0.650391,0.000000,0.000000
30185.000000,1511899.000000,75549924.000000,0.008700,0.020300,-1.026600, , , 
30186.000000,1511995.000000,75549924.000000, , , ,0.000000,-0.975586,0.000000
30187.000000,1512000.000000,75549924.000000,0.026100,-0.002900,-0.959900, , , 
30188.000000,1512096.000000,75549924.000000, , , ,-0.650391,-0.975586,0.000000
30189.000000,1512099.000000,75549924.000000,-0.011600,-0.017400,-0.945400, , , 
30190.000000,1512197.000000,75549924.000000, , , ,-0.650391,0.650391,0.000000
30191.000000,1512200.000000,75549924.000000,0.005800,-0.008700,-0.988900, , , 
30192.000000,1512298.000000,75549924.000000, , , ,-0.975586,0.000000,0.000000
30193.000000,1512299.000000,75549924.000000,0.000000,-0.008700,-1.009200, , , 
30194.000000,1512399.000000,75549924.000000, , , ,-0.325195,0.650391,0.000000
30195.000000,1512400.000000,75549924.000000,0.000000,-0.020300,-1.020800, , , 
30196.000000,1512499.000000,75549924.000000,0.017400,-0.008700,-0.997600, , , 
30197.000000,1512500.000000,75549924.000000, , , ,-0.975586,-0.325195,-0.325195
30198.000000,1512600.000000,75549924.000000,0.011600,-0.020300,-0.959900, , , 
30199.000000,1512601.000000,75549924.000000, , , ,-1.300781,-0.650391,0.000000
30200.000000,1512692.000000,75549924.000000, , , ,-0.325195,-0.975586,0.000000
30201.000000,1512699.000000,75549924.000000,0.002900,-0.005800,-0.945400, , , 
30202.000000,1512793.000000,75549924.000000, , , ,0.000000,-1.300781,-0.325195
30203.000000,1512800.000000,75549924.000000,0.011600,0.000000,-0.928000, , , 
30204.000000,1512894.000000,75549924.000000, , , ,0.000000,-0.325195,0.000000
30205.000000,1512899.000000,75549924.000000,-0.014500,-0.023200,-0.977300, , , 
30206.000000,1512995.000000,75549924.000000, , , ,0.000000,0.000000,0.325195
30207.000000,1513000.000000,75549924.000000,0.011600,-0.002900,-1.003400, , , 
30208.000000,1513096.000000,75549924.000000, , , ,0.000000,0.000000,-0.325195
30209.000000,1513099.000000,75549924.000000,-0.008700,-0.017400,-1.012100, , , 
30210.000000,1513197.000000,75549924.000000, , , ,-0.325195,0.000000,-0.325195
30211.000000,1513200.000000,75549924.000000,0.002900,-0.020300,-1.009200, , , 
30212.000000,1513298.000000,75549924.000000, , , ,-0.650391,0.000000,0.000000
30213.000000,1513299.000000,75549924.000000,-0.002900,-0.017400,-0.962800, , , 
30214.000000,1513399.000000,75549924.000000, , , ,-0.650391,0.000000,0.000000
30215.000000,1513400.000000,75549924.000000,-0.008700,-0.023200,-0.986000, , , 
30216.000000,1513499.000000,75549924.000000,0.000000,-0.017400,-1.012100, , , 
30217.000000,1513500.000000,75549924.000000, , , ,-0.650391,0.650391,-0.650391
30218.000000,1513600.000000,75549924.000000,0.023200,-0.011600,-0.957000, , , 
30219.000000,1513601.000000,75549924.000000, , , ,-0.325195,-0.650391,-0.325195
30220.000000,1513692.000000,75549924.000000, , , ,-0.325195,-0.650391,-0.325195
30221.000000,1513699.000000,75549924.000000,0.000000,-0.023200,-0.945400, , , 
30222.000000,1513793.000000,75549924.000000, , , ,-0.325195,0.000000,-0.325195
30223.000000,1513800.000000,75549924.000000,-0.002900,-0.029000,-0.997600, , , 
30224.000000,1513894.000000,75549924.000000, , , ,-0.650391,0.000000,0.000000
30225.000000,1513899.000000,75549924.000000,-0.008700,-0.008700,-1.003400, , , 
30226.000000,1513995.000000,75549924.000000, , , ,-0.325195,-0.325195,0.000000
30227.000000,1514000.000000,75549924.000000,-0.002900,-0.002900,-0.994700, , , 
30228.000000,1514096.000000,75549924.000000, , , ,0.000000,-0.650391,-0.325195
30229.000000,1514099.000000,75549924.000000,0.002900,-0.026100,-0.991800, , , 
30230.000000,1514197.000000,75549924.000000, , , ,-0.650391,0.000000,-0.325195
30231.000000,1514200.000000,75549924.000000,0.000000,-0.034800,-1.009200, , , 
30232.000000,1514298.000000,75549924.000000, , , ,-0.975586,0.000000,0.000000
30233.000000,1514299.000000,75549924.000000,-0.002900,-0.026100,-1.000500, , , 
30234.000000,1514399.000000,75549924.000000, , , ,-0.975586,-0.650391,0.000000
30235.000000,1514400.000000,75549924.000000,0.011600,-0.008700,-0.962800, , , 
30236.000000,1514499.000000,75549924.000000,0.002900,-0.005800,-0.942500, , , 
30237.000000,1514500.000000,75549924.000000, , , ,0.000000,-0.325195,-0.325195
30238.000000,1514600.000000,75549924.000000,-0.002900,-0.014500,-0.936700, , , 
30239.000000,1514601.000000,75549924.000000, , , ,0.000000,-0.975586,-0.325195
30240.000000,1514692.000000,75549924.000000, , , ,0.000000,0.000000,0.000000
30241.000000,1514699.000000,75549924.000000,-0.020300,-0.037700,-1.015000, , , 
30242.000000,1514793.000000,75549924.000000, , , ,-1.625977,0.650391,0.000000
30243.000000,1514800.000000,75549924.000000,0.017400,-0.031900,-1.032400, , , 
30244.000000,1514894.000000,75549924.000000, , , ,-0.975586,-0.650391,0.000000
30245.000000,1514899.000000,75549924.000000,0.000000,0.000000,-0.968600, , , 
30246.000000,1514995.000000,75549924.000000, , , ,0.325195,-0.975586,0.000000
30247.000000,1515000.000000,75549924.000000,0.000000,0.011600,-0.930900, , , 
30248.000000,1515096.000000,75549924.000000, , , ,0.650391,-0.650391,0.000000
30249.000000,1515099.000000,75549924.000000,-0.002900,-0.002900,-0.948300, , , 
30250.000000,1515197.000000,75549924.000000, , , ,0.975586,0.000000,-0.325195
30251.000000,1515200.000000,75549924.000000,0.000000,-0.029000,-0.980200, , , 
30252.000000,1515298.000000,75549924.000000, , , ,0.650391,-0.325195,0.000000
30253.000000,1515299.000000,75549924.000000,-0.011600,-0.031900,-0.983100, , , 
30254.000000,1515399.000000,75549924.000000, , , ,0.000000,0.650391,0.000000
30255.000000,1515400.000000,75549924.000000,-0.008700,-0.043500,-1.035300, , , 
30256.000000,1515499.000000,75549924.000000,0.011600,-0.031900,-1.020800, , , 
30257.000000,1515500.000000,75549924.000000, , , ,-0.325195,-0.325195,0.000000
30258.000000,1515600.000000,75549924.000000,0.008700,-0.005800,-0.948300, , , 
30259.000000,1515601.000000,75549924.000000, , , ,0.000000,-0.650391,0.000000
30260.000000,1515692.000000,75549924.000000, , , ,-0.325195,-0.975586,-0.325195
30261.000000,1515699.000000,75549924.000000,0.000000,-0.040600,-0.954100, , , 
30262.000000,1515793.000000,75549924.000000, , , ,0.000000,0.325195,0.000000
30263.000000,1515800.000000,75549924.000000,-0.008700,-0.037700,-0.986000, , , 
30264.000000,1515894.000000,75549924.000000, , , ,-0.975586,0.650391,0.000000
30265.000000,1515899.000000,75549924.000000,-0.005800,-0.037700,-1.026600, , , 
30266.000000,1515995.000000,75549924.000000, , , ,-0.975586,0.975586,0.000000
30267.000000,1516000.000000,75549924.000000,0.005800,-0.034800,-1.023700, , , 
30268.000000,1516096.000000,75549924.000000, , , ,-0.975586,-0.650391,0.000000
30269.000000,1516099.000000,75549924.000000,0.014500,-0.017400,-0.988900, , , 
30270.000000,1516197.000000,75549924.000000, , , ,-0.325195,0.000000,-0.325195
30271.000000,1516200.000000,75549924.000000,-0.008700,-0.020300,-0.965700, , , 
30272.000000,1516298.000000,75549924.000000, , , ,-0.975586,0.000000,0.000000
30273.000000,1516299.000000,75549924.000000,0.020300,-0.014500,-0.971500, , , 
30274.000000,1516399.000000,75549924.000000, , , ,-0.650391,-0.325195,0.000000
30275.000000,1516400.000000,75549924.000000,-0.002900,-0.020300,-0.968600, , , 
30276.000000,1516499.000000,75549924.000000,0.000000,-0.029000,-0.988900, , , 
30277.000000,1516500.000000,75549924.000000, , , ,-0.975586,0.000000,0.000000
30278.000000,1516600.000000,75549924.000000,0.005800,-0.029000,-0.986000, , , 
30279.000000,1516601.000000,75549924.000000, , , ,-1.300781,0.000000,0.000000
30280.000000,1516692.000000,75549924.000000, , , ,-0.975586,-0.325195,0.000000
30281.000000,1516699.000000,75549924.000000,0.008700,-0.023200,-0.965700, , , 
30282.000000,1516793.000000,75549924.000000, , , ,-0.975586,-0.650391,0.000000
30283.000000,1516800.000000,75549924.000000,0.000000,-0.026100,-0.951200, , , 
30284.000000,1516894.000000,75549924.000000, , , ,-0.975586,0.000000,0.000000
30285.000000,1516899.000000,75549924.000000,-0.005800,-0.020300,-0.983100, , , 
30286.000000,1516995.000000,75549924.000000, , , ,-0.975586,0.000000,0.000000
30287.000000,1517000.000000,75549924.000000,0.000000,-0.037700,-0.994700, , , 
30288.000000,1517096.000000,75549924.000000, , , ,0.000000,0.000000,-0.325195
30289.000000,1517099.000000,75549924.000000,-0.002900,-0.023200,-1.012100, , , 
30290.000000,1517197.000000,75549924.000000, , , ,-0.650391,0.000000,-0.325195
30291.000000,1517200.000000,75549924.000000,0.008700,-0.020300,-0.997600, , , 
30292.000000,1517298.000000,75549924.000000, , , ,0.000000,-0.325195,0.000000
30293.000000,1517299.000000,75549924.000000,0.008700,-0.029000,-0.965700, , , 
30294.000000,1517399.000000,75549924.000000, , , ,0.000000,-0.325195,-0.325195
30295.000000,1517400.000000,75549924.000000,0.000000,-0.046400,-0.968600, , , 
30296.000000,1517499.000000,75549924.000000,0.002900,-0.034800,-0.980200, , , 
30297.000000,1517500.000000,75549924.000000, , , ,0.000000,-0.325195,-0.325195
30298.000000,1517600.000000,75549924.000000,0.005800,-0.037700,-0.977300, , , 
30299.000000,1517601.000000,75549924.000000, , , ,-0.325195,0.000000,-0.325195
30300.000000,1517692.000000,75549924.000000, , , ,-0.325195,-0.325195,-0.325195
30301.000000,1517699.000000,75549924.000000,0.002900,-0.034800,-0.971500, , , 
30302.000000,1517793.000000,75549924.000000, , , ,0.000000,-0.650391,-0.325195
30303.000000,1517800.000000,75549924.000000,0.000000,-0.034800,-0.962800, , , 
30304.000000,1517894.000000,75549924.000000, , , ,0.000000,-0.325195,0.000000
30305.000000,1517899.000000,75549924.000000,0.000000,-0.046400,-0.974400, , , 
30306.000000,1517995.000000,75549924.000000, , , ,-0.975586,-0.325195,-0.325195
30307.000000,1518000.000000,75549924.000000,-0.002900,-0.060900,-0.980200, , , 
30308.000000,1518096.000000,75549924.000000, , , ,-1.300781,0.000000,-0.325195
30309.000000,1518099.000000,75549924.000000,0.000000,-0.046400,-1.000500, , , 
30310.000000,1518197.000000,75549924.000000, , , ,-1.951172,0.325195,0.000000
30311.000000,1518200.000000,75549924.000000,0.000000,-0.049300,-1.020800, , , 
30312.000000,1518298.000000,75549924.000000, , , ,-1.625977,0.000000,-0.325195
30313.000000,1518299.000000,75549924.000000,0.000000,-0.043500,-1.003400, , , 
30314.000000,1518399.000000,75549924.000000, , , ,-0.975586,0.325195,-0.325195
30315.000000,1518400.000000,75549924.000000,-0.002900,-0.023200,-0.983100, , , 
30316.000000,1518499.000000,75549924.000000,0.005800,-0.052200,-0.997600, , , 
30317.000000,1518500.000000,75549924.000000, , , ,-1.300781,-0.975586,-0.325195
30318.000000,1518600.000000,75549924.000000,0.002900,-0.011600,-0.974400, , , 
30319.000000,1518601.000000,75549924.000000, , , ,-1.300781,0.000000,-0.325195
30320.000000,1518692.000000,75549924.000000, , , ,-0.650391,-0.325195,-0.325195
30321.000000,1518699.000000,75549924.000000,0.008700,-0.008700,-0.962800, , , 
30322.000000,1518793.000000,75549924.000000, , , ,-0.325195,-0.650391,-0.325195
30323.000000,1518800.000000,75549924.000000,0.014500,-0.020300,-0.942500, , , 
30324.000000,1518894.000000,75549924.000000, , , ,0.000000,-1.300781,0.000000
30325.000000,1518899.000000,75549924.000000,0.000000,-0.023200,-0.936700, , , 
30326.000000,1518995.000000,75549924.000000, , , ,0.000000,0.000000,0.000000
30327.000000,1519000.000000,75549924.000000,-0.023200,-0.026100,-0.994700, , , 
30328.000000,1519096.000000,75549924.000000, , , ,-0.650391,0.975586,0.000000
30329.000000,1519099.000000,75549924.000000,0.000000,-0.034800,-1.061400, , , 
30330.000000,1519197.000000,75549924.000000, , , ,-0.650391,0.000000,0.000000
30331.000000,1519200.000000,75549924.000000,0.005800,-0.023200,-1.015000, , , 
30332.000000,1519298.000000,75549924.000000, , , ,-0.325195,-0.650391,-0.325195
30333.000000,1519299.000000,75549924.000000,0.014500,0.000000,-0.951200, , , 
30334.000000,1519399.000000,75549924.000000, , , ,0.325195,-0.650391,-0.325195
30335.000000,1519400.000000,75549924.000000,0.000000,0.000000,-0.951200, , , 
30336.000000,1519499.000000,75549924.000000,0.000000,-0.023200,-0.977300, , , 
30337.000000,1519500.000000,75549924.000000, , , ,0.000000,0.000000,-0.325195
30338.000000,1519600.000000,75549924.000000,0.005800,-0.031900,-0.994700, , , 
30339.000000,1519601.000000,75549924.000000, , , ,-0.325195,-0.325195,0.000000
30340.000000,1519692.000000,75549924.000000, , , ,-0.325195,-0.325195,0.000000
30341.000000,1519699.000000,75549924.000000,-0.002900,-0.029000,-0.983100, , , 
30342.000000,1519793.000000,75549924.000000, , , ,0.000000,-0.650391,0.000000
30343.000000,1519800.000000,75549924.000000,0.002900,-0.023200,-0.962800, , , 
30344.000000,1519894.000000,75549924.000000, , , ,0.000000,0.000000,-0.325195
30345.000000,1519899.000000,75549924.000000,-0.008700,-0.020300,-0.988900, , , 
30346.000000,1519995.000000,75549924.000000, , , ,-0.325195,0.000000,0.000000
30347.000000,1520000.000000,75549924.000000,-0.002900,-0.023200,-1.012100, , , 
30348.000000,1520096.000000,75549924.000000, , , ,0.000000,0.000000,0.000000
30349.000000,1520099.000000,75549924.000000,0.005800,-0.037700,-1.003400, , , 
30350.000000,1520197.000000,75549924.000000, , , ,-0.650391,0.000000,0.000000
30351.000000,1520200.000000,75549924.000000,0.000000,-0.026100,-1.003400, , , 
30352.000000,1520298.000000,75549924.000000, , , ,-0.325195,0.000000,0.000000
30353.000000,1520299.000000,75549924.000000,0.002900,-0.026100,-1.006300, , , 
30354.000000,1520399.000000,75549924.000000, , , ,0.000000,-0.650391,-0.325195
30355.000000,1520400.000000,75549924.000000,0.023200,-0.026100,-0.957000, , , 
30356.000000,1520499.000000,75549924.000000,-0.008700,-0.046400,-0.951200, , , 
30357.000000,1520500.000000,75549924.000000, , , ,0.000000,-0.975586,-0.325195
30358.000000,1520600.000000,75549924.000000,-0.008700,-0.066700,-1.003400, , , 
30359.000000,1520601.000000,75549924.000000, , , ,-0.325195,0.650391,-0.325195
30360.000000,1520692.000000,75549924.000000, , , ,-0.650391,0.000000,-0.325195
30361.000000,1520699.000000,75549924.000000,0.005800,-0.058000,-1.006300, , , 
30362.000000,1520793.000000,75549924.000000, , , ,-0.650391,-0.650391,-0.650391
30363.000000,1520800.000000,75549924.000000,0.014500,-0.052200,-0.994700, , , 
30364.000000,1520894.000000,75549924.000000, , , ,-0.975586,0.000000,0.000000
30365.000000,1520899.000000,75549924.000000,0.008700,-0.060900,-0.974400, , , 
30366.000000,1520995.000000,75549924.000000, , , ,-0.650391,0.000000,-0.325195
30367.000000,1521000.000000,75549924.000000,0.002900,-0.040600,-0.959900, , , 
30368.000000,1521096.000000,75549924.000000, , , ,-0.650391,-0.325195,-0.325195
30369.000000,1521099.000000,75549924.000000,-0.008700,-0.052200,-1.000500, , , 
30370.000000,1521197.000000,75549924.000000, , , ,-0.975586,0.000000,-0.325195
30371.000000,1521200.000000,75549924.000000,0.005800,-0.049300,-1.003400, , , 
30372.000000,1521298.000000,75549924.000000, , , ,-0.650391,-0.650391,-0.325195
30373.000000,1521299.000000,75549924.000000,0.017400,-0.026100,-0.971500, , , 
30374.000000,1521399.000000,75549924.000000, , , ,-0.325195,0.000000,-0.650391
30375.000000,1521400.000000,75549924.000000,0.000000,-0.043500,-0.959900, , , 
30376.000000,1521499.000000,75549924.000000,0.000000,-0.031900,-0.959900, , , 
30377.000000,1521500.000000,75549924.000000, , , ,-0.650391,-0.650391,-0.325195
30378.000000,1521600.000000,75549924.000000,0.005800,-0.023200,-0.986000, , , 
30379.000000,1521601.000000,75549924.000000, , , ,-0.650391,0.000000,0.000000
30380.000000,1521692.000000,75549924.000000, , , ,-0.975586,0.000000,-0.325195
30381.000000,1521699.000000,75549924.000000,0.000000,-0.040600,-0.997600, , , 
30382.000000,1521793.000000,75549924.000000, , , ,-1.300781,0.000000,0.000000
30383.000000,1521800.000000,75549924.000000,-0.002900,-0.023200,-1.006300, , , 
30384.000000,1521894.000000,75549924.000000, , , ,-0.975586,-0.650391,-0.325195
30385.000000,1521899.000000,75549924.000000,0.011600,-0.014500,-1.000500, , , 
30386.000000,1521995.000000,75549924.000000, , , ,-0.975586,-0.325195,0.000000
30387.000000,1522000.000000,75549924.000000,0.002900,-0.011600,-0.962800, , , 
30388.000000,1522096.000000,75549924.000000, , , ,-0.325195,-0.650391,0.000000
30389.000000,1522099.000000,75549924.000000,0.002900,0.002900,-0.959900, , , 
30390.000000,1522197.000000,75549924.000000, , , ,-0.325195,0.000000,0.325195
30391.000000,1522200.000000,75549924.000000,0.005800,0.011600,-0.957000, , , 
30392.000000,1522298.000000,75549924.000000, , , ,0.000000,-0.650391,0.000000
30393.000000,1522299.000000,75549924.000000,-0.002900,0.008700,-0.974400, , , 
30394.000000,1522399.000000,75549924.000000, , , ,0.000000,-0.650391,0.000000
30395.000000,1522400.000000,75549924.000000,0.011600,0.000000,-0.980200, , , 
30396.000000,1522499.000000,75549924.000000,0.014500,-0.008700,-0.951200, , , 
30397.000000,1522500.000000,75549924.000000, , , ,0.000000,-0.325195,0.325195
30398.000000,1522600.000000,75549924.000000,0.002900,-0.014500,-0.942500, , , 
30399.000000,1522601.000000,75549924.000000, , , ,0.000000,-0.975586,0.000000
30400.000000,1522692.000000,75549924.000000, , , ,0.000000,0.000000,0.000000
30401.000000,1522699.000000,75549924.000000,-0.008700,-0.011600,-0.994700, , , 
30402.000000,1522793.000000,75549924.000000, , , ,-0.325195,0.325195,0.000000
30403.000000,1522800.000000,75549924.000000,-0.008700,-0.023200,-1.044000, , , 
30404.000000,1522894.000000,75549924.000000, , , ,-0.325195,0.325195,-0.325195
30405.000000,1522899.000000,75549924.000000,0.002900,-0.020300,-1.035300, , , 
30406.000000,1522995.000000,75549924.000000, , , ,-0.325195,0.325195,0.000000
30407.000000,1523000.000000,75549924.000000,-0.005800,-0.014500,-1.000500, , , 
30408.000000,1523096.000000,75549924.000000, , , ,0.000000,0.650391,0.000000
30409.000000,1523099.000000,75549924.000000,-0.005800,-0.023200,-1.003400, , , 
30410.000000,1523197.000000,75549924.000000, , , ,0.000000,0.000000,0.000000
30411.000000,1523200.000000,75549924.000000,0.005800,-0.046400,-0.991800, , , 
30412.000000,1523298.000000,75549924.000000, , , ,0.000000,-0.325195,-0.325195
30413.000000,1523299.000000,75549924.000000,0.000000,-0.029000,-0.968600, , , 
30414.000000,1523399.000000,75549924.000000, , , ,0.000000,-0.325195,0.000000
30415.000000,1523400.000000,75549924.000000,-0.008700,-0.034800,-0.986000, , , 
30416.000000,1523499.000000,75549924.000000,0.000000,-0.034800,-0.997600, , , 
30417.000000,1523500.000000,75549924.000000, , , ,0.325195,-0.325195,0.000000
30418.000000,1523600.000000,75549924.000000,0.005800,-0.020300,-0.977300, , , 
30419.000000,1523601.000000,75549924.000000, , , ,0.325195,-0.650391,-0.325195
30420.000000,1523692.000000,75549924.000000, , , ,0.650391,0.000000,0.000000
30421.000000,1523699.000000,75549924.000000,-0.008700,-0.029000,-0.954100, , , 
30422.000000,1523793.000000,75549924.000000, , , ,0.000000,-0.325195,0.000000
30423.000000,1523800.000000,75549924.000000,-0.020300,-0.037700,-0.974400, , , 
30424.000000,1523894.000000,75549924.000000, , , ,-0.325195,0.000000,0.000000
30425.000000,1523899.000000,75549924.000000,-0.005800,-0.043500,-0.994700, , , 
30426.000000,1523995.000000,75549924.000000, , , ,-0.975586,0.000000,0.325195
30427.000000,1524000.000000,75549924.000000,0.000000,-0.046400,-0.980200, , , 
30428.000000,1524096.000000,75549924.000000, , , ,-1.300781,-0.325195,0.000000
30429.000000,1524099.000000,75549924.000000,-0.011600,-0.040600,-0.991800, , , 
30430.000000,1524197.000000,75549924.000000, , , ,-1.625977,0.650391,0.000000
30431.000000,1524200.000000,75549924.000000,0.000000,-0.034800,-0.994700, , , 
30432.000000,1524298.000000,75549924.000000, , , ,-1.625977,-0.325195,0.000000
30433.000000,1524299.000000,75549924.000000,-0.008700,-0.023200,-0.974400, , , 
30434.000000,1524399.000000,75549924.000000, , , ,-1.300781,-0.650391,0.000000
30435.000000,1524400.000000,75549924.000000,0.000000,0.002900,-0.965700, , , 
30436.000000,1524499.000000,75549924.000000,-0.020300,-0.026100,-0.977300, , , 
30437.000000,1524500.000000,75549924.000000, , , ,-0.975586,-0.975586,0.000000
30438.000000,1524600.000000,75549924.000000,-0.014500,-0.029000,-0.991800, , , 
30439.000000,1524601.000000,75549924.000000, , , ,-0.325195,0.000000,0.000000
30440.000000,1524692.000000,75549924.000000, , , ,0.000000,0.325195,-0.325195
30441.000000,1524699.000000,75549924.000000,-0.002900,0.000000,-1.009200, , , 
30442.000000,1524793.000000,75549924.000000, , , ,0.000000,-0.650391,0.000000
30443.000000,1524800.000000,75549924.000000,0.008700,-0.031900,-0.974400, , , 
30444.000000,1524894.000000,75549924.000000, , , ,0.000000,-0.650391,0.000000
30445.000000,1524899.000000,75549924.000000,-0.011600,-0.040600,-0.942500, , , 
30446.000000,1524995.000000,75549924.000000, , , ,-0.650391,0.000000,0.000000
30447.000000,1525000.000000,75549924.000000,-0.020300,-0.040600,-0.994700, , , 
30448.000000,1525096.000000,75549924.000000, , , ,-0.975586,0.325195,-0.325195
30449.000000,1525099.000000,75549924.000000,-0.017400,-0.072500,-1.041100, , , 
30450.000000,1525197.000000,75549924.000000, , , ,-1.951172,0.000000,-0.325195
30451.000000,1525200.000000,75549924.000000,-0.008700,-0.058000,-1.006300, , , 
30452.000000,1525298.000000,75549924.000000, , , ,-1.625977,-0.650391,0.000000
30453.000000,1525299.000000,75549924.000000,-0.005800,-0.046400,-0.968600, , , 
30454.000000,1525399.000000,75549924.000000, , , ,-1.625977,0.000000,-0.325195
30455.000000,1525400.000000,75549924.000000,-0.014500,-0.052200,-0.988900, , , 
30456.000000,1525499.000000,75549924.000000,0.002900,-0.037700,-0.974400, , , 
30457.000000,1525500.000000,75549924.000000, , , ,-1.300781,0.000000,-0.325195
30458.000000,1525600.000000,75549924.000000,0.002900,-0.034800,-0.945400, , , 
30459.000000,1525601.000000,75549924.000000, , , ,-0.650391,-0.325195,-0.650391
30460.000000,1525692.000000,75549924.000000, , , ,-0.650391,-0.975586,-0.650391
30461.000000,1525699.000000,75549924.000000,-0.014500,-0.046400,-0.954100, , , 
30462.000000,1525793.000000,75549924.000000, , , ,-0.975586,-0.975586,-0.325195
30463.000000,1525800.000000,75549924.000000,0.000000,-0.029000,-0.945400, , , 
30464.000000,1525894.000000,75549924.000000, , , ,0.000000,-0.650391,-0.325195
30465.000000,1525899.000000,75549924.000000,-0.002900,-0.023200,-0.939600, , , 
30466.000000,1525995.000000,75549924.000000, , , ,0.000000,0.000000,-0.650391
30467.000000,1526000.000000,75549924.000000,-0.011600,-0.066700,-0.983100, , , 
30468.000000,1526096.000000,75549924.000000, , , ,0.000000,0.000000,-0.650391
30469.000000,1526099.000000,75549924.000000,-0.011600,-0.052200,-1.009200, , , 
30470.000000,1526197.000000,75549924.000000, , , ,-0.325195,0.000000,-0.325195
30471.000000,1526200.000000,75549924.000000,0.000000,-0.049300,-1.029500, , , 
30472.000000,1526298.000000,75549924.000000, , , ,-0.325195,-0.325195,0.000000
30473.000000,1526299.000000,75549924.000000,-0.020300,-0.049300,-1.009200, , , 
30474.000000,1526399.000000,75549924.000000, , , ,-0.975586,0.000000,-0.325195
30475.000000,1526400.000000,75549924.000000,0.002900,-0.043500,-0.980200, , , 
30476.000000,1526499.000000,75549924.000000,0.017400,-0.046400,-0.936700, , , 
30477.000000,1526500.000000,75549924.000000, , , ,-1.300781,-0.975586,-0.325195
30478.000000,1526600.000000,75549924.000000,-0.026100,-0.037700,-0.954100, , , 
30479.000000,1526601.000000,75549924.000000, , , ,-0.975586,-0.650391,-0.650391
30480.000000,1526692.000000,75549924.000000, , , ,-0.975586,0.975586,0.000000
30481.000000,1526699.000000,75549924.000000,-0.014500,-0.037700,-1.017900, , , 
30482.000000,1526793.000000,75549924.000000, , , ,-0.325195,0.325195,-0.325195
30483.000000,1526800.000000,75549924.000000,0.011600,-0.014500,-1.038200, , , 
30484.000000,1526894.000000,75549924.000000, , , ,0.000000,-0.975586,-0.325195
30485.000000,1526899.000000,75549924.000000,0.017400,-0.011600,-0.971500, , , 
30486.000000,1526995.000000,75549924.000000, , , ,0.000000,-0.650391,0.000000
30487.000000,1527000.000000,75549924.000000,0.008700,-0.017400,-0.901900, , , 
30488.000000,1527096.000000,75549924.000000, , , ,0.000000,-1.300781,0.000000
30489.000000,1527099.000000,75549924.000000,0.000000,-0.026100,-0.930900, , , 
30490.000000,1527197.000000,75549924.000000, , , ,0.000000,0.000000,0.000000
30491.000000,1527200.000000,75549924.000000,-0.005800,-0.037700,-0.988900, , , 
30492.000000,1527298.000000,75549924.000000, , , ,-0.650391,0.650391,0.000000
30493.000000,1527299.000000,75549924.000000,-0.002900,-0.037700,-1.023700, , , 
30494.000000,1527399.000000,75549924.000000, , , ,-0.975586,0.000000,0.000000
30495.000000,1527400.000000,75549924.000000,0.002900,-0.031900,-1.049800, , , 
30496.000000,1527499.000000,75549924.000000,0.005800,-0.002900,-1.012100, , , 
30497.000000,1527500.000000,75549924.000000, , , ,0.000000,0.000000,0.000000
30498.000000,1527600.000000,75549924.000000,0.011600,-0.026100,-0.971500, , , 
30499.000000,1527601.000000,75549924.000000, , , ,0.650391,0.000000,-0.325195
30500.000000,1527692.000000,75549924.000000, , , ,0.975586,0.000000,-0.325195
30501.000000,1527699.000000,75549924.000000,0.002900,-0.060900,-0.977300, , , 
30502.000000,1527793.000000,75549924.000000, , , ,0.325195,0.000000,-0.325195
30503.000000,1527800.000000,75549924.000000,0.002900,-0.055100,-0.983100, , , 
30504.000000,1527894.000000,75549924.000000, , , ,-0.325195,-0.650391,0.000000
30505.000000,1527900.000000,75549924.000000,0.008700,-0.052200,-0.980200, , , 
30506.000000,1527994.000000,75549924.000000, , , ,0.000000,0.000000,0.000000
30507.000000,1527999.000000,75549924.000000,0.017400,-0.063800,-0.974400, , , 
30508.000000,1528095.000000,75549924.000000, , , ,0.000000,-0.650391,-0.325195
30509.000000,1528100.000000,75549924.000000,0.011600,-0.043500,-0.965700, , , 
30510.000000,1528196.000000,75549924.000000, , , ,-0.325195,0.000000,-0.325195
30511.000000,1528199.000000,75549924.000000,0.002900,-0.040600,-0.980200, , , 
30512.000000,1528297.000000,75549924.000000, , , ,-1.300781,0.650391,-0.325195
30513.000000,1528300.000000,75549924.000000,-0.002900,-0.081200,-1.012100, , , 
30514.000000,1528398.000000,75549924.000000, , , ,-1.951172,0.650391,0.000000
30515.000000,1528399.000000,75549924.000000,0.000000,-0.081200,-1.038200, , , 
30516.000000,1528499.000000,75549924.000000, , , ,-1.951172,0.000000,0.000000
30517.000000,1528500.000000,75549924.000000,0.008700,-0.043500,-0.997600, , , 
30518.000000,1528599.000000,75549924.000000, , , ,-1.951172,0.000000,0.000000
30519.000000,1528600.000000,75549924.000000,0.005800,-0.055100,-0.983100, , , 
30520.000000,1528699.000000,75549924.000000,0.014500,-0.037700,-0.965700, , , 
30521.000000,1528700.000000,75549924.000000, , , ,-1.625977,-0.650391,-0.325195
30522.000000,1528800.000000,75549924.000000,0.005800,-0.017400,-0.948300, , , 
30523.000000,1528801.000000,75549924.000000, , , ,-1.300781,-0.325195,-0.325195
30524.000000,1528892.000000,75549924.000000, , , ,-0.325195,-0.975586,-0.325195
30525.000000,1528899.000000,75549924.000000,0.014500,-0.043500,-0.951200, , , 
30526.000000,1528993.000000,75549924.000000, , , ,0.000000,0.325195,-0.325195
30527.000000,1529000.000000,75549924.000000,0.000000,-0.058000,-0.988900, , , 
30528.000000,1529094.000000,75549924.000000, , , ,-1.300781,-0.325195,-0.325195
30529.000000,1529099.000000,75549924.000000,0.026100,-0.058000,-0.991800, , , 
30530.000000,1529195.000000,75549924.000000, , , ,0.000000,0.000000,0.000000
30531.000000,1529200.000000,75549924.000000,0.017400,-0.055100,-0.983100, , , 
30532.000000,1529296.000000,75549924.000000, , , ,-1.300781,0.000000,0.000000
30533.000000,1529299.000000,75549924.000000,0.031900,-0.060900,-1.000500, , , 
30534.000000,1529397.000000,75549924.000000, , , ,-0.325195,0.000000,-0.650391
30535.000000,1529400.000000,75549924.000000,0.037700,-0.014500,-0.988900, , , 
30536.000000,1529498.000000,75549924.000000, , , ,0.000000,-0.325195,0.000000
30537.000000,1529499.000000,75549924.000000,0.040600,-0.043500,-0.962800, , , 
30538.000000,1529599.000000,75549924.000000, , , ,0.000000,-0.975586,-0.325195
30539.000000,1529600.000000,75549924.000000,0.017400,-0.052200,-0.942500, , , 
30540.000000,1529699.000000,75549924.000000,0.017400,-0.060900,-0.988900, , , 
30541.000000,1529700.000000,75549924.000000, , , ,-0.650391,0.000000,-0.325195
30542.000000,1529800.000000,75549924.000000,0.031900,-0.063800,-1.012100, , , 
30543.000000,1529801.000000,75549924.000000, , , ,-1.951172,0.325195,0.000000
30544.000000,1529892.000000,75549924.000000, , , ,-1.625977,-0.650391,0.000000
30545.000000,1529899.000000,75549924.000000,0.043500,-0.023200,-0.957000, , , 
30546.000000,1529993.000000,75549924.000000, , , ,-0.325195,-0.650391,-0.325195
30547.000000,1530000.000000,75549924.000000,0.029000,-0.031900,-0.939600, , , 
30548.000000,1530094.000000,75549924.000000, , , ,-0.975586,-1.300781,-0.325195
30549.000000,1530099.000000,75549924.000000,0.017400,-0.052200,-0.974400, , , 
30550.000000,1530195.000000,75549924.000000, , , ,-0.650391,0.000000,-0.325195
30551.000000,1530200.000000,75549924.000000,0.020300,-0.029000,-0.997600, , , 
30552.000000,1530296.000000,75549924.000000, , , ,-0.975586,-0.650391,-0.325195
30553.000000,1530299.000000,75549924.000000,0.023200,-0.031900,-1.009200, , , 
30554.000000,1530397.000000,75549924.000000, , , ,-0.650391,0.975586,0.000000
30555.000000,1530400.000000,75549924.000000,0.020300,-0.043500,-1.032400, , , 
30556.000000,1530498.000000,75549924.000000, , , ,-0.650391,0.325195,-0.325195
30557.000000,1530499.000000,75549924.000000,0.023200,-0.037700,-1.032400, , , 
30558.000000,1530599.000000,75549924.000000, , , ,-0.975586,-0.325195,-0.325195
30559.000000,1530600.000000,75549924.000000,0.046400,-0.026100,-0.994700, , , 
30560.000000,1530699.000000,75549924.000000,0.037700,-0.023200,-0.942500, , , 
30561.000000,1530700.000000,75549924.000000, , , ,-0.975586,-0.650391,0.000000
30562.000000,1530800.000000,75549924.000000,0.020300,-0.014500,-0.954100, , , 
30563.000000,1530801.000000,75549924.000000, , , ,0.000000,-0.975586,0.000000
30564.000000,1530892.000000,75549924.000000, , , ,-0.975586,0.000000,-0.325195
30565.000000,1530899.000000,75549924.000000,0.014500,-0.008700,-1.006300, , , 
30566.000000,1530993.000000,75549924.000000, , , ,-0.325195,0.325195,0.000000
30567.000000,1531000.000000,75549924.000000,0.031900,-0.014500,-1.006300, , , 
30568.000000,1531094.000000,75549924.000000, , , ,0.000000,-0.975586,0.000000
30569.000000,1531099.000000,75549924.000000,0.020300,-0.014500,-0.983100, , , 
30570.000000,1531195.000000,75549924.000000, , , ,0.000000,0.325195,0.000000
30571.000000,1531200.000000,75549924.000000,0.008700,-0.058000,-1.009200, , , 
30572.000000,1531296.000000,75549924.000000, , , ,-0.325195,0.000000,0.000000
30573.000000,1531299.000000,75549924.000000,0.026100,-0.029000,-1.015000, , , 
30574.000000,1531397.000000,75549924.000000, , , ,-0.650391,-0.325195,0.000000
30575.000000,1531400.000000,75549924.000000,0.023200,-0.023200,-0.974400, , , 
30576.000000,1531498.000000,75549924.000000, , , ,-0.325195,-0.650391,-0.325195
30577.000000,1531499.000000,75549924.000000,0.023200,-0.011600,-0.962800, , , 
30578.000000,1531599.000000,75549924.000000, , , ,-0.650391,0.325195,0.000000
30579.000000,1531600.000000,75549924.000000,0.011600,-0.043500,-1.003400, , , 
30580.000000,1531699.000000,75549924.000000,0.011600,-0.046400,-1.003400, , , 
30581.000000,1531700.000000,75549924.000000, , , ,-1.625977,0.000000,0.000000
30582.000000,1531800.000000,75549924.000000,0.029000,0.000000,-0.942500, , , 
30583.000000,1531801.000000,75549924.000000, , , ,-0.975586,-0.975586,0.325195
30584.000000,1531892.000000,75549924.000000, , , ,0.000000,-0.975586,0.000000
30585.000000,1531899.000000,75549924.000000,-0.002900,-0.029000,-0.930900, , , 
30586.000000,1531993.000000,75549924.000000, , , ,0.000000,-0.650391,-0.325195
30587.000000,1532000.000000,75549924.000000,0.000000,-0.043500,-0.968600, , , 
30588.000000,1532094.000000,75549924.000000, , , ,0.000000,0.000000,0.000000
30589.000000,1532099.000000,75549924.000000,0.000000,-0.031900,-1.000500, , , 
30590.000000,1532195.000000,75549924.000000, , , ,-0.650391,0.000000,0.000000
30591.000000,1532200.000000,75549924.000000,-0.005800,-0.040600,-1.017900, , , 
30592.000000,1532296.000000,75549924.000000, , , ,-0.975586,0.000000,0.000000
30593.000000,1532299.000000,75549924.000000,-0.023200,-0.046400,-1.015000, , , 
30594.000000,1532397.000000,75549924.000000, , , ,-0.975586,-0.325195,-0.325195
30595.000000,1532400.000000,75549924.000000,-0.005800,-0.026100,-0.991800, , , 
30596.000000,1532498.000000,75549924.000000, , , ,-0.325195,0.000000,-0.325195
30597.000000,1532499.000000,75549924.000000,-0.040600,-0.029000,-0.986000, , , 
30598.000000,1532599.000000,75549924.000000, , , ,-0.975586,0.000000,0.000000
30599.000000,1532600.000000,75549924.000000,-0.014500,-0.034800,-0.988900, , , 
30600.000000,1532699.000000,75549924.000000,-0.023200,-0.026100,-0.954100, , , 
30601.000000,1532700.000000,75549924.000000, , , ,-0.325195,-1.300781,0.000000
30602.000000,1532800.000000,75549924.000000,-0.043500,-0.052200,-0.983100, , , 
30603.000000,1532801.000000,75549924.000000, , , ,-0.650391,0.000000,-0.325195
30604.000000,1532892.000000,75549924.000000, , , ,-1.300781,0.000000,-0.325195
30605.000000,1532899.000000,75549924.000000,-0.037700,-0.040600,-1.029500, , , 
30606.000000,1532993.000000,75549924.000000, , , ,-1.951172,0.325195,-0.325195
30607.000000,1533000.000000,75549924.000000,-0.037700,-0.037700,-1.041100, , , 
30608.000000,1533094.000000,75549924.000000, , , ,-1.625977,0.000000,0.000000
30609.000000,1533099.000000,75549924.000000,-0.029000,-0.040600,-1.003400, , , 
30610.000000,1533195.000000,75549924.000000, , , ,-1.625977,0.000000,0.000000
30611.000000,1533200.000000,75549924.000000,-0.029000,-0.026100,-0.965700, , , 
30612.000000,1533296.000000,75549924.000000, , , ,-0.975586,-0.325195,0.000000
30613.000000,1533299.000000,75549924.000000,-0.037700,-0.014500,-0.959900, , , 
30614.000000,1533397.000000,75549924.000000, , , ,-0.975586,-0.325195,0.000000
30615.000000,1533400.000000,75549924.000000,-0.023200,-0.023200,-0.942500, , , 
30616.000000,1533498.000000,75549924.000000, , , ,-0.325195,-0.650391,-0.650391
30617.000000,1533499.000000,75549924.000000,-0.034800,-0.020300,-0.959900, , , 
30618.000000,1533599.000000,75549924.000000, , , ,0.000000,-0.325195,0.000000
30619.000000,1533600.000000,75549924.000000,-0.029000,-0.026100,-0.974400, , , 
30620.000000,1533699.000000,75549924.000000,-0.023200,-0.026100,-0.983100, , , 
30621.000000,1533700.000000,75549924.000000, , , ,0.000000,0.000000,-0.325195
30622.000000,1533800.000000,75549924.000000,-0.023200,-0.034800,-1.020800, , , 
30623.000000,1533801.000000,75549924.000000, , , ,-0.650391,0.325195,0.000000
30624.000000,1533892.000000,75549924.000000, , , ,-0.975586,0.325195,-0.325195
30625.000000,1533899.000000,75549924.000000,-0.011600,-0.043500,-1.023700, , , 
30626.000000,1533993.000000,75549924.000000, , , ,-0.650391,0.000000,-0.325195
30627.000000,1534000.000000,75549924.000000,-0.011600,-0.026100,-1.020800, , , 
30628.000000,1534094.000000,75549924.000000, , , ,-0.325195,0.650391,0.000000
30629.000000,1534099.000000,75549924.000000,-0.011600,-0.029000,-1.000500, , , 
30630.000000,1534195.000000,75549924.000000, , , ,-0.325195,0.000000,-0.325195
30631.000000,1534200.000000,75549924.000000,-0.002900,-0.020300,-0.983100, , , 
30632.000000,1534296.000000,75549924.000000, , , ,-0.325195,-0.325195,0.000000
30633.000000,1534299.000000,75549924.000000,0.000000,-0.026100,-0.983100, , , 
30634.000000,1534397.000000,75549924.000000, , , ,0.000000,-0.325195,0.000000
30635.000000,1534400.000000,75549924.000000,-0.002900,-0.020300,-0.980200, , , 
30636.000000,1534498.000000,75549924.000000, , , ,0.000000,0.000000,-0.325195
30637.000000,1534499.000000,75549924.000000,0.002900,-0.005800,-0.977300, , , 
30638.000000,1534599.000000,75549924.000000, , , ,0.000000,0.000000,0.000000
30639.000000,1534600.000000,75549924.000000,0.000000,-0.040600,-0.991800, , , 
30640.000000,1534699.000000,75549924.000000,-0.002900,-0.031900,-1.009200, , , 
30641.000000,1534700.000000,75549924.000000, , , ,0.000000,0.000000,0.000000
30642.000000,1534800.000000,75549924.000000,0.020300,-0.034800,-1.015000, , , 
30643.000000,1534801.000000,75549924.000000, , , ,-0.975586,0.000000,0.000000
30644.000000,1534892.000000,75549924.000000, , , ,-0.650391,-0.325195,0.000000
30645.000000,1534899.000000,75549924.000000,0.008700,-0.008700,-0.980200, , , 
30646.000000,1534993.000000,75549924.000000, , , ,-0.650391,-0.325195,0.000000
30647.000000,1535000.000000,75549924.000000,0.002900,-0.020300,-0.983100, , , 
30648.000000,1535094.000000,75549924.000000, , , ,-0.325195,0.325195,0.000000
30649.000000,1535099.000000,75549924.000000,0.008700,0.002900,-0.977300, , , 
30650.000000,1535195.000000,75549924.000000, , , ,0.325195,0.000000,0.000000
30651.000000,1535200.000000,75549924.000000,-0.002900,0.000000,-0.983100, , , 
30652.000000,1535296.000000,75549924.000000, , , ,0.650391,0.000000,0.000000
30653.000000,1535299.000000,75549924.000000,-0.002900,-0.031900,-1.003400, , , 
30654.000000,1535397.000000,75549924.000000, , , ,0.325195,-0.325195,-0.325195
30655.000000,1535400.000000,75549924.000000,-0.002900,-0.023200,-1.006300, , , 
30656.000000,1535498.000000,75549924.000000, , , ,0.000000,0.325195,0.325195
30657.000000,1535499.000000,75549924.000000,-0.014500,-0.066700,-1.023700, , , 
30658.000000,1535599.000000,75549924.000000, , , ,-0.325195,0.000000,0.000000
30659.000000,1535600.000000,75549924.000000,0.005800,-0.023200,-1.009200, , , 
30660.000000,1535699.000000,75549924.000000,-0.011600,-0.049300,-1.012100, , , 
30661.000000,1535700.000000,75549924.000000, , , ,-0.325195,0.000000,0.000000
30662.000000,1535800.000000,75549924.000000,-0.005800,-0.040600,-1.006300, , , 
30663.000000,1535801.000000,75549924.000000, , , ,-0.975586,0.325195,0.000000
30664.000000,1535892.000000,75549924.000000, , , ,-0.650391,0.000000,0.000000
30665.000000,1535899.000000,75549924.000000,0.011600,-0.043500,-1.003400, , , 
30666.000000,1535993.000000,75549924.000000, , , ,-1.300781,0.000000,-0.325195
30667.000000,1536000.000000,75549924.000000,0.014500,-0.046400,-1.006300, , , 
30668.000000,1536094.000000,75549924.000000, , , ,-1.625977,-0.325195,-0.325195
30669.000000,1536099.000000,75549924.000000,-0.017400,-0.046400,-0.983100, , , 
30670.000000,1536195.000000,75549924.000000, , , ,-0.975586,0.000000,-0.325195
30671.000000,1536200.000000,75549924.000000,-0.002900,-0.037700,-0.980200, , , 
30672.000000,1536296.000000,75549924.000000, , , ,-1.300781,0.000000,-0.325195
30673.000000,1536299.000000,75549924.000000,-0.008700,-0.055100,-1.015000, , , 
30674.000000,1536397.000000,75549924.000000, , , ,-0.650391,0.650391,-0.325195
30675.000000,1536400.000000,75549924.000000,-0.011600,-0.037700,-1.020800, , , 
30676.000000,1536498.000000,75549924.000000, , , ,-0.650391,0.650391,-0.650391
30677.000000,1536499.000000,75549924.000000,0.011600,-0.037700,-1.029500, , , 
30678.000000,1536599.000000,75549924.000000, , , ,-0.325195,0.000000,-0.325195
30679.000000,1536600.000000,75549924.000000,0.000000,-0.046400,-1.012100, , , 
30680.000000,1536699.000000,75549924.000000,0.000000,-0.034800,-0.980200, , , 
30681.000000,1536700.000000,75549924.000000, , , ,0.000000,0.000000,-0.650391
30682.000000,1536800.000000,75549924.000000,-0.023200,-0.058000,-0.997600, , , 
30683.000000,1536801.000000,75549924.000000, , , ,0.000000,0.000000,-0.650391
30684.000000,1536892.000000,75549924.000000, , , ,0.000000,0.650391,-0.650391
30685.000000,1536899.000000,75549924.000000,0.000000,-0.046400,-1.029500, , , 
30686.000000,1536993.000000,75549924.000000, , , ,0.000000,0.325195,-0.325195
30687.000000,1537000.000000,75549924.000000,0.034800,-0.052200,-0.968600, , , 
30688.000000,1537094.000000,75549924.000000, , , ,0.000000,-1.951172,0.000000
30689.000000,1537099.000000,75549924.000000,-0.002900,-0.037700,-0.916400, , , 
30690.000000,1537195.000000,75549924.000000, , , ,0.000000,-0.325195,-0.325195
30691.000000,1537200.000000,75549924.000000,-0.014500,-0.049300,-0.959900, , , 
30692.000000,1537296.000000,75549924.000000, , , ,-0.650391,0.650391,0.000000
30693.000000,1537299.000000,75549924.000000,-0.014500,-0.058000,-1.003400, , , 
30694.000000,1537397.000000,75549924.000000, , , ,-1.300781,0.325195,0.325195
30695.000000,1537400.000000,75549924.000000,0.023200,-0.055100,-1.012100, , , 
30696.000000,1537498.000000,75549924.000000, , , ,-0.650391,0.000000,0.000000
30697.000000,1537499.000000,75549924.000000,0.005800,-0.046400,-1.015000, , , 
30698.000000,1537599.000000,75549924.000000, , , ,-1.300781,0.000000,0.000000
30699.000000,1537600.000000,75549924.000000,0.000000,-0.060900,-1.000500, , , 
30700.000000,1537699.000000,75549924.000000,0.020300,-0.043500,-0.991800, , , 
30701.000000,1537700.000000,75549924.000000, , , ,-0.975586,0.000000,-0.650391
30702.000000,1537800.000000,75549924.000000,0.029000,-0.034800,-0.986000, , , 
30703.000000,1537801.000000,75549924.000000, , , ,-1.300781,-0.650391,-0.325195
30704.000000,1537892.000000,75549924.000000, , , ,-1.625977,0.000000,0.000000
30705.000000,1537899.000000,75549924.000000,0.026100,-0.034800,-0.986000, , , 
30706.000000,1537993.000000,75549924.000000, , , ,-1.625977,0.650391,0.000000
30707.000000,1538000.000000,75549924.000000,0.026100,-0.020300,-0.988900, , , 
30708.000000,1538094.000000,75549924.000000, , , ,-1.625977,-0.325195,0.325195
30709.000000,1538099.000000,75549924.000000,0.026100,-0.011600,-0.977300, , , 
30710.000000,1538195.000000,75549924.000000, , , ,-1.300781,0.000000,0.000000
30711.000000,1538200.000000,75549924.000000,0.011600,-0.020300,-0.991800, , , 
30712.000000,1538296.000000,75549924.000000, , , ,-0.650391,0.325195,0.000000
30713.000000,1538299.000000,75549924.000000,0.029000,-0.005800,-0.991800, , , 
30714.000000,1538397.000000,75549924.000000, , , ,-0.650391,0.325195,0.325195
30715.000000,1538400.000000,75549924.000000,0.023200,-0.029000,-1.000500, , , 
30716.000000,1538498.000000,75549924.000000, , , ,-0.975586,-0.325195,0.000000
30717.000000,1538499.000000,75549924.000000,0.037700,-0.014500,-1.000500, , , 
30718.000000,1538599.000000,75549924.000000, , , ,-0.975586,0.325195,0.000000
30719.000000,1538600.000000,75549924.000000,0.037700,0.000000,-0.991800, , , 
30720.000000,1538699.000000,75549924.000000,0.031900,-0.029000,-0.997600, , , 
30721.000000,1538700.000000,75549924.000000, , , ,-0.975586,0.000000,0.000000
30722.000000,1538800.000000,75549924.000000,0.034800,-0.005800,-0.968600, , , 
30723.000000,1538801.000000,75549924.000000, , , ,-1.300781,-1.300781,0.650391
30724.000000,1538892.000000,75549924.000000, , , ,-0.975586,0.000000,0.000000
30725.000000,1538899.000000,75549924.000000,0.017400,0.008700,-0.968600, , , 
30726.000000,1538993.000000,75549924.000000, , , ,-0.325195,0.650391,0.325195
30727.000000,1539000.000000,75549924.000000,0.014500,-0.002900,-1.012100, , , 
30728.000000,1539094.000000,75549924.000000, , , ,-0.650391,0.000000,0.000000
30729.000000,1539099.000000,75549924.000000,0.029000,0.000000,-1.026600, , , 
30730.000000,1539195.000000,75549924.000000, , , ,-0.325195,0.000000,0.000000
30731.000000,1539200.000000,75549924.000000,0.034800,0.005800,-1.000500, , , 
30732.000000,1539296.000000,75549924.000000, , , ,-0.975586,0.650391,0.000000
30733.000000,1539299.000000,75549924.000000,0.029000,-0.020300,-0.983100, , , 
30734.000000,1539397.000000,75549924.000000, , , ,-0.325195,-0.325195,0.000000
30735.000000,1539400.000000,75549924.000000,0.034800,0.000000,-0.968600, , , 
30736.000000,1539498.000000,75549924.000000, , , ,0.000000,-0.975586,0.000000
30737.000000,1539499.000000,75549924.000000,0.029000,-0.017400,-0.962800, , , 
30738.000000,1539599.000000,75549924.000000, , , ,0.000000,-0.325195,0.000000
30739.000000,1539600.000000,75549924.000000,0.058000,-0.026100,-0.965700, , , 
30740.000000,1539699.000000,75549924.000000,0.023200,-0.017400,-0.965700, , , 
30741.000000,1539700.000000,75549924.000000, , , ,-0.650391,0.000000,-0.325195
30742.000000,1539800.000000,75549924.000000,0.029000,-0.023200,-0.991800, , , 
30743.000000,1539801.000000,75549924.000000, , , ,-0.975586,-0.325195,0.000000
30744.000000,1539892.000000,75549924.000000, , , ,-0.650391,0.325195,0.000000
30745.000000,1539899.000000,75549924.000000,0.034800,-0.029000,-1.009200, , , 
30746.000000,1539993.000000,75549924.000000, , , ,-0.650391,0.000000,0.000000
30747.000000,1540000.000000,75549924.000000,0.034800,-0.005800,-0.980200, , , 
30748.000000,1540094.000000,75549924.000000, , , ,-0.650391,-0.650391,-0.325195
30749.000000,1540099.000000,75549924.000000,0.026100,-0.029000,-0.994700, , , 
30750.000000,1540195.000000,75549924.000000, , , ,-0.650391,0.325195,-0.325195
30751.000000,1540200.000000,75549924.000000,0.026100,-0.031900,-1.015000, , , 
30752.000000,1540296.000000,75549924.000000, , , ,-0.650391,0.975586,0.000000
30753.000000,1540299.000000,75549924.000000,0.046400,-0.011600,-1.015000, , , 
30754.000000,1540397.000000,75549924.000000, , , ,0.000000,0.000000,-0.325195
30755.000000,1540400.000000,75549924.000000,0.034800,-0.002900,-0.997600, , , 
30756.000000,1540498.000000,75549924.000000, , , ,0.000000,0.000000,-0.325195
30757.000000,1540499.000000,75549924.000000,0.029000,-0.014500,-0.997600, , , 
30758.000000,1540599.000000,75549924.000000, , , ,0.000000,0.000000,-0.325195
30759.000000,1540600.000000,75549924.000000,0.046400,-0.026100,-0.968600, , , 
30760.000000,1540699.000000,75549924.000000,0.034800,-0.023200,-0.951200, , , 
30761.000000,1540700.000000,75549924.000000, , , ,0.000000,-1.300781,-0.325195
30762.000000,1540800.000000,75549924.000000,0.017400,-0.034800,-0.965700, , , 
30763.000000,1540801.000000,75549924.000000, , , ,0.000000,0.000000,0.000000
30764.000000,1540892.000000,75549924.000000, , , ,0.000000,0.325195,0.000000
30765.000000,1540899.000000,75549924.000000,0.031900,-0.020300,-0.991800, , , 
30766.000000,1540993.000000,75549924.000000, , , ,-0.325195,-0.325195,0.000000
30767.000000,1541000.000000,75549924.000000,0.034800,0.000000,-0.988900, , , 
30768.000000,1541094.000000,75549924.000000, , , ,0.000000,-0.325195,0.000000
30769.000000,1541099.000000,75549924.000000,0.031900,-0.011600,-0.971500, , , 
30770.000000,1541195.000000,75549924.000000, , , ,0.000000,0.000000,0.000000
30771.000000,1541200.000000,75549924.000000,0.031900,-0.017400,-0.959900, , , 
30772.000000,1541296.000000,75549924.000000, , , ,0.000000,-0.325195,0.000000
30773.000000,1541299.000000,75549924.000000,0.031900,-0.023200,-0.974400, , , 
30774.000000,1541397.000000,75549924.000000, , , ,-0.325195,0.000000,0.000000
30775.000000,1541400.000000,75549924.000000,0.029000,-0.017400,-0.994700, , , 
30776.000000,1541498.000000,75549924.000000, , , ,-0.650391,0.325195,0.325195
30777.000000,1541499.000000,75549924.000000,0.029000,-0.014500,-1.006300, , , 
30778.000000,1541599.000000,75549924.000000, , , ,-0.650391,0.000000,0.000000
30779.000000,1541600.000000,75549924.000000,0.043500,-0.008700,-0.986000, , , 
30780.000000,1541699.000000,75549924.000000,0.034800,0.000000,-0.959900, , , 
30781.000000,1541700.000000,75549924.000000, , , ,-0.650391,-0.650391,0.325195
30782.000000,1541800.000000,75549924.000000,0.023200,-0.011600,-0.962800, , , 
30783.000000,1541801.000000,75549924.000000, , , ,-0.975586,0.000000,0.000000
30784.000000,1541892.000000,75549924.000000, , , ,-0.325195,-0.650391,0.650391
30785.000000,1541899.000000,75549924.000000,0.034800,0.000000,-0.957000, , , 
30786.000000,1541993.000000,75549924.000000, , , ,-0.975586,-0.975586,0.325195
30787.000000,1542000.000000,75549924.000000,0.046400,0.008700,-0.962800, , , 
30788.000000,1542094.000000,75549924.000000, , , ,-0.650391,0.000000,0.325195
30789.000000,1542099.000000,75549924.000000,0.037700,0.014500,-0.959900, , , 
30790.000000,1542195.000000,75549924.000000, , , ,0.000000,-0.325195,0.325195
30791.000000,1542200.000000,75549924.000000,0.023200,0.011600,-0.957000, , , 
30792.000000,1542296.000000,75549924.000000, , , ,0.325195,-0.975586,0.000000
30793.000000,1542299.000000,75549924.000000,0.037700,0.023200,-0.977300, , , 
30794.000000,1542397.000000,75549924.000000, , , ,0.650391,0.000000,0.000000
30795.000000,1542400.000000,75549924.000000,0.034800,0.008700,-0.974400, , , 
30796.000000,1542498.000000,75549924.000000, , , ,0.975586,-0.650391,0.325195
30797.000000,1542499.000000,75549924.000000,0.031900,0.020300,-0.977300, , , 
30798.000000,1542599.000000,75549924.000000, , , ,0.650391,-0.325195,0.325195
30799.000000,1542600.000000,75549924.000000,0.037700,-0.011600,-0.980200, , , 
30800.000000,1542699.000000,75549924.000000,0.026100,-0.020300,-0.991800, , , 
30801.000000,1542700.000000,75549924.000000, , , ,0.325195,0.000000,0.650391
30802.000000,1542800.000000,75549924.000000,0.031900,0.017400,-0.991800, , , 
30803.000000,1542801.000000,75549924.000000, , , ,0.000000,-0.325195,0.325195
30804.000000,1542892.000000,75549924.000000, , , ,-0.325195,0.325195,0.650391
30805.000000,1542899.000000,75549924.000000,0.023200,-0.017400,-1.026600, , , 
30806.000000,1542993.000000,75549924.000000, , , ,-0.650391,0.325195,0.975586
30807.000000,1543000.000000,75549924.000000,0.029000,-0.014500,-1.012100, , , 
30808.000000,1543094.000000,75549924.000000, , , ,-0.975586,-0.650391,0.650391
30809.000000,1543099.000000,75549924.000000,0.040600,0.002900,-0.980200, , , 
30810.000000,1543195.000000,75549924.000000, , , ,-0.325195,0.000000,0.325195
30811.000000,1543200.000000,75549924.000000,0.020300,0.008700,-0.974400, , , 
30812.000000,1543296.000000,75549924.000000, , , ,-0.650391,-0.325195,0.650391
30813.000000,1543299.000000,75549924.000000,0.029000,0.000000,-0.974400, , , 
30814.000000,1543397.000000,75549924.000000, , , ,0.000000,-0.325195,0.650391
30815.000000,1543400.000000,75549924.000000,0.026100,0.005800,-0.986000, , , 
30816.000000,1543498.000000,75549924.000000, , , ,0.000000,0.325195,0.650391
30817.000000,1543499.000000,75549924.000000,0.037700,0.000000,-1.000500, , , 
30818.000000,1543599.000000,75549924.000000, , , ,-0.650391,0.000000,0.325195
30819.000000,1543600.000000,75549924.000000,0.026100,0.000000,-0.980200, , , 
30820.000000,1543699.000000,75549924.000000,0.031900,0.005800,-0.974400, , , 
30821.000000,1543700.000000,75549924.000000, , , ,-0.325195,0.000000,1.300781
30822.000000,1543800.000000,75549924.000000,0.046400,-0.005800,-0.974400, , , 
30823.000000,1543801.000000,75549924.000000, , , ,0.000000,-0.325195,0.650391
30824.000000,1543892.000000,75549924.000000, , , ,0.000000,-0.325195,0.325195
30825.000000,1543899.000000,75549924.000000,0.017400,0.008700,-0.977300, , , 
30826.000000,1543993.000000,75549924.000000, , , ,0.000000,0.650391,0.650391
30827.000000,1544000.000000,75549924.000000,0.017400,0.002900,-1.017900, , , 
30828.000000,1544094.000000,75549924.000000, , , ,-0.975586,-0.325195,0.650391
30829.000000,1544099.000000,75549924.000000,0.055100,-0.008700,-0.988900, , , 
30830.000000,1544195.000000,75549924.000000, , , ,-0.650391,-1.625977,0.650391
30831.000000,1544200.000000,75549924.000000,0.031900,-0.017400,-0.899000, , , 
30832.000000,1544296.000000,75549924.000000, , , ,-0.325195,-0.975586,0.650391
30833.000000,1544299.000000,75549924.000000,0.014500,0.008700,-0.930900, , , 
30834.000000,1544397.000000,75549924.000000, , , ,-0.650391,0.000000,0.650391
30835.000000,1544400.000000,75549924.000000,0.020300,-0.005800,-1.000500, , , 
30836.000000,1544498.000000,75549924.000000, , , ,-1.300781,0.325195,0.975586
30837.000000,1544499.000000,75549924.000000,0.031900,-0.002900,-1.012100, , , 
30838.000000,1544599.000000,75549924.000000, , , ,-1.625977,-0.975586,0.650391
30839.000000,1544600.000000,75549924.000000,0.031900,0.008700,-0.974400, , , 
30840.000000,1544699.000000,75549924.000000,0.014500,0.005800,-0.971500, , , 
30841.000000,1544700.000000,75549924.000000, , , ,-1.300781,0.000000,0.650391
30842.000000,1544800.000000,75549924.000000,0.040600,0.017400,-0.974400, , , 
30843.000000,1544801.000000,75549924.000000, , , ,-1.625977,-0.650391,0.650391
30844.000000,1544892.000000,75549924.000000, , , ,-0.975586,0.000000,0.650391
30845.000000,1544899.000000,75549924.000000,0.020300,0.011600,-0.974400, , , 
30846.000000,1544993.000000,75549924.000000, , , ,-0.325195,0.000000,0.650391
30847.000000,1545000.000000,75549924.000000,0.017400,0.014500,-1.006300, , , 
30848.000000,1545094.000000,75549924.000000, , , ,-0.650391,-0.325195,0.650391
30849.000000,1545099.000000,75549924.000000,0.031900,0.011600,-0.977300, , , 
30850.000000,1545195.000000,75549924.000000, , , ,-0.325195,0.000000,0.650391
30851.000000,1545200.000000,75549924.000000,0.000000,0.005800,-0.994700, , , 
30852.000000,1545296.000000,75549924.000000, , , ,-0.650391,0.000000,0.650391
30853.000000,1545299.000000,75549924.000000,0.029000,-0.005800,-1.012100, , , 
30854.000000,1545397.000000,75549924.000000, , , ,0.000000,-0.325195,0.650391
30855.000000,1545400.000000,75549924.000000,0.029000,0.029000,-0.959900, , , 
30856.000000,1545498.000000,75549924.000000, , , ,0.000000,-0.650391,0.975586
30857.000000,1545499.000000,75549924.000000,0.005800,0.020300,-0.968600, , , 
30858.000000,1545599.000000,75549924.000000, , , ,-0.325195,0.000000,0.975586
30859.000000,1545600.000000,75549924.000000,0.011600,0.011600,-0.997600, , , 
30860.000000,1545699.000000,75549924.000000,0.029000,0.017400,-0.959900, , , 
30861.000000,1545700.000000,75549924.000000, , , ,-0.325195,-0.650391,0.650391
30862.000000,1545800.000000,75549924.000000,0.020300,0.026100,-0.936700, , , 
30863.000000,1545801.000000,75549924.000000, , , ,-0.325195,-1.300781,0.650391
30864.000000,1545892.000000,75549924.000000, , , ,0.000000,-0.325195,0.975586
30865.000000,1545899.000000,75549924.000000,0.008700,0.029000,-0.948300, , , 
30866.000000,1545993.000000,75549924.000000, , , ,0.000000,-0.650391,1.300781
30867.000000,1546000.000000,75549924.000000,0.011600,0.023200,-0.962800, , , 
30868.000000,1546094.000000,75549924.000000, , , ,0.000000,0.000000,1.300781
30869.000000,1546099.000000,75549924.000000,0.005800,0.040600,-0.988900, , , 
30870.000000,1546195.000000,75549924.000000, , , ,-0.650391,0.000000,0.975586
30871.000000,1546200.000000,75549924.000000,0.008700,0.002900,-1.012100, , , 
30872.000000,1546296.000000,75549924.000000, , , ,-0.975586,0.000000,0.975586
30873.000000,1546299.000000,75549924.000000,0.017400,0.026100,-0.983100, , , 
30874.000000,1546397.000000,75549924.000000, , , ,-0.975586,-1.300781,0.975586
30875.000000,1546400.000000,75549924.000000,0.020300,0.043500,-0.962800, , , 
30876.000000,1546498.000000,75549924.000000, , , ,-0.325195,-0.325195,1.300781
30877.000000,1546499.000000,75549924.000000,0.000000,0.052200,-0.951200, , , 
30878.000000,1546599.000000,75549924.000000, , , ,0.000000,0.325195,1.300781
30879.000000,1546600.000000,75549924.000000,0.020300,0.055100,-0.971500, , , 
30880.000000,1546699.000000,75549924.000000,0.017400,0.034800,-0.980200, , , 
30881.000000,1546700.000000,75549924.000000, , , ,0.000000,-0.650391,1.300781
30882.000000,1546800.000000,75549924.000000,0.020300,0.029000,-0.971500, , , 
30883.000000,1546801.000000,75549924.000000, , , ,0.000000,0.000000,1.300781
30884.000000,1546892.000000,75549924.000000, , , ,0.000000,-0.975586,0.975586
30885.000000,1546899.000000,75549924.000000,0.008700,0.040600,-0.974400, , , 
30886.000000,1546993.000000,75549924.000000, , , ,-0.325195,-0.325195,1.625977
30887.000000,1547000.000000,75549924.000000,0.008700,0.026100,-0.988900, , , 
30888.000000,1547094.000000,75549924.000000, , , ,-0.650391,0.000000,0.975586
30889.000000,1547099.000000,75549924.000000,-0.005800,0.014500,-1.003400, , , 
30890.000000,1547195.000000,75549924.000000, , , ,-0.325195,0.325195,0.975586
30891.000000,1547200.000000,75549924.000000,0.000000,0.020300,-1.035300, , , 
30892.000000,1547296.000000,75549924.000000, , , ,-0.975586,0.000000,0.650391
30893.000000,1547299.000000,75549924.000000,0.017400,0.002900,-1.017900, , , 
30894.000000,1547397.000000,75549924.000000, , , ,-0.650391,-1.300781,0.325195
30895.000000,1547400.000000,75549924.000000,0.023200,0.008700,-0.936700, , , 
30896.000000,1547498.000000,75549924.000000, , , ,-0.325195,-0.325195,0.650391
30897.000000,1547499.000000,75549924.000000,0.000000,0.008700,-0.933800, , , 
30898.000000,1547599.000000,75549924.000000, , , ,-0.975586,-0.325195,0.650391
30899.000000,1547600.000000,75549924.000000,0.011600,-0.017400,-0.971500, , , 
30900.000000,1547699.000000,75549924.000000,0.011600,0.011600,-0.962800, , , 
30901.000000,1547700.000000,75549924.000000, , , ,-0.650391,-0.325195,0.650391
30902.000000,1547800.000000,75549924.000000,0.008700,0.037700,-0.971500, , , 
30903.000000,1547801.000000,75549924.000000, , , ,-0.325195,-0.325195,0.650391
30904.000000,1547892.000000,75549924.000000, , , ,0.000000,-0.325195,0.650391
30905.000000,1547899.000000,75549924.000000,0.011600,0.005800,-0.971500, , , 
30906.000000,1547993.000000,75549924.000000, , , ,0.000000,-0.325195,0.650391
30907.000000,1548000.000000,75549924.000000,0.002900,0.000000,-0.968600, , , 
30908.000000,1548094.000000,75549924.000000, , , ,0.000000,0.000000,0.325195
30909.000000,1548099.000000,75549924.000000,-0.002900,-0.014500,-0.980200, , , 
30910.000000,1548195.000000,75549924.000000, , , ,-0.650391,-0.650391,0.325195
30911.000000,1548200.000000,75549924.000000,0.014500,-0.011600,-0.977300, , , 
30912.000000,1548296.000000,75549924.000000, , , ,-0.325195,-0.975586,0.325195
30913.000000,1548299.000000,75549924.000000,0.014500,0.002900,-0.945400, , , 
30914.000000,1548397.000000,75549924.000000, , , ,0.000000,0.000000,0.650391
30915.000000,1548400.000000,75549924.000000,-0.002900,0.002900,-0.962800, , , 
30916.000000,1548498.000000,75549924.000000, , , ,0.000000,-0.325195,0.325195
30917.000000,1548499.000000,75549924.000000,0.000000,0.014500,-1.000500, , , 
30918.000000,1548599.000000,75549924.000000, , , ,0.000000,0.000000,0.325195
30919.000000,1548600.000000,75549924.000000,0.000000,0.005800,-1.015000, , , 
30920.000000,1548699.000000,75549924.000000,-0.005800,-0.014500,-1.026600, , , 
30921.000000,1548700.000000,75549924.000000, , , ,0.000000,0.000000,0.650391
30922.000000,1548800.000000,75549924.000000,0.023200,-0.026100,-0.977300, , , 
30923.000000,1548801.000000,75549924.000000, , , ,-0.975586,-0.650391,0.325195
30924.000000,1548892.000000,75549924.000000, , , ,-0.975586,-0.975586,0.650391
30925.000000,1548899.000000,75549924.000000,0.002900,0.005800,-0.919300, , , 
30926.000000,1548993.000000,75549924.000000, , , ,-0.975586,-0.650391,0.975586
30927.000000,1549000.000000,75549924.000000,-0.011600,0.000000,-0.951200, , , 
30928.000000,1549094.000000,75549924.000000, , , ,-0.650391,0.000000,0.975586
30929.000000,1549099.000000,75549924.000000,0.011600,0.031900,-0.977300, , , 
30930.000000,1549195.000000,75549924.000000, , , ,-0.975586,0.000000,0.650391
30931.000000,1549200.000000,75549924.000000,-0.017400,-0.008700,-1.015000, , , 
30932.000000,1549296.000000,75549924.000000, , , ,-1.951172,0.650391,0.650391
30933.000000,1549299.000000,75549924.000000,0.000000,0.005800,-1.049800, , , 
30934.000000,1549397.000000,75549924.000000, , , ,-0.975586,0.000000,0.975586
30935.000000,1549400.000000,75549924.000000,0.008700,0.014500,-1.029500, , , 
30936.000000,1549498.000000,75549924.000000, , , ,-0.650391,0.325195,0.650391
30937.000000,1549499.000000,75549924.000000,-0.002900,0.017400,-0.997600, , , 
30938.000000,1549599.000000,75549924.000000, , , ,0.000000,0.000000,0.325195
30939.000000,1549600.000000,75549924.000000,0.008700,0.011600,-0.980200, , , 
30940.000000,1549699.000000,75549924.000000,-0.002900,0.002900,-0.977300, , , 
30941.000000,1549700.000000,75549924.000000, , , ,0.000000,-0.650391,0.650391
30942.000000,1549800.000000,75549924.000000,0.000000,-0.005800,-0.991800, , , 
30943.000000,1549801.000000,75549924.000000, , , ,-0.650391,0.000000,0.650391
30944.000000,1549892.000000,75549924.000000, , , ,-0.975586,0.000000,0.650391
30945.000000,1549899.000000,75549924.000000,-0.011600,0.000000,-0.991800, , , 
30946.000000,1549993.000000,75549924.000000, , , ,-0.975586,0.000000,0.975586
30947.000000,1550000.000000,75549924.000000,0.017400,0.011600,-0.986000, , , 
30948.000000,1550094.000000,75549924.000000, , , ,-0.975586,-0.975586,0.975586
30949.000000,1550099.000000,75549924.000000,0.005800,0.037700,-0.954100, , , 
30950.000000,1550195.000000,75549924.000000, , , ,-0.650391,0.000000,0.975586
30951.000000,1550200.000000,75549924.000000,-0.005800,0.005800,-0.962800, , , 
30952.000000,1550296.000000,75549924.000000, , , ,-0.975586,0.000000,0.975586
30953.000000,1550299.000000,75549924.000000,0.002900,0.008700,-0.977300, , , 
30954.000000,1550397.000000,75549924.000000, , , ,-0.975586,-0.325195,0.975586
30955.000000,1550400.000000,75549924.000000,0.000000,0.002900,-0.980200, , , 
30956.000000,1550498.000000,75549924.000000, , , ,-0.975586,0.000000,0.650391
30957.000000,1550499.000000,75549924.000000,-0.005800,0.026100,-0.988900, , , 
30958.000000,1550599.000000,75549924.000000, , , ,-0.975586,-0.325195,0.975586
30959.000000,1550600.000000,75549924.000000,0.014500,0.029000,-0.983100, , , 
30960.000000,1550699.000000,75549924.000000,0.000000,0.034800,-0.959900, , , 
30961.000000,1550700.000000,75549924.000000, , , ,-0.650391,-0.325195,0.975586
30962.000000,1550800.000000,75549924.000000,-0.026100,0.005800,-0.983100, , , 
30963.000000,1550801.000000,75549924.000000, , , ,-0.975586,-0.325195,0.325195
30964.000000,1550892.000000,75549924.000000, , , ,-0.975586,-0.325195,0.650391
30965.000000,1550899.000000,75549924.000000,0.000000,0.037700,-0.994700, , , 
30966.000000,1550993.000000,75549924.000000, , , ,-0.325195,0.000000,0.650391
30967.000000,1551000.000000,75549924.000000,-0.005800,0.014500,-0.991800, , , 
30968.000000,1551094.000000,75549924.000000, , , ,-0.975586,-0.325195,0.325195
30969.000000,1551099.000000,75549924.000000,0.002900,0.014500,-0.977300, , , 
30970.000000,1551195.000000,75549924.000000, , , ,-0.650391,0.000000,1.300781
30971.000000,1551200.000000,75549924.000000,-0.017400,0.017400,-0.977300, , , 
30972.000000,1551296.000000,75549924.000000, , , ,-0.975586,0.000000,0.975586
30973.000000,1551299.000000,75549924.000000,-0.002900,0.023200,-1.006300, , , 
30974.000000,1551397.000000,75549924.000000, , , ,-1.625977,0.000000,0.975586
30975.000000,1551400.000000,75549924.000000,0.002900,0.034800,-0.980200, , , 
30976.000000,1551498.000000,75549924.000000, , , ,-0.975586,-0.975586,0.975586
30977.000000,1551499.000000,75549924.000000,0.011600,0.046400,-0.957000, , , 
30978.000000,1551599.000000,75549924.000000, , , ,-0.325195,-1.300781,0.975586
30979.000000,1551600.000000,75549924.000000,0.000000,0.031900,-0.948300, , , 
30980.000000,1551699.000000,75549924.000000,-0.023200,0.037700,-0.965700, , , 
30981.000000,1551700.000000,75549924.000000, , , ,-0.975586,-0.325195,1.300781
30982.000000,1551800.000000,75549924.000000,0.000000,0.043500,-1.015000, , , 
30983.000000,1551801.000000,75549924.000000, , , ,-0.650391,0.325195,1.625977
30984.000000,1551892.000000,75549924.000000, , , ,-0.325195,0.000000,1.300781
30985.000000,1551899.000000,75549924.000000,-0.005800,0.049300,-1.026600, , , 
30986.000000,1551993.000000,75549924.000000, , , ,0.000000,0.325195,0.975586
30987.000000,1552000.000000,75549924.000000,0.000000,0.049300,-0.988900, , , 
30988.000000,1552094.000000,75549924.000000, , , ,0.000000,-0.325195,0.975586
30989.000000,1552099.000000,75549924.000000,0.000000,0.040600,-0.974400, , , 
30990.000000,1552195.000000,75549924.000000, , , ,-0.650391,0.000000,1.300781
30991.000000,1552200.000000,75549924.000000,0.005800,0.037700,-0.974400, , , 
30992.000000,1552296.000000,75549924.000000, , , ,-0.975586,-0.325195,1.300781
30993.000000,1552299.000000,75549924.000000,0.002900,0.029000,-0.945400, , , 
30994.000000,1552397.000000,75549924.000000, , , ,-1.300781,-0.650391,1.300781
30995.000000,1552400.000000,75549924.000000,-0.002900,0.049300,-0.951200, , , 
30996.000000,1552498.000000,75549924.000000, , , ,-1.300781,0.000000,1.300781
30997.000000,1552499.000000,75549924.000000,-0.014500,0.046400,-0.988900, , , 
30998.000000,1552599.000000,75549924.000000, , , ,-0.975586,0.325195,1.300781
30999.000000,1552600.000000,75549924.000000,-0.011600,0.058000,-1.015000, , , 
31000.000000,1552699.000000,75549924.000000,0.000000,0.066700,-1.044000, , , 
31001.000000,1552700.000000,75549924.000000, , , ,-0.325195,0.325195,1.300781
31002.000000,1552800.000000,75549924.000000,-0.020300,0.043500,-1.055600, , , 
31003.000000,1552801.000000,75549924.000000, , , ,0.000000,0.975586,1.300781
31004.000000,1552892.000000,75549924.000000, , , ,0.975586,0.650391,0.975586
31005.000000,1552899.000000,75549924.000000,0.008700,0.058000,-1.020800, , , 
31006.000000,1552993.000000,75549924.000000, , , ,1.300781,0.650391,0.650391
31007.000000,1553000.000000,75549924.000000,-0.020300,0.049300,-1.035300, , , 
31008.000000,1553094.000000,75549924.000000, , , ,0.000000,0.975586,0.975586
31009.000000,1553099.000000,75549924.000000,-0.005800,0.034800,-1.061400, , , 
31010.000000,1553195.000000,75549924.000000, , , ,-1.300781,1.625977,1.300781
31011.000000,1553200.000000,75549924.000000,0.005800,-0.011600,-1.044000, , , 
31012.000000,1553296.000000,75549924.000000, , , ,-1.951172,-0.325195,1.300781
31013.000000,1553299.000000,75549924.000000,0.026100,0.029000,-0.959900, , , 
31014.000000,1553397.000000,75549924.000000, , , ,-1.625977,-1.951172,1.300781
31015.000000,1553400.000000,75549924.000000,0.005800,0.040600,-0.881600, , , 
31016.000000,1553498.000000,75549924.000000, , , ,-0.650391,-1.300781,1.300781
31017.000000,1553499.000000,75549924.000000,-0.002900,0.055100,-0.875800, , , 
31018.000000,1553599.000000,75549924.000000, , , ,-0.325195,-0.975586,1.300781
31019.000000,1553600.000000,75549924.000000,-0.008700,0.055100,-0.951200, , , 
31020.000000,1553699.000000,75549924.000000,-0.008700,0.037700,-0.997600, , , 
31021.000000,1553700.000000,75549924.000000, , , ,-0.975586,-0.325195,0.975586
31022.000000,1553800.000000,75549924.000000,0.005800,0.040600,-1.000500, , , 
31023.000000,1553801.000000,75549924.000000, , , ,-0.325195,0.000000,0.975586
31024.000000,1553892.000000,75549924.000000, , , ,-0.325195,0.000000,0.975586
31025.000000,1553899.000000,75549924.000000,0.008700,0.034800,-0.994700, , , 
31026.000000,1553993.000000,75549924.000000, , , ,-0.325195,0.000000,0.650391
31027.000000,1554000.000000,75549924.000000,-0.002900,0.023200,-0.988900, , , 
31028.000000,1554094.000000,75549924.000000, , , ,0.000000,0.000000,0.650391
31029.000000,1554099.000000,75549924.000000,0.002900,0.014500,-0.974400, , , 
31030.000000,1554195.000000,75549924.000000, , , ,-0.325195,0.000000,0.650391
31031.000000,1554200.000000,75549924.000000,0.000000,0.000000,-0.991800, , , 
31032.000000,1554296.000000,75549924.000000, , , ,0.000000,0.000000,0.325195
31033.000000,1554299.000000,75549924.000000,-0.008700,0.008700,-0.983100, , , 
31034.000000,1554397.000000,75549924.000000, , , ,0.000000,-0.650391,0.000000
31035.000000,1554400.000000,75549924.000000,0.002900,-0.002900,-0.977300, , , 
31036.000000,1554498.000000,75549924.000000, , , ,0.000000,0.000000,0.000000
31037.000000,1554499.000000,75549924.000000,0.000000,-0.002900,-0.988900, , , 
31038.000000,1554599.000000,75549924.000000, , , ,0.000000,0.000000,0.000000
31039.000000,1554600.000000,75549924.000000,-0.005800,-0.031900,-0.983100, , , 
31040.000000,1554699.000000,75549924.000000,0.023200,-0.031900,-0.954100, , , 
31041.000000,1554700.000000,75549924.000000, , , ,-0.325195,-0.650391,0.325195
31042.000000,1554800.000000,75549924.000000,-0.020300,-0.031900,-0.965700, , , 
31043.000000,1554801.000000,75549924.000000, , , ,0.000000,-1.300781,-0.325195
31044.000000,1554892.000000,75549924.000000, , , ,-0.325195,0.000000,0.000000
31045.000000,1554899.000000,75549924.000000,-0.002900,-0.034800,-0.968600, , , 
31046.000000,1554993.000000,75549924.000000, , , ,-0.975586,-0.325195,0.000000
31047.000000,1555000.000000,75549924.000000,0.000000,-0.026100,-1.012100, , , 
31048.000000,1555094.000000,75549924.000000, , , ,-0.650391,0.325195,0.000000
31049.000000,1555099.000000,75549924.000000,0.014500,-0.031900,-1.012100, , , 
31050.000000,1555195.000000,75549924.000000, , , ,-0.650391,-0.325195,0.000000
31051.000000,1555200.000000,75549924.000000,0.008700,-0.034800,-0.980200, , , 
31052.000000,1555296.000000,75549924.000000, , , ,-0.975586,-0.325195,0.000000
31053.000000,1555299.000000,75549924.000000,-0.002900,-0.026100,-0.983100, , , 
31054.000000,1555397.000000,75549924.000000, , , ,-0.975586,0.000000,0.000000
31055.000000,1555400.000000,75549924.000000,0.002900,-0.040600,-0.997600, , , 
31056.000000,1555498.000000,75549924.000000, , , ,-0.975586,-0.325195,0.000000
31057.000000,1555499.000000,75549924.000000,0.011600,-0.034800,-0.965700, , , 
31058.000000,1555599.000000,75549924.000000, , , ,-0.975586,-0.325195,0.000000
31059.000000,1555600.000000,75549924.000000,0.005800,-0.011600,-0.957000, , , 
31060.000000,1555699.000000,75549924.000000,-0.002900,-0.011600,-0.945400, , , 
31061.000000,1555700.000000,75549924.000000, , , ,0.000000,-0.325195,-0.325195
31062.000000,1555800.000000,75549924.000000,-0.008700,-0.014500,-0.980200, , , 
31063.000000,1555801.000000,75549924.000000, , , ,0.000000,0.000000,-0.325195
31064.000000,1555892.000000,75549924.000000, , , ,-0.650391,0.000000,0.000000
31065.000000,1555899.000000,75549924.000000,0.002900,-0.040600,-1.012100, , , 
31066.000000,1555993.000000,75549924.000000, , , ,-0.975586,0.000000,0.000000
31067.000000,1556000.000000,75549924.000000,-0.002900,-0.034800,-1.015000, , , 
31068.000000,1556094.000000,75549924.000000, , , ,-1.300781,0.325195,0.325195
31069.000000,1556099.000000,75549924.000000,0.002900,-0.023200,-1.012100, , , 
31070.000000,1556195.000000,75549924.000000, , , ,-0.975586,0.000000,-0.325195
31071.000000,1556200.000000,75549924.000000,0.002900,-0.040600,-0.997600, , , 
31072.000000,1556296.000000,75549924.000000, , , ,-0.325195,0.000000,-0.325195
31073.000000,1556299.000000,75549924.000000,-0.014500,-0.011600,-0.988900, , , 
31074.000000,1556397.000000,75549924.000000, , , ,0.000000,0.000000,0.000000
31075.000000,1556400.000000,75549924.000000,0.020300,0.000000,-0.983100, , , 
31076.000000,1556498.000000,75549924.000000, , , ,0.000000,0.000000,0.000000
31077.000000,1556499.000000,75549924.000000,0.000000,-0.017400,-0.974400, , , 
31078.000000,1556599.000000,75549924.000000, , , ,-0.325195,0.000000,0.000000
31079.000000,1556600.000000,75549924.000000,-0.008700,-0.037700,-1.000500, , , 
31080.000000,1556699.000000,75549924.000000,-0.005800,-0.034800,-1.017900, , , 
31081.000000,1556700.000000,75549924.000000, , , ,-0.650391,0.325195,0.000000
31082.000000,1556800.000000,75549924.000000,0.017400,-0.020300,-0.977300, , , 
31083.000000,1556801.000000,75549924.000000, , , ,-0.325195,-0.325195,-0.325195
31084.000000,1556892.000000,75549924.000000, , , ,-0.975586,-0.650391,0.000000
31085.000000,1556899.000000,75549924.000000,0.000000,-0.017400,-0.945400, , , 
31086.000000,1556993.000000,75549924.000000, , , ,-0.325195,0.000000,0.000000
31087.000000,1557000.000000,75549924.000000,0.000000,-0.034800,-0.974400, , , 
31088.000000,1557094.000000,75549924.000000, , , ,-0.650391,0.000000,0.000000
31089.000000,1557099.000000,75549924.000000,-0.005800,-0.046400,-0.991800, , , 
31090.000000,1557195.000000,75549924.000000, , , ,-0.650391,0.000000,-0.325195
31091.000000,1557200.000000,75549924.000000,0.000000,-0.040600,-0.991800, , , 
31092.000000,1557296.000000,75549924.000000, , , ,-0.975586,-0.325195,-0.650391
31093.000000,1557299.000000,75549924.000000,0.000000,-0.040600,-0.986000, , , 
31094.000000,1557397.000000,75549924.000000, , , ,-0.975586,-0.325195,0.000000
31095.000000,1557400.000000,75549924.000000,-0.008700,-0.034800,-0.983100, , , 
31096.000000,1557498.000000,75549924.000000, , , ,-0.975586,0.325195,-0.325195
31097.000000,1557499.000000,75549924.000000,0.000000,-0.026100,-1.015000, , , 
31098.000000,1557599.000000,75549924.000000, , , ,-0.975586,0.000000,-0.325195
31099.000000,1557600.000000,75549924.000000,0.000000,-0.046400,-1.006300, , , 
31100.000000,1557699.000000,75549924.000000,0.002900,-0.020300,-0.962800, , , 
31101.000000,1557700.000000,75549924.000000, , , ,-0.325195,-0.325195,-0.325195
31102.000000,1557800.000000,75549924.000000,0.005800,-0.023200,-0.994700, , , 
31103.000000,1557801.000000,75549924.000000, , , ,-0.325195,0.000000,-0.325195
31104.000000,1557892.000000,75549924.000000, , , ,-0.650391,0.325195,0.000000
31105.000000,1557899.000000,75549924.000000,0.000000,-0.037700,-1.012100, , , 
31106.000000,1557993.000000,75549924.000000, , , ,-0.650391,0.000000,0.000000
31107.000000,1558000.000000,75549924.000000,0.002900,-0.020300,-0.988900, , , 
31108.000000,1558094.000000,75549924.000000, , , ,-0.325195,0.000000,0.000000
31109.000000,1558099.000000,75549924.000000,0.002900,-0.023200,-0.991800, , , 
31110.000000,1558195.000000,75549924.000000, , , ,-0.975586,0.000000,0.000000
31111.000000,1558200.000000,75549924.000000,0.002900,-0.029000,-0.977300, , , 
31112.000000,1558296.000000,75549924.000000, , , ,-0.650391,-0.650391,0.000000
31113.000000,1558299.000000,75549924.000000,0.002900,0.000000,-0.945400, , , 
31114.000000,1558397.000000,75549924.000000, , , ,-0.325195,-0.650391,0.000000
31115.000000,1558400.000000,75549924.000000,-0.005800,-0.017400,-0.980200, , , 
31116.000000,1558498.000000,75549924.000000, , , ,-0.325195,0.650391,0.000000
31117.000000,1558499.000000,75549924.000000,0.000000,-0.029000,-1.000500, , , 
31118.000000,1558599.000000,75549924.000000, , , ,-0.650391,0.000000,0.000000
31119.000000,1558600.000000,75549924.000000,0.020300,-0.014500,-1.003400, , , 
31120.000000,1558699.000000,75549924.000000,0.008700,-0.026100,-0.988900, , , 
31121.000000,1558700.000000,75549924.000000, , , ,-0.975586,-0.975586,0.000000
31122.000000,1558800.000000,75549924.000000,0.000000,-0.020300,-0.971500, , , 
31123.000000,1558801.000000,75549924.000000, , , ,-0.975586,-0.325195,0.325195
31124.000000,1558892.000000,75549924.000000, , , ,-1.951172,0.325195,0.000000
31125.000000,1558899.000000,75549924.000000,-0.011600,-0.023200,-1.003400, , , 
31126.000000,1558993.000000,75549924.000000, , , ,-2.276367,0.650391,0.000000
31127.000000,1559000.000000,75549924.000000,0.011600,-0.005800,-1.023700, , , 
31128.000000,1559094.000000,75549924.000000, , , ,-1.951172,-0.650391,0.650391
31129.000000,1559099.000000,75549924.000000,0.014500,0.017400,-0.959900, , , 
31130.000000,1559195.000000,75549924.000000, , , ,-0.650391,-0.975586,0.325195
31131.000000,1559200.000000,75549924.000000,-0.005800,0.008700,-0.948300, , , 
31132.000000,1559296.000000,75549924.000000, , , ,0.000000,0.000000,0.325195
31133.000000,1559299.000000,75549924.000000,-0.005800,0.011600,-0.959900, , , 
31134.000000,1559397.000000,75549924.000000, , , ,-0.325195,-0.325195,0.000000
31135.000000,1559400.000000,75549924.000000,0.005800,0.008700,-0.983100, , , 
31136.000000,1559498.000000,75549924.000000, , , ,-0.325195,-0.650391,0.000000
31137.000000,1559499.000000,75549924.000000,0.008700,0.000000,-0.980200, , , 
31138.000000,1559599.000000,75549924.000000, , , ,-0.325195,0.325195,0.000000
31139.000000,1559600.000000,75549924.000000,-0.002900,-0.005800,-0.997600, , , 
31140.000000,1559699.000000,75549924.000000,0.014500,-0.005800,-1.017900, , , 
31141.000000,1559700.000000,75549924.000000, , , ,-0.325195,0.000000,0.000000
31142.000000,1559800.000000,75549924.000000,0.008700,-0.034800,-0.997600, , , 
31143.000000,1559801.000000,75549924.000000, , , ,-0.650391,0.000000,0.000000
31144.000000,1559892.000000,75549924.000000, , , ,-0.650391,0.000000,0.000000
31145.000000,1559899.000000,75549924.000000,0.002900,0.008700,-0.988900, , , 
31146.000000,1559993.000000,75549924.000000, , , ,0.000000,0.000000,0.000000
31147.000000,1560000.000000,75549924.000000,0.020300,-0.008700,-0.991800, , , 
31148.000000,1560094.000000,75549924.000000, , , ,0.000000,-0.325195,0.000000
31149.000000,1560099.000000,75549924.000000,0.029000,-0.002900,-0.945400, , , 
31150.000000,1560195.000000,75549924.000000, , , ,0.000000,-1.300781,0.000000
31151.000000,1560200.000000,75549924.000000,0.014500,-0.023200,-0.933800, , , 
31152.000000,1560296.000000,75549924.000000, , , ,-0.650391,-0.325195,0.325195
31153.000000,1560299.000000,75549924.000000,0.008700,-0.046400,-0.983100, , , 
31154.000000,1560397.000000,75549924.000000, , , ,-1.300781,0.325195,0.000000
31155.000000,1560400.000000,75549924.000000,0.014500,-0.017400,-0.986000, , , 
31156.000000,1560498.000000,75549924.000000, , , ,-0.975586,0.000000,-0.325195
31157.000000,1560499.000000,75549924.000000,0.011600,-0.026100,-1.003400, , , 
31158.000000,1560599.000000,75549924.000000, , , ,0.000000,0.000000,0.000000
31159.000000,1560600.000000,75549924.000000,0.023200,-0.017400,-1.012100, , , 
31160.000000,1560699.000000,75549924.000000,0.002900,-0.017400,-0.974400, , , 
31161.000000,1560700.000000,75549924.000000, , , ,0.000000,0.000000,0.000000
31162.000000,1560800.000000,75549924.000000,0.011600,-0.017400,-0.986000, , , 
31163.000000,1560801.000000,75549924.000000, , , ,0.000000,0.000000,-0.325195
31164.000000,1560892.000000,75549924.000000, , , ,0.000000,0.000000,0.000000
31165.000000,1560899.000000,75549924.000000,0.020300,-0.040600,-0.980200, , , 
31166.000000,1560993.000000,75549924.000000, , , ,0.000000,-0.325195,-0.650391
31167.000000,1561000.000000,75549924.000000,0.014500,-0.026100,-0.951200, , , 
31168.000000,1561094.000000,75549924.000000, , , ,0.000000,-0.975586,-0.325195
31169.000000,1561099.000000,75549924.000000,0.017400,-0.031900,-0.962800, , , 
31170.000000,1561195.000000,75549924.000000, , , ,0.000000,-0.325195,-0.325195
31171.000000,1561200.000000,75549924.000000,0.000000,-0.060900,-0.991800, , , 
31172.000000,1561296.000000,75549924.000000, , , ,0.000000,0.000000,-0.650391
31173.000000,1561299.000000,75549924.000000,0.002900,-0.049300,-1.015000, , , 
31174.000000,1561397.000000,75549924.000000, , , ,0.000000,0.325195,-0.325195
31175.000000,1561400.000000,75549924.000000,0.020300,-0.037700,-1.017900, , , 
31176.000000,1561498.000000,75549924.000000, , , ,0.000000,-0.325195,-0.650391
31177.000000,1561499.000000,75549924.000000,0.014500,-0.049300,-0.980200, , , 
31178.000000,1561599.000000,75549924.000000, , , ,-0.325195,-0.325195,-0.325195
31179.000000,1561600.000000,75549924.000000,0.011600,-0.040600,-0.986000, , , 
31180.000000,1561699.000000,75549924.000000,0.008700,-0.031900,-1.017900, , , 
31181.000000,1561700.000000,75549924.000000, , , ,0.000000,0.650391,0.000000
31182.000000,1561800.000000,75549924.000000,0.011600,-0.031900,-1.026600, , , 
31183.000000,1561801.000000,75549924.000000, , , ,-0.325195,0.325195,-0.325195
31184.000000,1561892.000000,75549924.000000, , , ,-0.325195,0.000000,0.000000
31185.000000,1561899.000000,75549924.000000,0.026100,-0.040600,-0.994700, , , 
31186.000000,1561993.000000,75549924.000000, , , ,-0.325195,0.325195,0.000000
31187.000000,1562000.000000,75549924.000000,0.008700,-0.029000,-0.974400, , , 
31188.000000,1562094.000000,75549924.000000, , , ,-0.975586,-0.650391,0.000000
31189.000000,1562099.000000,75549924.000000,0.008700,-0.037700,-0.974400, , , 
31190.000000,1562195.000000,75549924.000000, , , ,-0.975586,0.000000,0.000000
31191.000000,1562200.000000,75549924.000000,0.031900,-0.031900,-0.977300, , , 
31192.000000,1562296.000000,75549924.000000, , , ,-0.975586,0.325195,0.000000
31193.000000,1562299.000000,75549924.000000,0.000000,-0.031900,-0.988900, , , 
31194.000000,1562397.000000,75549924.000000, , , ,-1.300781,0.000000,0.000000
31195.000000,1562400.000000,75549924.000000,0.014500,-0.037700,-1.032400, , , 
31196.000000,1562498.000000,75549924.000000, , , ,-1.625977,0.000000,0.000000
31197.000000,1562499.000000,75549924.000000,0.029000,-0.043500,-1.035300, , , 
31198.000000,1562599.000000,75549924.000000, , , ,-1.300781,0.650391,-0.325195
31199.000000,1562600.000000,75549924.000000,0.023200,-0.017400,-0.986000, , , 
31200.000000,1562699.000000,75549924.000000,0.017400,-0.014500,-0.942500, , , 
31201.000000,1562700.000000,75549924.000000, , , ,-0.975586,-0.975586,0.000000
31202.000000,1562800.000000,75549924.000000,0.011600,-0.029000,-0.962800, , , 
31203.000000,1562801.000000,75549924.000000, , , ,-0.325195,-0.325195,-0.325195
31204.000000,1562892.000000,75549924.000000, , , ,0.000000,0.000000,-0.325195
31205.000000,1562899.000000,75549924.000000,0.008700,-0.020300,-0.965700, , , 
31206.000000,1562993.000000,75549924.000000, , , ,0.000000,-0.325195,-0.325195
31207.000000,1563000.000000,75549924.000000,-0.002900,-0.043500,-0.988900, , , 
31208.000000,1563094.000000,75549924.000000, , , ,0.000000,0.000000,-0.650391
31209.000000,1563099.000000,75549924.000000,0.011600,-0.046400,-1.006300, , , 
31210.000000,1563195.000000,75549924.000000, , , ,-0.650391,0.325195,-0.650391
31211.000000,1563200.000000,75549924.000000,0.014500,-0.063800,-1.006300, , , 
31212.000000,1563296.000000,75549924.000000, , , ,-1.300781,-0.325195,0.000000
31213.000000,1563299.000000,75549924.000000,0.008700,-0.069600,-1.017900, , , 
31214.000000,1563397.000000,75549924.000000, , , ,-1.300781,0.000000,-0.325195
31215.000000,1563400.000000,75549924.000000,0.023200,-0.049300,-0.983100, , , 
31216.000000,1563498.000000,75549924.000000, , , ,-1.300781,-0.325195,-0.650391
31217.000000,1563499.000000,75549924.000000,0.014500,-0.011600,-0.954100, , , 
31218.000000,1563599.000000,75549924.000000, , , ,-0.325195,-0.650391,-0.650391
31219.000000,1563600.000000,75549924.000000,0.000000,-0.037700,-0.983100, , , 
31220.000000,1563699.000000,75549924.000000,-0.005800,-0.043500,-1.003400, , , 
31221.000000,1563700.000000,75549924.000000, , , ,-0.325195,0.325195,0.000000
31222.000000,1563800.000000,75549924.000000,0.011600,-0.049300,-1.009200, , , 
31223.000000,1563801.000000,75549924.000000, , , ,-0.325195,0.325195,0.000000
31224.000000,1563892.000000,75549924.000000, , , ,-0.975586,-0.975586,-0.325195
31225.000000,1563899.000000,75549924.000000,0.034800,-0.049300,-0.986000, , , 
31226.000000,1563993.000000,75549924.000000, , , ,-1.951172,0.000000,-0.325195
31227.000000,1564000.000000,75549924.000000,0.014500,-0.034800,-0.951200, , , 
31228.000000,1564094.000000,75549924.000000, , , ,-1.625977,-0.325195,0.000000
31229.000000,1564099.000000,75549924.000000,0.000000,-0.026100,-0.980200, , , 
31230.000000,1564195.000000,75549924.000000, , , ,-0.975586,0.000000,-0.325195
31231.000000,1564200.000000,75549924.000000,0.020300,-0.037700,-0.994700, , , 
31232.000000,1564296.000000,75549924.000000, , , ,-0.975586,0.325195,-0.325195
31233.000000,1564299.000000,75549924.000000,-0.008700,-0.023200,-1.000500, , , 
31234.000000,1564397.000000,75549924.000000, , , ,-0.650391,0.000000,0.000000
31235.000000,1564400.000000,75549924.000000,0.029000,-0.017400,-0.991800, , , 
31236.000000,1564498.000000,75549924.000000, , , ,-0.650391,-0.975586,-0.325195
31237.000000,1564499.000000,75549924.000000,0.008700,-0.014500,-0.965700, , , 
31238.000000,1564599.000000,75549924.000000, , , ,-0.650391,0.000000,-0.325195
31239.000000,1564600.000000,75549924.000000,0.008700,-0.020300,-0.954100, , , 
31240.000000,1564699.000000,75549924.000000,0.008700,-0.020300,-0.991800, , , 
31241.000000,1564700.000000,75549924.000000, , , ,0.000000,0.000000,0.000000
31242.000000,1564800.000000,75549924.000000,0.011600,-0.020300,-1.000500, , , 
31243.000000,1564801.000000,75549924.000000, , , ,0.000000,0.000000,-0.325195
31244.000000,1564892.000000,75549924.000000, , , ,0.000000,0.000000,0.000000
31245.000000,1564899.000000,75549924.000000,0.008700,-0.014500,-0.994700, , , 
31246.000000,1564993.000000,75549924.000000, , , ,0.000000,0.000000,-0.325195
31247.000000,1565000.000000,75549924.000000,0.011600,-0.029000,-1.000500, , , 
31248.000000,1565094.000000,75549924.000000, , , ,-0.325195,-0.325195,0.000000
31249.000000,1565099.000000,75549924.000000,0.017400,-0.031900,-0.977300, , , 
31250.000000,1565195.000000,75549924.000000, , , ,-0.325195,0.000000,-0.325195
31251.000000,1565200.000000,75549924.000000,0.020300,-0.037700,-0.962800, , , 
31252.000000,1565296.000000,75549924.000000, , , ,-0.650391,0.000000,0.000000
31253.000000,1565299.000000,75549924.000000,0.023200,-0.043500,-0.971500, , , 
31254.000000,1565397.000000,75549924.000000, , , ,-1.300781,-0.325195,-0.325195
31255.000000,1565400.000000,75549924.000000,0.011600,-0.040600,-0.991800, , , 
31256.000000,1565498.000000,75549924.000000, , , ,-0.975586,0.000000,0.000000
31257.000000,1565499.000000,75549924.000000,0.014500,-0.017400,-0.983100, , , 
31258.000000,1565599.000000,75549924.000000, , , ,-1.300781,0.000000,-0.325195
31259.000000,1565600.000000,75549924.000000,0.005800,-0.023200,-1.006300, , , 
31260.000000,1565699.000000,75549924.000000,0.014500,-0.023200,-1.003400, , , 
31261.000000,1565700.000000,75549924.000000, , , ,-1.300781,0.000000,0.000000
31262.000000,1565800.000000,75549924.000000,0.000000,-0.029000,-0.991800, , , 
31263.000000,1565801.000000,75549924.000000, , , ,-0.975586,-0.325195,0.000000
31264.000000,1565892.000000,75549924.000000, , , ,-0.975586,0.000000,-0.325195
31265.000000,1565899.000000,75549924.000000,0.008700,-0.026100,-0.991800, , , 
31266.000000,1565993.000000,75549924.000000, , , ,-0.650391,-0.650391,0.000000
31267.000000,1566000.000000,75549924.000000,0.005800,-0.011600,-0.983100, , , 
31268.000000,1566094.000000,75549924.000000, , , ,-0.325195,0.000000,0.000000
31269.000000,1566099.000000,75549924.000000,0.002900,-0.011600,-0.991800, , , 
31270.000000,1566195.000000,75549924.000000, , , ,0.000000,0.000000,-0.325195
31271.000000,1566200.000000,75549924.000000,-0.002900,-0.026100,-0.991800, , , 
31272.000000,1566296.000000,75549924.000000, , , ,0.000000,-0.325195,-0.325195
31273.000000,1566299.000000,75549924.000000,0.005800,-0.020300,-0.986000, , , 
31274.000000,1566397.000000,75549924.000000, , , ,0.000000,0.000000,0.000000
31275.000000,1566400.000000,75549924.000000,0.020300,-0.023200,-0.983100, , , 
31276.000000,1566498.000000,75549924.000000, , , ,0.000000,-0.650391,0.000000
31277.000000,1566499.000000,75549924.000000,0.014500,-0.023200,-0.951200, , , 
31278.000000,1566599.000000,75549924.000000, , , ,-0.650391,0.000000,0.000000
31279.000000,1566600.000000,75549924.000000,0.002900,-0.020300,-0.977300, , , 
31280.000000,1566699.000000,75549924.000000,0.029000,-0.034800,-0.994700, , , 
31281.000000,1566700.000000,75549924.000000, , , ,-0.325195,-0.325195,-0.325195
31282.000000,1566800.000000,75549924.000000,0.002900,-0.031900,-0.974400, , , 
31283.000000,1566801.000000,75549924.000000, , , ,-0.650391,-0.325195,0.000000
31284.000000,1566892.000000,75549924.000000, , , ,-0.650391,0.000000,-0.325195
31285.000000,1566899.000000,75549924.000000,0.008700,-0.014500,-0.997600, , , 
31286.000000,1566993.000000,75549924.000000, , , ,-0.650391,0.000000,0.000000
31287.000000,1567000.000000,75549924.000000,0.002900,-0.031900,-1.012100, , , 
31288.000000,1567094.000000,75549924.000000, , , ,-0.650391,0.000000,0.000000
31289.000000,1567099.000000,75549924.000000,0.017400,-0.014500,-0.983100, , , 
31290.000000,1567195.000000,75549924.000000, , , ,-0.650391,0.000000,-0.325195
31291.000000,1567200.000000,75549924.000000,0.000000,-0.026100,-0.994700, , , 
31292.000000,1567296.000000,75549924.000000, , , ,-0.975586,-0.325195,0.000000
31293.000000,1567299.000000,75549924.000000,0.029000,-0.023200,-0.983100, , , 
31294.000000,1567397.000000,75549924.000000, , , ,-0.975586,-0.325195,0.000000
31295.000000,1567400.000000,75549924.000000,0.002900,0.026100,-0.957000, , , 
31296.000000,1567498.000000,75549924.000000, , , ,-0.975586,0.325195,0.325195
31297.000000,1567499.000000,75549924.000000,0.014500,0.000000,-0.997600, , , 
31298.000000,1567599.000000,75549924.000000, , , ,-0.975586,0.000000,0.000000
31299.000000,1567600.000000,75549924.000000,0.011600,-0.008700,-0.997600, , , 
31300.000000,1567699.000000,75549924.000000,0.023200,0.000000,-0.977300, , , 
31301.000000,1567700.000000,75549924.000000, , , ,-0.325195,-0.650391,0.325195
31302.000000,1567800.000000,75549924.000000,0.005800,0.005800,-0.986000, , , 
31303.000000,1567801.000000,75549924.000000, , , ,-0.650391,0.000000,0.325195
31304.000000,1567892.000000,75549924.000000, , , ,-0.650391,0.325195,0.000000
31305.000000,1567899.000000,75549924.000000,0.005800,-0.008700,-0.994700, , , 
31306.000000,1567993.000000,75549924.000000, , , ,-0.325195,-0.650391,0.000000
31307.000000,1568000.000000,75549924.000000,0.023200,0.000000,-0.965700, , , 
31308.000000,1568094.000000,75549924.000000, , , ,-0.325195,-0.325195,0.000000
31309.000000,1568099.000000,75549924.000000,0.017400,-0.005800,-0.977300, , , 
31310.000000,1568195.000000,75549924.000000, , , ,0.000000,-0.325195,0.000000
31311.000000,1568200.000000,75549924.000000,0.017400,-0.008700,-0.962800, , , 
31312.000000,1568296.000000,75549924.000000, , , ,0.000000,-0.325195,0.000000
31313.000000,1568299.000000,75549924.000000,0.008700,0.014500,-0.980200, , , 
31314.000000,1568397.000000,75549924.000000, , , ,0.000000,-0.650391,0.650391
31315.000000,1568400.000000,75549924.000000,0.020300,-0.014500,-0.997600, , , 
31316.000000,1568498.000000,75549924.000000, , , ,0.000000,-0.325195,0.000000
31317.000000,1568499.000000,75549924.000000,0.017400,0.000000,-0.968600, , , 
31318.000000,1568599.000000,75549924.000000, , , ,0.000000,-0.650391,0.000000
31319.000000,1568600.000000,75549924.000000,0.005800,-0.008700,-0.980200, , , 
31320.000000,1568699.000000,75549924.000000,0.011600,-0.020300,-1.000500, , , 
31321.000000,1568700.000000,75549924.000000, , , ,-0.325195,0.000000,0.000000
31322.000000,1568800.000000,75549924.000000,0.026100,-0.031900,-0.988900, , , 
31323.000000,1568801.000000,75549924.000000, , , ,-0.325195,0.000000,0.000000
31324.000000,1568892.000000,75549924.000000, , , ,-0.325195,-0.325195,0.000000
31325.000000,1568899.000000,75549924.000000,0.008700,-0.034800,-0.977300, , , 
31326.000000,1568993.000000,75549924.000000, , , ,-0.325195,0.000000,0.000000
31327.000000,1569000.000000,75549924.000000,0.008700,-0.031900,-0.988900, , , 
31328.000000,1569094.000000,75549924.000000, , , ,-0.325195,0.000000,-0.325195
31329.000000,1569099.000000,75549924.000000,0.037700,-0.037700,-0.988900, , , 
31330.000000,1569195.000000,75549924.000000, , , ,-0.650391,0.000000,-0.325195
31331.000000,1569200.000000,75549924.000000,0.014500,-0.031900,-0.971500, , , 
31332.000000,1569296.000000,75549924.000000, , , ,-0.650391,0.000000,0.000000
31333.000000,1569301.000000,75549924.000000,0.014500,-0.031900,-0.974400, , , 
31334.000000,1569396.000000,75549924.000000, , , ,-0.650391,-0.325195,-0.325195
31335.000000,1569399.000000,75549924.000000,0.014500,-0.040600,-0.983100, , , 
31336.000000,1569497.000000,75549924.000000, , , ,-0.975586,-0.650391,-0.325195
31337.000000,1569500.000000,75549924.000000,0.023200,-0.040600,-0.968600, , , 
31338.000000,1569598.000000,75549924.000000, , , ,-0.650391,-0.650391,-0.325195
31339.000000,1569599.000000,75549924.000000,0.008700,-0.043500,-0.962800, , , 
31340.000000,1569699.000000,75549924.000000, , , ,-0.325195,-0.975586,-0.325195
31341.000000,1569700.000000,75549924.000000,0.029000,-0.031900,-0.959900, , , 
31342.000000,1569799.000000,75549924.000000,0.020300,-0.037700,-0.954100, , , 
31343.000000,1569800.000000,75549924.000000, , , ,0.000000,-0.975586,-0.650391
31344.000000,1569900.000000,75549924.000000,0.005800,-0.046400,-0.994700, , , 
31345.000000,1569901.000000,75549924.000000, , , ,0.000000,0.325195,-0.325195
31346.000000,1569992.000000,75549924.000000, , , ,-0.650391,-0.325195,-0.325195
31347.000000,1569999.000000,75549924.000000,0.029000,-0.055100,-0.977300, , , 
31348.000000,1570093.000000,75549924.000000, , , ,-0.650391,-0.975586,-0.325195
31349.000000,1570100.000000,75549924.000000,0.000000,-0.037700,-0.971500, , , 
31350.000000,1570194.000000,75549924.000000, , , ,-0.650391,-0.325195,0.000000
31351.000000,1570199.000000,75549924.000000,0.026100,-0.034800,-0.991800, , , 
31352.000000,1570295.000000,75549924.000000, , , ,0.000000,-0.650391,-0.325195
31353.000000,1570300.000000,75549924.000000,0.020300,-0.049300,-0.957000, , , 
31354.000000,1570396.000000,75549924.000000, , , ,-0.975586,-0.650391,0.000000
31355.000000,1570399.000000,75549924.000000,0.011600,-0.046400,-0.951200, , , 
31356.000000,1570497.000000,75549924.000000, , , ,-0.650391,-0.325195,-0.325195
31357.000000,1570500.000000,75549924.000000,0.023200,-0.052200,-0.974400, , , 
31358.000000,1570598.000000,75549924.000000, , , ,-0.650391,0.000000,0.000000
31359.000000,1570599.000000,75549924.000000,0.000000,-0.058000,-0.959900, , , 
31360.000000,1570699.000000,75549924.000000, , , ,-0.650391,-0.975586,0.000000
31361.000000,1570700.000000,75549924.000000,0.008700,-0.040600,-0.971500, , , 
31362.000000,1570799.000000,75549924.000000,0.029000,-0.049300,-0.980200, , , 
31363.000000,1570800.000000,75549924.000000, , , ,-0.325195,-0.975586,-0.650391
31364.000000,1570900.000000,75549924.000000,0.023200,-0.058000,-0.948300, , , 
31365.000000,1570901.000000,75549924.000000, , , ,-0.325195,-0.650391,-0.325195
31366.000000,1570992.000000,75549924.000000, , , ,0.000000,0.000000,-0.650391
31367.000000,1570999.000000,75549924.000000,0.037700,-0.023200,-0.965700, , , 
31368.000000,1571093.000000,75549924.000000, , , ,0.000000,-1.625977,-0.325195
31369.000000,1571100.000000,75549924.000000,0.020300,-0.043500,-0.971500, , , 
31370.000000,1571194.000000,75549924.000000, , , ,0.000000,0.000000,-0.325195
31371.000000,1571199.000000,75549924.000000,0.000000,-0.055100,-0.974400, , , 
31372.000000,1571295.000000,75549924.000000, , , ,-0.975586,-0.325195,-0.325195
31373.000000,1571300.000000,75549924.000000,0.008700,-0.043500,-0.997600, , , 
31374.000000,1571396.000000,75549924.000000, , , ,-0.975586,-0.650391,0.000000
31375.000000,1571399.000000,75549924.000000,0.026100,-0.037700,-0.986000, , , 
31376.000000,1571497.000000,75549924.000000, , , ,-0.325195,0.000000,0.000000
31377.000000,1571500.000000,75549924.000000,0.031900,-0.029000,-0.948300, , , 
31378.000000,1571598.000000,75549924.000000, , , ,-1.300781,-0.325195,0.000000
31379.000000,1571599.000000,75549924.000000,0.014500,-0.029000,-0.965700, , , 
31380.000000,1571699.000000,75549924.000000, , , ,-1.625977,-0.650391,0.000000
31381.000000,1571700.000000,75549924.000000,0.005800,-0.031900,-0.986000, , , 
31382.000000,1571799.000000,75549924.000000,0.017400,-0.029000,-0.988900, , , 
31383.000000,1571800.000000,75549924.000000, , , ,-1.625977,0.000000,0.000000
31384.000000,1571900.000000,75549924.000000,0.040600,-0.011600,-0.968600, , , 
31385.000000,1571901.000000,75549924.000000, , , ,-0.975586,-0.650391,-0.325195
31386.000000,1571992.000000,75549924.000000, , , ,-0.975586,-0.650391,-0.650391
31387.000000,1571999.000000,75549924.000000,0.011600,-0.026100,-0.948300, , , 
31388.000000,1572093.000000,75549924.000000, , , ,-0.975586,0.000000,-0.325195
31389.000000,1572100.000000,75549924.000000,0.005800,-0.049300,-0.957000, , , 
31390.000000,1572194.000000,75549924.000000, , , ,-0.975586,-1.300781,-0.325195
31391.000000,1572199.000000,75549924.000000,0.005800,-0.023200,-0.962800, , , 
31392.000000,1572295.000000,75549924.000000, , , ,-1.300781,0.000000,0.000000
31393.000000,1572300.000000,75549924.000000,0.000000,-0.034800,-0.954100, , , 
31394.000000,1572396.000000,75549924.000000, , , ,-1.300781,-0.975586,-0.325195
31395.000000,1572399.000000,75549924.000000,0.011600,-0.034800,-0.962800, , , 
31396.000000,1572497.000000,75549924.000000, , , ,-1.300781,-0.325195,-0.325195
31397.000000,1572500.000000,75549924.000000,0.014500,-0.011600,-0.968600, , , 
31398.000000,1572598.000000,75549924.000000, , , ,-0.325195,0.000000,-0.325195
31399.000000,1572599.000000,75549924.000000,0.011600,-0.043500,-0.968600, , , 
31400.000000,1572699.000000,75549924.000000, , , ,-0.650391,-0.650391,0.325195
31401.000000,1572700.000000,75549924.000000,0.017400,-0.014500,-0.957000, , , 
31402.000000,1572799.000000,75549924.000000,0.014500,-0.034800,-0.951200, , , 
31403.000000,1572800.000000,75549924.000000, , , ,-0.975586,-0.650391,0.000000
31404.000000,1572900.000000,75549924.000000,0.005800,-0.023200,-0.951200, , , 
31405.000000,1572901.000000,75549924.000000, , , ,-0.975586,-1.625977,-0.325195
31406.000000,1572992.000000,75549924.000000, , , ,-1.625977,-0.325195,0.000000
31407.000000,1572999.000000,75549924.000000,0.014500,-0.020300,-0.951200, , , 
31408.000000,1573093.000000,75549924.000000, , , ,-1.300781,-0.650391,0.000000
31409.000000,1573100.000000,75549924.000000,0.008700,-0.014500,-0.962800, , , 
31410.000000,1573194.000000,75549924.000000, , , ,-0.975586,0.000000,0.000000
31411.000000,1573199.000000,75549924.000000,-0.005800,-0.017400,-0.965700, , , 
31412.000000,1573295.000000,75549924.000000, , , ,-0.975586,-0.650391,-0.325195
31413.000000,1573300.000000,75549924.000000,0.008700,0.000000,-0.959900, , , 
31414.000000,1573396.000000,75549924.000000, , , ,-0.325195,-0.325195,-0.325195
31415.000000,1573399.000000,75549924.000000,0.005800,-0.008700,-0.974400, , , 
31416.000000,1573497.000000,75549924.000000, , , ,-0.325195,-0.325195,-0.325195
31417.000000,1573500.000000,75549924.000000,0.005800,-0.005800,-0.962800, , , 
31418.000000,1573598.000000,75549924.000000, , , ,0.325195,-0.650391,0.000000
31419.000000,1573599.000000,75549924.000000,0.005800,-0.005800,-0.954100, , , 
31420.000000,1573699.000000,75549924.000000, , , ,-0.325195,0.000000,0.000000
31421.000000,1573700.000000,75549924.000000,0.000000,-0.026100,-0.971500, , , 
31422.000000,1573799.000000,75549924.000000,-0.005800,-0.014500,-0.983100, , , 
31423.000000,1573800.000000,75549924.000000, , , ,-0.325195,-0.650391,0.000000
31424.000000,1573900.000000,75549924.000000,0.005800,0.002900,-1.000500, , , 
31425.000000,1573901.000000,75549924.000000, , , ,0.000000,0.000000,0.000000
31426.000000,1573992.000000,75549924.000000, , , ,-0.325195,0.000000,0.000000
31427.000000,1573999.000000,75549924.000000,-0.002900,-0.011600,-1.020800, , , 
31428.000000,1574093.000000,75549924.000000, , , ,-0.650391,0.325195,0.000000
31429.000000,1574100.000000,75549924.000000,-0.008700,-0.020300,-1.015000, , , 
31430.000000,1574194.000000,75549924.000000, , , ,0.000000,0.000000,0.000000
31431.000000,1574199.000000,75549924.000000,0.002900,-0.014500,-0.983100, , , 
31432.000000,1574295.000000,75549924.000000, , , ,0.000000,0.000000,0.000000
31433.000000,1574300.000000,75549924.000000,-0.014500,-0.014500,-0.983100, , , 
31434.000000,1574396.000000,75549924.000000, , , ,0.000000,-0.325195,0.000000
31435.000000,1574399.000000,75549924.000000,0.000000,-0.014500,-0.983100, , , 
31436.000000,1574497.000000,75549924.000000, , , ,0.325195,0.000000,-0.325195
31437.000000,1574500.000000,75549924.000000,-0.005800,0.011600,-0.983100, , , 
31438.000000,1574598.000000,75549924.000000, , , ,0.325195,0.000000,-0.325195
31439.000000,1574599.000000,75549924.000000,-0.014500,-0.026100,-1.023700, , , 
31440.000000,1574699.000000,75549924.000000, , , ,0.000000,0.325195,-0.325195
31441.000000,1574700.000000,75549924.000000,-0.005800,-0.043500,-1.009200, , , 
31442.000000,1574799.000000,75549924.000000,-0.014500,-0.034800,-0.974400, , , 
31443.000000,1574800.000000,75549924.000000, , , ,0.000000,-0.325195,0.000000
31444.000000,1574900.000000,75549924.000000,-0.029000,-0.037700,-0.986000, , , 
31445.000000,1574901.000000,75549924.000000, , , ,0.000000,0.000000,0.000000
31446.000000,1574992.000000,75549924.000000, , , ,-0.325195,-0.325195,-0.325195
31447.000000,1574999.000000,75549924.000000,-0.014500,-0.017400,-0.974400, , , 
31448.000000,1575093.000000,75549924.000000, , , ,0.000000,-0.325195,0.000000
31449.000000,1575100.000000,75549924.000000,-0.020300,-0.043500,-0.951200, , , 
31450.000000,1575194.000000,75549924.000000, , , ,0.000000,0.000000,-0.325195
31451.000000,1575199.000000,75549924.000000,-0.023200,-0.014500,-0.968600, , , 
31452.000000,1575295.000000,75549924.000000, , , ,0.000000,0.000000,0.000000
31453.000000,1575300.000000,75549924.000000,-0.020300,-0.043500,-0.991800, , , 
31454.000000,1575396.000000,75549924.000000, , , ,0.000000,-0.325195,0.000000
31455.000000,1575399.000000,75549924.000000,-0.005800,-0.031900,-0.983100, , , 
31456.000000,1575497.000000,75549924.000000, , , ,0.000000,-0.650391,-0.325195
31457.000000,1575500.000000,75549924.000000,-0.020300,-0.052200,-0.962800, , , 
31458.000000,1575598.000000,75549924.000000, , , ,0.000000,0.000000,-0.325195
31459.000000,1575599.000000,75549924.000000,-0.023200,-0.034800,-0.986000, , , 
31460.000000,1575699.000000,75549924.000000, , , ,-0.325195,0.325195,0.000000
31461.000000,1575700.000000,75549924.000000,-0.020300,-0.063800,-1.009200, , , 
31462.000000,1575799.000000,75549924.000000,-0.023200,-0.060900,-0.991800, , , 
31463.000000,1575800.000000,75549924.000000, , , ,-0.975586,-0.325195,-0.325195
31464.000000,1575900.000000,75549924.000000,-0.014500,-0.037700,-0.980200, , , 
31465.000000,1575901.000000,75549924.000000, , , ,-0.325195,0.000000,-0.325195
31466.000000,1575992.000000,75549924.000000, , , ,0.000000,0.000000,-0.650391
31467.000000,1575999.000000,75549924.000000,-0.023200,-0.052200,-0.997600, , , 
31468.000000,1576093.000000,75549924.000000, , , ,-0.325195,0.000000,-0.650391
31469.000000,1576100.000000,75549924.000000,-0.023200,-0.055100,-1.006300, , , 
31470.000000,1576194.000000,75549924.000000, , , ,0.000000,0.325195,-0.650391
31471.000000,1576199.000000,75549924.000000,-0.011600,-0.069600,-1.003400, , , 
31472.000000,1576295.000000,75549924.000000, , , ,-0.650391,-0.325195,-0.325195
31473.000000,1576300.000000,75549924.000000,-0.020300,-0.069600,-0.988900, , , 
31474.000000,1576396.000000,75549924.000000, , , ,-0.975586,0.000000,-0.650391
31475.000000,1576399.000000,75549924.000000,-0.031900,-0.072500,-0.991800, , , 
31476.000000,1576497.000000,75549924.000000, , , ,-1.300781,0.000000,-0.650391
31477.000000,1576500.000000,75549924.000000,-0.005800,-0.055100,-0.980200, , , 
31478.000000,1576598.000000,75549924.000000, , , ,-1.300781,0.000000,-0.325195
31479.000000,1576599.000000,75549924.000000,-0.029000,-0.063800,-0.997600, , , 
31480.000000,1576699.000000,75549924.000000, , , ,-0.975586,0.325195,-0.325195
31481.000000,1576700.000000,75549924.000000,-0.014500,-0.046400,-0.991800, , , 
31482.000000,1576799.000000,75549924.000000,-0.029000,-0.046400,-1.012100, , , 
31483.000000,1576800.000000,75549924.000000, , , ,-0.975586,0.000000,-0.325195
31484.000000,1576900.000000,75549924.000000,-0.020300,-0.069600,-1.035300, , , 
31485.000000,1576901.000000,75549924.000000, , , ,-0.975586,0.975586,-0.325195
31486.000000,1576992.000000,75549924.000000, , , ,-1.625977,0.000000,-0.325195
31487.000000,1576999.000000,75549924.000000,-0.017400,-0.060900,-1.003400, , , 
31488.000000,1577093.000000,75549924.000000, , , ,-0.975586,0.000000,-0.325195
31489.000000,1577100.000000,75549924.000000,-0.023200,-0.040600,-1.000500, , , 
31490.000000,1577194.000000,75549924.000000, , , ,-0.650391,0.000000,-0.650391
31491.000000,1577199.000000,75549924.000000,-0.017400,-0.046400,-1.000500, , , 
31492.000000,1577295.000000,75549924.000000, , , ,-0.650391,-0.650391,-0.325195
31493.000000,1577300.000000,75549924.000000,-0.020300,-0.037700,-0.986000, , , 
31494.000000,1577396.000000,75549924.000000, , , ,-0.975586,0.325195,-0.325195
31495.000000,1577399.000000,75549924.000000,-0.014500,-0.031900,-1.000500, , , 
31496.000000,1577497.000000,75549924.000000, , , ,-0.650391,-0.325195,-0.325195
31497.000000,1577500.000000,75549924.000000,0.000000,-0.029000,-0.986000, , , 
31498.000000,1577598.000000,75549924.000000, , , ,-0.975586,0.000000,0.000000
31499.000000,1577599.000000,75549924.000000,-0.034800,-0.043500,-0.994700, , , 
31500.000000,1577699.000000,75549924.000000, , , ,-0.325195,0.650391,0.000000
31501.000000,1577700.000000,75549924.000000,-0.020300,-0.020300,-1.038200, , , 
31502.000000,1577799.000000,75549924.000000,0.005800,-0.026100,-1.032400, , , 
31503.000000,1577800.000000,75549924.000000, , , ,-0.650391,0.325195,0.000000
31504.000000,1577900.000000,75549924.000000,-0.017400,-0.023200,-0.994700, , , 
31505.000000,1577901.000000,75549924.000000, , , ,-0.650391,0.325195,-0.325195
31506.000000,1577992.000000,75549924.000000, , , ,0.000000,0.000000,0.000000
31507.000000,1577999.000000,75549924.000000,-0.005800,-0.031900,-1.009200, , , 
31508.000000,1578093.000000,75549924.000000, , , ,0.000000,0.000000,0.000000
31509.000000,1578100.000000,75549924.000000,-0.017400,-0.043500,-1.000500, , , 
31510.000000,1578194.000000,75549924.000000, , , ,0.650391,0.000000,-0.325195
31511.000000,1578199.000000,75549924.000000,0.000000,-0.023200,-0.977300, , , 
31512.000000,1578295.000000,75549924.000000, , , ,0.325195,-0.325195,-0.325195
31513.000000,1578300.000000,75549924.000000,0.000000,-0.040600,-0.971500, , , 
31514.000000,1578396.000000,75549924.000000, , , ,0.000000,0.325195,0.000000
31515.000000,1578399.000000,75549924.000000,-0.023200,-0.078300,-0.986000, , , 
31516.000000,1578497.000000,75549924.000000, , , ,-0.650391,0.000000,-0.325195
31517.000000,1578500.000000,75549924.000000,-0.011600,-0.049300,-1.017900, , , 
31518.000000,1578598.000000,75549924.000000, , , ,0.000000,-0.325195,0.000000
31519.000000,1578599.000000,75549924.000000,0.020300,-0.031900,-0.977300, , , 
31520.000000,1578699.000000,75549924.000000, , , ,0.325195,-0.650391,-0.325195
31521.000000,1578700.000000,75549924.000000,-0.002900,-0.043500,-0.954100, , , 
31522.000000,1578799.000000,75549924.000000,0.002900,-0.058000,-0.991800, , , 
31523.000000,1578800.000000,75549924.000000, , , ,0.000000,-0.325195,-0.650391
31524.000000,1578900.000000,75549924.000000,-0.011600,-0.066700,-1.015000, , , 
31525.000000,1578901.000000,75549924.000000, , , ,0.000000,0.000000,-0.650391
31526.000000,1578992.000000,75549924.000000, , , ,-0.325195,0.650391,-0.325195
31527.000000,1578999.000000,75549924.000000,0.002900,-0.069600,-1.009200, , , 
31528.000000,1579093.000000,75549924.000000, , , ,-0.650391,0.000000,-0.325195
31529.000000,1579100.000000,75549924.000000,0.008700,-0.066700,-1.003400, , , 
31530.000000,1579194.000000,75549924.000000, , , ,0.000000,0.000000,-0.325195
31531.000000,1579199.000000,75549924.000000,0.040600,-0.052200,-0.965700, , , 
31532.000000,1579295.000000,75549924.000000, , , ,-0.650391,-0.650391,0.000000
31533.000000,1579300.000000,75549924.000000,0.000000,-0.052200,-0.957000, , , 
31534.000000,1579396.000000,75549924.000000, , , ,-0.650391,0.325195,0.000000
31535.000000,1579399.000000,75549924.000000,-0.002900,-0.066700,-1.017900, , , 
31536.000000,1579497.000000,75549924.000000, , , ,-0.975586,0.000000,0.000000
31537.000000,1579500.000000,75549924.000000,0.023200,-0.046400,-1.009200, , , 
31538.000000,1579598.000000,75549924.000000, , , ,-0.975586,0.325195,0.000000
31539.000000,1579599.000000,75549924.000000,0.020300,-0.040600,-0.988900, , , 
31540.000000,1579699.000000,75549924.000000, , , ,-0.325195,0.000000,-0.325195
31541.000000,1579700.000000,75549924.000000,0.002900,-0.063800,-0.991800, , , 
31542.000000,1579799.000000,75549924.000000,0.008700,-0.037700,-0.977300, , , 
31543.000000,1579800.000000,75549924.000000, , , ,-0.650391,-0.325195,0.000000
31544.000000,1579900.000000,75549924.000000,0.008700,-0.040600,-0.991800, , , 
31545.000000,1579901.000000,75549924.000000, , , ,-0.650391,0.325195,0.000000
31546.000000,1579992.000000,75549924.000000, , , ,-0.650391,0.000000,0.000000
31547.000000,1579999.000000,75549924.000000,0.023200,-0.037700,-0.980200, , , 
31548.000000,1580093.000000,75549924.000000, , , ,-0.650391,-0.650391,-0.325195
31549.000000,1580100.000000,75549924.000000,-0.002900,-0.031900,-0.974400, , , 
31550.000000,1580194.000000,75549924.000000, , , ,-0.650391,-0.325195,0.000000
31551.000000,1580199.000000,75549924.000000,0.020300,-0.031900,-0.988900, , , 
31552.000000,1580295.000000,75549924.000000, , , ,-0.650391,0.650391,0.000000
31553.000000,1580300.000000,75549924.000000,0.008700,-0.040600,-0.994700, , , 
31554.000000,1580396.000000,75549924.000000, , , ,-0.650391,0.000000,-0.325195
31555.000000,1580399.000000,75549924.000000,0.014500,-0.043500,-1.000500, , , 
31556.000000,1580497.000000,75549924.000000, , , ,-0.325195,-0.975586,0.000000
31557.000000,1580500.000000,75549924.000000,0.026100,-0.037700,-0.962800, , , 
31558.000000,1580598.000000,75549924.000000, , , ,-0.650391,-0.650391,-0.325195
31559.000000,1580599.000000,75549924.000000,0.008700,-0.040600,-0.942500, , , 
31560.000000,1580699.000000,75549924.000000, , , ,-0.650391,0.000000,0.000000
31561.000000,1580700.000000,75549924.000000,0.011600,-0.037700,-0.965700, , , 
31562.000000,1580799.000000,75549924.000000,0.017400,-0.043500,-0.957000, , , 
31563.000000,1580800.000000,75549924.000000, , , ,0.000000,-0.650391,0.000000
31564.000000,1580900.000000,75549924.000000,0.000000,-0.046400,-0.971500, , , 
31565.000000,1580901.000000,75549924.000000, , , ,-0.325195,0.000000,-0.325195
31566.000000,1580992.000000,75549924.000000, , , ,-0.975586,0.000000,0.000000
31567.000000,1580999.000000,75549924.000000,0.000000,-0.060900,-1.026600, , , 
31568.000000,1581093.000000,75549924.000000, , , ,-1.300781,0.000000,-0.325195
31569.000000,1581100.000000,75549924.000000,0.031900,-0.043500,-1.017900, , , 
31570.000000,1581194.000000,75549924.000000, , , ,-0.650391,-0.325195,0.000000
31571.000000,1581199.000000,75549924.000000,0.000000,-0.034800,-0.962800, , , 
31572.000000,1581295.000000,75549924.000000, , , ,-0.975586,-0.325195,0.000000
31573.000000,1581300.000000,75549924.000000,0.014500,-0.031900,-0.971500, , , 
31574.000000,1581396.000000,75549924.000000, , , ,-1.300781,0.000000,0.000000
31575.000000,1581399.000000,75549924.000000,0.002900,-0.049300,-0.986000, , , 
31576.000000,1581497.000000,75549924.000000, , , ,-0.975586,0.000000,0.000000
31577.000000,1581500.000000,75549924.000000,0.008700,-0.029000,-0.980200, , , 
31578.000000,1581598.000000,75549924.000000, , , ,-0.975586,0.000000,0.000000
31579.000000,1581599.000000,75549924.000000,0.002900,-0.017400,-0.991800, , , 
31580.000000,1581699.000000,75549924.000000, , , ,-0.975586,-0.975586,0.000000
31581.000000,1581700.000000,75549924.000000,0.017400,-0.043500,-0.997600, , , 
31582.000000,1581799.000000,75549924.000000,0.002900,0.000000,-0.977300, , , 
31583.000000,1581800.000000,75549924.000000, , , ,-0.650391,0.000000,0.325195
31584.000000,1581900.000000,75549924.000000,0.020300,-0.020300,-0.959900, , , 
31585.000000,1581901.000000,75549924.000000, , , ,0.000000,-0.325195,0.000000
31586.000000,1581992.000000,75549924.000000, , , ,-0.325195,-0.975586,0.000000
31587.000000,1581999.000000,75549924.000000,0.014500,-0.040600,-0.942500, , , 
31588.000000,1582093.000000,75549924.000000, , , ,0.000000,-0.325195,0.000000
31589.000000,1582100.000000,75549924.000000,0.017400,-0.017400,-0.957000, , , 
31590.000000,1582194.000000,75549924.000000, , , ,-0.325195,-0.325195,-0.325195
31591.000000,1582199.000000,75549924.000000,0.002900,-0.026100,-0.980200, , , 
31592.000000,1582295.000000,75549924.000000, , , ,-0.325195,0.325195,0.325195
31593.000000,1582300.000000,75549924.000000,0.000000,-0.040600,-1.012100, , , 
31594.000000,1582396.000000,75549924.000000, , , ,-0.325195,0.650391,0.000000
31595.000000,1582399.000000,75549924.000000,0.031900,-0.037700,-1.003400, , , 
31596.000000,1582497.000000,75549924.000000, , , ,-0.650391,-0.325195,0.325195
31597.000000,1582500.000000,75549924.000000,0.029000,-0.023200,-0.945400, , , 
31598.000000,1582598.000000,75549924.000000, , , ,-0.325195,-0.975586,0.000000
31599.000000,1582599.000000,75549924.000000,0.000000,-0.031900,-0.965700, , , 
31600.000000,1582699.000000,75549924.000000, , , ,-0.325195,0.000000,0.000000
31601.000000,1582700.000000,75549924.000000,0.017400,-0.043500,-0.991800, , , 
31602.000000,1582799.000000,75549924.000000,0.011600,-0.055100,-0.962800, , , 
31603.000000,1582800.000000,75549924.000000, , , ,-0.650391,-0.325195,0.000000
31604.000000,1582900.000000,75549924.000000,0.000000,-0.034800,-0.968600, , , 
31605.000000,1582901.000000,75549924.000000, , , ,0.000000,-0.975586,-0.325195
31606.000000,1582992.000000,75549924.000000, , , ,0.000000,-0.325195,-0.325195
31607.000000,1582999.000000,75549924.000000,0.014500,-0.034800,-0.986000, , , 
31608.000000,1583093.000000,75549924.000000, , , ,-0.325195,0.000000,-0.325195
31609.000000,1583100.000000,75549924.000000,0.000000,-0.049300,-1.003400, , , 
31610.000000,1583194.000000,75549924.000000, , , ,-0.650391,0.000000,-0.325195
31611.000000,1583199.000000,75549924.000000,0.000000,-0.060900,-1.026600, , , 
31612.000000,1583295.000000,75549924.000000, , , ,-0.650391,0.325195,-0.325195
31613.000000,1583300.000000,75549924.000000,0.029000,-0.037700,-0.986000, , , 
31614.000000,1583396.000000,75549924.000000, , , ,-0.325195,-0.325195,-0.975586
31615.000000,1583399.000000,75549924.000000,0.000000,-0.066700,-0.980200, , , 
31616.000000,1583497.000000,75549924.000000, , , ,0.000000,0.325195,-0.325195
31617.000000,1583500.000000,75549924.000000,0.014500,-0.055100,-0.988900, , , 
31618.000000,1583598.000000,75549924.000000, , , ,-0.325195,-0.650391,-0.650391
31619.000000,1583599.000000,75549924.000000,0.008700,-0.075400,-0.991800, , , 
31620.000000,1583699.000000,75549924.000000, , , ,-0.650391,0.000000,-0.650391
31621.000000,1583700.000000,75549924.000000,0.026100,-0.078300,-0.994700, , , 
31622.000000,1583799.000000,75549924.000000,0.043500,-0.063800,-0.965700, , , 
31623.000000,1583800.000000,75549924.000000, , , ,-0.975586,0.000000,-0.650391
31624.000000,1583900.000000,75549924.000000,0.017400,-0.066700,-0.933800, , , 
31625.000000,1583901.000000,75549924.000000, , , ,-0.325195,-0.975586,0.325195
31626.000000,1583992.000000,75549924.000000, , , ,0.000000,-0.650391,-0.325195
31627.000000,1583999.000000,75549924.000000,-0.005800,-0.055100,-0.965700, , , 
31628.000000,1584093.000000,75549924.000000, , , ,-0.975586,0.325195,-0.650391
31629.000000,1584100.000000,75549924.000000,0.005800,-0.092800,-1.023700, , , 
31630.000000,1584194.000000,75549924.000000, , , ,-1.951172,0.000000,-0.325195
31631.000000,1584199.000000,75549924.000000,0.017400,-0.075400,-1.012100, , , 
31632.000000,1584295.000000,75549924.000000, , , ,-0.650391,-0.325195,-0.325195
31633.000000,1584300.000000,75549924.000000,0.034800,-0.023200,-0.936700, , , 
31634.000000,1584396.000000,75549924.000000, , , ,0.000000,-1.300781,-0.325195
31635.000000,1584399.000000,75549924.000000,0.014500,-0.026100,-0.910600, , , 
31636.000000,1584497.000000,75549924.000000, , , ,0.325195,0.000000,-0.325195
31637.000000,1584500.000000,75549924.000000,-0.002900,-0.049300,-0.957000, , , 
31638.000000,1584598.000000,75549924.000000, , , ,-0.325195,1.300781,-0.325195
31639.000000,1584599.000000,75549924.000000,-0.002900,-0.055100,-1.038200, , , 
31640.000000,1584699.000000,75549924.000000, , , ,-1.625977,0.650391,0.000000
31641.000000,1584700.000000,75549924.000000,0.014500,-0.072500,-1.067200, , , 
31642.000000,1584799.000000,75549924.000000,0.023200,-0.040600,-0.974400, , , 
31643.000000,1584800.000000,75549924.000000, , , ,-1.300781,-0.975586,0.000000
31644.000000,1584900.000000,75549924.000000,0.002900,-0.069600,-0.951200, , , 
31645.000000,1584901.000000,75549924.000000, , , ,-0.975586,0.000000,0.000000
31646.000000,1584992.000000,75549924.000000, , , ,-0.975586,-0.325195,0.000000
31647.000000,1584999.000000,75549924.000000,0.011600,-0.040600,-0.977300, , , 
31648.000000,1585093.000000,75549924.000000, , , ,-0.975586,0.000000,0.325195
31649.000000,1585100.000000,75549924.000000,0.017400,-0.037700,-0.980200, , , 
31650.000000,1585194.000000,75549924.000000, , , ,-0.975586,0.325195,0.000000
31651.000000,1585199.000000,75549924.000000,-0.008700,-0.040600,-0.991800, , , 
31652.000000,1585295.000000,75549924.000000, , , ,-1.300781,-0.650391,0.000000
31653.000000,1585300.000000,75549924.000000,0.020300,-0.031900,-1.006300, , , 
31654.000000,1585396.000000,75549924.000000, , , ,-0.975586,0.000000,0.000000
31655.000000,1585399.000000,75549924.000000,0.014500,-0.029000,-0.991800, , , 
31656.000000,1585497.000000,75549924.000000, , , ,-0.650391,0.000000,0.000000
31657.000000,1585500.000000,75549924.000000,0.005800,-0.026100,-1.003400, , , 
31658.000000,1585598.000000,75549924.000000, , , ,-0.650391,0.000000,0.000000
31659.000000,1585599.000000,75549924.000000,0.014500,-0.026100,-0.965700, , , 
31660.000000,1585699.000000,75549924.000000, , , ,-0.650391,-0.975586,0.000000
31661.000000,1585700.000000,75549924.000000,0.000000,-0.037700,-0.939600, , , 
31662.000000,1585799.000000,75549924.000000,-0.011600,-0.034800,-0.991800, , , 
31663.000000,1585800.000000,75549924.000000, , , ,-0.650391,0.000000,0.000000
31664.000000,1585900.000000,75549924.000000,0.020300,-0.043500,-1.003400, , , 
31665.000000,1585901.000000,75549924.000000, , , ,-0.975586,0.000000,0.000000
31666.000000,1585992.000000,75549924.000000, , , ,-0.650391,0.000000,0.000000
31667.000000,1585999.000000,75549924.000000,-0.011600,-0.026100,-1.003400, , , 
31668.000000,1586093.000000,75549924.000000, , , ,-0.325195,0.000000,0.000000
31669.000000,1586100.000000,75549924.000000,0.023200,-0.008700,-0.983100, , , 
31670.000000,1586194.000000,75549924.000000, , , ,0.000000,-0.975586,0.325195
31671.000000,1586199.000000,75549924.000000,0.002900,-0.023200,-0.957000, , , 
31672.000000,1586295.000000,75549924.000000, , , ,0.000000,-0.325195,0.000000
31673.000000,1586300.000000,75549924.000000,0.000000,-0.031900,-0.986000, , , 
31674.000000,1586396.000000,75549924.000000, , , ,-0.975586,0.325195,0.000000
31675.000000,1586399.000000,75549924.000000,0.005800,-0.052200,-0.991800, , , 
31676.000000,1586497.000000,75549924.000000, , , ,-1.951172,0.000000,0.000000
31677.000000,1586500.000000,75549924.000000,0.005800,-0.023200,-0.994700, , , 
31678.000000,1586598.000000,75549924.000000, , , ,-1.300781,0.000000,0.650391
31679.000000,1586599.000000,75549924.000000,0.017400,-0.008700,-0.968600, , , 
31680.000000,1586699.000000,75549924.000000, , , ,-1.300781,0.000000,0.000000
31681.000000,1586700.000000,75549924.000000,-0.011600,-0.014500,-0.977300, , , 
31682.000000,1586799.000000,75549924.000000,0.011600,-0.014500,-0.997600, , , 
31683.000000,1586800.000000,75549924.000000, , , ,-0.975586,0.000000,0.000000
31684.000000,1586900.000000,75549924.000000,0.002900,-0.011600,-0.988900, , , 
31685.000000,1586901.000000,75549924.000000, , , ,-0.325195,0.000000,-0.325195
31686.000000,1586992.000000,75549924.000000, , , ,0.000000,-0.325195,0.000000
31687.000000,1586999.000000,75549924.000000,0.005800,-0.017400,-0.974400, , , 
31688.000000,1587093.000000,75549924.000000, , , ,-0.325195,0.000000,0.000000
31689.000000,1587100.000000,75549924.000000,0.002900,-0.031900,-0.965700, , , 
31690.000000,1587194.000000,75549924.000000, , , ,0.000000,-0.325195,0.000000
31691.000000,1587199.000000,75549924.000000,0.005800,-0.020300,-0.945400, , , 
31692.000000,1587295.000000,75549924.000000, , , ,0.000000,-0.975586,0.000000
31693.000000,1587300.000000,75549924.000000,0.000000,-0.034800,-0.957000, , , 
31694.000000,1587396.000000,75549924.000000, , , ,-0.650391,0.000000,0.000000
31695.000000,1587399.000000,75549924.000000,0.008700,-0.029000,-0.974400, , , 
31696.000000,1587497.000000,75549924.000000, , , ,-0.975586,-0.325195,0.000000
31697.000000,1587500.000000,75549924.000000,0.000000,-0.023200,-1.003400, , , 
31698.000000,1587598.000000,75549924.000000, , , ,0.000000,0.325195,0.000000
31699.000000,1587599.000000,75549924.000000,0.005800,-0.014500,-0.983100, , , 
31700.000000,1587699.000000,75549924.000000, , , ,0.325195,-0.325195,0.000000
31701.000000,1587700.000000,75549924.000000,-0.005800,-0.020300,-0.971500, , , 
31702.000000,1587799.000000,75549924.000000,-0.002900,-0.040600,-1.003400, , , 
31703.000000,1587800.000000,75549924.000000, , , ,0.000000,0.000000,0.000000
31704.000000,1587900.000000,75549924.000000,-0.002900,-0.049300,-1.038200, , , 
31705.000000,1587901.000000,75549924.000000, , , ,-0.975586,0.650391,0.000000
31706.000000,1587992.000000,75549924.000000, , , ,-1.951172,0.325195,0.000000
31707.000000,1587999.000000,75549924.000000,0.023200,-0.034800,-1.023700, , , 
31708.000000,1588093.000000,75549924.000000, , , ,-0.650391,0.000000,0.650391
31709.000000,1588100.000000,75549924.000000,0.002900,-0.011600,-0.986000, , , 
31710.000000,1588194.000000,75549924.000000, , , ,-1.300781,0.325195,0.000000
31711.000000,1588199.000000,75549924.000000,0.002900,-0.037700,-0.983100, , , 
31712.000000,1588295.000000,75549924.000000, , , ,-1.625977,0.000000,0.000000
31713.000000,1588300.000000,75549924.000000,0.005800,-0.014500,-0.974400, , , 
31714.000000,1588396.000000,75549924.000000, , , ,-1.300781,0.325195,0.325195
31715.000000,1588399.000000,75549924.000000,0.008700,-0.014500,-0.983100, , , 
31716.000000,1588497.000000,75549924.000000, , , ,-0.650391,-0.325195,0.000000
31717.000000,1588500.000000,75549924.000000,0.008700,-0.014500,-0.959900, , , 
31718.000000,1588598.000000,75549924.000000, , , ,-0.325195,-0.325195,0.000000
31719.000000,1588599.000000,75549924.000000,0.000000,-0.005800,-0.948300, , , 
31720.000000,1588699.000000,75549924.000000, , , ,-0.650391,-0.325195,0.000000
31721.000000,1588700.000000,75549924.000000,0.000000,0.000000,-0.965700, , , 
31722.000000,1588799.000000,75549924.000000,0.008700,-0.017400,-0.974400, , , 
31723.000000,1588800.000000,75549924.000000, , , ,-0.975586,-0.650391,0.000000
31724.000000,1588900.000000,75549924.000000,0.002900,0.002900,-0.962800, , , 
31725.000000,1588901.000000,75549924.000000, , , ,-0.650391,-0.325195,0.000000
31726.000000,1588992.000000,75549924.000000, , , ,-0.650391,0.000000,0.000000
31727.000000,1588999.000000,75549924.000000,-0.017400,-0.020300,-0.994700, , , 
31728.000000,1589093.000000,75549924.000000, , , ,-0.650391,0.000000,0.000000
31729.000000,1589100.000000,75549924.000000,0.005800,-0.017400,-0.994700, , , 
31730.000000,1589194.000000,75549924.000000, , , ,-0.325195,-0.650391,0.000000
31731.000000,1589199.000000,75549924.000000,0.000000,-0.031900,-0.980200, , , 
31732.000000,1589295.000000,75549924.000000, , , ,-0.325195,-0.650391,0.000000
31733.000000,1589300.000000,75549924.000000,0.008700,-0.017400,-0.980200, , , 
31734.000000,1589396.000000,75549924.000000, , , ,-0.650391,0.000000,0.000000
31735.000000,1589399.000000,75549924.000000,-0.002900,-0.014500,-1.009200, , , 
31736.000000,1589497.000000,75549924.000000, , , ,-0.650391,0.000000,0.650391
31737.000000,1589500.000000,75549924.000000,0.031900,-0.014500,-0.965700, , , 
31738.000000,1589598.000000,75549924.000000, , , ,-0.325195,-1.625977,0.000000
31739.000000,1589599.000000,75549924.000000,0.011600,-0.008700,-0.910600, , , 
31740.000000,1589699.000000,75549924.000000, , , ,-0.325195,-0.975586,0.000000
31741.000000,1589700.000000,75549924.000000,-0.005800,-0.008700,-0.933800, , , 
31742.000000,1589799.000000,75549924.000000,0.000000,-0.026100,-0.980200, , , 
31743.000000,1589800.000000,75549924.000000, , , ,0.000000,0.650391,0.000000
31744.000000,1589900.000000,75549924.000000,-0.005800,-0.031900,-0.986000, , , 
31745.000000,1589901.000000,75549924.000000, , , ,-0.325195,-0.650391,-0.325195
31746.000000,1589992.000000,75549924.000000, , , ,-0.650391,0.000000,0.000000
31747.000000,1589999.000000,75549924.000000,0.002900,-0.040600,-0.997600, , , 
31748.000000,1590093.000000,75549924.000000, , , ,-0.975586,0.325195,0.000000
31749.000000,1590100.000000,75549924.000000,-0.011600,-0.040600,-1.015000, , , 
31750.000000,1590194.000000,75549924.000000, , , ,-0.975586,0.000000,0.000000
31751.000000,1590199.000000,75549924.000000,-0.005800,-0.040600,-1.029500, , , 
31752.000000,1590295.000000,75549924.000000, , , ,-0.650391,1.625977,-0.650391
31753.000000,1590300.000000,75549924.000000,-0.002900,-0.055100,-1.052700, , , 
31754.000000,1590396.000000,75549924.000000, , , ,-0.975586,0.000000,-0.650391
31755.000000,1590399.000000,75549924.000000,0.008700,-0.046400,-1.017900, , , 
31756.000000,1590497.000000,75549924.000000, , , ,-0.975586,-0.650391,-0.650391
31757.000000,1590500.000000,75549924.000000,-0.002900,-0.058000,-0.962800, , , 
31758.000000,1590598.000000,75549924.000000, , , ,0.000000,-0.650391,-0.325195
31759.000000,1590599.000000,75549924.000000,0.002900,-0.043500,-0.948300, , , 
31760.000000,1590699.000000,75549924.000000, , , ,-0.650391,-1.625977,-0.325195
31761.000000,1590700.000000,75549924.000000,0.011600,-0.043500,-0.939600, , , 
31762.000000,1590799.000000,75549924.000000,-0.011600,-0.058000,-0.971500, , , 
31763.000000,1590800.000000,75549924.000000, , , ,-0.650391,-0.325195,-0.650391
31764.000000,1590900.000000,75549924.000000,0.005800,-0.049300,-0.983100, , , 
31765.000000,1590901.000000,75549924.000000, , , ,-0.325195,0.000000,-0.325195
31766.000000,1591000.000000,75549924.000000,0.000000,-0.046400,-0.974400, , , 
31767.000000,1591001.000000,75549924.000000, , , ,-0.975586,-0.975586,-0.325195
31768.000000,1591092.000000,75549924.000000, , , ,-0.650391,0.325195,-0.325195
31769.000000,1591099.000000,75549924.000000,-0.008700,-0.046400,-1.017900, , , 
31770.000000,1591193.000000,75549924.000000, , , ,-0.325195,0.000000,-0.325195
31771.000000,1591200.000000,75549924.000000,0.011600,-0.040600,-1.009200, , , 
31772.000000,1591294.000000,75549924.000000, , , ,-0.325195,-0.325195,0.000000
31773.000000,1591299.000000,75549924.000000,0.002900,-0.011600,-0.965700, , , 
31774.000000,1591395.000000,75549924.000000, , , ,0.000000,0.000000,0.000000
31775.000000,1591400.000000,75549924.000000,0.008700,-0.026100,-0.957000, , , 
31776.000000,1591496.000000,75549924.000000, , , ,0.000000,-0.325195,0.000000
31777.000000,1591499.000000,75549924.000000,0.002900,-0.023200,-0.962800, , , 
31778.000000,1591597.000000,75549924.000000, , , ,-0.325195,-0.650391,0.000000
31779.000000,1591600.000000,75549924.000000,0.000000,-0.014500,-0.957000, , , 
31780.000000,1591698.000000,75549924.000000, , , ,-0.325195,-0.325195,0.000000
31781.000000,1591699.000000,75549924.000000,0.000000,-0.023200,-0.977300, , , 
31782.000000,1591799.000000,75549924.000000, , , ,-1.300781,0.650391,0.325195
31783.000000,1591800.000000,75549924.000000,-0.008700,-0.026100,-1.015000, , , 
31784.000000,1591899.000000,75549924.000000,0.014500,0.000000,-1.029500, , , 
31785.000000,1591900.000000,75549924.000000, , , ,-0.650391,0.325195,0.000000
31786.000000,1592000.000000,75549924.000000,0.002900,-0.029000,-1.000500, , , 
31787.000000,1592001.000000,75549924.000000, , , ,-0.650391,0.000000,0.000000
31788.000000,1592092.000000,75549924.000000, , , ,0.000000,-0.650391,-0.325195
31789.000000,1592099.000000,75549924.000000,0.000000,-0.029000,-0.977300, , , 
31790.000000,1592193.000000,75549924.000000, , , ,0.000000,0.000000,-0.325195
31791.000000,1592200.000000,75549924.000000,0.005800,-0.026100,-0.977300, , , 
31792.000000,1592294.000000,75549924.000000, , , ,-0.650391,0.000000,0.000000
31793.000000,1592299.000000,75549924.000000,0.011600,-0.046400,-0.986000, , , 
31794.000000,1592395.000000,75549924.000000, , , ,-0.325195,-0.325195,0.000000
31795.000000,1592400.000000,75549924.000000,0.008700,-0.008700,-0.962800, , , 
31796.000000,1592496.000000,75549924.000000, , , ,0.325195,-0.325195,-0.325195
31797.000000,1592499.000000,75549924.000000,-0.002900,-0.029000,-0.951200, , , 
31798.000000,1592597.000000,75549924.000000, , , ,0.325195,-0.650391,-0.325195
31799.000000,1592600.000000,75549924.000000,0.000000,-0.037700,-0.971500, , , 
31800.000000,1592698.000000,75549924.000000, , , ,0.000000,-0.650391,-0.325195
31801.000000,1592699.000000,75549924.000000,0.011600,-0.046400,-0.957000, , , 
31802.000000,1592799.000000,75549924.000000, , , ,0.000000,0.000000,-0.325195
31803.000000,1592800.000000,75549924.000000,-0.020300,-0.037700,-0.974400, , , 
31804.000000,1592899.000000,75549924.000000,-0.002900,-0.066700,-1.000500, , , 
31805.000000,1592900.000000,75549924.000000, , , ,-0.325195,0.000000,-0.325195
31806.000000,1593000.000000,75549924.000000,0.023200,-0.060900,-0.962800, , , 
31807.000000,1593001.000000,75549924.000000, , , ,-0.975586,-1.625977,-0.325195
31808.000000,1593092.000000,75549924.000000, , , ,-1.300781,-0.975586,0.000000
31809.000000,1593099.000000,75549924.000000,-0.029000,-0.037700,-0.977300, , , 
31810.000000,1593193.000000,75549924.000000, , , ,-0.650391,0.325195,-0.325195
31811.000000,1593200.000000,75549924.000000,0.017400,-0.049300,-1.006300, , , 
31812.000000,1593294.000000,75549924.000000, , , ,-0.650391,-0.325195,0.000000
31813.000000,1593299.000000,75549924.000000,0.005800,-0.037700,-0.977300, , , 
31814.000000,1593395.000000,75549924.000000, , , ,-0.650391,0.325195,0.000000
31815.000000,1593400.000000,75549924.000000,-0.002900,-0.034800,-0.991800, , , 
31816.000000,1593496.000000,75549924.000000, , , ,-1.300781,-0.325195,0.000000
31817.000000,1593499.000000,75549924.000000,-0.008700,-0.031900,-1.000500, , , 
31818.000000,1593597.000000,75549924.000000, , , ,-1.300781,0.000000,0.000000
31819.000000,1593600.000000,75549924.000000,0.000000,-0.020300,-0.991800, , , 
31820.000000,1593698.000000,75549924.000000, , , ,-0.650391,0.650391,0.000000
31821.000000,1593699.000000,75549924.000000,-0.002900,-0.017400,-1.017900, , , 
31822.000000,1593799.000000,75549924.000000, , , ,-0.650391,0.325195,0.325195
31823.000000,1593800.000000,75549924.000000,0.000000,-0.014500,-1.017900, , , 
31824.000000,1593899.000000,75549924.000000,0.000000,0.011600,-0.980200, , , 
31825.000000,1593900.000000,75549924.000000, , , ,0.000000,0.325195,0.000000
31826.000000,1594000.000000,75549924.000000,0.011600,-0.029000,-0.968600, , , 
31827.000000,1594001.000000,75549924.000000, , , ,-0.650391,-0.975586,0.000000
31828.000000,1594092.000000,75549924.000000, , , ,-0.325195,0.000000,0.000000
31829.000000,1594099.000000,75549924.000000,-0.008700,-0.043500,-0.980200, , , 
31830.000000,1594193.000000,75549924.000000, , , ,-1.300781,0.000000,0.000000
31831.000000,1594200.000000,75549924.000000,-0.011600,-0.020300,-1.012100, , , 
31832.000000,1594294.000000,75549924.000000, , , ,-1.300781,0.325195,0.000000
31833.000000,1594299.000000,75549924.000000,0.014500,-0.017400,-1.029500, , , 
31834.000000,1594395.000000,75549924.000000, , , ,-0.325195,-0.650391,0.000000
31835.000000,1594400.000000,75549924.000000,0.017400,-0.017400,-0.974400, , , 
31836.000000,1594496.000000,75549924.000000, , , ,-0.650391,-0.325195,0.325195
31837.000000,1594499.000000,75549924.000000,-0.005800,-0.005800,-0.957000, , , 
31838.000000,1594597.000000,75549924.000000, , , ,-0.975586,-0.650391,0.000000
31839.000000,1594600.000000,75549924.000000,0.008700,-0.005800,-0.968600, , , 
31840.000000,1594698.000000,75549924.000000, , , ,-0.975586,-0.325195,0.000000
31841.000000,1594699.000000,75549924.000000,0.005800,-0.014500,-0.957000, , , 
31842.000000,1594799.000000,75549924.000000, , , ,-0.975586,0.325195,0.325195
31843.000000,1594800.000000,75549924.000000,-0.023200,-0.020300,-0.994700, , , 
31844.000000,1594899.000000,75549924.000000,0.002900,-0.002900,-1.015000, , , 
31845.000000,1594900.000000,75549924.000000, , , ,-1.300781,0.000000,0.325195
31846.000000,1595000.000000,75549924.000000,0.002900,-0.017400,-1.015000, , , 
31847.000000,1595001.000000,75549924.000000, , , ,-1.300781,0.000000,0.650391
31848.000000,1595092.000000,75549924.000000, , , ,-0.650391,0.325195,0.325195
31849.000000,1595099.000000,75549924.000000,0.002900,-0.005800,-1.000500, , , 
31850.000000,1595193.000000,75549924.000000, , , ,-0.325195,-0.975586,0.325195
31851.000000,1595200.000000,75549924.000000,0.031900,0.000000,-0.930900, , , 
31852.000000,1595294.000000,75549924.000000, , , ,0.000000,-1.300781,0.325195
31853.000000,1595299.000000,75549924.000000,-0.005800,-0.014500,-0.916400, , , 
31854.000000,1595395.000000,75549924.000000, , , ,0.000000,0.000000,0.000000
31855.000000,1595400.000000,75549924.000000,0.005800,0.000000,-0.968600, , , 
31856.000000,1595496.000000,75549924.000000, , , ,0.000000,0.000000,0.000000
31857.000000,1595499.000000,75549924.000000,0.008700,0.020300,-0.997600, , , 
31858.000000,1595597.000000,75549924.000000, , , ,0.325195,0.000000,0.000000
31859.000000,1595600.000000,75549924.000000,0.005800,0.005800,-0.980200, , , 
31860.000000,1595698.000000,75549924.000000, , , ,0.650391,0.000000,0.000000
31861.000000,1595699.000000,75549924.000000,-0.002900,-0.008700,-0.974400, , , 
31862.000000,1595799.000000,75549924.000000, , , ,0.650391,0.000000,0.000000
31863.000000,1595800.000000,75549924.000000,0.020300,0.000000,-0.994700, , , 
31864.000000,1595899.000000,75549924.000000,-0.011600,-0.017400,-0.980200, , , 
31865.000000,1595900.000000,75549924.000000, , , ,0.325195,-0.325195,0.000000
31866.000000,1596000.000000,75549924.000000,0.011600,-0.037700,-0.988900, , , 
31867.000000,1596001.000000,75549924.000000, , , ,-0.650391,-0.325195,0.325195
31868.000000,1596092.000000,75549924.000000, , , ,-0.975586,0.000000,0.650391
31869.000000,1596099.000000,75549924.000000,0.000000,-0.031900,-0.986000, , , 
31870.000000,1596193.000000,75549924.000000, , , ,-2.276367,0.000000,0.325195
31871.000000,1596200.000000,75549924.000000,-0.008700,-0.020300,-1.003400, , , 
31872.000000,1596294.000000,75549924.000000, , , ,-2.926758,0.975586,0.325195
31873.000000,1596299.000000,75549924.000000,-0.008700,-0.029000,-1.055600, , , 
31874.000000,1596395.000000,75549924.000000, , , ,-2.926758,0.325195,0.000000
31875.000000,1596400.000000,75549924.000000,0.023200,0.002900,-1.055600, , , 
31876.000000,1596496.000000,75549924.000000, , , ,-1.300781,0.325195,0.325195
31877.000000,1596499.000000,75549924.000000,0.002900,0.017400,-1.006300, , , 
31878.000000,1596597.000000,75549924.000000, , , ,0.000000,0.650391,0.000000
31879.000000,1596600.000000,75549924.000000,0.005800,0.011600,-0.988900, , , 
31880.000000,1596698.000000,75549924.000000, , , ,0.000000,-0.650391,0.000000
31881.000000,1596699.000000,75549924.000000,0.014500,0.000000,-0.974400, , , 
31882.000000,1596799.000000,75549924.000000, , , ,0.325195,-0.325195,0.000000
31883.000000,1596800.000000,75549924.000000,0.017400,0.017400,-0.933800, , , 
31884.000000,1596899.000000,75549924.000000,0.002900,0.000000,-0.930900, , , 
31885.000000,1596900.000000,75549924.000000, , , ,0.325195,-0.975586,0.325195
31886.000000,1597000.000000,75549924.000000,-0.008700,-0.008700,-0.977300, , , 
31887.000000,1597001.000000,75549924.000000, , , ,0.000000,-0.325195,0.000000
31888.000000,1597092.000000,75549924.000000, , , ,-0.650391,-0.650391,0.325195
31889.000000,1597099.000000,75549924.000000,0.037700,-0.020300,-0.951200, , , 
31890.000000,1597193.000000,75549924.000000, , , ,-0.325195,-0.650391,0.650391
31891.000000,1597200.000000,75549924.000000,-0.034800,-0.011600,-0.954100, , , 
31892.000000,1597294.000000,75549924.000000, , , ,-1.951172,0.975586,0.325195
31893.000000,1597299.000000,75549924.000000,0.000000,-0.029000,-1.046900, , , 
31894.000000,1597395.000000,75549924.000000, , , ,-2.276367,-0.325195,0.325195
31895.000000,1597400.000000,75549924.000000,0.017400,0.000000,-1.003400, , , 
31896.000000,1597496.000000,75549924.000000, , , ,-1.951172,-0.325195,0.000000
31897.000000,1597499.000000,75549924.000000,-0.008700,0.000000,-0.977300, , , 
31898.000000,1597597.000000,75549924.000000, , , ,-2.276367,0.325195,0.325195
31899.000000,1597600.000000,75549924.000000,0.000000,-0.008700,-1.006300, , , 
31900.000000,1597698.000000,75549924.000000, , , ,-1.951172,0.325195,0.000000
31901.000000,1597699.000000,75549924.000000,0.011600,-0.008700,-0.983100, , , 
31902.000000,1597799.000000,75549924.000000, , , ,-2.276367,-0.650391,0.325195
31903.000000,1597800.000000,75549924.000000,0.000000,0.005800,-0.954100, , , 
31904.000000,1597899.000000,75549924.000000,0.008700,0.014500,-0.951200, , , 
31905.000000,1597900.000000,75549924.000000, , , ,-1.625977,-0.650391,0.000000
31906.000000,1598000.000000,75549924.000000,0.000000,0.008700,-0.974400, , , 
31907.000000,1598001.000000,75549924.000000, , , ,-1.625977,0.000000,0.000000
31908.000000,1598092.000000,75549924.000000, , , ,-0.975586,0.325195,0.650391
31909.000000,1598099.000000,75549924.000000,0.011600,0.020300,-0.971500, , , 
31910.000000,1598193.000000,75549924.000000, , , ,0.000000,-0.975586,-0.975586
31911.000000,1598200.000000,75549924.000000,0.008700,0.017400,-0.945400, , , 
31912.000000,1598294.000000,75549924.000000, , , ,0.325195,-0.975586,-0.650391
31913.000000,1598299.000000,75549924.000000,0.000000,-0.011600,-0.939600, , , 
31914.000000,1598395.000000,75549924.000000, , , ,0.325195,-0.650391,-0.650391
31915.000000,1598400.000000,75549924.000000,-0.011600,-0.017400,-0.974400, , , 
31916.000000,1598496.000000,75549924.000000, , , ,0.975586,-0.975586,-0.650391
31917.000000,1598499.000000,75549924.000000,0.029000,-0.014500,-0.945400, , , 
31918.000000,1598597.000000,75549924.000000, , , ,1.300781,-0.650391,-0.325195
31919.000000,1598600.000000,75549924.000000,-0.014500,-0.037700,-0.933800, , , 
31920.000000,1598698.000000,75549924.000000, , , ,0.325195,-0.650391,0.000000
31921.000000,1598699.000000,75549924.000000,-0.008700,-0.031900,-0.980200, , , 
31922.000000,1598799.000000,75549924.000000, , , ,-0.325195,0.000000,-0.325195
31923.000000,1598800.000000,75549924.000000,0.023200,-0.034800,-1.006300, , , 
31924.000000,1598899.000000,75549924.000000,0.011600,-0.029000,-0.983100, , , 
31925.000000,1598900.000000,75549924.000000, , , ,-0.325195,-0.325195,0.000000
31926.000000,1599000.000000,75549924.000000,-0.014500,-0.055100,-1.000500, , , 
31927.000000,1599001.000000,75549924.000000, , , ,-0.650391,0.325195,0.000000
31928.000000,1599092.000000,75549924.000000, , , ,-1.625977,0.650391,0.000000
31929.000000,1599099.000000,75549924.000000,0.005800,-0.052200,-1.023700, , , 
31930.000000,1599193.000000,75549924.000000, , , ,-1.300781,0.000000,0.000000
31931.000000,1599200.000000,75549924.000000,0.014500,0.000000,-0.974400, , , 
31932.000000,1599294.000000,75549924.000000, , , ,0.000000,-0.650391,-0.650391
31933.000000,1599299.000000,75549924.000000,0.000000,-0.014500,-0.957000, , , 
31934.000000,1599395.000000,75549924.000000, , , ,0.000000,0.000000,-0.650391
31935.000000,1599400.000000,75549924.000000,-0.002900,-0.037700,-0.977300, , , 
31936.000000,1599496.000000,75549924.000000, , , ,-0.325195,0.000000,-0.975586
31937.000000,1599499.000000,75549924.000000,0.002900,-0.049300,-1.006300, , , 
31938.000000,1599597.000000,75549924.000000, , , ,-0.325195,0.325195,0.000000
31939.000000,1599600.000000,75549924.000000,0.008700,-0.029000,-1.000500, , , 
31940.000000,1599698.000000,75549924.000000, , , ,-0.975586,-0.325195,0.000000
31941.000000,1599699.000000,75549924.000000,0.005800,-0.037700,-0.974400, , , 
31942.000000,1599799.000000,75549924.000000, , , ,-0.975586,0.000000,0.000000
31943.000000,1599800.000000,75549924.000000,-0.002900,-0.031900,-0.971500, , , 
31944.000000,1599899.000000,75549924.000000,-0.011600,-0.026100,-0.997600, , , 
31945.000000,1599900.000000,75549924.000000, , , ,-0.975586,0.325195,0.000000
31946.000000,1600000.000000,75549924.000000,-0.023200,-0.029000,-1.017900, , , 
31947.000000,1600001.000000,75549924.000000, , , ,-1.300781,0.000000,0.000000
31948.000000,1600092.000000,75549924.000000, , , ,-0.975586,0.325195,0.325195
31949.000000,1600099.000000,75549924.000000,0.000000,-0.017400,-1.015000, , , 
31950.000000,1600193.000000,75549924.000000, , , ,-0.975586,-0.325195,0.000000
31951.000000,1600200.000000,75549924.000000,0.000000,-0.005800,-0.983100, , , 
31952.000000,1600294.000000,75549924.000000, , , ,-0.325195,-1.300781,0.000000
31953.000000,1600299.000000,75549924.000000,0.020300,0.011600,-0.913500, , , 
31954.000000,1600395.000000,75549924.000000, , , ,0.000000,-0.975586,0.325195
31955.000000,1600400.000000,75549924.000000,-0.017400,0.000000,-0.936700, , , 
31956.000000,1600496.000000,75549924.000000, , , ,-0.325195,0.000000,0.000000
31957.000000,1600499.000000,75549924.000000,-0.014500,-0.014500,-1.003400, , , 
31958.000000,1600597.000000,75549924.000000, , , ,-0.650391,0.650391,0.325195
31959.000000,1600600.000000,75549924.000000,0.000000,-0.011600,-1.017900, , , 
31960.000000,1600698.000000,75549924.000000, , , ,0.000000,-0.975586,0.000000
31961.000000,1600699.000000,75549924.000000,0.005800,-0.002900,-0.971500, , , 
31962.000000,1600799.000000,75549924.000000, , , ,0.000000,0.325195,0.000000
31963.000000,1600800.000000,75549924.000000,-0.014500,0.000000,-0.991800, , , 
31964.000000,1600899.000000,75549924.000000,-0.008700,-0.031900,-1.009200, , , 
31965.000000,1600900.000000,75549924.000000, , , ,-1.300781,0.650391,0.000000
31966.000000,1601000.000000,75549924.000000,0.029000,0.000000,-0.968600, , , 
31967.000000,1601001.000000,75549924.000000, , , ,-1.300781,-0.325195,0.000000
31968.000000,1601092.000000,75549924.000000, , , ,-0.325195,-0.650391,0.000000
31969.000000,1601099.000000,75549924.000000,-0.002900,0.000000,-0.951200, , , 
31970.000000,1601193.000000,75549924.000000, , , ,0.000000,-0.325195,-0.325195
31971.000000,1601200.000000,75549924.000000,-0.011600,-0.029000,-0.988900, , , 
31972.000000,1601294.000000,75549924.000000, , , ,-0.325195,-0.650391,-0.325195
31973.000000,1601299.000000,75549924.000000,0.002900,0.000000,-0.983100, , , 
31974.000000,1601395.000000,75549924.000000, , , ,0.000000,0.000000,-0.325195
31975.000000,1601400.000000,75549924.000000,-0.002900,-0.008700,-0.965700, , , 
31976.000000,1601496.000000,75549924.000000, , , ,-0.650391,-0.650391,-0.325195
31977.000000,1601499.000000,75549924.000000,0.000000,-0.029000,-0.983100, , , 
31978.000000,1601597.000000,75549924.000000, , , ,-0.325195,0.325195,-0.325195
31979.000000,1601600.000000,75549924.000000,-0.008700,-0.014500,-0.991800, , , 
31980.000000,1601698.000000,75549924.000000, , , ,-0.650391,-0.325195,0.000000
31981.000000,1601699.000000,75549924.000000,0.000000,-0.020300,-1.000500, , , 
31982.000000,1601799.000000,75549924.000000, , , ,-0.325195,-0.650391,0.000000
31983.000000,1601800.000000,75549924.000000,-0.002900,-0.031900,-0.971500, , , 
31984.000000,1601899.000000,75549924.000000,-0.008700,0.000000,-0.968600, , , 
31985.000000,1601900.000000,75549924.000000, , , ,0.000000,0.000000,-0.325195
31986.000000,1602000.000000,75549924.000000,-0.002900,-0.026100,-0.994700, , , 
31987.000000,1602001.000000,75549924.000000, , , ,0.325195,0.000000,0.000000
31988.000000,1602092.000000,75549924.000000, , , ,0.325195,-0.325195,-0.650391
31989.000000,1602099.000000,75549924.000000,0.000000,-0.031900,-0.974400, , , 
31990.000000,1602193.000000,75549924.000000, , , ,0.000000,-0.325195,0.000000
31991.000000,1602200.000000,75549924.000000,-0.011600,-0.020300,-0.968600, , , 
31992.000000,1602294.000000,75549924.000000, , , ,0.000000,-0.325195,0.000000
31993.000000,1602299.000000,75549924.000000,-0.008700,-0.020300,-0.974400, , , 
31994.000000,1602395.000000,75549924.000000, , , ,0.000000,0.325195,0.000000
31995.000000,1602400.000000,75549924.000000,-0.005800,-0.031900,-0.997600, , , 
31996.000000,1602496.000000,75549924.000000, , , ,-0.325195,0.000000,0.000000
31997.000000,1602499.000000,75549924.000000,-0.005800,-0.020300,-0.991800, , , 
31998.000000,1602597.000000,75549924.000000, , , ,0.000000,0.325195,0.000000
31999.000000,1602600.000000,75549924.000000,-0.011600,-0.017400,-0.988900, , , 
32000.000000,1602698.000000,75549924.000000, , , ,-0.650391,-0.325195,0.000000
32001.000000,1602699.000000,75549924.000000,-0.002900,-0.017400,-0.974400, , , 
32002.000000,1602799.000000,75549924.000000, , , ,-0.650391,-0.325195,0.000000
32003.000000,1602800.000000,75549924.000000,-0.011600,-0.026100,-0.983100, , , 
32004.000000,1602899.000000,75549924.000000,-0.011600,-0.008700,-0.983100, , , 
32005.000000,1602900.000000,75549924.000000, , , ,-0.325195,0.000000,0.000000
32006.000000,1603000.000000,75549924.000000,0.000000,-0.023200,-0.977300, , , 
32007.000000,1603001.000000,75549924.000000, , , ,-0.650391,-0.325195,0.000000
32008.000000,1603092.000000,75549924.000000, , , ,-0.325195,-0.650391,0.000000
32009.000000,1603099.000000,75549924.000000,-0.005800,-0.023200,-0.954100, , , 
32010.000000,1603193.000000,75549924.000000, , , ,-0.650391,-0.650391,0.000000
32011.000000,1603200.000000,75549924.000000,-0.014500,-0.014500,-0.948300, , , 
32012.000000,1603294.000000,75549924.000000, , , ,-0.975586,-0.325195,0.000000
32013.000000,1603299.000000,75549924.000000,-0.026100,-0.037700,-0.997600, , , 
32014.000000,1603395.000000,75549924.000000, , , ,-1.300781,0.650391,0.325195
32015.000000,1603400.000000,75549924.000000,-0.011600,-0.017400,-1.026600, , , 
32016.000000,1603496.000000,75549924.000000, , , ,-1.625977,0.000000,0.000000
32017.000000,1603499.000000,75549924.000000,-0.008700,-0.017400,-1.020800, , , 
32018.000000,1603597.000000,75549924.000000, , , ,-0.975586,0.325195,0.000000
32019.000000,1603600.000000,75549924.000000,-0.008700,-0.023200,-1.009200, , , 
32020.000000,1603698.000000,75549924.000000, , , ,-0.975586,0.325195,0.000000
32021.000000,1603699.000000,75549924.000000,-0.008700,-0.005800,-0.991800, , , 
32022.000000,1603799.000000,75549924.000000, , , ,-0.325195,0.000000,0.000000
32023.000000,1603800.000000,75549924.000000,0.000000,-0.020300,-0.971500, , , 
32024.000000,1603899.000000,75549924.000000,-0.014500,-0.011600,-0.983100, , , 
32025.000000,1603900.000000,75549924.000000, , , ,-0.975586,-0.325195,0.000000
32026.000000,1604000.000000,75549924.000000,-0.020300,-0.020300,-1.012100, , , 
32027.000000,1604001.000000,75549924.000000, , , ,-1.300781,0.325195,-0.325195
32028.000000,1604092.000000,75549924.000000, , , ,-0.975586,0.325195,-0.325195
32029.000000,1604099.000000,75549924.000000,-0.002900,-0.040600,-1.012100, , , 
32030.000000,1604193.000000,75549924.000000, , , ,-1.300781,0.000000,-0.325195
32031.000000,1604200.000000,75549924.000000,-0.020300,-0.026100,-0.994700, , , 
32032.000000,1604294.000000,75549924.000000, , , ,-1.300781,0.325195,-0.325195
32033.000000,1604299.000000,75549924.000000,-0.008700,-0.034800,-0.991800, , , 
32034.000000,1604395.000000,75549924.000000, , , ,-1.300781,-0.325195,-0.650391
32035.000000,1604400.000000,75549924.000000,-0.002900,-0.034800,-0.980200, , , 
32036.000000,1604496.000000,75549924.000000, , , ,-1.625977,0.000000,-0.650391
32037.000000,1604499.000000,75549924.000000,-0.008700,-0.055100,-0.988900, , , 
32038.000000,1604597.000000,75549924.000000, , , ,-0.975586,0.000000,-0.650391
32039.000000,1604600.000000,75549924.000000,-0.014500,-0.011600,-0.994700, , , 
32040.000000,1604698.000000,75549924.000000, , , ,-0.975586,-0.325195,-0.325195
32041.000000,1604699.000000,75549924.000000,0.011600,-0.023200,-0.983100, , , 
32042.000000,1604799.000000,75549924.000000, , , ,0.000000,-0.325195,-0.650391
32043.000000,1604800.000000,75549924.000000,-0.002900,-0.037700,-0.945400, , , 
32044.000000,1604899.000000,75549924.000000,-0.008700,-0.008700,-0.933800, , , 
32045.000000,1604900.000000,75549924.000000, , , ,0.325195,-0.650391,-0.325195
32046.000000,1605000.000000,75549924.000000,-0.005800,-0.031900,-0.971500, , , 
32047.000000,1605001.000000,75549924.000000, , , ,0.650391,-0.325195,-0.650391
32048.000000,1605092.000000,75549924.000000, , , ,0.975586,-0.325195,-0.650391
32049.000000,1605099.000000,75549924.000000,-0.002900,-0.049300,-0.965700, , , 
32050.000000,1605193.000000,75549924.000000, , , ,0.650391,-0.650391,0.000000
32051.000000,1605200.000000,75549924.000000,-0.014500,-0.020300,-0.968600, , , 
32052.000000,1605294.000000,75549924.000000, , , ,0.325195,0.000000,-0.325195
32053.000000,1605299.000000,75549924.000000,-0.008700,-0.037700,-0.983100, , , 
32054.000000,1605395.000000,75549924.000000, , , ,0.325195,0.000000,0.000000
32055.000000,1605400.000000,75549924.000000,-0.002900,-0.049300,-0.980200, , , 
32056.000000,1605496.000000,75549924.000000, , , ,-0.325195,-0.975586,0.000000
32057.000000,1605499.000000,75549924.000000,-0.017400,-0.043500,-0.983100, , , 
32058.000000,1605597.000000,75549924.000000, , , ,-0.975586,-0.325195,0.000000
32059.000000,1605600.000000,75549924.000000,-0.011600,-0.029000,-0.988900, , , 
32060.000000,1605698.000000,75549924.000000, , , ,-0.650391,0.325195,0.325195
32061.000000,1605699.000000,75549924.000000,-0.014500,-0.026100,-1.000500, , , 
32062.000000,1605799.000000,75549924.000000, , , ,-0.650391,0.000000,0.000000
32063.000000,1605800.000000,75549924.000000,-0.005800,-0.014500,-1.009200, , , 
32064.000000,1605899.000000,75549924.000000,-0.017400,-0.023200,-1.015000, , , 
32065.000000,1605900.000000,75549924.000000, , , ,0.000000,0.000000,0.000000
32066.000000,1606000.000000,75549924.000000,-0.008700,-0.040600,-1.000500, , , 
32067.000000,1606001.000000,75549924.000000, , , ,-0.650391,0.000000,-0.325195
32068.000000,1606092.000000,75549924.000000, , , ,-1.300781,0.000000,0.000000
32069.000000,1606099.000000,75549924.000000,-0.005800,-0.046400,-0.997600, , , 
32070.000000,1606193.000000,75549924.000000, , , ,-1.625977,-0.650391,0.000000
32071.000000,1606200.000000,75549924.000000,0.000000,-0.037700,-0.974400, , , 
32072.000000,1606294.000000,75549924.000000, , , ,-0.975586,-0.650391,0.000000
32073.000000,1606299.000000,75549924.000000,0.000000,-0.011600,-0.948300, , , 
32074.000000,1606395.000000,75549924.000000, , , ,-0.650391,-0.650391,0.000000
32075.000000,1606400.000000,75549924.000000,-0.017400,-0.026100,-0.962800, , , 
32076.000000,1606496.000000,75549924.000000, , , ,-0.975586,-0.650391,0.000000
32077.000000,1606499.000000,75549924.000000,-0.011600,-0.037700,-0.997600, , , 
32078.000000,1606597.000000,75549924.000000, , , ,0.000000,0.000000,-0.325195
32079.000000,1606600.000000,75549924.000000,-0.023200,-0.029000,-0.997600, , , 
32080.000000,1606698.000000,75549924.000000, , , ,-0.325195,0.325195,0.000000
32081.000000,1606699.000000,75549924.000000,-0.017400,-0.037700,-1.015000, , , 
32082.000000,1606799.000000,75549924.000000, , , ,-0.975586,0.000000,0.000000
32083.000000,1606800.000000,75549924.000000,-0.002900,-0.029000,-1.009200, , , 
32084.000000,1606899.000000,75549924.000000,0.000000,-0.029000,-0.988900, , , 
32085.000000,1606900.000000,75549924.000000, , , ,-0.975586,0.000000,0.000000
32086.000000,1607000.000000,75549924.000000,-0.002900,-0.046400,-0.971500, , , 
32087.000000,1607001.000000,75549924.000000, , , ,-0.650391,0.000000,-0.325195
32088.000000,1607092.000000,75549924.000000, , , ,-0.325195,0.000000,0.000000
32089.000000,1607099.000000,75549924.000000,-0.008700,-0.037700,-0.962800, , , 
32090.000000,1607193.000000,75549924.000000, , , ,0.000000,-0.325195,-0.325195
32091.000000,1607200.000000,75549924.000000,0.000000,-0.023200,-0.986000, , , 
32092.000000,1607294.000000,75549924.000000, , , ,-0.325195,0.000000,-0.650391
32093.000000,1607299.000000,75549924.000000,-0.008700,-0.043500,-1.012100, , , 
32094.000000,1607395.000000,75549924.000000, , , ,-0.325195,0.325195,0.000000
32095.000000,1607400.000000,75549924.000000,-0.008700,-0.043500,-1.006300, , , 
32096.000000,1607496.000000,75549924.000000, , , ,-1.300781,0.325195,-0.650391
32097.000000,1607499.000000,75549924.000000,-0.002900,-0.052200,-1.023700, , , 
32098.000000,1607597.000000,75549924.000000, , , ,-0.650391,0.000000,-0.325195
32099.000000,1607600.000000,75549924.000000,0.008700,-0.031900,-0.983100, , , 
32100.000000,1607698.000000,75549924.000000, , , ,-0.325195,0.000000,-0.325195
32101.000000,1607699.000000,75549924.000000,0.002900,-0.029000,-0.951200, , , 
32102.000000,1607799.000000,75549924.000000, , , ,-0.650391,-0.325195,-0.650391
32103.000000,1607800.000000,75549924.000000,-0.014500,-0.058000,-0.983100, , , 
32104.000000,1607899.000000,75549924.000000,0.002900,-0.052200,-0.997600, , , 
32105.000000,1607900.000000,75549924.000000, , , ,-1.300781,0.000000,-0.650391
32106.000000,1608000.000000,75549924.000000,0.029000,-0.014500,-0.942500, , , 
32107.000000,1608001.000000,75549924.000000, , , ,-1.300781,-0.975586,-0.650391
32108.000000,1608092.000000,75549924.000000, , , ,-0.325195,-1.625977,-0.325195
32109.000000,1608099.000000,75549924.000000,0.014500,-0.026100,-0.901900, , , 
32110.000000,1608193.000000,75549924.000000, , , ,0.325195,-0.650391,-0.325195
32111.000000,1608200.000000,75549924.000000,-0.026100,-0.020300,-0.951200, , , 
32112.000000,1608294.000000,75549924.000000, , , ,0.000000,0.325195,-0.650391
32113.000000,1608299.000000,75549924.000000,-0.005800,-0.031900,-1.032400, , , 
32114.000000,1608395.000000,75549924.000000, , , ,0.325195,0.325195,-0.325195
32115.000000,1608400.000000,75549924.000000,0.000000,-0.037700,-1.049800, , , 
32116.000000,1608496.000000,75549924.000000, , , ,0.650391,0.325195,0.000000
32117.000000,1608499.000000,75549924.000000,0.000000,-0.014500,-1.026600, , , 
32118.000000,1608597.000000,75549924.000000, , , ,0.000000,0.000000,0.000000
32119.000000,1608600.000000,75549924.000000,-0.002900,-0.031900,-1.000500, , , 
32120.000000,1608698.000000,75549924.000000, , , ,-0.325195,0.325195,0.000000
32121.000000,1608699.000000,75549924.000000,0.000000,-0.052200,-1.009200, , , 
32122.000000,1608799.000000,75549924.000000, , , ,-0.975586,0.325195,-0.325195
32123.000000,1608800.000000,75549924.000000,0.005800,-0.034800,-0.986000, , , 
32124.000000,1608899.000000,75549924.000000,0.011600,-0.040600,-0.962800, , , 
32125.000000,1608900.000000,75549924.000000, , , ,-0.975586,-0.650391,0.000000
32126.000000,1609000.000000,75549924.000000,0.000000,-0.029000,-0.968600, , , 
32127.000000,1609001.000000,75549924.000000, , , ,-0.650391,-0.325195,0.000000
32128.000000,1609092.000000,75549924.000000, , , ,-0.650391,0.000000,0.000000
32129.000000,1609099.000000,75549924.000000,0.005800,-0.017400,-0.983100, , , 
32130.000000,1609193.000000,75549924.000000, , , ,-0.325195,0.000000,0.000000
32131.000000,1609200.000000,75549924.000000,0.005800,-0.029000,-0.977300, , , 
32132.000000,1609294.000000,75549924.000000, , , ,-0.325195,-0.650391,-0.325195
32133.000000,1609299.000000,75549924.000000,0.002900,-0.046400,-0.965700, , , 
32134.000000,1609395.000000,75549924.000000, , , ,-0.975586,0.000000,0.000000
32135.000000,1609400.000000,75549924.000000,0.000000,-0.031900,-0.971500, , , 
32136.000000,1609496.000000,75549924.000000, , , ,-1.300781,0.000000,0.000000
32137.000000,1609499.000000,75549924.000000,0.000000,-0.052200,-1.009200, , , 
32138.000000,1609597.000000,75549924.000000, , , ,-1.951172,0.000000,-0.325195
32139.000000,1609600.000000,75549924.000000,0.011600,-0.046400,-1.006300, , , 
32140.000000,1609698.000000,75549924.000000, , , ,-1.300781,-0.325195,-0.325195
32141.000000,1609699.000000,75549924.000000,0.008700,-0.031900,-0.988900, , , 
32142.000000,1609799.000000,75549924.000000, , , ,-1.300781,0.000000,-0.325195
32143.000000,1609800.000000,75549924.000000,0.002900,-0.037700,-0.991800, , , 
32144.000000,1609899.000000,75549924.000000,0.005800,-0.040600,-0.994700, , , 
32145.000000,1609900.000000,75549924.000000, , , ,-1.300781,0.650391,0.000000
32146.000000,1610000.000000,75549924.000000,0.014500,-0.026100,-1.009200, , , 
32147.000000,1610001.000000,75549924.000000, , , ,-1.625977,0.000000,0.000000
32148.000000,1610092.000000,75549924.000000, , , ,-0.650391,0.000000,-0.325195
32149.000000,1610099.000000,75549924.000000,0.026100,-0.020300,-1.009200, , , 
32150.000000,1610193.000000,75549924.000000, , , ,0.000000,0.650391,-0.325195
32151.000000,1610200.000000,75549924.000000,0.052200,-0.017400,-0.994700, , , 
32152.000000,1610294.000000,75549924.000000, , , ,-0.325195,-0.975586,0.000000
32153.000000,1610299.000000,75549924.000000,0.046400,-0.026100,-0.980200, , , 
32154.000000,1610395.000000,75549924.000000, , , ,-0.325195,0.000000,0.000000
32155.000000,1610400.000000,75549924.000000,0.043500,-0.029000,-0.988900, , , 
32156.000000,1610496.000000,75549924.000000, , , ,-0.325195,0.650391,0.000000
32157.000000,1610499.000000,75549924.000000,0.046400,-0.011600,-0.988900, , , 
32158.000000,1610597.000000,75549924.000000, , , ,-0.650391,-0.975586,0.000000
32159.000000,1610600.000000,75549924.000000,0.058000,-0.008700,-0.974400, , , 
32160.000000,1610698.000000,75549924.000000, , , ,0.000000,-0.325195,0.000000
32161.000000,1610699.000000,75549924.000000,0.040600,-0.017400,-0.962800, , , 
32162.000000,1610799.000000,75549924.000000, , , ,-0.650391,-0.325195,0.000000
32163.000000,1610800.000000,75549924.000000,0.040600,-0.034800,-0.980200, , , 
32164.000000,1610899.000000,75549924.000000,0.046400,-0.020300,-0.965700, , , 
32165.000000,1610900.000000,75549924.000000, , , ,0.000000,0.000000,0.000000
32166.000000,1611000.000000,75549924.000000,0.040600,-0.017400,-0.968600, , , 
32167.000000,1611001.000000,75549924.000000, , , ,0.000000,-0.325195,0.650391
32168.000000,1611092.000000,75549924.000000, , , ,-0.975586,-0.650391,0.000000
32169.000000,1611099.000000,75549924.000000,0.052200,-0.031900,-0.959900, , , 
32170.000000,1611193.000000,75549924.000000, , , ,-0.325195,0.325195,0.325195
32171.000000,1611200.000000,75549924.000000,0.034800,-0.031900,-0.977300, , , 
32172.000000,1611294.000000,75549924.000000, , , ,-0.975586,0.000000,0.000000
32173.000000,1611299.000000,75549924.000000,0.020300,0.000000,-1.041100, , , 
32174.000000,1611395.000000,75549924.000000, , , ,-0.325195,1.625977,0.000000
32175.000000,1611400.000000,75549924.000000,0.020300,-0.031900,-1.096200, , , 
32176.000000,1611496.000000,75549924.000000, , , ,-0.650391,0.000000,0.000000
32177.000000,1611499.000000,75549924.000000,0.040600,-0.020300,-1.107800, , , 
32178.000000,1611597.000000,75549924.000000, , , ,-1.300781,-0.325195,0.325195
32179.000000,1611600.000000,75549924.000000,0.058000,-0.020300,-0.974400, , , 
32180.000000,1611698.000000,75549924.000000, , , ,-1.300781,-1.625977,0.325195
32181.000000,1611699.000000,75549924.000000,0.063800,-0.020300,-0.899000, , , 
32182.000000,1611799.000000,75549924.000000, , , ,-0.650391,-0.650391,0.000000
32183.000000,1611800.000000,75549924.000000,0.017400,-0.008700,-0.901900, , , 
32184.000000,1611899.000000,75549924.000000,0.031900,-0.005800,-0.951200, , , 
32185.000000,1611900.000000,75549924.000000, , , ,-0.975586,-0.325195,0.000000
32186.000000,1612000.000000,75549924.000000,0.034800,-0.023200,-0.986000, , , 
32187.000000,1612001.000000,75549924.000000, , , ,-0.325195,0.000000,0.000000
32188.000000,1612092.000000,75549924.000000, , , ,-0.650391,-0.650391,0.000000
32189.000000,1612099.000000,75549924.000000,0.031900,-0.017400,-0.994700, , , 
32190.000000,1612193.000000,75549924.000000, , , ,-0.650391,0.000000,0.000000
32191.000000,1612200.000000,75549924.000000,0.023200,-0.020300,-0.986000, , , 
32192.000000,1612294.000000,75549924.000000, , , ,-0.325195,-0.325195,-0.325195
32193.000000,1612299.000000,75549924.000000,0.029000,-0.005800,-0.986000, , , 
32194.000000,1612395.000000,75549924.000000, , , ,-0.325195,-0.650391,-0.325195
32195.000000,1612400.000000,75549924.000000,0.029000,-0.014500,-0.974400, , , 
32196.000000,1612496.000000,75549924.000000, , , ,0.325195,0.325195,0.000000
32197.000000,1612499.000000,75549924.000000,0.017400,-0.046400,-0.994700, , , 
32198.000000,1612597.000000,75549924.000000, , , ,-0.325195,-0.325195,-0.325195
32199.000000,1612600.000000,75549924.000000,0.026100,-0.037700,-1.015000, , , 
32200.000000,1612698.000000,75549924.000000, , , ,0.000000,0.000000,0.000000
32201.000000,1612699.000000,75549924.000000,0.011600,-0.031900,-0.991800, , , 
32202.000000,1612799.000000,75549924.000000, , , ,0.000000,-0.325195,-0.325195
32203.000000,1612800.000000,75549924.000000,0.017400,-0.031900,-0.971500, , , 
32204.000000,1612899.000000,75549924.000000,0.017400,-0.020300,-0.988900, , , 
32205.000000,1612900.000000,75549924.000000, , , ,0.000000,0.000000,-0.325195
32206.000000,1613000.000000,75549924.000000,0.017400,-0.037700,-1.009200, , , 
32207.000000,1613001.000000,75549924.000000, , , ,0.000000,0.325195,-0.650391
32208.000000,1613092.000000,75549924.000000, , , ,0.000000,-0.325195,-0.325195
32209.000000,1613099.000000,75549924.000000,0.020300,-0.043500,-0.986000, , , 
32210.000000,1613193.000000,75549924.000000, , , ,0.000000,0.000000,-0.325195
32211.000000,1613200.000000,75549924.000000,0.020300,-0.052200,-0.959900, , , 
32212.000000,1613294.000000,75549924.000000, , , ,-0.650391,-0.325195,-0.325195
32213.000000,1613299.000000,75549924.000000,0.008700,-0.049300,-0.968600, , , 
32214.000000,1613395.000000,75549924.000000, , , ,-1.300781,0.000000,-0.325195
32215.000000,1613400.000000,75549924.000000,0.017400,-0.040600,-0.988900, , , 
32216.000000,1613496.000000,75549924.000000, , , ,-0.650391,0.000000,-0.325195
32217.000000,1613499.000000,75549924.000000,0.002900,-0.063800,-0.983100, , , 
32218.000000,1613597.000000,75549924.000000, , , ,-1.625977,-0.975586,0.000000
32219.000000,1613600.000000,75549924.000000,0.014500,-0.040600,-0.971500, , , 
32220.000000,1613698.000000,75549924.000000, , , ,-1.300781,-0.325195,0.000000
32221.000000,1613699.000000,75549924.000000,0.008700,-0.046400,-0.983100, , , 
32222.000000,1613799.000000,75549924.000000, , , ,-1.300781,0.000000,-0.325195
32223.000000,1613800.000000,75549924.000000,0.000000,-0.055100,-1.000500, , , 
32224.000000,1613899.000000,75549924.000000,0.031900,-0.037700,-0.974400, , , 
32225.000000,1613900.000000,75549924.000000, , , ,-0.975586,-0.325195,-0.325195
32226.000000,1614000.000000,75549924.000000,-0.008700,-0.020300,-0.936700, , , 
32227.000000,1614001.000000,75549924.000000, , , ,0.000000,-1.300781,0.000000
32228.000000,1614092.000000,75549924.000000, , , ,0.000000,-1.300781,0.000000
32229.000000,1614099.000000,75549924.000000,0.020300,-0.017400,-0.939600, , , 
32230.000000,1614193.000000,75549924.000000, , , ,0.000000,-0.975586,0.000000
32231.000000,1614200.000000,75549924.000000,0.002900,-0.020300,-0.933800, , , 
32232.000000,1614294.000000,75549924.000000, , , ,0.650391,-0.650391,0.000000
32233.000000,1614299.000000,75549924.000000,0.000000,-0.026100,-0.948300, , , 
32234.000000,1614395.000000,75549924.000000, , , ,0.000000,0.000000,0.000000
32235.000000,1614400.000000,75549924.000000,-0.005800,-0.043500,-0.997600, , , 
32236.000000,1614496.000000,75549924.000000, , , ,-0.325195,0.000000,0.000000
32237.000000,1614499.000000,75549924.000000,0.000000,-0.034800,-1.029500, , , 
32238.000000,1614597.000000,75549924.000000, , , ,-0.975586,0.325195,0.000000
32239.000000,1614600.000000,75549924.000000,-0.011600,-0.055100,-1.044000, , , 
32240.000000,1614698.000000,75549924.000000, , , ,-0.650391,0.650391,0.000000
32241.000000,1614699.000000,75549924.000000,0.026100,-0.023200,-1.029500, , , 
32242.000000,1614799.000000,75549924.000000, , , ,0.000000,-0.325195,0.000000
32243.000000,1614800.000000,75549924.000000,0.008700,0.002900,-0.974400, , , 
32244.000000,1614899.000000,75549924.000000,-0.011600,-0.029000,-0.971500, , , 
32245.000000,1614900.000000,75549924.000000, , , ,0.000000,-0.650391,0.000000
32246.000000,1615000.000000,75549924.000000,-0.017400,-0.037700,-1.020800, , , 
32247.000000,1615001.000000,75549924.000000, , , ,0.650391,0.975586,-0.325195
32248.000000,1615092.000000,75549924.000000, , , ,0.000000,0.650391,0.000000
32249.000000,1615099.000000,75549924.000000,0.014500,-0.037700,-1.026600, , , 
32250.000000,1615193.000000,75549924.000000, , , ,0.000000,0.000000,0.325195
32251.000000,1615200.000000,75549924.000000,0.002900,-0.031900,-0.977300, , , 
32252.000000,1615294.000000,75549924.000000, , , ,0.000000,0.000000,0.000000
32253.000000,1615299.000000,75549924.000000,0.000000,-0.031900,-0.983100, , , 
32254.000000,1615395.000000,75549924.000000, , , ,-0.650391,0.325195,0.000000
32255.000000,1615400.000000,75549924.000000,-0.008700,-0.029000,-1.017900, , , 
32256.000000,1615496.000000,75549924.000000, , , ,-0.650391,0.000000,0.000000
32257.000000,1615499.000000,75549924.000000,0.017400,-0.031900,-0.988900, , , 
32258.000000,1615597.000000,75549924.000000, , , ,-0.325195,-0.650391,0.650391
32259.000000,1615600.000000,75549924.000000,-0.005800,-0.026100,-0.971500, , , 
32260.000000,1615698.000000,75549924.000000, , , ,-1.300781,0.000000,0.000000
32261.000000,1615699.000000,75549924.000000,-0.014500,-0.029000,-0.997600, , , 
32262.000000,1615799.000000,75549924.000000, , , ,-0.650391,0.325195,0.000000
32263.000000,1615800.000000,75549924.000000,0.002900,-0.023200,-0.983100, , , 
32264.000000,1615899.000000,75549924.000000,0.000000,-0.017400,-0.983100, , , 
32265.000000,1615900.000000,75549924.000000, , , ,-0.975586,-0.325195,0.000000
32266.000000,1616000.000000,75549924.000000,0.005800,-0.034800,-0.951200, , , 
32267.000000,1616001.000000,75549924.000000, , , ,-0.325195,-0.325195,-0.325195
32268.000000,1616092.000000,75549924.000000, , , ,0.325195,-0.975586,0.000000
32269.000000,1616099.000000,75549924.000000,0.002900,0.002900,-0.942500, , , 
32270.000000,1616193.000000,75549924.000000, , , ,0.650391,0.000000,0.000000
32271.000000,1616200.000000,75549924.000000,-0.017400,-0.037700,-0.986000, , , 
32272.000000,1616294.000000,75549924.000000, , , ,0.325195,0.000000,-0.325195
32273.000000,1616299.000000,75549924.000000,-0.005800,-0.063800,-1.023700, , , 
32274.000000,1616395.000000,75549924.000000, , , ,-0.325195,0.325195,0.000000
32275.000000,1616400.000000,75549924.000000,0.008700,-0.055100,-1.026600, , , 
32276.000000,1616496.000000,75549924.000000, , , ,-0.325195,-0.325195,0.000000
32277.000000,1616499.000000,75549924.000000,0.000000,-0.052200,-1.012100, , , 
32278.000000,1616597.000000,75549924.000000, , , ,-0.975586,-0.325195,0.000000
32279.000000,1616600.000000,75549924.000000,0.008700,-0.040600,-0.954100, , , 
32280.000000,1616698.000000,75549924.000000, , , ,-0.650391,-0.650391,0.000000
32281.000000,1616699.000000,75549924.000000,0.000000,-0.029000,-0.951200, , , 
32282.000000,1616799.000000,75549924.000000, , , ,-0.650391,-0.975586,0.000000
32283.000000,1616800.000000,75549924.000000,0.000000,-0.031900,-0.965700, , , 
32284.000000,1616899.000000,75549924.000000,0.002900,-0.034800,-0.954100, , , 
32285.000000,1616900.000000,75549924.000000, , , ,-0.650391,-0.650391,-0.325195
32286.000000,1617000.000000,75549924.000000,-0.002900,-0.043500,-0.980200, , , 
32287.000000,1617001.000000,75549924.000000, , , ,-0.650391,-0.325195,0.000000
32288.000000,1617092.000000,75549924.000000, , , ,-0.650391,0.000000,0.000000
32289.000000,1617099.000000,75549924.000000,0.005800,-0.031900,-0.974400, , , 
32290.000000,1617193.000000,75549924.000000, , , ,0.000000,-0.975586,-0.325195
32291.000000,1617200.000000,75549924.000000,0.000000,-0.040600,-0.948300, , , 
32292.000000,1617294.000000,75549924.000000, , , ,0.000000,-0.650391,0.000000
32293.000000,1617299.000000,75549924.000000,0.002900,-0.049300,-0.951200, , , 
32294.000000,1617395.000000,75549924.000000, , , ,-0.325195,-0.325195,-0.325195
32295.000000,1617400.000000,75549924.000000,0.000000,-0.052200,-0.962800, , , 
32296.000000,1617496.000000,75549924.000000, , , ,0.000000,0.000000,-0.325195
32297.000000,1617499.000000,75549924.000000,0.002900,-0.046400,-0.971500, , , 
32298.000000,1617597.000000,75549924.000000, , , ,0.000000,-0.325195,0.000000
32299.000000,1617600.000000,75549924.000000,-0.002900,-0.063800,-0.977300, , , 
32300.000000,1617698.000000,75549924.000000, , , ,0.000000,-0.325195,-0.325195
32301.000000,1617699.000000,75549924.000000,0.014500,-0.058000,-0.951200, , , 
32302.000000,1617799.000000,75549924.000000, , , ,0.000000,-0.650391,-0.325195
32303.000000,1617800.000000,75549924.000000,-0.008700,-0.043500,-0.962800, , , 
32304.000000,1617899.000000,75549924.000000,0.002900,-0.087000,-0.965700, , , 
32305.000000,1617900.000000,75549924.000000, , , ,0.000000,0.000000,-0.325195
32306.000000,1618000.000000,75549924.000000,0.005800,-0.087000,-0.930900, , , 
32307.000000,1618001.000000,75549924.000000, , , ,0.650391,-1.625977,0.000000
32308.000000,1618092.000000,75549924.000000, , , ,0.325195,-0.650391,-0.325195
32309.000000,1618099.000000,75549924.000000,0.000000,-0.075400,-0.948300, , , 
32310.000000,1618193.000000,75549924.000000, , , ,-0.650391,-0.325195,-0.325195
32311.000000,1618200.000000,75549924.000000,-0.002900,-0.101500,-0.986000, , , 
32312.000000,1618294.000000,75549924.000000, , , ,-2.601563,0.975586,0.325195
32313.000000,1618299.000000,75549924.000000,-0.002900,-0.113100,-1.026600, , , 
32314.000000,1618395.000000,75549924.000000, , , ,-3.577148,0.650391,0.000000
32315.000000,1618400.000000,75549924.000000,-0.002900,-0.084100,-1.061400, , , 
32316.000000,1618496.000000,75549924.000000, , , ,-3.251953,0.325195,0.000000
32317.000000,1618499.000000,75549924.000000,0.008700,-0.055100,-1.029500, , , 
32318.000000,1618597.000000,75549924.000000, , , ,-2.601563,-0.650391,0.000000
32319.000000,1618600.000000,75549924.000000,0.002900,-0.040600,-1.000500, , , 
32320.000000,1618698.000000,75549924.000000, , , ,-2.276367,0.000000,-0.325195
32321.000000,1618699.000000,75549924.000000,0.011600,-0.049300,-0.986000, , , 
32322.000000,1618799.000000,75549924.000000, , , ,-1.625977,0.000000,-0.325195
32323.000000,1618800.000000,75549924.000000,0.008700,-0.058000,-0.980200, , , 
32324.000000,1618899.000000,75549924.000000,0.011600,-0.052200,-0.971500, , , 
32325.000000,1618900.000000,75549924.000000, , , ,-1.300781,0.000000,-0.325195
32326.000000,1619000.000000,75549924.000000,0.005800,-0.046400,-0.945400, , , 
32327.000000,1619001.000000,75549924.000000, , , ,-1.300781,-0.325195,-0.325195
32328.000000,1619092.000000,75549924.000000, , , ,-1.625977,-0.325195,-0.325195
32329.000000,1619099.000000,75549924.000000,0.005800,-0.052200,-0.968600, , , 
32330.000000,1619193.000000,75549924.000000, , , ,-0.650391,-0.325195,-0.650391
32331.000000,1619200.000000,75549924.000000,-0.005800,-0.046400,-0.994700, , , 
32332.000000,1619294.000000,75549924.000000, , , ,-0.975586,0.000000,-0.650391
32333.000000,1619299.000000,75549924.000000,0.005800,-0.060900,-1.003400, , , 
32334.000000,1619395.000000,75549924.000000, , , ,-0.975586,0.000000,-0.650391
32335.000000,1619400.000000,75549924.000000,0.011600,-0.049300,-0.948300, , , 
32336.000000,1619496.000000,75549924.000000, , , ,-0.975586,-0.975586,-0.325195
32337.000000,1619499.000000,75549924.000000,0.000000,-0.052200,-0.945400, , , 
32338.000000,1619597.000000,75549924.000000, , , ,-0.650391,0.000000,-0.650391
32339.000000,1619600.000000,75549924.000000,-0.002900,-0.058000,-0.988900, , , 
32340.000000,1619698.000000,75549924.000000, , , ,0.000000,0.000000,-0.650391
32341.000000,1619699.000000,75549924.000000,-0.005800,-0.040600,-1.020800, , , 
32342.000000,1619799.000000,75549924.000000, , , ,0.000000,0.975586,-0.650391
32343.000000,1619800.000000,75549924.000000,0.005800,-0.029000,-1.035300, , , 
32344.000000,1619899.000000,75549924.000000,0.011600,-0.063800,-1.006300, , , 
32345.000000,1619900.000000,75549924.000000, , , ,0.000000,0.000000,-0.325195
32346.000000,1620000.000000,75549924.000000,0.005800,-0.040600,-0.968600, , , 
32347.000000,1620001.000000,75549924.000000, , , ,0.000000,0.000000,-0.650391
32348.000000,1620092.000000,75549924.000000, , , ,-1.300781,-0.325195,-0.325195
32349.000000,1620099.000000,75549924.000000,0.017400,-0.052200,-0.977300, , , 
32350.000000,1620193.000000,75549924.000000, , , ,-1.951172,-0.325195,-0.325195
32351.000000,1620200.000000,75549924.000000,0.008700,-0.052200,-0.971500, , , 
32352.000000,1620294.000000,75549924.000000, , , ,-1.951172,-0.650391,0.000000
32353.000000,1620299.000000,75549924.000000,0.000000,-0.014500,-0.977300, , , 
32354.000000,1620395.000000,75549924.000000, , , ,-0.325195,0.000000,0.000000
32355.000000,1620400.000000,75549924.000000,0.011600,-0.014500,-0.971500, , , 
32356.000000,1620496.000000,75549924.000000, , , ,-0.325195,-1.300781,0.000000
32357.000000,1620499.000000,75549924.000000,0.014500,0.008700,-0.939600, , , 
32358.000000,1620597.000000,75549924.000000, , , ,0.000000,0.000000,0.000000
32359.000000,1620600.000000,75549924.000000,-0.002900,-0.017400,-0.957000, , , 
32360.000000,1620698.000000,75549924.000000, , , ,-0.650391,-0.975586,0.000000
32361.000000,1620699.000000,75549924.000000,0.000000,-0.029000,-0.983100, , , 
32362.000000,1620799.000000,75549924.000000, , , ,-1.300781,0.000000,0.000000
32363.000000,1620800.000000,75549924.000000,0.011600,-0.017400,-0.974400, , , 
32364.000000,1620899.000000,75549924.000000,0.005800,-0.017400,-0.968600, , , 
32365.000000,1620900.000000,75549924.000000, , , ,-1.300781,-0.325195,0.325195
32366.000000,1621000.000000,75549924.000000,0.005800,-0.002900,-0.968600, , , 
32367.000000,1621001.000000,75549924.000000, , , ,-1.300781,-0.325195,0.000000
32368.000000,1621092.000000,75549924.000000, , , ,-1.300781,-0.325195,0.000000
32369.000000,1621099.000000,75549924.000000,0.002900,-0.002900,-0.983100, , , 
32370.000000,1621193.000000,75549924.000000, , , ,-0.975586,0.325195,0.000000
32371.000000,1621200.000000,75549924.000000,0.000000,-0.008700,-1.012100, , , 
32372.000000,1621294.000000,75549924.000000, , , ,-1.300781,0.325195,0.000000
32373.000000,1621299.000000,75549924.000000,0.000000,-0.020300,-1.020800, , , 
32374.000000,1621395.000000,75549924.000000, , , ,-0.975586,0.325195,0.000000
32375.000000,1621400.000000,75549924.000000,0.000000,0.000000,-1.023700, , , 
32376.000000,1621496.000000,75549924.000000, , , ,-0.975586,0.325195,0.000000
32377.000000,1621499.000000,75549924.000000,0.000000,-0.002900,-1.006300, , , 
32378.000000,1621597.000000,75549924.000000, , , ,-0.975586,0.000000,0.000000
32379.000000,1621600.000000,75549924.000000,0.005800,-0.008700,-1.000500, , , 
32380.000000,1621698.000000,75549924.000000, , , ,-0.650391,0.000000,0.000000
32381.000000,1621699.000000,75549924.000000,0.014500,-0.031900,-0.991800, , , 
32382.000000,1621799.000000,75549924.000000, , , ,-1.300781,-0.650391,0.000000
32383.000000,1621800.000000,75549924.000000,0.008700,-0.017400,-0.962800, , , 
32384.000000,1621899.000000,75549924.000000,0.011600,-0.005800,-0.980200, , , 
32385.000000,1621900.000000,75549924.000000, , , ,-0.650391,0.000000,-0.325195
32386.000000,1622000.000000,75549924.000000,0.002900,0.002900,-0.997600, , , 
32387.000000,1622001.000000,75549924.000000, , , ,-0.650391,0.000000,-0.325195
32388.000000,1622092.000000,75549924.000000, , , ,0.000000,0.325195,-0.325195
32389.000000,1622099.000000,75549924.000000,-0.011600,0.000000,-0.997600, , , 
32390.000000,1622193.000000,75549924.000000, , , ,0.325195,0.000000,-0.325195
32391.000000,1622200.000000,75549924.000000,0.011600,-0.011600,-1.009200, , , 
32392.000000,1622294.000000,75549924.000000, , , ,0.975586,0.325195,-0.650391
32393.000000,1622299.000000,75549924.000000,-0.008700,-0.005800,-1.015000, , , 
32394.000000,1622395.000000,75549924.000000, , , ,1.951172,0.000000,0.000000
32395.000000,1622400.000000,75549924.000000,0.023200,0.017400,-1.006300, , , 
32396.000000,1622496.000000,75549924.000000, , , ,3.251953,0.325195,0.000000
32397.000000,1622499.000000,75549924.000000,0.000000,-0.008700,-0.991800, , , 
32398.000000,1622597.000000,75549924.000000, , , ,2.926758,-0.325195,-0.325195
32399.000000,1622600.000000,75549924.000000,0.002900,-0.023200,-0.988900, , , 
32400.000000,1622698.000000,75549924.000000, , , ,1.625977,0.000000,0.000000
32401.000000,1622699.000000,75549924.000000,0.008700,-0.058000,-0.977300, , , 
32402.000000,1622799.000000,75549924.000000, , , ,0.000000,-0.325195,0.000000
32403.000000,1622800.000000,75549924.000000,-0.002900,-0.058000,-0.980200, , , 
32404.000000,1622899.000000,75549924.000000,0.008700,-0.066700,-0.965700, , , 
32405.000000,1622900.000000,75549924.000000, , , ,-0.975586,0.000000,0.650391
32406.000000,1623000.000000,75549924.000000,0.002900,-0.049300,-0.945400, , , 
32407.000000,1623001.000000,75549924.000000, , , ,-1.300781,-0.975586,0.325195
32408.000000,1623100.000000,75549924.000000,0.002900,-0.037700,-0.983100, , , 
32409.000000,1623101.000000,75549924.000000, , , ,-1.951172,-0.650391,0.325195
32410.000000,1623192.000000,75549924.000000, , , ,-2.276367,-0.325195,0.000000
32411.000000,1623199.000000,75549924.000000,0.002900,-0.017400,-0.988900, , , 
32412.000000,1623293.000000,75549924.000000, , , ,-1.951172,0.325195,0.000000
32413.000000,1623300.000000,75549924.000000,0.002900,-0.014500,-0.974400, , , 
32414.000000,1623394.000000,75549924.000000, , , ,-1.625977,-0.975586,0.000000
32415.000000,1623399.000000,75549924.000000,0.000000,-0.034800,-0.988900, , , 
32416.000000,1623495.000000,75549924.000000, , , ,-0.975586,0.000000,0.000000
32417.000000,1623500.000000,75549924.000000,0.023200,-0.020300,-0.971500, , , 
32418.000000,1623596.000000,75549924.000000, , , ,-0.650391,-0.975586,0.000000
32419.000000,1623599.000000,75549924.000000,0.005800,-0.026100,-0.962800, , , 
32420.000000,1623697.000000,75549924.000000, , , ,-0.325195,0.000000,0.000000
32421.000000,1623700.000000,75549924.000000,0.002900,-0.034800,-0.986000, , , 
32422.000000,1623798.000000,75549924.000000, , , ,-0.975586,0.000000,0.000000
32423.000000,1623799.000000,75549924.000000,0.000000,-0.040600,-1.000500, , , 
32424.000000,1623899.000000,75549924.000000, , , ,-1.300781,0.000000,0.000000
32425.000000,1623900.000000,75549924.000000,0.011600,-0.020300,-0.974400, , , 
32426.000000,1623999.000000,75549924.000000,0.005800,-0.023200,-0.945400, , , 
32427.000000,1624000.000000,75549924.000000, , , ,-0.975586,-0.975586,0.000000
32428.000000,1624100.000000,75549924.000000,0.005800,-0.034800,-0.936700, , , 
32429.000000,1624101.000000,75549924.000000, , , ,-0.650391,-0.650391,-0.325195
32430.000000,1624192.000000,75549924.000000, , , ,-0.650391,-0.325195,-0.325195
32431.000000,1624199.000000,75549924.000000,-0.005800,-0.023200,-0.971500, , , 
32432.000000,1624293.000000,75549924.000000, , , ,-0.650391,0.325195,-0.325195
32433.000000,1624300.000000,75549924.000000,0.005800,-0.037700,-1.009200, , , 
32434.000000,1624394.000000,75549924.000000, , , ,-0.975586,-0.975586,-0.325195
32435.000000,1624399.000000,75549924.000000,0.005800,-0.037700,-0.994700, , , 
32436.000000,1624495.000000,75549924.000000, , , ,-0.975586,-0.325195,-0.325195
32437.000000,1624500.000000,75549924.000000,0.000000,-0.020300,-0.986000, , , 
32438.000000,1624596.000000,75549924.000000, , , ,-0.975586,-0.650391,0.000000
32439.000000,1624599.000000,75549924.000000,0.005800,-0.031900,-0.983100, , , 
32440.000000,1624697.000000,75549924.000000, , , ,-0.650391,0.000000,-0.325195
32441.000000,1624700.000000,75549924.000000,0.008700,-0.031900,-0.977300, , , 
32442.000000,1624798.000000,75549924.000000, , , ,-0.650391,0.000000,0.000000
32443.000000,1624799.000000,75549924.000000,0.005800,-0.052200,-0.994700, , , 
32444.000000,1624899.000000,75549924.000000, , , ,-0.975586,0.325195,0.000000
32445.000000,1624900.000000,75549924.000000,0.000000,-0.014500,-0.988900, , , 
32446.000000,1624999.000000,75549924.000000,0.000000,-0.017400,-0.980200, , , 
32447.000000,1625000.000000,75549924.000000, , , ,-0.650391,-0.325195,-0.325195
32448.000000,1625100.000000,75549924.000000,0.002900,-0.020300,-0.974400, , , 
32449.000000,1625101.000000,75549924.000000, , , ,-0.325195,-0.325195,-0.325195
32450.000000,1625192.000000,75549924.000000, , , ,-0.325195,-0.325195,-0.325195
32451.000000,1625199.000000,75549924.000000,0.011600,-0.029000,-0.971500, , , 
32452.000000,1625293.000000,75549924.000000, , , ,-0.650391,0.325195,-0.325195
32453.000000,1625300.000000,75549924.000000,0.008700,-0.043500,-0.980200, , , 
32454.000000,1625394.000000,75549924.000000, , , ,0.000000,-0.325195,0.000000
32455.000000,1625399.000000,75549924.000000,0.005800,-0.040600,-1.012100, , , 
32456.000000,1625495.000000,75549924.000000, , , ,-0.325195,0.325195,-0.325195
32457.000000,1625500.000000,75549924.000000,-0.002900,-0.034800,-1.009200, , , 
32458.000000,1625596.000000,75549924.000000, , , ,-0.325195,-0.650391,-0.325195
32459.000000,1625599.000000,75549924.000000,0.011600,-0.031900,-0.994700, , , 
32460.000000,1625697.000000,75549924.000000, , , ,-0.650391,0.000000,0.000000
32461.000000,1625700.000000,75549924.000000,0.020300,-0.043500,-0.959900, , , 
32462.000000,1625798.000000,75549924.000000, , , ,-0.325195,-0.975586,0.000000
32463.000000,1625799.000000,75549924.000000,0.002900,-0.034800,-0.954100, , , 
32464.000000,1625899.000000,75549924.000000, , , ,-0.325195,0.000000,-0.325195
32465.000000,1625900.000000,75549924.000000,0.005800,-0.014500,-0.991800, , , 
32466.000000,1625999.000000,75549924.000000,0.023200,-0.040600,-1.003400, , , 
32467.000000,1626000.000000,75549924.000000, , , ,0.000000,-0.325195,-0.325195
32468.000000,1626100.000000,75549924.000000,0.008700,-0.040600,-0.988900, , , 
32469.000000,1626101.000000,75549924.000000, , , ,0.000000,0.325195,0.000000
32470.000000,1626192.000000,75549924.000000, , , ,-0.325195,0.000000,-0.325195
32471.000000,1626199.000000,75549924.000000,0.017400,-0.043500,-1.003400, , , 
32472.000000,1626293.000000,75549924.000000, , , ,-0.975586,0.000000,-0.325195
32473.000000,1626300.000000,75549924.000000,0.008700,-0.052200,-0.994700, , , 
32474.000000,1626394.000000,75549924.000000, , , ,-0.650391,-0.650391,-0.325195
32475.000000,1626399.000000,75549924.000000,0.008700,-0.023200,-0.971500, , , 
32476.000000,1626495.000000,75549924.000000, , , ,-0.650391,0.000000,-0.325195
32477.000000,1626500.000000,75549924.000000,0.002900,-0.034800,-0.988900, , , 
32478.000000,1626596.000000,75549924.000000, , , ,-0.975586,0.000000,0.000000
32479.000000,1626599.000000,75549924.000000,0.002900,-0.055100,-1.003400, , , 
32480.000000,1626697.000000,75549924.000000, , , ,-0.650391,0.325195,0.000000
32481.000000,1626700.000000,75549924.000000,0.005800,-0.023200,-0.997600, , , 
32482.000000,1626798.000000,75549924.000000, , , ,-0.975586,0.000000,-0.650391
32483.000000,1626799.000000,75549924.000000,0.002900,-0.046400,-0.997600, , , 
32484.000000,1626899.000000,75549924.000000, , , ,-0.650391,-0.325195,0.000000
32485.000000,1626900.000000,75549924.000000,0.011600,-0.049300,-0.968600, , , 
32486.000000,1626999.000000,75549924.000000,0.011600,-0.040600,-0.959900, , , 
32487.000000,1627000.000000,75549924.000000, , , ,-0.650391,-0.975586,0.000000
32488.000000,1627100.000000,75549924.000000,-0.002900,-0.060900,-0.971500, , , 
32489.000000,1627101.000000,75549924.000000, , , ,-0.650391,0.000000,-0.325195
32490.000000,1627192.000000,75549924.000000, , , ,-0.650391,-0.325195,-0.325195
32491.000000,1627199.000000,75549924.000000,0.000000,-0.055100,-0.977300, , , 
32492.000000,1627293.000000,75549924.000000, , , ,-0.650391,0.000000,0.000000
32493.000000,1627300.000000,75549924.000000,0.008700,-0.029000,-0.986000, , , 
32494.000000,1627394.000000,75549924.000000, , , ,-0.975586,0.000000,-0.325195
32495.000000,1627399.000000,75549924.000000,0.000000,-0.043500,-0.991800, , , 
32496.000000,1627495.000000,75549924.000000, , , ,-0.975586,0.000000,-0.650391
32497.000000,1627500.000000,75549924.000000,0.020300,-0.049300,-0.983100, , , 
32498.000000,1627596.000000,75549924.000000, , , ,-0.325195,0.000000,-0.325195
32499.000000,1627599.000000,75549924.000000,0.000000,-0.037700,-0.997600, , , 
32500.000000,1627697.000000,75549924.000000, , , ,0.000000,0.000000,-0.325195
32501.000000,1627700.000000,75549924.000000,0.011600,-0.040600,-0.986000, , , 
32502.000000,1627798.000000,75549924.000000, , , ,-0.325195,0.000000,-0.325195
32503.000000,1627799.000000,75549924.000000,0.011600,-0.034800,-0.994700, , , 
32504.000000,1627899.000000,75549924.000000, , , ,-0.325195,0.000000,-0.325195
32505.000000,1627900.000000,75549924.000000,-0.005800,-0.031900,-1.006300, , , 
32506.000000,1627999.000000,75549924.000000,0.000000,-0.046400,-1.009200, , , 
32507.000000,1628000.000000,75549924.000000, , , ,-0.650391,0.325195,-0.325195
32508.000000,1628100.000000,75549924.000000,0.008700,-0.046400,-0.997600, , , 
32509.000000,1628101.000000,75549924.000000, , , ,-0.975586,-0.325195,-0.325195
32510.000000,1628192.000000,75549924.000000, , , ,-0.650391,0.000000,-0.325195
32511.000000,1628199.000000,75549924.000000,0.002900,-0.029000,-0.980200, , , 
32512.000000,1628293.000000,75549924.000000, , , ,-0.650391,-1.300781,0.000000
32513.000000,1628300.000000,75549924.000000,0.031900,-0.023200,-0.968600, , , 
32514.000000,1628394.000000,75549924.000000, , , ,-0.650391,0.000000,-0.325195
32515.000000,1628399.000000,75549924.000000,-0.011600,-0.029000,-0.988900, , , 
32516.000000,1628495.000000,75549924.000000, , , ,-0.650391,0.000000,-0.325195
32517.000000,1628500.000000,75549924.000000,0.005800,-0.029000,-1.006300, , , 
32518.000000,1628596.000000,75549924.000000, , , ,-0.975586,0.000000,0.000000
32519.000000,1628599.000000,75549924.000000,0.011600,-0.034800,-0.980200, , , 
32520.000000,1628697.000000,75549924.000000, , , ,0.000000,-0.325195,0.000000
32521.000000,1628700.000000,75549924.000000,0.002900,-0.014500,-0.959900, , , 
32522.000000,1628798.000000,75549924.000000, , , ,-0.650391,0.000000,0.000000
32523.000000,1628799.000000,75549924.000000,0.000000,-0.046400,-0.971500, , , 
32524.000000,1628899.000000,75549924.000000, , , ,-0.975586,-0.975586,-0.325195
32525.000000,1628900.000000,75549924.000000,0.005800,-0.037700,-0.974400, , , 
32526.000000,1628999.000000,75549924.000000,-0.002900,-0.052200,-1.006300, , , 
32527.000000,1629000.000000,75549924.000000, , , ,-0.975586,0.000000,0.000000
32528.000000,1629100.000000,75549924.000000,0.002900,-0.040600,-1.006300, , , 
32529.000000,1629101.000000,75549924.000000, , , ,-1.951172,0.000000,0.000000
32530.000000,1629200.000000,75549924.000000,0.002900,-0.040600,-0.988900, , , 
32531.000000,1629201.000000,75549924.000000, , , ,-1.300781,0.000000,-0.325195
32532.000000,1629292.000000,75549924.000000, , , ,-0.650391,0.000000,0.000000
32533.000000,1629299.000000,75549924.000000,0.000000,-0.011600,-0.980200, , , 
32534.000000,1629393.000000,75549924.000000, , , ,-0.975586,-0.650391,0.000000
32535.000000,1629400.000000,75549924.000000,0.014500,-0.029000,-0.980200, , , 
32536.000000,1629494.000000,75549924.000000, , , ,-0.975586,0.325195,0.000000
32537.000000,1629499.000000,75549924.000000,0.005800,-0.029000,-0.988900, , , 
32538.000000,1629595.000000,75549924.000000, , , ,-1.300781,-0.325195,-0.325195
32539.000000,1629600.000000,75549924.000000,-0.011600,-0.026100,-1.000500, , , 
32540.000000,1629696.000000,75549924.000000, , , ,-1.300781,0.325195,-0.325195
32541.000000,1629699.000000,75549924.000000,0.031900,-0.023200,-0.971500, , , 
32542.000000,1629797.000000,75549924.000000, , , ,0.000000,-0.325195,0.000000
32543.000000,1629800.000000,75549924.000000,0.011600,-0.005800,-0.962800, , , 
32544.000000,1629898.000000,75549924.000000, , , ,-0.325195,0.000000,0.000000
32545.000000,1629899.000000,75549924.000000,0.000000,-0.002900,-0.971500, , , 
32546.000000,1629999.000000,75549924.000000, , , ,-0.975586,0.000000,0.000000
32547.000000,1630000.000000,75549924.000000,0.008700,-0.034800,-0.980200, , , 
32548.000000,1630099.000000,75549924.000000,0.002900,-0.026100,-0.974400, , , 
32549.000000,1630100.000000,75549924.000000, , , ,-0.975586,-0.325195,0.000000
32550.000000,1630200.000000,75549924.000000,-0.011600,-0.026100,-0.997600, , , 
32551.000000,1630201.000000,75549924.000000, , , ,-0.975586,0.000000,0.000000
32552.000000,1630292.000000,75549924.000000, , , ,-0.975586,0.325195,0.000000
32553.000000,1630299.000000,75549924.000000,0.008700,-0.031900,-1.017900, , , 
32554.000000,1630393.000000,75549924.000000, , , ,-0.650391,-0.975586,-0.325195
32555.000000,1630400.000000,75549924.000000,0.029000,0.005800,-0.957000, , , 
32556.000000,1630494.000000,75549924.000000, , , ,-0.325195,-1.300781,-0.325195
32557.000000,1630499.000000,75549924.000000,-0.005800,-0.002900,-0.919300, , , 
32558.000000,1630595.000000,75549924.000000, , , ,-0.650391,0.000000,0.000000
32559.000000,1630600.000000,75549924.000000,-0.011600,-0.040600,-0.962800, , , 
32560.000000,1630696.000000,75549924.000000, , , ,-0.975586,0.000000,0.000000
32561.000000,1630699.000000,75549924.000000,-0.005800,-0.008700,-1.015000, , , 
32562.000000,1630797.000000,75549924.000000, , , ,-0.650391,0.325195,-0.325195
32563.000000,1630800.000000,75549924.000000,0.000000,-0.026100,-1.046900, , , 
32564.000000,1630898.000000,75549924.000000, , , ,-0.650391,0.000000,0.000000
32565.000000,1630899.000000,75549924.000000,0.002900,-0.002900,-1.003400, , , 
32566.000000,1630999.000000,75549924.000000, , , ,-0.325195,0.000000,-0.325195
32567.000000,1631000.000000,75549924.000000,0.000000,-0.029000,-0.991800, , , 
32568.000000,1631099.000000,75549924.000000,0.000000,-0.020300,-0.994700, , , 
32569.000000,1631100.000000,75549924.000000, , , ,-0.650391,0.000000,0.000000
32570.000000,1631200.000000,75549924.000000,0.008700,-0.029000,-0.997600, , , 
32571.000000,1631201.000000,75549924.000000, , , ,-0.975586,0.325195,0.000000
32572.000000,1631292.000000,75549924.000000, , , ,-1.300781,0.000000,-0.650391
32573.000000,1631299.000000,75549924.000000,0.002900,-0.043500,-1.009200, , , 
32574.000000,1631393.000000,75549924.000000, , , ,-1.625977,0.000000,0.000000
32575.000000,1631400.000000,75549924.000000,0.008700,-0.023200,-0.986000, , , 
32576.000000,1631494.000000,75549924.000000, , , ,-1.951172,0.325195,0.000000
32577.000000,1631499.000000,75549924.000000,0.005800,-0.020300,-0.974400, , , 
32578.000000,1631595.000000,75549924.000000, , , ,-1.625977,-0.650391,0.000000
32579.000000,1631600.000000,75549924.000000,0.008700,-0.023200,-0.980200, , , 
32580.000000,1631696.000000,75549924.000000, , , ,-1.625977,-0.650391,0.000000
32581.000000,1631699.000000,75549924.000000,0.005800,0.000000,-0.957000, , , 
32582.000000,1631797.000000,75549924.000000, , , ,-0.325195,-0.975586,-0.325195
32583.000000,1631800.000000,75549924.000000,0.011600,0.000000,-0.936700, , , 
32584.000000,1631898.000000,75549924.000000, , , ,0.325195,-0.975586,-0.325195
32585.000000,1631899.000000,75549924.000000,0.005800,0.002900,-0.942500, , , 
32586.000000,1631999.000000,75549924.000000, , , ,0.650391,-0.325195,0.000000
32587.000000,1632000.000000,75549924.000000,0.008700,0.002900,-0.945400, , , 
32588.000000,1632099.000000,75549924.000000,0.002900,0.000000,-0.951200, , , 
32589.000000,1632100.000000,75549924.000000, , , ,0.650391,-0.975586,-0.325195
32590.000000,1632200.000000,75549924.000000,0.008700,-0.029000,-0.980200, , , 
32591.000000,1632201.000000,75549924.000000, , , ,0.975586,0.000000,0.000000
32592.000000,1632292.000000,75549924.000000, , , ,0.650391,-0.325195,-0.325195
32593.000000,1632299.000000,75549924.000000,-0.008700,-0.026100,-0.977300, , , 
32594.000000,1632393.000000,75549924.000000, , , ,0.650391,0.000000,-0.325195
32595.000000,1632400.000000,75549924.000000,0.005800,-0.020300,-0.991800, , , 
32596.000000,1632494.000000,75549924.000000, , , ,0.000000,0.325195,0.000000
32597.000000,1632499.000000,75549924.000000,0.011600,-0.014500,-1.006300, , , 
32598.000000,1632595.000000,75549924.000000, , , ,0.000000,-0.325195,0.000000
32599.000000,1632600.000000,75549924.000000,0.014500,-0.052200,-0.977300, , , 
32600.000000,1632696.000000,75549924.000000, , , ,0.000000,-0.650391,0.000000
32601.000000,1632699.000000,75549924.000000,0.005800,-0.014500,-0.948300, , , 
32602.000000,1632797.000000,75549924.000000, , , ,0.000000,-0.650391,0.000000
32603.000000,1632800.000000,75549924.000000,0.014500,-0.029000,-0.957000, , , 
32604.000000,1632898.000000,75549924.000000, , , ,0.000000,0.000000,0.000000
32605.000000,1632900.000000,75549924.000000,0.000000,-0.026100,-0.965700, , , 
32606.000000,1632998.000000,75549924.000000, , , ,-0.325195,-0.325195,-0.325195
32607.000000,1632999.000000,75549924.000000,0.008700,-0.023200,-0.991800, , , 
32608.000000,1633099.000000,75549924.000000, , , ,-0.650391,0.325195,0.000000
32609.000000,1633100.000000,75549924.000000,0.000000,-0.049300,-1.017900, , , 
32610.000000,1633199.000000,75549924.000000,0.002900,-0.034800,-1.020800, , , 
32611.000000,1633200.000000,75549924.000000, , , ,-0.325195,0.325195,0.000000
32612.000000,1633300.000000,75549924.000000,0.002900,0.000000,-1.032400, , , 
32613.000000,1633301.000000,75549924.000000, , , ,0.000000,0.650391,0.000000
32614.000000,1633392.000000,75549924.000000, , , ,0.325195,0.325195,0.000000
32615.000000,1633399.000000,75549924.000000,0.014500,-0.034800,-1.015000, , , 
32616.000000,1633493.000000,75549924.000000, , , ,0.325195,0.325195,0.000000
32617.000000,1633500.000000,75549924.000000,0.020300,-0.034800,-0.968600, , , 
32618.000000,1633594.000000,75549924.000000, , , ,0.000000,-0.650391,0.000000
32619.000000,1633599.000000,75549924.000000,0.008700,-0.043500,-0.962800, , , 
32620.000000,1633695.000000,75549924.000000, , , ,-1.300781,-0.650391,0.000000
32621.000000,1633700.000000,75549924.000000,0.000000,-0.060900,-0.983100, , , 
32622.000000,1633796.000000,75549924.000000, , , ,-1.625977,0.000000,0.000000
32623.000000,1633799.000000,75549924.000000,0.005800,-0.069600,-0.997600, , , 
32624.000000,1633897.000000,75549924.000000, , , ,-1.300781,0.000000,0.000000
32625.000000,1633900.000000,75549924.000000,0.005800,-0.040600,-1.009200, , , 
32626.000000,1633998.000000,75549924.000000, , , ,-1.625977,0.325195,-0.650391
32627.000000,1633999.000000,75549924.000000,0.005800,-0.058000,-1.003400, , , 
32628.000000,1634099.000000,75549924.000000, , , ,-0.650391,0.000000,-0.975586
32629.000000,1634100.000000,75549924.000000,0.017400,-0.046400,-0.971500, , , 
32630.000000,1634199.000000,75549924.000000,0.014500,-0.060900,-0.939600, , , 
32631.000000,1634200.000000,75549924.000000, , , ,0.000000,-0.975586,-0.975586
32632.000000,1634300.000000,75549924.000000,0.000000,-0.069600,-0.957000, , , 
32633.000000,1634301.000000,75549924.000000, , , ,-0.325195,-1.300781,-0.975586
32634.000000,1634392.000000,75549924.000000, , , ,-0.325195,0.325195,-0.650391
32635.000000,1634399.000000,75549924.000000,0.000000,-0.072500,-0.991800, , , 
32636.000000,1634493.000000,75549924.000000, , , ,-0.975586,-0.650391,-0.650391
32637.000000,1634500.000000,75549924.000000,0.005800,-0.069600,-0.997600, , , 
32638.000000,1634594.000000,75549924.000000, , , ,-0.325195,0.325195,0.000000
32639.000000,1634599.000000,75549924.000000,0.011600,-0.066700,-0.962800, , , 
32640.000000,1634695.000000,75549924.000000, , , ,-0.650391,-0.650391,-0.325195
32641.000000,1634700.000000,75549924.000000,0.000000,-0.031900,-0.962800, , , 
32642.000000,1634796.000000,75549924.000000, , , ,-0.650391,0.000000,-0.325195
32643.000000,1634799.000000,75549924.000000,0.002900,-0.034800,-1.003400, , , 
32644.000000,1634897.000000,75549924.000000, , , ,-0.325195,-0.650391,-0.325195
32645.000000,1634900.000000,75549924.000000,0.000000,-0.040600,-1.015000, , , 
32646.000000,1634998.000000,75549924.000000, , , ,-0.325195,0.000000,-0.325195
32647.000000,1634999.000000,75549924.000000,0.011600,-0.017400,-1.020800, , , 
32648.000000,1635099.000000,75549924.000000, , , ,0.325195,0.000000,0.000000
32649.000000,1635100.000000,75549924.000000,0.020300,-0.023200,-0.977300, , , 
32650.000000,1635199.000000,75549924.000000,0.008700,-0.031900,-0.954100, , , 
32651.000000,1635200.000000,75549924.000000, , , ,0.000000,0.000000,0.000000
32652.000000,1635300.000000,75549924.000000,0.000000,-0.046400,-0.994700, , , 
32653.000000,1635301.000000,75549924.000000, , , ,-0.650391,-0.325195,0.000000
32654.000000,1635392.000000,75549924.000000, , , ,-0.975586,0.325195,0.000000
32655.000000,1635399.000000,75549924.000000,0.014500,-0.040600,-0.986000, , , 
32656.000000,1635493.000000,75549924.000000, , , ,-0.975586,-0.650391,0.000000
32657.000000,1635500.000000,75549924.000000,0.000000,-0.029000,-0.974400, , , 
32658.000000,1635594.000000,75549924.000000, , , ,-0.325195,0.325195,0.000000
32659.000000,1635599.000000,75549924.000000,-0.002900,-0.049300,-1.009200, , , 
32660.000000,1635695.000000,75549924.000000, , , ,-1.300781,-0.650391,0.000000
32661.000000,1635700.000000,75549924.000000,0.023200,-0.040600,-1.006300, , , 
32662.000000,1635796.000000,75549924.000000, , , ,-0.975586,0.000000,0.000000
32663.000000,1635799.000000,75549924.000000,0.011600,-0.023200,-0.962800, , , 
32664.000000,1635897.000000,75549924.000000, , , ,-0.650391,-0.975586,0.000000
32665.000000,1635900.000000,75549924.000000,0.020300,-0.034800,-0.957000, , , 
32666.000000,1635998.000000,75549924.000000, , , ,-1.300781,0.000000,-0.325195
32667.000000,1635999.000000,75549924.000000,0.000000,-0.052200,-1.009200, , , 
32668.000000,1636099.000000,75549924.000000, , , ,-1.625977,0.325195,0.000000
32669.000000,1636100.000000,75549924.000000,0.005800,-0.034800,-1.017900, , , 
32670.000000,1636199.000000,75549924.000000,0.000000,-0.037700,-0.983100, , , 
32671.000000,1636200.000000,75549924.000000, , , ,-0.975586,-0.325195,0.000000
32672.000000,1636300.000000,75549924.000000,0.014500,-0.029000,-0.971500, , , 
32673.000000,1636301.000000,75549924.000000, , , ,-1.300781,-0.650391,0.000000
32674.000000,1636392.000000,75549924.000000, , , ,-0.975586,0.000000,-0.325195
32675.000000,1636399.000000,75549924.000000,0.008700,-0.011600,-0.962800, , , 
32676.000000,1636493.000000,75549924.000000, , , ,-0.975586,-0.975586,-0.325195
32677.000000,1636500.000000,75549924.000000,0.008700,-0.020300,-0.942500, , , 
32678.000000,1636594.000000,75549924.000000, , , ,-0.650391,-0.650391,-0.325195
32679.000000,1636599.000000,75549924.000000,0.008700,-0.026100,-0.957000, , , 
32680.000000,1636695.000000,75549924.000000, , , ,0.000000,0.000000,0.000000
32681.000000,1636700.000000,75549924.000000,-0.002900,-0.020300,-0.988900, , , 
32682.000000,1636796.000000,75549924.000000, , , ,0.000000,0.000000,0.000000
32683.000000,1636799.000000,75549924.000000,0.008700,-0.029000,-1.003400, , , 
32684.000000,1636897.000000,75549924.000000, , , ,-0.325195,0.000000,0.000000
32685.000000,1636900.000000,75549924.000000,0.002900,-0.037700,-0.986000, , , 
32686.000000,1636998.000000,75549924.000000, , , ,-0.325195,-0.650391,-0.325195
32687.000000,1636999.000000,75549924.000000,0.017400,-0.023200,-0.974400, , , 
32688.000000,1637099.000000,75549924.000000, , , ,0.325195,-0.975586,-0.325195
32689.000000,1637100.000000,75549924.000000,0.014500,-0.034800,-0.945400, , , 
32690.000000,1637199.000000,75549924.000000,0.000000,-0.040600,-0.945400, , , 
32691.000000,1637200.000000,75549924.000000, , , ,0.650391,-1.625977,-0.325195
32692.000000,1637300.000000,75549924.000000,-0.002900,-0.040600,-0.954100, , , 
32693.000000,1637301.000000,75549924.000000, , , ,0.000000,-0.325195,-0.650391
32694.000000,1637392.000000,75549924.000000, , , ,-0.325195,-0.975586,-0.325195
32695.000000,1637399.000000,75549924.000000,0.002900,-0.058000,-0.954100, , , 
32696.000000,1637493.000000,75549924.000000, , , ,-0.325195,-0.325195,0.000000
32697.000000,1637500.000000,75549924.000000,0.000000,-0.049300,-0.968600, , , 
32698.000000,1637594.000000,75549924.000000, , , ,-0.650391,-0.650391,-0.325195
32699.000000,1637599.000000,75549924.000000,-0.002900,-0.052200,-0.986000, , , 
32700.000000,1637695.000000,75549924.000000, , , ,-0.325195,0.000000,0.000000
32701.000000,1637700.000000,75549924.000000,-0.008700,-0.040600,-0.988900, , , 
32702.000000,1637796.000000,75549924.000000, , , ,-0.325195,0.000000,0.000000
32703.000000,1637799.000000,75549924.000000,0.002900,-0.034800,-1.003400, , , 
32704.000000,1637897.000000,75549924.000000, , , ,-0.650391,0.000000,-0.325195
32705.000000,1637900.000000,75549924.000000,0.002900,-0.052200,-0.986000, , , 
32706.000000,1637998.000000,75549924.000000, , , ,-0.650391,-0.325195,0.000000
32707.000000,1637999.000000,75549924.000000,0.008700,-0.052200,-0.962800, , , 
32708.000000,1638099.000000,75549924.000000, , , ,0.000000,0.000000,0.000000
32709.000000,1638100.000000,75549924.000000,-0.002900,-0.043500,-0.965700, , , 
32710.000000,1638199.000000,75549924.000000,-0.005800,-0.046400,-0.991800, , , 
32711.000000,1638200.000000,75549924.000000, , , ,-1.300781,-0.325195,0.000000
32712.000000,1638300.000000,75549924.000000,0.014500,-0.034800,-0.974400, , , 
32713.000000,1638301.000000,75549924.000000, , , ,0.000000,-0.325195,-0.650391
32714.000000,1638392.000000,75549924.000000, , , ,0.000000,-1.300781,0.000000
32715.000000,1638399.000000,75549924.000000,-0.002900,-0.029000,-0.948300, , , 
32716.000000,1638493.000000,75549924.000000, , , ,-0.650391,-0.325195,-0.325195
32717.000000,1638500.000000,75549924.000000,-0.002900,-0.031900,-0.965700, , , 
32718.000000,1638594.000000,75549924.000000, , , ,0.000000,0.000000,-0.650391
32719.000000,1638599.000000,75549924.000000,0.008700,-0.046400,-0.988900, , , 
32720.000000,1638695.000000,75549924.000000, , , ,0.000000,-1.300781,0.000000
32721.000000,1638700.000000,75549924.000000,-0.002900,-0.031900,-0.962800, , , 
32722.000000,1638796.000000,75549924.000000, , , ,0.000000,0.000000,-0.325195
32723.000000,1638799.000000,75549924.000000,-0.005800,-0.046400,-0.980200, , , 
32724.000000,1638897.000000,75549924.000000, , , ,-0.650391,0.000000,-0.325195
32725.000000,1638900.000000,75549924.000000,0.000000,-0.069600,-1.017900, , , 
32726.000000,1638998.000000,75549924.000000, , , ,-0.325195,0.000000,0.000000
32727.000000,1639000.000000,75549924.000000,0.005800,-0.046400,-0.986000, , , 
32728.000000,1639098.000000,75549924.000000, , , ,-0.975586,-0.650391,-0.325195
32729.000000,1639099.000000,75549924.000000,0.000000,-0.046400,-0.965700, , , 
32730.000000,1639199.000000,75549924.000000, , , ,0.000000,-0.325195,0.000000
32731.000000,1639200.000000,75549924.000000,0.000000,-0.043500,-0.948300, , , 
32732.000000,1639299.000000,75549924.000000,-0.005800,-0.023200,-0.942500, , , 
32733.000000,1639300.000000,75549924.000000, , , ,0.000000,-1.300781,0.000000
32734.000000,1639400.000000,75549924.000000,-0.011600,-0.049300,-0.980200, , , 
32735.000000,1639401.000000,75549924.000000, , , ,0.000000,0.000000,-0.325195
32736.000000,1639492.000000,75549924.000000, , , ,-0.325195,0.000000,-0.325195
32737.000000,1639499.000000,75549924.000000,-0.008700,-0.055100,-1.029500, , , 
32738.000000,1639593.000000,75549924.000000, , , ,-1.300781,0.000000,0.000000
32739.000000,1639600.000000,75549924.000000,-0.002900,-0.075400,-1.029500, , , 
32740.000000,1639694.000000,75549924.000000, , , ,-1.300781,0.000000,0.000000
32741.000000,1639699.000000,75549924.000000,0.000000,-0.049300,-0.980200, , , 
32742.000000,1639795.000000,75549924.000000, , , ,-0.975586,-0.975586,0.000000
32743.000000,1639800.000000,75549924.000000,-0.002900,-0.037700,-0.942500, , , 
32744.000000,1639896.000000,75549924.000000, , , ,0.000000,0.000000,0.000000
32745.000000,1639899.000000,75549924.000000,-0.005800,-0.043500,-0.959900, , , 
32746.000000,1639997.000000,75549924.000000, , , ,0.000000,-0.325195,-0.650391
32747.000000,1640000.000000,75549924.000000,-0.008700,-0.063800,-0.994700, , , 
32748.000000,1640098.000000,75549924.000000, , , ,0.000000,0.325195,-0.325195
32749.000000,1640099.000000,75549924.000000,-0.011600,-0.066700,-0.997600, , , 
32750.000000,1640199.000000,75549924.000000, , , ,-0.325195,0.000000,-0.650391
32751.000000,1640200.000000,75549924.000000,-0.002900,-0.052200,-1.000500, , , 
32752.000000,1640299.000000,75549924.000000,-0.014500,-0.066700,-1.003400, , , 
32753.000000,1640300.000000,75549924.000000, , , ,-0.650391,-0.325195,-0.325195
32754.000000,1640400.000000,75549924.000000,-0.014500,-0.072500,-0.983100, , , 
32755.000000,1640401.000000,75549924.000000, , , ,-0.650391,0.000000,-0.325195
32756.000000,1640500.000000,75549924.000000,-0.002900,-0.049300,-0.994700, , , 
32757.000000,1640501.000000,75549924.000000, , , ,-0.325195,0.325195,0.000000
32758.000000,1640592.000000,75549924.000000, , , ,0.000000,0.000000,-0.325195
32759.000000,1640599.000000,75549924.000000,-0.014500,-0.063800,-1.012100, , , 
32760.000000,1640693.000000,75549924.000000, , , ,-0.975586,0.000000,0.000000
32761.000000,1640700.000000,75549924.000000,-0.011600,-0.078300,-1.020800, , , 
32762.000000,1640794.000000,75549924.000000, , , ,-0.650391,0.325195,-0.325195
32763.000000,1640799.000000,75549924.000000,0.000000,-0.046400,-0.988900, , , 
32764.000000,1640895.000000,75549924.000000, , , ,-0.650391,-0.650391,0.000000
32765.000000,1640900.000000,75549924.000000,0.002900,-0.049300,-0.957000, , , 
32766.000000,1640996.000000,75549924.000000, , , ,-0.975586,-0.325195,-0.325195
32767.000000,1640999.000000,75549924.000000,-0.005800,-0.055100,-0.945400, , , 
32768.000000,1641097.000000,75549924.000000, , , ,-1.625977,-0.650391,0.000000
32769.000000,1641100.000000,75549924.000000,-0.008700,-0.043500,-0.962800, , , 
32770.000000,1641198.000000,75549924.000000, , , ,-0.325195,0.000000,-0.325195
32771.000000,1641199.000000,75549924.000000,-0.008700,-0.046400,-0.983100, , , 
32772.000000,1641299.000000,75549924.000000, , , ,0.000000,-0.325195,-0.325195
32773.000000,1641300.000000,75549924.000000,-0.005800,-0.046400,-0.988900, , , 
32774.000000,1641399.000000,75549924.000000,-0.011600,-0.058000,-1.017900, , , 
32775.000000,1641400.000000,75549924.000000, , , ,-0.325195,0.650391,0.000000
32776.000000,1641500.000000,75549924.000000,-0.008700,-0.078300,-1.020800, , , 
32777.000000,1641501.000000,75549924.000000, , , ,-0.650391,0.000000,-0.650391
32778.000000,1641592.000000,75549924.000000, , , ,-0.975586,0.325195,-0.325195
32779.000000,1641599.000000,75549924.000000,0.000000,-0.040600,-0.988900, , , 
32780.000000,1641693.000000,75549924.000000, , , ,-0.650391,-0.975586,-0.325195
32781.000000,1641700.000000,75549924.000000,0.000000,-0.049300,-0.968600, , , 
32782.000000,1641794.000000,75549924.000000, , , ,-0.975586,0.000000,-0.325195
32783.000000,1641799.000000,75549924.000000,-0.020300,-0.063800,-0.980200, , , 
32784.000000,1641894.000000,75549924.000000, , , ,-0.975586,-0.325195,-0.325195
32785.000000,1641899.000000,75549924.000000,0.000000,-0.046400,-0.988900, , , 
32786.000000,1641995.000000,75549924.000000, , , ,-1.300781,0.000000,0.000000
32787.000000,1642000.000000,75549924.000000,-0.002900,-0.055100,-0.983100, , , 
32788.000000,1642096.000000,75549924.000000, , , ,-1.300781,-0.650391,0.000000
32789.000000,1642099.000000,75549924.000000,0.000000,-0.046400,-0.957000, , , 
32790.000000,1642197.000000,75549924.000000, , , ,-0.975586,-0.325195,-0.325195
32791.000000,1642200.000000,75549924.000000,-0.008700,-0.046400,-0.965700, , , 
32792.000000,1642298.000000,75549924.000000, , , ,-1.300781,0.000000,-0.325195
32793.000000,1642299.000000,75549924.000000,-0.011600,-0.049300,-0.977300, , , 
32794.000000,1642399.000000,75549924.000000, , , ,-0.975586,-0.325195,-0.325195
32795.000000,1642400.000000,75549924.000000,0.000000,-0.043500,-0.977300, , , 
32796.000000,1642499.000000,75549924.000000,-0.008700,-0.046400,-0.980200, , , 
32797.000000,1642500.000000,75549924.000000, , , ,-0.975586,0.000000,0.000000
32798.000000,1642600.000000,75549924.000000,0.002900,-0.040600,-0.983100, , , 
32799.000000,1642601.000000,75549924.000000, , , ,-0.650391,0.000000,-0.325195
32800.000000,1642692.000000,75549924.000000, , , ,-0.650391,0.000000,-0.325195
32801.000000,1642699.000000,75549924.000000,0.000000,-0.055100,-0.980200, , , 
32802.000000,1642793.000000,75549924.000000, , , ,-0.325195,-0.650391,0.000000
32803.000000,1642800.000000,75549924.000000,0.000000,-0.040600,-0.994700, , , 
32804.000000,1642894.000000,75549924.000000, , , ,-0.650391,0.000000,-0.325195
32805.000000,1642899.000000,75549924.000000,0.000000,-0.040600,-0.983100, , , 
32806.000000,1642995.000000,75549924.000000, , , ,-0.325195,0.000000,0.000000
32807.000000,1643000.000000,75549924.000000,-0.017400,-0.052200,-0.997600, , , 
32808.000000,1643096.000000,75549924.000000, , , ,0.000000,0.325195,-0.325195
32809.000000,1643099.000000,75549924.000000,0.000000,-0.037700,-1.000500, , , 
32810.000000,1643197.000000,75549924.000000, , , ,0.000000,-0.325195,0.000000
32811.000000,1643200.000000,75549924.000000,0.000000,-0.055100,-0.988900, , , 
32812.000000,1643298.000000,75549924.000000, , , ,-0.650391,0.000000,-0.325195
32813.000000,1643299.000000,75549924.000000,-0.005800,-0.049300,-0.991800, , , 
32814.000000,1643399.000000,75549924.000000, , , ,-0.975586,0.000000,-0.325195
32815.000000,1643400.000000,75549924.000000,-0.005800,-0.043500,-0.977300, , , 
32816.000000,1643499.000000,75549924.000000,0.000000,-0.063800,-0.988900, , , 
32817.000000,1643500.000000,75549924.000000, , , ,-1.300781,0.000000,0.000000
32818.000000,1643600.000000,75549924.000000,0.014500,-0.031900,-0.965700, , , 
32819.000000,1643601.000000,75549924.000000, , , ,-1.300781,-0.650391,-0.650391
32820.000000,1643692.000000,75549924.000000, , , ,-0.975586,-0.650391,0.000000
32821.000000,1643699.000000,75549924.000000,-0.005800,-0.034800,-0.945400, , , 
32822.000000,1643793.000000,75549924.000000, , , ,-1.951172,0.000000,0.000000
32823.000000,1643800.000000,75549924.000000,-0.014500,-0.052200,-0.983100, , , 
32824.000000,1643894.000000,75549924.000000, , , ,-1.951172,0.325195,-0.325195
32825.000000,1643899.000000,75549924.000000,-0.014500,-0.040600,-1.032400, , , 
32826.000000,1643995.000000,75549924.000000, , , ,-2.276367,-0.325195,-0.325195
32827.000000,1644000.000000,75549924.000000,0.005800,-0.043500,-1.049800, , , 
32828.000000,1644096.000000,75549924.000000, , , ,-2.276367,0.000000,-0.325195
32829.000000,1644099.000000,75549924.000000,0.000000,-0.040600,-0.988900, , , 
32830.000000,1644197.000000,75549924.000000, , , ,-1.625977,-0.650391,0.000000
32831.000000,1644200.000000,75549924.000000,-0.008700,-0.017400,-0.954100, , , 
32832.000000,1644298.000000,75549924.000000, , , ,-1.625977,0.000000,-0.325195
32833.000000,1644299.000000,75549924.000000,-0.005800,-0.034800,-0.948300, , , 
32834.000000,1644399.000000,75549924.000000, , , ,-1.300781,-0.650391,-0.325195
32835.000000,1644400.000000,75549924.000000,-0.002900,-0.014500,-0.957000, , , 
32836.000000,1644499.000000,75549924.000000,-0.014500,-0.029000,-0.994700, , , 
32837.000000,1644500.000000,75549924.000000, , , ,-0.650391,0.000000,-0.650391
32838.000000,1644600.000000,75549924.000000,0.000000,-0.034800,-0.994700, , , 
32839.000000,1644601.000000,75549924.000000, , , ,-0.975586,0.000000,-0.650391
32840.000000,1644692.000000,75549924.000000, , , ,-0.650391,0.000000,-0.325195
32841.000000,1644699.000000,75549924.000000,-0.005800,-0.020300,-0.977300, , , 
32842.000000,1644793.000000,75549924.000000, , , ,-0.650391,0.000000,-0.650391
32843.000000,1644800.000000,75549924.000000,-0.002900,-0.049300,-0.988900, , , 
32844.000000,1644894.000000,75549924.000000, , , ,-0.975586,0.000000,-0.650391
32845.000000,1644899.000000,75549924.000000,0.000000,-0.046400,-0.997600, , , 
32846.000000,1644995.000000,75549924.000000, , , ,-0.975586,-0.650391,-0.650391
32847.000000,1645000.000000,75549924.000000,-0.011600,-0.055100,-0.991800, , , 
32848.000000,1645096.000000,75549924.000000, , , ,-0.975586,0.000000,-0.325195
32849.000000,1645099.000000,75549924.000000,-0.002900,-0.034800,-0.977300, , , 
32850.000000,1645197.000000,75549924.000000, , , ,-1.300781,0.000000,-0.325195
32851.000000,1645200.000000,75549924.000000,0.000000,-0.040600,-0.983100, , , 
32852.000000,1645298.000000,75549924.000000, , , ,-0.650391,-0.325195,-0.325195
32853.000000,1645299.000000,75549924.000000,-0.005800,-0.026100,-0.965700, , , 
32854.000000,1645399.000000,75549924.000000, , , ,-1.300781,0.000000,-0.975586
32855.000000,1645400.000000,75549924.000000,-0.014500,-0.049300,-0.986000, , , 
32856.000000,1645499.000000,75549924.000000,0.014500,-0.029000,-0.977300, , , 
32857.000000,1645500.000000,75549924.000000, , , ,-0.975586,-0.325195,-0.650391
32858.000000,1645600.000000,75549924.000000,-0.014500,-0.037700,-0.988900, , , 
32859.000000,1645601.000000,75549924.000000, , , ,-1.300781,0.325195,0.000000
32860.000000,1645692.000000,75549924.000000, , , ,-1.300781,0.000000,-0.325195
32861.000000,1645699.000000,75549924.000000,-0.008700,-0.046400,-1.023700, , , 
32862.000000,1645793.000000,75549924.000000, , , ,-1.300781,0.325195,-0.325195
32863.000000,1645800.000000,75549924.000000,0.000000,-0.023200,-1.029500, , , 
32864.000000,1645894.000000,75549924.000000, , , ,-1.300781,0.000000,-0.650391
32865.000000,1645899.000000,75549924.000000,-0.008700,-0.034800,-1.035300, , , 
32866.000000,1645995.000000,75549924.000000, , , ,-0.975586,0.325195,-0.650391
32867.000000,1646000.000000,75549924.000000,-0.008700,-0.037700,-0.977300, , , 
32868.000000,1646096.000000,75549924.000000, , , ,-1.300781,0.000000,-0.650391
32869.000000,1646099.000000,75549924.000000,-0.005800,-0.046400,-0.986000, , , 
32870.000000,1646197.000000,75549924.000000, , , ,-1.300781,0.325195,-0.650391
32871.000000,1646200.000000,75549924.000000,-0.008700,-0.046400,-1.009200, , , 
32872.000000,1646298.000000,75549924.000000, , , ,-1.625977,0.000000,-0.650391
32873.000000,1646299.000000,75549924.000000,0.000000,-0.046400,-1.000500, , , 
32874.000000,1646399.000000,75549924.000000, , , ,-1.300781,-0.325195,-0.325195
32875.000000,1646400.000000,75549924.000000,0.023200,-0.014500,-0.983100, , , 
32876.000000,1646499.000000,75549924.000000,-0.005800,-0.023200,-0.959900, , , 
32877.000000,1646500.000000,75549924.000000, , , ,-0.975586,-0.325195,0.000000
32878.000000,1646600.000000,75549924.000000,0.000000,-0.031900,-0.948300, , , 
32879.000000,1646601.000000,75549924.000000, , , ,-1.300781,-0.650391,-0.650391
32880.000000,1646692.000000,75549924.000000, , , ,-1.625977,-0.325195,-0.650391
32881.000000,1646699.000000,75549924.000000,-0.005800,-0.026100,-0.977300, , , 
32882.000000,1646793.000000,75549924.000000, , , ,-1.300781,0.000000,-0.650391
32883.000000,1646800.000000,75549924.000000,-0.008700,-0.031900,-0.994700, , , 
32884.000000,1646894.000000,75549924.000000, , , ,-1.300781,0.000000,-0.650391
32885.000000,1646899.000000,75549924.000000,-0.005800,-0.026100,-0.994700, , , 
32886.000000,1646995.000000,75549924.000000, , , ,-1.300781,0.000000,-0.650391
32887.000000,1647000.000000,75549924.000000,0.000000,-0.017400,-1.015000, , , 
32888.000000,1647096.000000,75549924.000000, , , ,-0.650391,0.000000,-0.975586
32889.000000,1647099.000000,75549924.000000,0.000000,-0.017400,-0.997600, , , 
32890.000000,1647197.000000,75549924.000000, , , ,-0.650391,0.000000,-0.975586
32891.000000,1647200.000000,75549924.000000,-0.002900,-0.026100,-0.977300, , , 
32892.000000,1647298.000000,75549924.000000, , , ,-0.325195,-0.325195,-0.325195
32893.000000,1647299.000000,75549924.000000,0.000000,-0.023200,-0.983100, , , 
32894.000000,1647399.000000,75549924.000000, , , ,-0.650391,0.000000,-0.975586
32895.000000,1647400.000000,75549924.000000,-0.005800,-0.046400,-0.986000, , , 
32896.000000,1647499.000000,75549924.000000,0.002900,-0.020300,-0.974400, , , 
32897.000000,1647500.000000,75549924.000000, , , ,-0.650391,-0.325195,-0.650391
32898.000000,1647600.000000,75549924.000000,-0.002900,-0.014500,-1.000500, , , 
32899.000000,1647601.000000,75549924.000000, , , ,-0.325195,0.000000,-0.650391
32900.000000,1647692.000000,75549924.000000, , , ,-0.325195,0.000000,-0.975586
32901.000000,1647699.000000,75549924.000000,0.000000,-0.002900,-0.974400, , , 
32902.000000,1647793.000000,75549924.000000, , , ,0.000000,-0.650391,-0.650391
32903.000000,1647800.000000,75549924.000000,0.002900,-0.043500,-0.954100, , , 
32904.000000,1647894.000000,75549924.000000, , , ,-1.951172,-0.325195,-0.650391
32905.000000,1647899.000000,75549924.000000,0.002900,-0.037700,-0.983100, , , 
32906.000000,1647995.000000,75549924.000000, , , ,-2.601563,-0.325195,-0.325195
32907.000000,1648000.000000,75549924.000000,0.011600,-0.002900,-0.980200, , , 
32908.000000,1648096.000000,75549924.000000, , , ,-1.951172,0.000000,-0.325195
32909.000000,1648099.000000,75549924.000000,0.000000,-0.005800,-0.957000, , , 
32910.000000,1648197.000000,75549924.000000, , , ,-1.300781,-0.650391,-0.975586
32911.000000,1648200.000000,75549924.000000,0.000000,0.000000,-0.994700, , , 
32912.000000,1648298.000000,75549924.000000, , , ,-0.975586,0.000000,-0.975586
32913.000000,1648299.000000,75549924.000000,0.000000,-0.034800,-0.994700, , , 
32914.000000,1648399.000000,75549924.000000, , , ,-1.300781,0.000000,-0.975586
32915.000000,1648400.000000,75549924.000000,0.002900,-0.037700,-1.003400, , , 
32916.000000,1648499.000000,75549924.000000,0.020300,-0.020300,-0.991800, , , 
32917.000000,1648500.000000,75549924.000000, , , ,-0.650391,-0.325195,-0.975586
32918.000000,1648600.000000,75549924.000000,0.008700,-0.029000,-0.954100, , , 
32919.000000,1648601.000000,75549924.000000, , , ,-0.325195,-0.650391,-1.300781
32920.000000,1648692.000000,75549924.000000, , , ,0.000000,-0.325195,-1.300781
32921.000000,1648699.000000,75549924.000000,0.000000,-0.034800,-0.968600, , , 
32922.000000,1648793.000000,75549924.000000, , , ,0.650391,0.000000,-1.625977
32923.000000,1648800.000000,75549924.000000,0.017400,-0.040600,-0.983100, , , 
32924.000000,1648894.000000,75549924.000000, , , ,0.000000,-0.975586,-1.300781
32925.000000,1648899.000000,75549924.000000,0.008700,-0.046400,-0.962800, , , 
32926.000000,1648995.000000,75549924.000000, , , ,0.000000,-0.325195,-1.300781
32927.000000,1649000.000000,75549924.000000,0.020300,-0.043500,-0.962800, , , 
32928.000000,1649096.000000,75549924.000000, , , ,0.000000,-0.325195,-1.300781
32929.000000,1649099.000000,75549924.000000,0.008700,-0.046400,-0.983100, , , 
32930.000000,1649197.000000,75549924.000000, , , ,-0.325195,-0.325195,-1.300781
32931.000000,1649200.000000,75549924.000000,0.005800,-0.046400,-0.988900, , , 
32932.000000,1649298.000000,75549924.000000, , , ,0.000000,0.000000,-1.625977
32933.000000,1649299.000000,75549924.000000,-0.005800,-0.037700,-0.997600, , , 
32934.000000,1649399.000000,75549924.000000, , , ,-0.325195,-0.325195,-0.975586
32935.000000,1649400.000000,75549924.000000,0.008700,-0.052200,-1.000500, , , 
32936.000000,1649499.000000,75549924.000000,0.011600,-0.060900,-1.006300, , , 
32937.000000,1649500.000000,75549924.000000, , , ,-0.975586,0.650391,-0.975586
32938.000000,1649600.000000,75549924.000000,0.002900,-0.034800,-1.003400, , , 
32939.000000,1649601.000000,75549924.000000, , , ,-0.650391,0.000000,-0.975586
32940.000000,1649692.000000,75549924.000000, , , ,-0.650391,0.000000,-0.975586
32941.000000,1649699.000000,75549924.000000,0.011600,-0.040600,-1.015000, , , 
32942.000000,1649793.000000,75549924.000000, , , ,-0.325195,0.000000,-1.300781
32943.000000,1649800.000000,75549924.000000,0.014500,-0.034800,-0.994700, , , 
32944.000000,1649894.000000,75549924.000000, , , ,0.000000,0.650391,-0.650391
32945.000000,1649899.000000,75549924.000000,0.000000,-0.037700,-1.012100, , , 
32946.000000,1649995.000000,75549924.000000, , , ,-0.325195,0.650391,-0.650391
32947.000000,1650000.000000,75549924.000000,0.017400,-0.049300,-1.020800, , , 
32948.000000,1650096.000000,75549924.000000, , , ,0.000000,-0.325195,-0.650391
32949.000000,1650099.000000,75549924.000000,0.023200,-0.040600,-0.965700, , , 
32950.000000,1650197.000000,75549924.000000, , , ,0.325195,-1.625977,-1.300781
32951.000000,1650200.000000,75549924.000000,0.014500,-0.037700,-0.930900, , , 
32952.000000,1650298.000000,75549924.000000, , , ,0.650391,0.000000,-1.300781
32953.000000,1650299.000000,75549924.000000,-0.008700,-0.043500,-0.988900, , , 
32954.000000,1650399.000000,75549924.000000, , , ,0.000000,0.975586,-1.300781
32955.000000,1650400.000000,75549924.000000,0.008700,-0.055100,-1.044000, , , 
32956.000000,1650499.000000,75549924.000000,0.020300,-0.060900,-1.032400, , , 
32957.000000,1650500.000000,75549924.000000, , , ,0.325195,0.325195,-1.300781
32958.000000,1650600.000000,75549924.000000,0.008700,-0.069600,-0.980200, , , 
32959.000000,1650601.000000,75549924.000000, , , ,0.000000,0.000000,-0.975586
32960.000000,1650692.000000,75549924.000000, , , ,0.000000,0.000000,-0.650391
32961.000000,1650699.000000,75549924.000000,0.011600,-0.049300,-0.983100, , , 
32962.000000,1650793.000000,75549924.000000, , , ,0.325195,-0.325195,-1.300781
32963.000000,1650800.000000,75549924.000000,0.008700,-0.058000,-0.983100, , , 
32964.000000,1650894.000000,75549924.000000, , , ,0.000000,-0.650391,-0.975586
32965.000000,1650899.000000,75549924.000000,0.017400,-0.060900,-0.965700, , , 
32966.000000,1650995.000000,75549924.000000, , , ,0.000000,0.325195,-0.975586
32967.000000,1651000.000000,75549924.000000,0.005800,-0.069600,-0.986000, , , 
32968.000000,1651096.000000,75549924.000000, , , ,-0.325195,-0.325195,-0.975586
32969.000000,1651099.000000,75549924.000000,0.011600,-0.081200,-1.000500, , , 
32970.000000,1651197.000000,75549924.000000, , , ,-0.650391,0.650391,-0.975586
32971.000000,1651200.000000,75549924.000000,0.011600,-0.066700,-0.994700, , , 
32972.000000,1651298.000000,75549924.000000, , , ,-0.325195,-0.325195,-0.975586
32973.000000,1651299.000000,75549924.000000,0.008700,-0.055100,-0.994700, , , 
32974.000000,1651399.000000,75549924.000000, , , ,0.000000,0.000000,-0.975586
32975.000000,1651400.000000,75549924.000000,0.014500,-0.058000,-0.980200, , , 
32976.000000,1651499.000000,75549924.000000,0.005800,-0.066700,-0.988900, , , 
32977.000000,1651500.000000,75549924.000000, , , ,0.000000,0.000000,-1.300781
32978.000000,1651600.000000,75549924.000000,0.017400,-0.069600,-1.009200, , , 
32979.000000,1651601.000000,75549924.000000, , , ,-0.325195,0.000000,-0.975586
32980.000000,1651692.000000,75549924.000000, , , ,0.000000,0.000000,-0.975586
32981.000000,1651699.000000,75549924.000000,-0.008700,-0.066700,-0.991800, , , 
32982.000000,1651793.000000,75549924.000000, , , ,0.325195,0.000000,-1.300781
32983.000000,1651800.000000,75549924.000000,0.011600,-0.060900,-0.974400, , , 
32984.000000,1651894.000000,75549924.000000, , , ,0.325195,-0.325195,-0.975586
32985.000000,1651899.000000,75549924.000000,0.000000,-0.063800,-1.003400, , , 
32986.000000,1651995.000000,75549924.000000, , , ,0.000000,0.975586,-0.975586
32987.000000,1652000.000000,75549924.000000,0.008700,-0.078300,-1.017900, , , 
32988.000000,1652096.000000,75549924.000000, , , ,-0.650391,0.000000,-0.975586
32989.000000,1652099.000000,75549924.000000,0.008700,-0.069600,-1.017900, , , 
32990.000000,1652197.000000,75549924.000000, , , ,-0.325195,0.975586,-0.650391
32991.000000,1652200.000000,75549924.000000,0.011600,-0.060900,-1.044000, , , 
32992.000000,1652298.000000,75549924.000000, , , ,-0.325195,-0.325195,-0.975586
32993.000000,1652299.000000,75549924.000000,0.029000,-0.058000,-0.986000, , , 
32994.000000,1652399.000000,75549924.000000, , , ,-0.650391,0.325195,-0.650391
32995.000000,1652400.000000,75549924.000000,0.000000,-0.060900,-0.965700, , , 
32996.000000,1652499.000000,75549924.000000,0.017400,-0.055100,-0.968600, , , 
32997.000000,1652500.000000,75549924.000000, , , ,0.000000,-1.300781,-0.975586
32998.000000,1652600.000000,75549924.000000,-0.002900,-0.060900,-0.986000, , , 
32999.000000,1652601.000000,75549924.000000, , , ,0.325195,0.325195,-0.975586
33000.000000,1652692.000000,75549924.000000, , , ,0.000000,0.325195,-0.975586
33001.000000,1652699.000000,75549924.000000,0.020300,-0.058000,-0.997600, , , 
33002.000000,1652793.000000,75549924.000000, , , ,0.650391,-0.325195,-0.975586
33003.000000,1652800.000000,75549924.000000,0.014500,-0.049300,-0.977300, , , 
33004.000000,1652894.000000,75549924.000000, , , ,0.325195,0.000000,-0.650391
33005.000000,1652899.000000,75549924.000000,0.023200,-0.075400,-0.997600, , , 
33006.000000,1652995.000000,75549924.000000, , , ,0.000000,0.000000,-0.975586
33007.000000,1653000.000000,75549924.000000,0.000000,-0.069600,-1.015000, , , 
33008.000000,1653096.000000,75549924.000000, , , ,-0.325195,0.325195,-0.325195
33009.000000,1653099.000000,75549924.000000,0.008700,-0.072500,-1.015000, , , 
33010.000000,1653197.000000,75549924.000000, , , ,-0.325195,0.000000,-0.650391
33011.000000,1653200.000000,75549924.000000,0.014500,-0.055100,-1.003400, , , 
33012.000000,1653298.000000,75549924.000000, , , ,-0.975586,0.650391,-0.650391
33013.000000,1653299.000000,75549924.000000,0.005800,-0.058000,-1.009200, , , 
33014.000000,1653399.000000,75549924.000000, , , ,-0.325195,0.000000,-0.325195
33015.000000,1653400.000000,75549924.000000,0.008700,-0.049300,-0.997600, , , 
33016.000000,1653499.000000,75549924.000000,0.020300,-0.040600,-1.000500, , , 
33017.000000,1653500.000000,75549924.000000, , , ,0.000000,0.325195,-0.325195
33018.000000,1653600.000000,75549924.000000,0.011600,-0.058000,-1.017900, , , 
33019.000000,1653601.000000,75549924.000000, , , ,-0.650391,0.000000,-0.325195
33020.000000,1653692.000000,75549924.000000, , , ,-1.300781,0.000000,-0.325195
33021.000000,1653699.000000,75549924.000000,0.020300,-0.060900,-0.997600, , , 
33022.000000,1653793.000000,75549924.000000, , , ,-0.650391,-0.650391,0.000000
33023.000000,1653800.000000,75549924.000000,0.011600,-0.031900,-0.965700, , , 
33024.000000,1653894.000000,75549924.000000, , , ,-0.975586,0.000000,0.000000
33025.000000,1653899.000000,75549924.000000,-0.005800,-0.037700,-0.991800, , , 
33026.000000,1653995.000000,75549924.000000, , , ,-0.650391,0.000000,-0.325195
33027.000000,1654000.000000,75549924.000000,0.011600,-0.052200,-0.977300, , , 
33028.000000,1654096.000000,75549924.000000, , , ,-0.325195,-0.650391,0.000000
33029.000000,1654099.000000,75549924.000000,0.034800,-0.020300,-0.957000, , , 
33030.000000,1654197.000000,75549924.000000, , , ,-0.325195,0.000000,0.000000
33031.000000,1654200.000000,75549924.000000,-0.002900,-0.046400,-0.988900, , , 
33032.000000,1654298.000000,75549924.000000, , , ,-0.975586,0.000000,0.000000
33033.000000,1654299.000000,75549924.000000,0.002900,-0.043500,-1.009200, , , 
33034.000000,1654399.000000,75549924.000000, , , ,-1.300781,0.000000,0.000000
33035.000000,1654400.000000,75549924.000000,0.014500,-0.034800,-1.020800, , , 
33036.000000,1654499.000000,75549924.000000,0.031900,-0.023200,-0.951200, , , 
33037.000000,1654500.000000,75549924.000000, , , ,-0.975586,-0.975586,0.000000
33038.000000,1654600.000000,75549924.000000,0.002900,-0.026100,-0.916400, , , 
33039.000000,1654601.000000,75549924.000000, , , ,-0.325195,-0.975586,-0.325195
33040.000000,1654692.000000,75549924.000000, , , ,-0.325195,-0.325195,-0.325195
33041.000000,1654699.000000,75549924.000000,0.014500,-0.026100,-0.971500, , , 
33042.000000,1654793.000000,75549924.000000, , , ,-0.325195,0.000000,-0.325195
33043.000000,1654800.000000,75549924.000000,0.011600,-0.008700,-0.977300, , , 
33044.000000,1654894.000000,75549924.000000, , , ,-0.325195,0.000000,0.000000
33045.000000,1654899.000000,75549924.000000,0.031900,-0.020300,-0.951200, , , 
33046.000000,1654995.000000,75549924.000000, , , ,-0.325195,-1.300781,-0.325195
33047.000000,1655000.000000,75549924.000000,0.029000,-0.020300,-0.933800, , , 
33048.000000,1655096.000000,75549924.000000, , , ,0.325195,-1.300781,0.000000
33049.000000,1655099.000000,75549924.000000,0.005800,-0.014500,-0.930900, , , 
33050.000000,1655197.000000,75549924.000000, , , ,0.000000,-0.325195,0.000000
33051.000000,1655200.000000,75549924.000000,0.037700,-0.043500,-0.939600, , , 
33052.000000,1655298.000000,75549924.000000, , , ,-0.975586,-1.300781,0.000000
33053.000000,1655299.000000,75549924.000000,0.020300,-0.046400,-0.951200, , , 
33054.000000,1655399.000000,75549924.000000, , , ,-0.975586,0.000000,0.000000
33055.000000,1655400.000000,75549924.000000,0.000000,-0.040600,-0.980200, , , 
33056.000000,1655499.000000,75549924.000000,0.008700,-0.034800,-1.049800, , , 
33057.000000,1655500.000000,75549924.000000, , , ,-0.975586,0.650391,-0.325195
33058.000000,1655600.000000,75549924.000000,0.014500,-0.014500,-1.093300, , , 
33059.000000,1655601.000000,75549924.000000, , , ,-0.975586,1.625977,0.000000
33060.000000,1655692.000000,75549924.000000, , , ,0.000000,0.650391,0.000000
33061.000000,1655699.000000,75549924.000000,0.029000,-0.020300,-1.044000, , , 
33062.000000,1655793.000000,75549924.000000, , , ,0.000000,-0.650391,-0.325195
33063.000000,1655800.000000,75549924.000000,0.011600,-0.023200,-0.977300, , , 
33064.000000,1655894.000000,75549924.000000, , , ,0.000000,0.975586,-0.325195
33065.000000,1655899.000000,75549924.000000,0.020300,-0.034800,-1.012100, , , 
33066.000000,1655995.000000,75549924.000000, , , ,-0.975586,0.650391,0.000000
33067.000000,1656000.000000,75549924.000000,0.026100,-0.017400,-1.006300, , , 
33068.000000,1656096.000000,75549924.000000, , , ,-0.975586,-0.325195,0.000000
33069.000000,1656099.000000,75549924.000000,0.055100,-0.020300,-0.968600, , , 
33070.000000,1656197.000000,75549924.000000, , , ,0.000000,-0.650391,0.000000
33071.000000,1656200.000000,75549924.000000,0.034800,-0.005800,-0.930900, , , 
33072.000000,1656298.000000,75549924.000000, , , ,0.000000,-0.975586,0.000000
33073.000000,1656299.000000,75549924.000000,0.008700,-0.023200,-0.936700, , , 
33074.000000,1656399.000000,75549924.000000, , , ,0.325195,0.325195,-0.325195
33075.000000,1656400.000000,75549924.000000,0.017400,-0.020300,-0.986000, , , 
33076.000000,1656499.000000,75549924.000000,0.026100,-0.017400,-0.994700, , , 
33077.000000,1656500.000000,75549924.000000, , , ,0.000000,-0.650391,0.000000
33078.000000,1656600.000000,75549924.000000,0.017400,-0.043500,-0.962800, , , 
33079.000000,1656601.000000,75549924.000000, , , ,0.325195,0.000000,0.000000
33080.000000,1656692.000000,75549924.000000, , , ,0.325195,0.000000,0.000000
33081.000000,1656699.000000,75549924.000000,0.011600,-0.043500,-1.009200, , , 
33082.000000,1656793.000000,75549924.000000, , , ,-0.650391,0.325195,0.000000
33083.000000,1656800.000000,75549924.000000,0.037700,-0.049300,-1.046900, , , 
33084.000000,1656894.000000,75549924.000000, , , ,-0.650391,0.325195,0.000000
33085.000000,1656899.000000,75549924.000000,0.023200,-0.037700,-1.000500, , , 
33086.000000,1656995.000000,75549924.000000, , , ,-0.975586,-0.325195,-0.325195
33087.000000,1657000.000000,75549924.000000,0.026100,-0.023200,-0.986000, , , 
33088.000000,1657096.000000,75549924.000000, , , ,-0.650391,0.975586,0.000000
33089.000000,1657099.000000,75549924.000000,0.023200,-0.049300,-1.012100, , , 
33090.000000,1657197.000000,75549924.000000, , , ,-0.975586,0.000000,0.325195
33091.000000,1657200.000000,75549924.000000,0.026100,-0.029000,-0.988900, , , 
33092.000000,1657298.000000,75549924.000000, , , ,-1.300781,0.650391,0.000000
33093.000000,1657299.000000,75549924.000000,0.011600,-0.049300,-1.003400, , , 
33094.000000,1657399.000000,75549924.000000, , , ,-0.975586,-0.325195,0.000000
33095.000000,1657400.000000,75549924.000000,0.029000,-0.058000,-1.000500, , , 
33096.000000,1657499.000000,75549924.000000,0.011600,-0.049300,-0.983100, , , 
33097.000000,1657500.000000,75549924.000000, , , ,-0.975586,0.325195,0.000000
33098.000000,1657600.000000,75549924.000000,0.026100,-0.023200,-0.983100, , , 
33099.000000,1657601.000000,75549924.000000, , , ,-1.951172,0.000000,0.000000
33100.000000,1657692.000000,75549924.000000, , , ,-0.975586,-0.325195,0.000000
33101.000000,1657699.000000,75549924.000000,0.037700,-0.031900,-0.971500, , , 
33102.000000,1657793.000000,75549924.000000, , , ,-0.650391,-0.650391,0.000000
33103.000000,1657800.000000,75549924.000000,0.023200,-0.037700,-0.954100, , , 
33104.000000,1657894.000000,75549924.000000, , , ,-0.975586,-0.650391,0.000000
33105.000000,1657899.000000,75549924.000000,0.014500,-0.060900,-0.983100, , , 
33106.000000,1657995.000000,75549924.000000, , , ,-0.650391,0.325195,0.000000
33107.000000,1658000.000000,75549924.000000,0.037700,-0.026100,-0.997600, , , 
33108.000000,1658096.000000,75549924.000000, , , ,-0.325195,-0.975586,0.000000
33109.000000,1658099.000000,75549924.000000,0.026100,-0.023200,-0.954100, , , 
33110.000000,1658197.000000,75549924.000000, , , ,0.000000,-0.325195,0.000000
33111.000000,1658200.000000,75549924.000000,0.011600,-0.026100,-0.951200, , , 
33112.000000,1658298.000000,75549924.000000, , , ,0.000000,-0.650391,0.000000
33113.000000,1658299.000000,75549924.000000,0.023200,-0.040600,-0.974400, , , 
33114.000000,1658399.000000,75549924.000000, , , ,0.000000,0.000000,-0.325195
33115.000000,1658400.000000,75549924.000000,0.029000,-0.046400,-0.983100, , , 
33116.000000,1658499.000000,75549924.000000,0.023200,-0.034800,-0.986000, , , 
33117.000000,1658500.000000,75549924.000000, , , ,-0.650391,-0.325195,0.000000
33118.000000,1658600.000000,75549924.000000,0.031900,-0.049300,-0.988900, , , 
33119.000000,1658601.000000,75549924.000000, , , ,-0.975586,0.000000,0.000000
33120.000000,1658692.000000,75549924.000000, , , ,-0.650391,0.325195,0.000000
33121.000000,1658699.000000,75549924.000000,0.011600,-0.026100,-0.962800, , , 
33122.000000,1658793.000000,75549924.000000, , , ,-1.300781,-1.300781,0.000000
33123.000000,1658800.000000,75549924.000000,0.020300,-0.026100,-0.986000, , , 
33124.000000,1658894.000000,75549924.000000, , , ,-1.300781,0.000000,0.000000
33125.000000,1658899.000000,75549924.000000,0.034800,-0.043500,-0.986000, , , 
33126.000000,1658995.000000,75549924.000000, , , ,-1.300781,-0.975586,-0.325195
33127.000000,1659000.000000,75549924.000000,0.023200,-0.031900,-0.962800, , , 
33128.000000,1659096.000000,75549924.000000, , , ,-0.975586,0.000000,0.000000
33129.000000,1659099.000000,75549924.000000,0.031900,-0.026100,-0.977300, , , 
33130.000000,1659197.000000,75549924.000000, , , ,-0.650391,-0.975586,-0.325195
33131.000000,1659200.000000,75549924.000000,0.034800,-0.040600,-0.962800, , , 
33132.000000,1659298.000000,75549924.000000, , , ,-0.325195,-0.325195,-0.325195
33133.000000,1659299.000000,75549924.000000,0.017400,-0.029000,-0.936700, , , 
33134.000000,1659399.000000,75549924.000000, , , ,-0.650391,-0.975586,-0.325195
33135.000000,1659400.000000,75549924.000000,0.017400,-0.034800,-0.968600, , , 
33136.000000,1659499.000000,75549924.000000,0.026100,-0.049300,-0.971500, , , 
33137.000000,1659500.000000,75549924.000000, , , ,-0.650391,0.000000,-0.325195
33138.000000,1659600.000000,75549924.000000,0.017400,-0.026100,-0.971500, , , 
33139.000000,1659601.000000,75549924.000000, , , ,-0.650391,-0.650391,-0.325195
33140.000000,1659692.000000,75549924.000000, , , ,0.000000,0.000000,0.000000
33141.000000,1659699.000000,75549924.000000,0.020300,-0.031900,-0.974400, , , 
33142.000000,1659793.000000,75549924.000000, , , ,-0.975586,-0.650391,-0.325195
33143.000000,1659800.000000,75549924.000000,0.023200,-0.034800,-0.983100, , , 
33144.000000,1659894.000000,75549924.000000, , , ,-0.650391,0.000000,-0.325195
33145.000000,1659899.000000,75549924.000000,0.023200,-0.031900,-0.977300, , , 
33146.000000,1659995.000000,75549924.000000, , , ,-0.650391,-0.975586,-0.325195
33147.000000,1660000.000000,75549924.000000,0.023200,-0.037700,-0.962800, , , 
33148.000000,1660096.000000,75549924.000000, , , ,-0.325195,-0.650391,0.000000
33149.000000,1660099.000000,75549924.000000,0.046400,-0.026100,-0.945400, , , 
33150.000000,1660197.000000,75549924.000000, , , ,0.000000,-1.951172,-0.325195
33151.000000,1660200.000000,75549924.000000,0.029000,-0.020300,-0.922200, , , 
33152.000000,1660298.000000,75549924.000000, , , ,0.000000,-0.650391,0.000000
33153.000000,1660299.000000,75549924.000000,0.008700,-0.023200,-0.939600, , , 
33154.000000,1660399.000000,75549924.000000, , , ,0.000000,-0.650391,0.000000
33155.000000,1660400.000000,75549924.000000,0.040600,-0.023200,-0.962800, , , 
33156.000000,1660499.000000,75549924.000000,0.020300,-0.043500,-0.980200, , , 
33157.000000,1660500.000000,75549924.000000, , , ,-0.325195,-0.325195,0.000000
33158.000000,1660600.000000,75549924.000000,0.037700,-0.017400,-0.945400, , , 
33159.000000,1660601.000000,75549924.000000, , , ,-0.325195,-0.975586,0.000000
33160.000000,1660692.000000,75549924.000000, , , ,0.000000,-0.325195,0.000000
33161.000000,1660699.000000,75549924.000000,0.017400,-0.026100,-0.948300, , , 
33162.000000,1660793.000000,75549924.000000, , , ,-0.650391,-0.650391,0.000000
33163.000000,1660800.000000,75549924.000000,0.017400,-0.034800,-0.977300, , , 
33164.000000,1660894.000000,75549924.000000, , , ,-0.975586,0.000000,0.000000
33165.000000,1660899.000000,75549924.000000,0.037700,-0.031900,-0.954100, , , 
33166.000000,1660995.000000,75549924.000000, , , ,-1.625977,-1.625977,0.000000
33167.000000,1661000.000000,75549924.000000,0.008700,-0.031900,-0.962800, , , 
33168.000000,1661096.000000,75549924.000000, , , ,-1.300781,0.000000,0.000000
33169.000000,1661099.000000,75549924.000000,0.017400,-0.034800,-0.983100, , , 
33170.000000,1661197.000000,75549924.000000, , , ,-0.975586,-0.975586,-0.325195
33171.000000,1661200.000000,75549924.000000,0.014500,-0.023200,-0.983100, , , 
33172.000000,1661298.000000,75549924.000000, , , ,-1.625977,0.000000,0.000000
33173.000000,1661299.000000,75549924.000000,0.002900,-0.026100,-0.988900, , , 
33174.000000,1661399.000000,75549924.000000, , , ,-0.975586,-0.325195,0.000000
33175.000000,1661400.000000,75549924.000000,0.020300,-0.017400,-0.980200, , , 
33176.000000,1661499.000000,75549924.000000,0.020300,0.002900,-0.977300, , , 
33177.000000,1661500.000000,75549924.000000, , , ,-0.325195,-0.650391,0.000000
33178.000000,1661600.000000,75549924.000000,0.008700,-0.017400,-0.977300, , , 
33179.000000,1661601.000000,75549924.000000, , , ,-0.325195,0.000000,-0.325195
33180.000000,1661692.000000,75549924.000000, , , ,-0.325195,-1.300781,-0.325195
33181.000000,1661699.000000,75549924.000000,0.020300,-0.026100,-0.945400, , , 
33182.000000,1661793.000000,75549924.000000, , , ,-0.650391,-0.650391,0.000000
33183.000000,1661800.000000,75549924.000000,0.000000,-0.017400,-0.971500, , , 
33184.000000,1661894.000000,75549924.000000, , , ,-0.325195,0.000000,-0.325195
33185.000000,1661899.000000,75549924.000000,0.008700,-0.014500,-0.997600, , , 
33186.000000,1661995.000000,75549924.000000, , , ,0.000000,-0.650391,0.000000
33187.000000,1662000.000000,75549924.000000,0.005800,-0.040600,-0.971500, , , 
33188.000000,1662096.000000,75549924.000000, , , ,0.325195,0.000000,-0.325195
33189.000000,1662099.000000,75549924.000000,0.002900,-0.029000,-0.988900, , , 
33190.000000,1662197.000000,75549924.000000, , , ,0.000000,0.000000,-0.650391
33191.000000,1662200.000000,75549924.000000,-0.002900,-0.060900,-1.003400, , , 
33192.000000,1662298.000000,75549924.000000, , , ,0.000000,0.325195,-0.325195
33193.000000,1662299.000000,75549924.000000,0.002900,-0.040600,-0.994700, , , 
33194.000000,1662399.000000,75549924.000000, , , ,-0.325195,-0.325195,-0.325195
33195.000000,1662400.000000,75549924.000000,0.008700,-0.043500,-0.991800, , , 
33196.000000,1662499.000000,75549924.000000,-0.002900,-0.049300,-0.974400, , , 
33197.000000,1662500.000000,75549924.000000, , , ,0.000000,0.000000,-0.325195
33198.000000,1662600.000000,75549924.000000,0.008700,-0.034800,-0.959900, , , 
33199.000000,1662601.000000,75549924.000000, , , ,0.000000,-0.650391,-0.325195
33200.000000,1662692.000000,75549924.000000, , , ,-0.650391,-0.975586,-0.325195
33201.000000,1662699.000000,75549924.000000,-0.005800,-0.052200,-0.959900, , , 
33202.000000,1662793.000000,75549924.000000, , , ,-0.975586,0.000000,-0.325195
33203.000000,1662800.000000,75549924.000000,-0.002900,-0.046400,-0.986000, , , 
33204.000000,1662894.000000,75549924.000000, , , ,-0.325195,0.000000,-0.325195
33205.000000,1662899.000000,75549924.000000,-0.005800,-0.037700,-0.980200, , , 
33206.000000,1662995.000000,75549924.000000, , , ,0.000000,-0.325195,-0.325195
33207.000000,1663000.000000,75549924.000000,0.000000,-0.034800,-0.959900, , , 
33208.000000,1663096.000000,75549924.000000, , , ,-0.325195,-0.325195,-0.650391
33209.000000,1663099.000000,75549924.000000,0.000000,-0.058000,-0.957000, , , 
33210.000000,1663197.000000,75549924.000000, , , ,-0.650391,-0.650391,-0.650391
33211.000000,1663200.000000,75549924.000000,-0.011600,-0.075400,-0.986000, , , 
33212.000000,1663298.000000,75549924.000000, , , ,-0.650391,0.000000,0.000000
33213.000000,1663299.000000,75549924.000000,0.002900,-0.052200,-0.957000, , , 
33214.000000,1663399.000000,75549924.000000, , , ,-0.325195,-0.975586,-0.325195
33215.000000,1663400.000000,75549924.000000,-0.002900,-0.049300,-0.933800, , , 
33216.000000,1663499.000000,75549924.000000,-0.008700,-0.040600,-0.988900, , , 
33217.000000,1663500.000000,75549924.000000, , , ,-0.325195,-0.325195,-0.325195
33218.000000,1663600.000000,75549924.000000,0.000000,-0.043500,-1.006300, , , 
33219.000000,1663601.000000,75549924.000000, , , ,-0.650391,0.000000,0.000000
33220.000000,1663692.000000,75549924.000000, , , ,-0.975586,-0.325195,0.000000
33221.000000,1663699.000000,75549924.000000,-0.014500,-0.034800,-0.980200, , , 
33222.000000,1663793.000000,75549924.000000, , , ,-0.650391,0.000000,-0.325195
33223.000000,1663800.000000,75549924.000000,-0.017400,-0.040600,-0.991800, , , 
33224.000000,1663894.000000,75549924.000000, , , ,-0.975586,0.325195,-0.325195
33225.000000,1663899.000000,75549924.000000,0.000000,-0.046400,-0.997600, , , 
33226.000000,1663995.000000,75549924.000000, , , ,-0.650391,-0.325195,0.000000
33227.000000,1664000.000000,75549924.000000,0.002900,-0.029000,-0.991800, , , 
33228.000000,1664096.000000,75549924.000000, , , ,-0.975586,0.000000,-0.325195
33229.000000,1664099.000000,75549924.000000,-0.017400,-0.034800,-0.988900, , , 
33230.000000,1664197.000000,75549924.000000, , , ,-1.625977,0.000000,-0.325195
33231.000000,1664200.000000,75549924.000000,0.002900,-0.031900,-0.991800, , , 
33232.000000,1664298.000000,75549924.000000, , , ,-0.975586,0.000000,0.000000
33233.000000,1664299.000000,75549924.000000,-0.002900,-0.037700,-0.986000, , , 
33234.000000,1664399.000000,75549924.000000, , , ,-0.650391,-0.325195,-0.325195
33235.000000,1664400.000000,75549924.000000,-0.011600,-0.023200,-0.968600, , , 
33236.000000,1664499.000000,75549924.000000,0.000000,-0.014500,-0.968600, , , 
33237.000000,1664500.000000,75549924.000000, , , ,0.000000,-0.325195,0.000000
33238.000000,1664600.000000,75549924.000000,-0.011600,-0.011600,-0.968600, , , 
33239.000000,1664601.000000,75549924.000000, , , ,0.000000,-0.650391,0.000000
33240.000000,1664692.000000,75549924.000000, , , ,0.000000,0.000000,-0.325195
33241.000000,1664699.000000,75549924.000000,-0.005800,-0.031900,-0.968600, , , 
33242.000000,1664793.000000,75549924.000000, , , ,-0.325195,0.000000,0.000000
33243.000000,1664800.000000,75549924.000000,-0.008700,-0.040600,-0.986000, , , 
33244.000000,1664894.000000,75549924.000000, , , ,-0.325195,0.000000,0.325195
33245.000000,1664899.000000,75549924.000000,-0.014500,-0.029000,-1.000500, , , 
33246.000000,1664995.000000,75549924.000000, , , ,-0.650391,0.000000,0.325195
33247.000000,1665000.000000,75549924.000000,0.000000,-0.023200,-0.994700, , , 
33248.000000,1665096.000000,75549924.000000, , , ,-0.650391,-0.325195,0.000000
33249.000000,1665099.000000,75549924.000000,-0.011600,-0.011600,-0.991800, , , 
33250.000000,1665197.000000,75549924.000000, , , ,0.000000,-0.975586,0.000000
33251.000000,1665200.000000,75549924.000000,0.014500,-0.026100,-0.948300, , , 
33252.000000,1665298.000000,75549924.000000, , , ,-0.650391,-0.650391,0.325195
33253.000000,1665299.000000,75549924.000000,-0.040600,-0.031900,-0.951200, , , 
33254.000000,1665399.000000,75549924.000000, , , ,-0.975586,-0.975586,0.000000
33255.000000,1665400.000000,75549924.000000,-0.008700,-0.040600,-1.020800, , , 
33256.000000,1665499.000000,75549924.000000,-0.008700,-0.037700,-1.006300, , , 
33257.000000,1665500.000000,75549924.000000, , , ,-0.975586,0.325195,0.000000
33258.000000,1665600.000000,75549924.000000,-0.008700,-0.023200,-1.009200, , , 
33259.000000,1665601.000000,75549924.000000, , , ,-1.300781,-0.325195,0.000000
33260.000000,1665692.000000,75549924.000000, , , ,-1.625977,0.325195,0.000000
33261.000000,1665699.000000,75549924.000000,0.000000,-0.034800,-1.012100, , , 
33262.000000,1665793.000000,75549924.000000, , , ,-0.650391,-0.650391,0.000000
33263.000000,1665800.000000,75549924.000000,0.017400,-0.023200,-0.957000, , , 
33264.000000,1665894.000000,75549924.000000, , , ,-0.325195,-0.650391,-0.325195
33265.000000,1665899.000000,75549924.000000,-0.017400,-0.014500,-0.971500, , , 
33266.000000,1665995.000000,75549924.000000, , , ,-0.650391,0.000000,0.000000
33267.000000,1666000.000000,75549924.000000,-0.014500,-0.034800,-0.980200, , , 
33268.000000,1666096.000000,75549924.000000, , , ,0.000000,-0.650391,0.000000
33269.000000,1666099.000000,75549924.000000,-0.008700,-0.037700,-0.965700, , , 
33270.000000,1666197.000000,75549924.000000, , , ,0.000000,0.000000,0.000000
33271.000000,1666200.000000,75549924.000000,-0.011600,-0.034800,-0.977300, , , 
33272.000000,1666298.000000,75549924.000000, , , ,-0.325195,0.000000,0.000000
33273.000000,1666299.000000,75549924.000000,-0.002900,-0.029000,-0.977300, , , 
33274.000000,1666399.000000,75549924.000000, , , ,-0.650391,-0.325195,-0.325195
33275.000000,1666400.000000,75549924.000000,0.000000,-0.040600,-0.974400, , , 
33276.000000,1666499.000000,75549924.000000,-0.020300,-0.052200,-0.994700, , , 
33277.000000,1666500.000000,75549924.000000, , , ,-0.975586,0.325195,0.325195
33278.000000,1666600.000000,75549924.000000,0.000000,-0.037700,-0.997600, , , 
33279.000000,1666601.000000,75549924.000000, , , ,-1.300781,0.000000,0.000000
33280.000000,1666692.000000,75549924.000000, , , ,-0.975586,0.000000,-0.325195
33281.000000,1666699.000000,75549924.000000,-0.011600,-0.023200,-0.994700, , , 
33282.000000,1666793.000000,75549924.000000, , , ,-0.650391,0.000000,-0.325195
33283.000000,1666800.000000,75549924.000000,-0.005800,-0.037700,-1.006300, , , 
33284.000000,1666894.000000,75549924.000000, , , ,-0.325195,-0.325195,-0.650391
33285.000000,1666899.000000,75549924.000000,0.000000,-0.049300,-0.948300, , , 
33286.000000,1666995.000000,75549924.000000, , , ,-0.650391,-0.650391,-0.325195
33287.000000,1667000.000000,75549924.000000,-0.005800,-0.029000,-0.971500, , , 
33288.000000,1667096.000000,75549924.000000, , , ,-0.650391,0.325195,0.000000
33289.000000,1667099.000000,75549924.000000,-0.005800,-0.046400,-0.988900, , , 
33290.000000,1667197.000000,75549924.000000, , , ,-0.650391,-0.325195,-0.325195
33291.000000,1667200.000000,75549924.000000,-0.011600,-0.037700,-0.983100, , , 
33292.000000,1667298.000000,75549924.000000, , , ,-0.325195,0.000000,-0.325195
33293.000000,1667299.000000,75549924.000000,-0.005800,-0.040600,-0.997600, , , 
33294.000000,1667399.000000,75549924.000000, , , ,-0.650391,-0.325195,-0.325195
33295.000000,1667400.000000,75549924.000000,-0.005800,-0.058000,-0.968600, , , 
33296.000000,1667499.000000,75549924.000000,-0.002900,-0.029000,-0.945400, , , 
33297.000000,1667500.000000,75549924.000000, , , ,-0.975586,-0.325195,0.000000
33298.000000,1667600.000000,75549924.000000,-0.017400,-0.026100,-0.983100, , , 
33299.000000,1667601.000000,75549924.000000, , , ,-0.325195,0.000000,-0.325195
33300.000000,1667692.000000,75549924.000000, , , ,0.000000,-0.650391,-0.325195
33301.000000,1667699.000000,75549924.000000,0.000000,-0.040600,-0.977300, , , 
33302.000000,1667793.000000,75549924.000000, , , ,0.000000,-0.325195,-0.325195
33303.000000,1667800.000000,75549924.000000,-0.011600,-0.031900,-0.965700, , , 
33304.000000,1667894.000000,75549924.000000, , , ,-0.325195,0.000000,-0.325195
33305.000000,1667899.000000,75549924.000000,-0.026100,-0.043500,-0.997600, , , 
33306.000000,1667995.000000,75549924.000000, , , ,-0.650391,0.000000,-0.325195
33307.000000,1668000.000000,75549924.000000,0.000000,-0.046400,-0.986000, , , 
33308.000000,1668096.000000,75549924.000000, , , ,-0.975586,-0.650391,0.000000
33309.000000,1668099.000000,75549924.000000,-0.017400,-0.046400,-0.986000, , , 
33310.000000,1668197.000000,75549924.000000, , , ,-0.975586,0.000000,0.000000
33311.000000,1668200.000000,75549924.000000,-0.008700,-0.034800,-0.977300, , , 
33312.000000,1668298.000000,75549924.000000, , , ,-0.650391,-0.975586,-0.325195
33313.000000,1668299.000000,75549924.000000,0.002900,-0.037700,-0.962800, , , 
33314.000000,1668399.000000,75549924.000000, , , ,-0.650391,0.000000,0.000000
33315.000000,1668400.000000,75549924.000000,-0.020300,-0.046400,-0.980200, , , 
33316.000000,1668499.000000,75549924.000000,-0.011600,-0.034800,-0.980200, , , 
33317.000000,1668500.000000,75549924.000000, , , ,-0.650391,-0.325195,0.000000
33318.000000,1668600.000000,75549924.000000,0.005800,-0.034800,-0.977300, , , 
33319.000000,1668601.000000,75549924.000000, , , ,-0.975586,0.000000,0.000000
33320.000000,1668692.000000,75549924.000000, , , ,-0.975586,-0.325195,0.000000
33321.000000,1668699.000000,75549924.000000,-0.023200,-0.037700,-1.000500, , , 
33322.000000,1668793.000000,75549924.000000, , , ,-0.975586,0.000000,0.325195
33323.000000,1668800.000000,75549924.000000,0.002900,-0.043500,-1.000500, , , 
33324.000000,1668894.000000,75549924.000000, , , ,-1.625977,-0.975586,0.000000
33325.000000,1668899.000000,75549924.000000,-0.005800,-0.020300,-0.974400, , , 
33326.000000,1668995.000000,75549924.000000, , , ,-0.975586,0.000000,-0.325195
33327.000000,1669000.000000,75549924.000000,0.000000,-0.020300,-0.974400, , , 
33328.000000,1669096.000000,75549924.000000, , , ,-0.975586,0.000000,-0.325195
33329.000000,1669099.000000,75549924.000000,-0.011600,-0.040600,-0.983100, , , 
33330.000000,1669197.000000,75549924.000000, , , ,-0.650391,0.000000,-0.325195
33331.000000,1669200.000000,75549924.000000,-0.002900,-0.029000,-0.980200, , , 
33332.000000,1669298.000000,75549924.000000, , , ,-0.650391,-0.325195,0.000000
33333.000000,1669299.000000,75549924.000000,-0.017400,-0.023200,-0.980200, , , 
33334.000000,1669399.000000,75549924.000000, , , ,-0.975586,0.000000,-0.325195
33335.000000,1669400.000000,75549924.000000,-0.005800,-0.046400,-0.991800, , , 
33336.000000,1669499.000000,75549924.000000,-0.020300,-0.026100,-1.020800, , , 
33337.000000,1669500.000000,75549924.000000, , , ,-0.975586,0.325195,0.000000
33338.000000,1669600.000000,75549924.000000,-0.014500,-0.023200,-1.023700, , , 
33339.000000,1669601.000000,75549924.000000, , , ,-0.325195,0.000000,0.000000
33340.000000,1669692.000000,75549924.000000, , , ,-0.650391,0.325195,-0.325195
33341.000000,1669699.000000,75549924.000000,0.000000,-0.037700,-1.006300, , , 
33342.000000,1669793.000000,75549924.000000, , , ,-0.325195,0.000000,0.000000
33343.000000,1669800.000000,75549924.000000,-0.014500,-0.017400,-0.994700, , , 
33344.000000,1669894.000000,75549924.000000, , , ,-0.650391,0.325195,-0.325195
33345.000000,1669899.000000,75549924.000000,-0.011600,-0.020300,-1.003400, , , 
33346.000000,1669995.000000,75549924.000000, , , ,-0.325195,0.325195,0.000000
33347.000000,1670000.000000,75549924.000000,0.014500,-0.026100,-1.003400, , , 
33348.000000,1670096.000000,75549924.000000, , , ,0.000000,0.975586,-0.325195
33349.000000,1670101.000000,75549924.000000,-0.023200,-0.029000,-1.020800, , , 
33350.000000,1670196.000000,75549924.000000, , , ,0.000000,0.000000,0.000000
33351.000000,1670199.000000,75549924.000000,0.000000,-0.029000,-1.000500, , , 
33352.000000,1670297.000000,75549924.000000, , , ,0.000000,0.000000,0.000000
33353.000000,1670300.000000,75549924.000000,-0.005800,0.000000,-0.997600, , , 
33354.000000,1670398.000000,75549924.000000, , , ,-0.325195,0.325195,0.000000
33355.000000,1670399.000000,75549924.000000,-0.011600,-0.020300,-1.009200, , , 
33356.000000,1670499.000000,75549924.000000, , , ,0.000000,-0.325195,-0.325195
33357.000000,1670500.000000,75549924.000000,0.000000,-0.031900,-0.977300, , , 
33358.000000,1670599.000000,75549924.000000,-0.020300,-0.031900,-0.977300, , , 
33359.000000,1670600.000000,75549924.000000, , , ,-0.325195,0.000000,-0.325195
33360.000000,1670700.000000,75549924.000000,-0.011600,-0.034800,-1.009200, , , 
33361.000000,1670701.000000,75549924.000000, , , ,-0.650391,0.000000,0.000000
33362.000000,1670792.000000,75549924.000000, , , ,-0.650391,0.325195,0.000000
33363.000000,1670799.000000,75549924.000000,0.005800,-0.049300,-1.003400, , , 
33364.000000,1670893.000000,75549924.000000, , , ,-1.300781,0.000000,0.000000
33365.000000,1670900.000000,75549924.000000,-0.014500,-0.037700,-1.029500, , , 
33366.000000,1670994.000000,75549924.000000, , , ,-0.975586,0.975586,0.000000
33367.000000,1670999.000000,75549924.000000,-0.005800,-0.023200,-1.023700, , , 
33368.000000,1671095.000000,75549924.000000, , , ,-1.300781,0.325195,-0.325195
33369.000000,1671100.000000,75549924.000000,-0.002900,-0.037700,-1.006300, , , 
33370.000000,1671196.000000,75549924.000000, , , ,-0.975586,0.000000,-0.325195
33371.000000,1671199.000000,75549924.000000,0.002900,-0.026100,-1.015000, , , 
33372.000000,1671297.000000,75549924.000000, , , ,-0.975586,0.000000,-0.325195
33373.000000,1671300.000000,75549924.000000,-0.014500,-0.029000,-1.003400, , , 
33374.000000,1671398.000000,75549924.000000, , , ,-0.650391,0.000000,-0.325195
33375.000000,1671399.000000,75549924.000000,0.020300,-0.026100,-0.988900, , , 
33376.000000,1671499.000000,75549924.000000, , , ,-0.650391,0.000000,0.000000
33377.000000,1671500.000000,75549924.000000,-0.008700,-0.034800,-1.009200, , , 
33378.000000,1671599.000000,75549924.000000,-0.008700,-0.023200,-1.017900, , , 
33379.000000,1671600.000000,75549924.000000, , , ,-0.650391,0.325195,-0.325195
33380.000000,1671700.000000,75549924.000000,0.008700,-0.034800,-0.997600, , , 
33381.000000,1671701.000000,75549924.000000, , , ,-1.625977,0.000000,0.000000
33382.000000,1671792.000000,75549924.000000, , , ,-1.951172,0.325195,0.000000
33383.000000,1671799.000000,75549924.000000,-0.008700,-0.046400,-1.038200, , , 
33384.000000,1671893.000000,75549924.000000, , , ,-1.625977,0.325195,-0.650391
33385.000000,1671900.000000,75549924.000000,0.011600,-0.026100,-1.038200, , , 
33386.000000,1671994.000000,75549924.000000, , , ,-0.650391,0.325195,0.000000
33387.000000,1671999.000000,75549924.000000,0.014500,0.000000,-0.988900, , , 
33388.000000,1672095.000000,75549924.000000, , , ,-0.325195,-0.650391,0.000000
33389.000000,1672100.000000,75549924.000000,0.017400,-0.002900,-0.986000, , , 
33390.000000,1672196.000000,75549924.000000, , , ,0.325195,-0.325195,-0.325195
33391.000000,1672199.000000,75549924.000000,-0.002900,-0.014500,-0.980200, , , 
33392.000000,1672297.000000,75549924.000000, , , ,0.000000,0.325195,0.000000
33393.000000,1672300.000000,75549924.000000,0.002900,-0.008700,-1.012100, , , 
33394.000000,1672398.000000,75549924.000000, , , ,0.000000,0.975586,0.000000
33395.000000,1672399.000000,75549924.000000,0.017400,-0.029000,-1.029500, , , 
33396.000000,1672499.000000,75549924.000000, , , ,0.000000,0.000000,0.000000
33397.000000,1672500.000000,75549924.000000,0.031900,-0.002900,-0.988900, , , 
33398.000000,1672599.000000,75549924.000000,0.014500,0.002900,-0.983100, , , 
33399.000000,1672600.000000,75549924.000000, , , ,0.000000,0.000000,0.000000
33400.000000,1672700.000000,75549924.000000,0.029000,-0.023200,-1.003400, , , 
33401.000000,1672701.000000,75549924.000000, , , ,0.000000,0.000000,0.000000
33402.000000,1672792.000000,75549924.000000, , , ,0.000000,-0.325195,0.000000
33403.000000,1672799.000000,75549924.000000,0.011600,-0.023200,-0.977300, , , 
33404.000000,1672893.000000,75549924.000000, , , ,-0.325195,0.000000,0.000000
33405.000000,1672900.000000,75549924.000000,0.017400,-0.011600,-0.980200, , , 
33406.000000,1672994.000000,75549924.000000, , , ,-0.650391,-0.325195,0.000000
33407.000000,1672999.000000,75549924.000000,0.008700,-0.023200,-0.991800, , , 
33408.000000,1673095.000000,75549924.000000, , , ,-0.325195,-0.325195,-0.325195
33409.000000,1673100.000000,75549924.000000,0.008700,-0.020300,-0.977300, , , 
33410.000000,1673196.000000,75549924.000000, , , ,0.000000,0.325195,0.000000
33411.000000,1673199.000000,75549924.000000,0.023200,0.000000,-0.988900, , , 
33412.000000,1673297.000000,75549924.000000, , , ,-0.650391,-0.650391,0.000000
33413.000000,1673300.000000,75549924.000000,0.026100,-0.029000,-0.991800, , , 
33414.000000,1673398.000000,75549924.000000, , , ,0.000000,0.000000,0.000000
33415.000000,1673399.000000,75549924.000000,0.014500,-0.020300,-0.971500, , , 
33416.000000,1673499.000000,75549924.000000, , , ,-0.650391,0.000000,-0.325195
33417.000000,1673500.000000,75549924.000000,0.023200,-0.037700,-0.986000, , , 
33418.000000,1673599.000000,75549924.000000,0.017400,-0.049300,-1.020800, , , 
33419.000000,1673600.000000,75549924.000000, , , ,-1.300781,0.000000,0.000000
33420.000000,1673700.000000,75549924.000000,0.037700,-0.017400,-1.017900, , , 
33421.000000,1673701.000000,75549924.000000, , , ,-1.300781,1.300781,0.000000
33422.000000,1673792.000000,75549924.000000, , , ,-1.300781,-1.300781,0.000000
33423.000000,1673799.000000,75549924.000000,0.040600,-0.011600,-0.962800, , , 
33424.000000,1673893.000000,75549924.000000, , , ,0.000000,0.000000,0.000000
33425.000000,1673900.000000,75549924.000000,0.017400,-0.014500,-0.977300, , , 
33426.000000,1673994.000000,75549924.000000, , , ,-0.325195,0.000000,0.000000
33427.000000,1673999.000000,75549924.000000,0.029000,-0.031900,-0.994700, , , 
33428.000000,1674095.000000,75549924.000000, , , ,-0.650391,0.000000,-0.325195
33429.000000,1674100.000000,75549924.000000,0.011600,-0.023200,-1.000500, , , 
33430.000000,1674196.000000,75549924.000000, , , ,0.000000,0.325195,-0.325195
33431.000000,1674199.000000,75549924.000000,0.026100,-0.029000,-0.991800, , , 
33432.000000,1674297.000000,75549924.000000, , , ,-1.300781,-0.325195,0.000000
33433.000000,1674300.000000,75549924.000000,0.029000,-0.026100,-0.980200, , , 
33434.000000,1674398.000000,75549924.000000, , , ,-0.650391,0.650391,0.000000
33435.000000,1674399.000000,75549924.000000,0.029000,-0.020300,-0.986000, , , 
33436.000000,1674499.000000,75549924.000000, , , ,-0.650391,-0.975586,0.000000
33437.000000,1674500.000000,75549924.000000,0.037700,-0.023200,-0.957000, , , 
33438.000000,1674599.000000,75549924.000000,0.026100,-0.023200,-0.930900, , , 
33439.000000,1674600.000000,75549924.000000, , , ,0.000000,-0.975586,-0.325195
33440.000000,1674700.000000,75549924.000000,0.020300,-0.017400,-0.965700, , , 
33441.000000,1674701.000000,75549924.000000, , , ,0.000000,-0.325195,-0.325195
33442.000000,1674792.000000,75549924.000000, , , ,-0.325195,-0.650391,0.000000
33443.000000,1674799.000000,75549924.000000,0.017400,-0.037700,-0.991800, , , 
33444.000000,1674893.000000,75549924.000000, , , ,-0.650391,0.000000,0.000000
33445.000000,1674900.000000,75549924.000000,0.026100,-0.034800,-0.977300, , , 
33446.000000,1674994.000000,75549924.000000, , , ,0.000000,-0.975586,0.000000
33447.000000,1674999.000000,75549924.000000,0.014500,-0.037700,-0.988900, , , 
33448.000000,1675095.000000,75549924.000000, , , ,-0.975586,0.000000,0.000000
33449.000000,1675100.000000,75549924.000000,0.037700,-0.031900,-0.977300, , , 
33450.000000,1675196.000000,75549924.000000, , , ,0.000000,0.325195,-0.325195
33451.000000,1675200.000000,75549924.000000,0.034800,-0.014500,-0.971500, , , 
33452.000000,1675296.000000,75549924.000000, , , ,-0.325195,-0.975586,-0.325195
33453.000000,1675299.000000,75549924.000000,0.017400,-0.034800,-0.986000, , , 
33454.000000,1675397.000000,75549924.000000, , , ,-0.325195,0.000000,0.000000
33455.000000,1675400.000000,75549924.000000,0.043500,-0.034800,-0.980200, , , 
33456.000000,1675498.000000,75549924.000000, , , ,-0.650391,-1.300781,0.000000
33457.000000,1675499.000000,75549924.000000,0.026100,-0.029000,-0.965700, , , 
33458.000000,1675599.000000,75549924.000000, , , ,-0.325195,0.000000,0.000000
33459.000000,1675600.000000,75549924.000000,0.011600,-0.031900,-0.997600, , , 
33460.000000,1675699.000000,75549924.000000,0.034800,-0.040600,-1.012100, , , 
33461.000000,1675700.000000,75549924.000000, , , ,-1.300781,0.000000,0.000000
33462.000000,1675800.000000,75549924.000000,0.011600,-0.023200,-0.997600, , , 
33463.000000,1675801.000000,75549924.000000, , , ,-0.975586,0.000000,0.000000
33464.000000,1675892.000000,75549924.000000, , , ,-0.975586,0.000000,0.000000
33465.000000,1675899.000000,75549924.000000,0.026100,-0.014500,-1.003400, , , 
33466.000000,1675993.000000,75549924.000000, , , ,-0.650391,-0.325195,0.000000
33467.000000,1676000.000000,75549924.000000,0.034800,-0.026100,-0.988900, , , 
33468.000000,1676094.000000,75549924.000000, , , ,-0.325195,0.000000,0.000000
33469.000000,1676099.000000,75549924.000000,0.020300,-0.023200,-0.991800, , , 
33470.000000,1676195.000000,75549924.000000, , , ,-0.650391,0.000000,-0.325195
33471.000000,1676200.000000,75549924.000000,0.023200,-0.023200,-0.994700, , , 
33472.000000,1676296.000000,75549924.000000, , , ,-0.325195,-0.325195,-0.325195
33473.000000,1676299.000000,75549924.000000,0.037700,-0.031900,-0.980200, , , 
33474.000000,1676397.000000,75549924.000000, , , ,-0.325195,-0.325195,0.000000
33475.000000,1676400.000000,75549924.000000,0.029000,-0.020300,-0.986000, , , 
33476.000000,1676498.000000,75549924.000000, , , ,-0.325195,0.000000,-0.325195
33477.000000,1676499.000000,75549924.000000,0.029000,-0.031900,-0.991800, , , 
33478.000000,1676599.000000,75549924.000000, , , ,-0.325195,-0.975586,0.000000
33479.000000,1676600.000000,75549924.000000,0.037700,-0.020300,-0.974400, , , 
33480.000000,1676699.000000,75549924.000000,0.017400,-0.046400,-1.000500, , , 
33481.000000,1676700.000000,75549924.000000, , , ,-0.975586,0.000000,0.000000
33482.000000,1676800.000000,75549924.000000,0.023200,-0.011600,-0.983100, , , 
33483.000000,1676801.000000,75549924.000000, , , ,-0.975586,-0.325195,0.000000
33484.000000,1676892.000000,75549924.000000, , , ,-0.975586,0.650391,0.325195
33485.000000,1676899.000000,75549924.000000,0.026100,-0.008700,-0.980200, , , 
33486.000000,1676993.000000,75549924.000000, , , ,-0.975586,-0.975586,0.000000
33487.000000,1677000.000000,75549924.000000,0.034800,-0.008700,-0.974400, , , 
33488.000000,1677094.000000,75549924.000000, , , ,-0.650391,0.000000,0.000000
33489.000000,1677099.000000,75549924.000000,0.026100,0.000000,-0.986000, , , 
33490.000000,1677195.000000,75549924.000000, , , ,0.000000,-0.650391,0.000000
33491.000000,1677200.000000,75549924.000000,0.034800,0.002900,-0.980200, , , 
33492.000000,1677296.000000,75549924.000000, , , ,0.000000,0.650391,0.650391
33493.000000,1677299.000000,75549924.000000,0.017400,0.008700,-0.991800, , , 
33494.000000,1677397.000000,75549924.000000, , , ,0.000000,-0.325195,0.325195
33495.000000,1677400.000000,75549924.000000,0.031900,0.000000,-0.965700, , , 
33496.000000,1677498.000000,75549924.000000, , , ,0.000000,0.000000,0.325195
33497.000000,1677499.000000,75549924.000000,0.029000,-0.008700,-0.974400, , , 
33498.000000,1677599.000000,75549924.000000, , , ,0.000000,-0.325195,0.325195
33499.000000,1677600.000000,75549924.000000,0.014500,-0.020300,-0.983100, , , 
33500.000000,1677699.000000,75549924.000000,0.026100,-0.029000,-0.983100, , , 
33501.000000,1677700.000000,75549924.000000, , , ,-0.325195,0.650391,0.000000
33502.000000,1677800.000000,75549924.000000,0.020300,-0.014500,-0.983100, , , 
33503.000000,1677801.000000,75549924.000000, , , ,-0.650391,-0.975586,0.000000
33504.000000,1677892.000000,75549924.000000, , , ,-0.325195,0.000000,0.000000
33505.000000,1677899.000000,75549924.000000,0.023200,-0.020300,-0.980200, , , 
33506.000000,1677993.000000,75549924.000000, , , ,-0.325195,-0.325195,0.000000
33507.000000,1678000.000000,75549924.000000,0.040600,-0.008700,-0.980200, , , 
33508.000000,1678094.000000,75549924.000000, , , ,0.000000,0.325195,-0.325195
33509.000000,1678099.000000,75549924.000000,0.026100,-0.014500,-1.000500, , , 
33510.000000,1678195.000000,75549924.000000, , , ,-0.325195,0.000000,0.000000
33511.000000,1678200.000000,75549924.000000,0.020300,-0.026100,-0.991800, , , 
33512.000000,1678296.000000,75549924.000000, , , ,0.000000,0.325195,0.000000
33513.000000,1678299.000000,75549924.000000,0.034800,-0.037700,-0.977300, , , 
33514.000000,1678397.000000,75549924.000000, , , ,-0.650391,-0.650391,0.000000
33515.000000,1678400.000000,75549924.000000,0.017400,-0.046400,-0.991800, , , 
33516.000000,1678498.000000,75549924.000000, , , ,-0.650391,0.000000,0.000000
33517.000000,1678499.000000,75549924.000000,0.023200,-0.046400,-0.977300, , , 
33518.000000,1678599.000000,75549924.000000, , , ,-1.300781,-0.975586,0.000000
33519.000000,1678600.000000,75549924.000000,0.023200,-0.026100,-0.965700, , , 
33520.000000,1678699.000000,75549924.000000,0.023200,-0.020300,-0.983100, , , 
33521.000000,1678700.000000,75549924.000000, , , ,-0.975586,0.325195,0.000000
33522.000000,1678800.000000,75549924.000000,0.037700,-0.020300,-0.971500, , , 
33523.000000,1678801.000000,75549924.000000, , , ,-0.650391,-0.975586,0.000000
33524.000000,1678892.000000,75549924.000000, , , ,0.000000,-0.325195,-0.325195
33525.000000,1678899.000000,75549924.000000,0.034800,-0.037700,-0.948300, , , 
33526.000000,1678993.000000,75549924.000000, , , ,-0.325195,-0.975586,-0.325195
33527.000000,1679000.000000,75549924.000000,0.011600,-0.034800,-0.945400, , , 
33528.000000,1679094.000000,75549924.000000, , , ,-0.650391,-0.325195,0.000000
33529.000000,1679099.000000,75549924.000000,0.040600,-0.031900,-0.945400, , , 
33530.000000,1679195.000000,75549924.000000, , , ,-0.650391,-0.975586,0.000000
33531.000000,1679200.000000,75549924.000000,0.034800,-0.026100,-0.930900, , , 
33532.000000,1679296.000000,75549924.000000, , , ,-0.325195,-0.650391,0.000000
33533.000000,1679299.000000,75549924.000000,0.011600,-0.026100,-0.933800, , , 
33534.000000,1679397.000000,75549924.000000, , , ,-0.325195,-1.300781,0.000000
33535.000000,1679400.000000,75549924.000000,0.023200,-0.017400,-0.945400, , , 
33536.000000,1679498.000000,75549924.000000, , , ,-0.325195,-0.650391,0.000000
33537.000000,1679499.000000,75549924.000000,0.026100,-0.029000,-0.959900, , , 
33538.000000,1679599.000000,75549924.000000, , , ,-0.325195,-0.325195,0.000000
33539.000000,1679600.000000,75549924.000000,0.008700,-0.031900,-0.957000, , , 
33540.000000,1679699.000000,75549924.000000,0.029000,-0.014500,-0.965700, , , 
33541.000000,1679700.000000,75549924.000000, , , ,-0.975586,0.000000,0.325195
33542.000000,1679800.000000,75549924.000000,0.014500,-0.014500,-0.977300, , , 
33543.000000,1679801.000000,75549924.000000, , , ,-0.325195,-0.650391,0.000000
33544.000000,1679892.000000,75549924.000000, , , ,0.000000,0.000000,0.000000
33545.000000,1679899.000000,75549924.000000,0.011600,-0.014500,-0.980200, , , 
33546.000000,1679993.000000,75549924.000000, , , ,-0.325195,-0.325195,-0.325195
33547.000000,1680000.000000,75549924.000000,0.023200,-0.026100,-0.980200, , , 
33548.000000,1680094.000000,75549924.000000, , , ,-0.650391,0.000000,0.000000
33549.000000,1680099.000000,75549924.000000,0.014500,-0.034800,-0.994700, , , 
33550.000000,1680195.000000,75549924.000000, , , ,-0.325195,0.000000,0.000000
33551.000000,1680200.000000,75549924.000000,0.020300,-0.040600,-0.988900, , , 
33552.000000,1680296.000000,75549924.000000, , , ,-0.325195,-0.325195,0.000000
33553.000000,1680299.000000,75549924.000000,0.008700,-0.020300,-0.971500, , , 
33554.000000,1680397.000000,75549924.000000, , , ,-0.650391,-0.325195,0.000000
33555.000000,1680400.000000,75549924.000000,0.014500,-0.020300,-0.986000, , , 
33556.000000,1680498.000000,75549924.000000, , , ,-0.650391,-0.650391,0.325195
33557.000000,1680499.000000,75549924.000000,0.002900,-0.023200,-0.977300, , , 
33558.000000,1680599.000000,75549924.000000, , , ,0.000000,0.975586,0.000000
33559.000000,1680600.000000,75549924.000000,0.000000,-0.031900,-1.003400, , , 
33560.000000,1680699.000000,75549924.000000,0.011600,-0.031900,-1.006300, , , 
33561.000000,1680700.000000,75549924.000000, , , ,0.000000,0.000000,0.000000
33562.000000,1680800.000000,75549924.000000,0.008700,-0.020300,-0.977300, , , 
33563.000000,1680801.000000,75549924.000000, , , ,-0.325195,-0.650391,0.000000
33564.000000,1680892.000000,75549924.000000, , , ,-0.325195,0.000000,-0.325195
33565.000000,1680899.000000,75549924.000000,0.005800,-0.034800,-0.994700, , , 
33566.000000,1680993.000000,75549924.000000, , , ,-0.975586,-0.325195,0.000000
33567.000000,1681000.000000,75549924.000000,0.017400,-0.040600,-0.983100, , , 
33568.000000,1681094.000000,75549924.000000, , , ,-0.975586,0.325195,0.000000
33569.000000,1681099.000000,75549924.000000,0.005800,-0.017400,-0.977300, , , 
33570.000000,1681195.000000,75549924.000000, , , ,-0.975586,0.000000,0.000000
33571.000000,1681200.000000,75549924.000000,0.005800,-0.034800,-1.015000, , , 
33572.000000,1681296.000000,75549924.000000, , , ,-0.975586,0.325195,0.000000
33573.000000,1681299.000000,75549924.000000,0.011600,-0.040600,-0.988900, , , 
33574.000000,1681397.000000,75549924.000000, , , ,-0.975586,-0.325195,0.000000
33575.000000,1681400.000000,75549924.000000,0.002900,-0.008700,-0.977300, , , 
33576.000000,1681498.000000,75549924.000000, , , ,-0.325195,0.000000,0.000000
33577.000000,1681499.000000,75549924.000000,0.002900,-0.014500,-0.988900, , , 
33578.000000,1681599.000000,75549924.000000, , , ,0.000000,-0.650391,0.000000
33579.000000,1681600.000000,75549924.000000,0.008700,-0.023200,-0.974400, , , 
33580.000000,1681699.000000,75549924.000000,-0.002900,-0.014500,-1.003400, , , 
33581.000000,1681700.000000,75549924.000000, , , ,0.000000,0.325195,0.000000
33582.000000,1681800.000000,75549924.000000,0.008700,-0.017400,-1.009200, , , 
33583.000000,1681801.000000,75549924.000000, , , ,0.000000,0.000000,0.000000
33584.000000,1681892.000000,75549924.000000, , , ,-0.325195,-0.325195,0.000000
33585.000000,1681899.000000,75549924.000000,-0.002900,-0.031900,-0.974400, , , 
33586.000000,1681993.000000,75549924.000000, , , ,-0.650391,0.000000,0.000000
33587.000000,1682000.000000,75549924.000000,0.002900,-0.014500,-0.986000, , , 
33588.000000,1682094.000000,75549924.000000, , , ,-0.650391,0.000000,0.000000
33589.000000,1682099.000000,75549924.000000,0.008700,-0.029000,-0.986000, , , 
33590.000000,1682195.000000,75549924.000000, , , ,-0.650391,0.000000,0.000000
33591.000000,1682200.000000,75549924.000000,0.011600,-0.037700,-0.962800, , , 
33592.000000,1682296.000000,75549924.000000, , , ,-0.325195,-0.325195,0.000000
33593.000000,1682299.000000,75549924.000000,0.005800,-0.017400,-0.977300, , , 
33594.000000,1682397.000000,75549924.000000, , , ,-0.650391,-0.325195,0.000000
33595.000000,1682400.000000,75549924.000000,0.011600,-0.014500,-0.962800, , , 
33596.000000,1682498.000000,75549924.000000, , , ,-0.650391,-0.650391,0.000000
33597.000000,1682499.000000,75549924.000000,0.002900,-0.020300,-0.957000, , , 
33598.000000,1682599.000000,75549924.000000, , , ,-0.650391,0.000000,0.000000
33599.000000,1682600.000000,75549924.000000,0.000000,-0.026100,-0.983100, , , 
33600.000000,1682699.000000,75549924.000000,0.014500,-0.029000,-0.980200, , , 
33601.000000,1682700.000000,75549924.000000, , , ,-0.650391,-0.325195,0.000000
33602.000000,1682800.000000,75549924.000000,0.014500,-0.031900,-0.962800, , , 
33603.000000,1682801.000000,75549924.000000, , , ,-0.325195,-0.650391,0.000000
33604.000000,1682892.000000,75549924.000000, , , ,-0.325195,-0.650391,0.000000
33605.000000,1682899.000000,75549924.000000,0.005800,-0.037700,-0.945400, , , 
33606.000000,1682993.000000,75549924.000000, , , ,-0.325195,-0.975586,-0.325195
33607.000000,1683000.000000,75549924.000000,0.002900,-0.029000,-0.928000, , , 
33608.000000,1683094.000000,75549924.000000, , , ,-0.650391,-0.975586,0.000000
33609.000000,1683099.000000,75549924.000000,0.023200,-0.040600,-0.904800, , , 
33610.000000,1683195.000000,75549924.000000, , , ,0.000000,-2.276367,-0.325195
33611.000000,1683200.000000,75549924.000000,0.002900,-0.043500,-0.890300, , , 
33612.000000,1683296.000000,75549924.000000, , , ,-0.650391,-0.975586,0.000000
33613.000000,1683299.000000,75549924.000000,0.000000,-0.046400,-0.930900, , , 
33614.000000,1683397.000000,75549924.000000, , , ,-1.300781,-0.325195,-0.325195
33615.000000,1683400.000000,75549924.000000,-0.002900,-0.049300,-0.994700, , , 
33616.000000,1683498.000000,75549924.000000, , , ,-1.625977,-0.325195,0.000000
33617.000000,1683499.000000,75549924.000000,0.000000,-0.049300,-1.009200, , , 
33618.000000,1683599.000000,75549924.000000, , , ,-1.300781,0.000000,0.000000
33619.000000,1683600.000000,75549924.000000,-0.011600,-0.026100,-0.986000, , , 
33620.000000,1683699.000000,75549924.000000,0.002900,-0.037700,-0.971500, , , 
33621.000000,1683700.000000,75549924.000000, , , ,-0.325195,0.000000,0.000000
33622.000000,1683800.000000,75549924.000000,0.008700,-0.014500,-0.954100, , , 
33623.000000,1683801.000000,75549924.000000, , , ,-0.650391,-0.325195,0.000000
33624.000000,1683892.000000,75549924.000000, , , ,-0.325195,0.000000,0.325195
33625.000000,1683899.000000,75549924.000000,0.005800,-0.014500,-0.971500, , , 
33626.000000,1683993.000000,75549924.000000, , , ,0.000000,-0.325195,0.000000
33627.000000,1684000.000000,75549924.000000,0.000000,-0.023200,-0.971500, , , 
33628.000000,1684094.000000,75549924.000000, , , ,-0.325195,-0.650391,0.000000
33629.000000,1684099.000000,75549924.000000,0.017400,-0.005800,-0.971500, , , 
33630.000000,1684195.000000,75549924.000000, , , ,0.000000,0.000000,0.000000
33631.000000,1684200.000000,75549924.000000,0.000000,-0.023200,-0.991800, , , 
33632.000000,1684296.000000,75549924.000000, , , ,-0.650391,-0.325195,0.325195
33633.000000,1684299.000000,75549924.000000,0.000000,-0.008700,-0.983100, , , 
33634.000000,1684397.000000,75549924.000000, , , ,0.000000,-0.325195,0.325195
33635.000000,1684400.000000,75549924.000000,-0.005800,-0.005800,-0.974400, , , 
33636.000000,1684498.000000,75549924.000000, , , ,0.000000,-0.325195,0.000000
33637.000000,1684499.000000,75549924.000000,-0.011600,-0.023200,-0.980200, , , 
33638.000000,1684599.000000,75549924.000000, , , ,-0.325195,-0.650391,0.000000
33639.000000,1684600.000000,75549924.000000,-0.002900,-0.017400,-0.962800, , , 
33640.000000,1684699.000000,75549924.000000,0.000000,-0.020300,-0.965700, , , 
33641.000000,1684700.000000,75549924.000000, , , ,0.000000,0.000000,0.000000
33642.000000,1684800.000000,75549924.000000,-0.002900,-0.008700,-0.986000, , , 
33643.000000,1684801.000000,75549924.000000, , , ,0.000000,-0.325195,0.325195
33644.000000,1684892.000000,75549924.000000, , , ,0.000000,-0.325195,0.000000
33645.000000,1684899.000000,75549924.000000,0.011600,-0.017400,-0.965700, , , 
33646.000000,1684993.000000,75549924.000000, , , ,-0.325195,-0.650391,0.000000
33647.000000,1685000.000000,75549924.000000,-0.008700,-0.020300,-0.957000, , , 
33648.000000,1685094.000000,75549924.000000, , , ,-0.650391,-0.975586,0.325195
33649.000000,1685099.000000,75549924.000000,0.000000,-0.029000,-0.945400, , , 
33650.000000,1685195.000000,75549924.000000, , , ,0.000000,-0.650391,0.000000
33651.000000,1685200.000000,75549924.000000,0.000000,-0.017400,-0.939600, , , 
33652.000000,1685296.000000,75549924.000000, , , ,-0.325195,-0.975586,0.000000
33653.000000,1685299.000000,75549924.000000,-0.017400,-0.017400,-0.965700, , , 
33654.000000,1685397.000000,75549924.000000, , , ,0.000000,0.000000,0.000000
33655.000000,1685400.000000,75549924.000000,-0.011600,-0.014500,-0.983100, , , 
33656.000000,1685498.000000,75549924.000000, , , ,0.000000,-0.325195,0.000000
33657.000000,1685499.000000,75549924.000000,-0.017400,-0.026100,-0.983100, , , 
33658.000000,1685599.000000,75549924.000000, , , ,0.000000,-0.325195,0.000000
33659.000000,1685600.000000,75549924.000000,-0.026100,-0.026100,-0.994700, , , 
33660.000000,1685699.000000,75549924.000000,0.000000,-0.049300,-0.954100, , , 
33661.000000,1685700.000000,75549924.000000, , , ,-0.325195,-0.650391,0.000000
33662.000000,1685801.000000,75549924.000000, , , ,-0.975586,-0.975586,0.325195
33663.000000,1685802.000000,75549924.000000,-0.005800,-0.023200,-0.922200, , , 
33664.000000,1685900.000000,75549924.000000,-0.029000,-0.017400,-0.954100, , , 
33665.000000,1685901.000000,75549924.000000, , , ,-0.650391,-0.975586,0.650391
33666.000000,1685992.000000,75549924.000000, , , ,-0.650391,-0.325195,0.650391
33667.000000,1685999.000000,75549924.000000,-0.014500,-0.034800,-0.977300, , , 
33668.000000,1686093.000000,75549924.000000, , , ,-0.650391,0.325195,0.325195
33669.000000,1686100.000000,75549924.000000,-0.017400,-0.014500,-0.988900, , , 
33670.000000,1686194.000000,75549924.000000, , , ,-0.975586,0.000000,0.000000
33671.000000,1686199.000000,75549924.000000,-0.017400,-0.011600,-0.986000, , , 
33672.000000,1686295.000000,75549924.000000, , , ,-0.325195,-0.650391,0.000000
33673.000000,1686300.000000,75549924.000000,-0.008700,0.000000,-0.980200, , , 
33674.000000,1686396.000000,75549924.000000, , , ,-0.650391,0.000000,0.000000
33675.000000,1686399.000000,75549924.000000,-0.029000,-0.023200,-0.988900, , , 
33676.000000,1686497.000000,75549924.000000, , , ,-0.650391,-0.325195,0.000000
33677.000000,1686500.000000,75549924.000000,-0.020300,-0.026100,-0.983100, , , 
33678.000000,1686598.000000,75549924.000000, , , ,-0.650391,0.000000,0.000000
33679.000000,1686599.000000,75549924.000000,-0.037700,-0.023200,-0.997600, , , 
33680.000000,1686699.000000,75549924.000000, , , ,-1.300781,0.650391,0.000000
33681.000000,1686700.000000,75549924.000000,-0.026100,-0.017400,-1.003400, , , 
33682.000000,1686799.000000,75549924.000000,-0.002900,-0.023200,-0.971500, , , 
33683.000000,1686800.000000,75549924.000000, , , ,-0.975586,0.000000,0.000000
33684.000000,1686900.000000,75549924.000000,-0.020300,-0.005800,-0.994700, , , 
33685.000000,1686901.000000,75549924.000000, , , ,-0.325195,0.000000,0.325195
33686.000000,1686992.000000,75549924.000000, , , ,-0.975586,0.325195,0.000000
33687.000000,1686999.000000,75549924.000000,-0.031900,-0.029000,-1.003400, , , 
33688.000000,1687093.000000,75549924.000000, , , ,-0.975586,0.000000,0.000000
33689.000000,1687100.000000,75549924.000000,-0.031900,-0.020300,-0.994700, , , 
33690.000000,1687194.000000,75549924.000000, , , ,-1.300781,-0.325195,0.325195
33691.000000,1687199.000000,75549924.000000,-0.031900,-0.020300,-1.000500, , , 
33692.000000,1687295.000000,75549924.000000, , , ,-1.300781,0.000000,0.000000
33693.000000,1687300.000000,75549924.000000,-0.026100,-0.023200,-0.988900, , , 
33694.000000,1687396.000000,75549924.000000, , , ,-0.975586,0.000000,0.325195
33695.000000,1687399.000000,75549924.000000,-0.026100,-0.011600,-0.997600, , , 
33696.000000,1687497.000000,75549924.000000, , , ,-0.975586,0.325195,0.000000
33697.000000,1687500.000000,75549924.000000,-0.029000,-0.002900,-1.000500, , , 
33698.000000,1687597.000000,75549924.000000, , , ,-0.650391,-0.650391,0.000000
33699.000000,1687600.000000,75549924.000000,-0.023200,-0.017400,-0.977300, , , 
33700.000000,1687698.000000,75549924.000000, , , ,-0.975586,-0.325195,0.325195
33701.000000,1687699.000000,75549924.000000,-0.020300,-0.034800,-0.986000, , , 
33702.000000,1687799.000000,75549924.000000, , , ,-1.300781,-0.325195,0.000000
33703.000000,1687800.000000,75549924.000000,-0.026100,-0.034800,-0.983100, , , 
33704.000000,1687899.000000,75549924.000000,-0.020300,-0.002900,-0.962800, , , 
33705.000000,1687900.000000,75549924.000000, , , ,-0.975586,0.000000,0.000000
33706.000000,1688000.000000,75549924.000000,-0.034800,-0.017400,-0.997600, , , 
33707.000000,1688001.000000,75549924.000000, , , ,-1.300781,-0.325195,0.325195
33708.000000,1688092.000000,75549924.000000, , , ,-0.650391,-0.325195,0.000000
33709.000000,1688099.000000,75549924.000000,-0.017400,-0.014500,-0.974400, , , 
33710.000000,1688193.000000,75549924.000000, , , ,-0.325195,-0.325195,0.000000
33711.000000,1688200.000000,75549924.000000,-0.008700,0.000000,-0.945400, , , 
33712.000000,1688294.000000,75549924.000000, , , ,-0.650391,-0.650391,0.000000
33713.000000,1688299.000000,75549924.000000,-0.023200,0.002900,-0.962800, , , 
33714.000000,1688395.000000,75549924.000000, , , ,-0.650391,-0.650391,0.000000
33715.000000,1688400.000000,75549924.000000,-0.008700,-0.020300,-0.930900, , , 
33716.000000,1688496.000000,75549924.000000, , , ,0.000000,-0.975586,0.325195
33717.000000,1688499.000000,75549924.000000,-0.031900,-0.002900,-0.933800, , , 
33718.000000,1688597.000000,75549924.000000, , , ,0.000000,0.000000,0.000000
33719.000000,1688600.000000,75549924.000000,-0.031900,-0.017400,-0.962800, , , 
33720.000000,1688698.000000,75549924.000000, , , ,-0.650391,0.000000,0.000000
33721.000000,1688699.000000,75549924.000000,-0.026100,-0.011600,-0.971500, , , 
33722.000000,1688799.000000,75549924.000000, , , ,-0.650391,-0.325195,0.000000
33723.000000,1688800.000000,75549924.000000,-0.023200,-0.005800,-0.997600, , , 
33724.000000,1688899.000000,75549924.000000,-0.031900,-0.020300,-1.000500, , , 
33725.000000,1688900.000000,75549924.000000, , , ,-1.300781,0.000000,0.000000
33726.000000,1689000.000000,75549924.000000,-0.031900,-0.020300,-0.994700, , , 
33727.000000,1689001.000000,75549924.000000, , , ,-1.300781,0.000000,0.325195
33728.000000,1689092.000000,75549924.000000, , , ,-1.625977,0.000000,0.000000
33729.000000,1689099.000000,75549924.000000,-0.023200,0.000000,-1.017900, , , 
33730.000000,1689193.000000,75549924.000000, , , ,-0.650391,-0.325195,0.000000
33731.000000,1689200.000000,75549924.000000,-0.020300,-0.005800,-0.965700, , , 
33732.000000,1689294.000000,75549924.000000, , , ,-0.650391,-0.975586,0.000000
33733.000000,1689299.000000,75549924.000000,-0.029000,0.000000,-0.948300, , , 
33734.000000,1689395.000000,75549924.000000, , , ,0.000000,0.000000,0.000000
33735.000000,1689400.000000,75549924.000000,-0.037700,0.002900,-0.986000, , , 
33736.000000,1689496.000000,75549924.000000, , , ,0.000000,0.000000,0.000000
33737.000000,1689501.000000,75549924.000000,-0.023200,-0.020300,-0.986000, , , 
33738.000000,1689596.000000,75549924.000000, , , ,0.000000,0.000000,0.000000
33739.000000,1689599.000000,75549924.000000,-0.026100,-0.020300,-0.986000, , , 
33740.000000,1689697.000000,75549924.000000, , , ,-0.325195,0.000000,-0.325195
33741.000000,1689700.000000,75549924.000000,-0.026100,-0.005800,-1.006300, , , 
33742.000000,1689798.000000,75549924.000000, , , ,-0.650391,0.000000,0.000000
33743.000000,1689799.000000,75549924.000000,-0.014500,-0.029000,-0.988900, , , 
33744.000000,1689899.000000,75549924.000000, , , ,-0.650391,0.000000,0.000000
33745.000000,1689900.000000,75549924.000000,-0.034800,-0.023200,-0.983100, , , 
33746.000000,1689999.000000,75549924.000000,-0.017400,-0.014500,-0.986000, , , 
33747.000000,1690000.000000,75549924.000000, , , ,-0.650391,-0.325195,0.000000
33748.000000,1690100.000000,75549924.000000,-0.026100,-0.008700,-0.971500, , , 
33749.000000,1690101.000000,75549924.000000, , , ,-0.650391,0.325195,0.000000
33750.000000,1690192.000000,75549924.000000, , , ,-0.975586,-0.325195,0.000000
33751.000000,1690199.000000,75549924.000000,-0.026100,-0.023200,-0.994700, , , 
33752.000000,1690293.000000,75549924.000000, , , ,-0.325195,0.000000,0.000000
33753.000000,1690300.000000,75549924.000000,-0.017400,-0.014500,-0.977300, , , 
33754.000000,1690394.000000,75549924.000000, , , ,0.000000,-0.325195,0.000000
33755.000000,1690399.000000,75549924.000000,-0.026100,-0.029000,-0.968600, , , 
33756.000000,1690495.000000,75549924.000000, , , ,-0.650391,0.000000,0.000000
33757.000000,1690500.000000,75549924.000000,-0.020300,-0.023200,-0.988900, , , 
33758.000000,1690596.000000,75549924.000000, , , ,-0.650391,0.000000,0.000000
33759.000000,1690599.000000,75549924.000000,-0.023200,-0.008700,-0.977300, , , 
33760.000000,1690697.000000,75549924.000000, , , ,0.000000,-0.325195,0.000000
33761.000000,1690700.000000,75549924.000000,-0.020300,-0.017400,-0.974400, , , 
33762.000000,1690798.000000,75549924.000000, , , ,-0.325195,-0.650391,0.000000
33763.000000,1690799.000000,75549924.000000,-0.023200,-0.014500,-0.974400, , , 
33764.000000,1690899.000000,75549924.000000, , , ,-0.325195,0.000000,0.000000
33765.000000,1690900.000000,75549924.000000,-0.026100,-0.026100,-0.971500, , , 
33766.000000,1690999.000000,75549924.000000,-0.020300,-0.020300,-0.988900, , , 
33767.000000,1691000.000000,75549924.000000, , , ,-0.650391,0.000000,0.325195
33768.000000,1691100.000000,75549924.000000,-0.014500,-0.020300,-0.986000, , , 
33769.000000,1691101.000000,75549924.000000, , , ,-0.325195,-0.325195,0.000000
33770.000000,1691192.000000,75549924.000000, , , ,-0.650391,0.000000,0.000000
33771.000000,1691199.000000,75549924.000000,-0.023200,-0.014500,-0.954100, , , 
33772.000000,1691293.000000,75549924.000000, , , ,-0.975586,0.000000,0.000000
33773.000000,1691300.000000,75549924.000000,-0.023200,-0.005800,-0.977300, , , 
33774.000000,1691394.000000,75549924.000000, , , ,-0.975586,0.000000,0.000000
33775.000000,1691399.000000,75549924.000000,-0.037700,-0.029000,-1.012100, , , 
33776.000000,1691495.000000,75549924.000000, , , ,-0.975586,0.000000,0.000000
33777.000000,1691500.000000,75549924.000000,-0.020300,-0.026100,-1.015000, , , 
33778.000000,1691596.000000,75549924.000000, , , ,-1.300781,0.000000,0.000000
33779.000000,1691599.000000,75549924.000000,-0.031900,-0.020300,-1.023700, , , 
33780.000000,1691697.000000,75549924.000000, , , ,-1.300781,0.000000,-0.325195
33781.000000,1691700.000000,75549924.000000,-0.020300,-0.031900,-1.006300, , , 
33782.000000,1691798.000000,75549924.000000, , , ,-1.300781,0.000000,0.000000
33783.000000,1691799.000000,75549924.000000,-0.031900,-0.020300,-0.986000, , , 
33784.000000,1691899.000000,75549924.000000, , , ,-0.650391,0.000000,0.325195
33785.000000,1691900.000000,75549924.000000,-0.020300,-0.008700,-1.000500, , , 
33786.000000,1691999.000000,75549924.000000,-0.017400,-0.023200,-0.991800, , , 
33787.000000,1692000.000000,75549924.000000, , , ,-0.650391,0.000000,0.000000
33788.000000,1692100.000000,75549924.000000,-0.029000,-0.034800,-0.997600, , , 
33789.000000,1692101.000000,75549924.000000, , , ,-0.325195,0.000000,0.000000
33790.000000,1692192.000000,75549924.000000, , , ,-0.325195,0.000000,-0.325195
33791.000000,1692199.000000,75549924.000000,-0.029000,-0.017400,-1.026600, , , 
33792.000000,1692293.000000,75549924.000000, , , ,-0.325195,0.650391,0.000000
33793.000000,1692300.000000,75549924.000000,-0.020300,-0.023200,-1.015000, , , 
33794.000000,1692394.000000,75549924.000000, , , ,0.000000,0.325195,-0.325195
33795.000000,1692399.000000,75549924.000000,-0.026100,-0.029000,-1.006300, , , 
33796.000000,1692495.000000,75549924.000000, , , ,0.000000,0.650391,0.000000
33797.000000,1692500.000000,75549924.000000,-0.023200,-0.020300,-1.006300, , , 
33798.000000,1692596.000000,75549924.000000, , , ,0.000000,0.000000,0.000000
33799.000000,1692599.000000,75549924.000000,-0.014500,-0.023200,-1.000500, , , 
33800.000000,1692697.000000,75549924.000000, , , ,-0.325195,0.000000,0.000000
33801.000000,1692700.000000,75549924.000000,-0.020300,-0.020300,-0.983100, , , 
33802.000000,1692798.000000,75549924.000000, , , ,-0.650391,0.000000,0.000000
33803.000000,1692799.000000,75549924.000000,-0.034800,-0.034800,-1.003400, , , 
33804.000000,1692899.000000,75549924.000000, , , ,-0.650391,0.650391,0.000000
33805.000000,1692900.000000,75549924.000000,-0.020300,-0.023200,-1.017900, , , 
33806.000000,1692999.000000,75549924.000000,-0.011600,-0.023200,-0.994700, , , 
33807.000000,1693000.000000,75549924.000000, , , ,-0.975586,0.000000,0.000000
33808.000000,1693100.000000,75549924.000000,-0.023200,-0.017400,-0.974400, , , 
33809.000000,1693101.000000,75549924.000000, , , ,-1.300781,-0.650391,0.000000
33810.000000,1693192.000000,75549924.000000, , , ,-0.975586,0.000000,0.000000
33811.000000,1693199.000000,75549924.000000,-0.011600,-0.014500,-0.954100, , , 
33812.000000,1693293.000000,75549924.000000, , , ,-0.325195,-0.975586,0.000000
33813.000000,1693300.000000,75549924.000000,-0.017400,-0.026100,-0.959900, , , 
33814.000000,1693394.000000,75549924.000000, , , ,0.000000,0.000000,0.000000
33815.000000,1693399.000000,75549924.000000,-0.037700,-0.023200,-0.991800, , , 
33816.000000,1693495.000000,75549924.000000, , , ,-0.975586,0.325195,0.000000
33817.000000,1693500.000000,75549924.000000,-0.014500,-0.029000,-1.017900, , , 
33818.000000,1693596.000000,75549924.000000, , , ,0.000000,0.000000,0.000000
33819.000000,1693599.000000,75549924.000000,-0.011600,-0.005800,-1.032400, , , 
33820.000000,1693697.000000,75549924.000000, , , ,-0.325195,0.000000,-0.325195
33821.000000,1693700.000000,75549924.000000,-0.023200,-0.046400,-1.012100, , , 
33822.000000,1693798.000000,75549924.000000, , , ,-0.650391,0.325195,-0.325195
33823.000000,1693799.000000,75549924.000000,-0.014500,-0.008700,-1.006300, , , 
33824.000000,1693899.000000,75549924.000000, , , ,0.000000,0.000000,0.000000
33825.000000,1693900.000000,75549924.000000,-0.008700,-0.020300,-1.003400, , , 
33826.000000,1693999.000000,75549924.000000,-0.011600,-0.046400,-0.983100, , , 
33827.000000,1694000.000000,75549924.000000, , , ,-0.325195,0.000000,-0.325195
33828.000000,1694100.000000,75549924.000000,0.000000,-0.029000,-0.986000, , , 
33829.000000,1694101.000000,75549924.000000, , , ,0.000000,0.000000,0.000000
33830.000000,1694192.000000,75549924.000000, , , ,0.000000,0.325195,-0.325195
33831.000000,1694199.000000,75549924.000000,-0.011600,-0.029000,-0.983100, , , 
33832.000000,1694293.000000,75549924.000000, , , ,0.000000,-0.325195,-0.325195
33833.000000,1694300.000000,75549924.000000,-0.005800,-0.031900,-0.980200, , , 
33834.000000,1694394.000000,75549924.000000, , , ,-0.325195,0.000000,-0.325195
33835.000000,1694399.000000,75549924.000000,-0.008700,-0.046400,-1.000500, , , 
33836.000000,1694495.000000,75549924.000000, , , ,-0.975586,-0.650391,-0.325195
33837.000000,1694500.000000,75549924.000000,-0.014500,-0.055100,-1.006300, , , 
33838.000000,1694596.000000,75549924.000000, , , ,-1.300781,0.325195,0.000000
33839.000000,1694599.000000,75549924.000000,0.000000,-0.037700,-0.994700, , , 
33840.000000,1694697.000000,75549924.000000, , , ,-0.975586,0.000000,0.000000
33841.000000,1694700.000000,75549924.000000,0.005800,-0.017400,-0.991800, , , 
33842.000000,1694798.000000,75549924.000000, , , ,-0.975586,-0.325195,0.000000
33843.000000,1694799.000000,75549924.000000,0.000000,-0.029000,-0.980200, , , 
33844.000000,1694899.000000,75549924.000000, , , ,-0.325195,0.000000,0.000000
33845.000000,1694900.000000,75549924.000000,0.000000,-0.031900,-0.983100, , , 
33846.000000,1694999.000000,75549924.000000,0.005800,-0.031900,-0.997600, , , 
33847.000000,1695000.000000,75549924.000000, , , ,-0.975586,0.000000,-0.325195
33848.000000,1695100.000000,75549924.000000,0.011600,-0.034800,-0.965700, , , 
33849.000000,1695101.000000,75549924.000000, , , ,-0.650391,-0.975586,0.000000
33850.000000,1695192.000000,75549924.000000, , , ,-0.325195,-0.650391,0.000000
33851.000000,1695199.000000,75549924.000000,0.017400,-0.023200,-0.925100, , , 
33852.000000,1695293.000000,75549924.000000, , , ,-0.650391,-0.975586,-0.325195
33853.000000,1695300.000000,75549924.000000,-0.002900,-0.014500,-0.945400, , , 
33854.000000,1695394.000000,75549924.000000, , , ,0.000000,0.325195,0.000000
33855.000000,1695399.000000,75549924.000000,0.000000,-0.034800,-0.983100, , , 
33856.000000,1695495.000000,75549924.000000, , , ,-0.650391,-0.325195,-0.325195
33857.000000,1695500.000000,75549924.000000,0.011600,-0.029000,-0.994700, , , 
33858.000000,1695596.000000,75549924.000000, , , ,-0.650391,0.000000,-0.325195
33859.000000,1695599.000000,75549924.000000,0.002900,-0.020300,-1.020800, , , 
33860.000000,1695697.000000,75549924.000000, , , ,-0.325195,0.000000,-0.325195
33861.000000,1695700.000000,75549924.000000,0.008700,-0.031900,-0.994700, , , 
33862.000000,1695798.000000,75549924.000000, , , ,-0.650391,0.000000,0.000000
33863.000000,1695799.000000,75549924.000000,-0.005800,-0.034800,-0.980200, , , 
33864.000000,1695899.000000,75549924.000000, , , ,-0.650391,0.000000,-0.650391
33865.000000,1695900.000000,75549924.000000,0.005800,-0.034800,-1.015000, , , 
33866.000000,1695999.000000,75549924.000000,0.011600,-0.014500,-0.991800, , , 
33867.000000,1696000.000000,75549924.000000, , , ,-0.975586,0.000000,0.000000
33868.000000,1696100.000000,75549924.000000,0.008700,-0.049300,-0.962800, , , 
33869.000000,1696101.000000,75549924.000000, , , ,-0.975586,0.000000,-0.325195
33870.000000,1696192.000000,75549924.000000, , , ,-0.650391,-1.300781,0.000000
33871.000000,1696199.000000,75549924.000000,0.002900,-0.002900,-0.951200, , , 
33872.000000,1696293.000000,75549924.000000, , , ,-0.325195,0.000000,-0.325195
33873.000000,1696300.000000,75549924.000000,0.000000,-0.011600,-0.977300, , , 
33874.000000,1696394.000000,75549924.000000, , , ,-0.325195,0.000000,-0.325195
33875.000000,1696399.000000,75549924.000000,0.008700,-0.043500,-0.997600, , , 
33876.000000,1696495.000000,75549924.000000, , , ,-0.650391,0.000000,0.000000
33877.000000,1696500.000000,75549924.000000,0.011600,-0.037700,-1.020800, , , 
33878.000000,1696596.000000,75549924.000000, , , ,-0.650391,0.000000,0.000000
33879.000000,1696599.000000,75549924.000000,0.002900,-0.037700,-0.986000, , , 
33880.000000,1696697.000000,75549924.000000, , , ,-0.650391,0.000000,-0.325195
33881.000000,1696700.000000,75549924.000000,0.000000,-0.034800,-0.974400, , , 
33882.000000,1696798.000000,75549924.000000, , , ,-0.975586,0.000000,0.000000
33883.000000,1696801.000000,75549924.000000,-0.002900,-0.037700,-0.997600, , , 
33884.000000,1696898.000000,75549924.000000, , , ,-0.975586,-0.325195,0.000000
33885.000000,1696899.000000,75549924.000000,0.005800,-0.034800,-0.977300, , , 
33886.000000,1696999.000000,75549924.000000, , , ,-0.325195,-0.325195,0.000000
33887.000000,1697000.000000,75549924.000000,0.008700,-0.023200,-0.962800, , , 
33888.000000,1697099.000000,75549924.000000,-0.008700,-0.020300,-0.988900, , , 
33889.000000,1697100.000000,75549924.000000, , , ,-0.325195,-0.325195,0.000000
33890.000000,1697200.000000,75549924.000000,0.002900,-0.046400,-1.015000, , , 
33891.000000,1697201.000000,75549924.000000, , , ,-1.300781,0.975586,-0.975586
33892.000000,1697292.000000,75549924.000000, , , ,-1.300781,0.000000,0.000000
33893.000000,1697299.000000,75549924.000000,-0.005800,-0.034800,-1.046900, , , 
33894.000000,1697393.000000,75549924.000000, , , ,-1.300781,-0.650391,-0.325195
33895.000000,1697400.000000,75549924.000000,0.031900,-0.049300,-0.991800, , , 
33896.000000,1697494.000000,75549924.000000, , , ,-1.951172,-1.300781,-0.325195
33897.000000,1697499.000000,75549924.000000,0.017400,-0.020300,-0.945400, , , 
33898.000000,1697595.000000,75549924.000000, , , ,-0.975586,0.325195,0.000000
33899.000000,1697600.000000,75549924.000000,-0.008700,-0.008700,-0.997600, , , 
33900.000000,1697696.000000,75549924.000000, , , ,0.000000,-0.325195,-0.325195
33901.000000,1697699.000000,75549924.000000,0.020300,-0.017400,-0.986000, , , 
33902.000000,1697797.000000,75549924.000000, , , ,-0.325195,-0.650391,-0.325195
33903.000000,1697800.000000,75549924.000000,0.014500,-0.029000,-0.925100, , , 
33904.000000,1697898.000000,75549924.000000, , , ,-0.325195,-0.650391,-0.325195
33905.000000,1697899.000000,75549924.000000,0.002900,-0.029000,-0.957000, , , 
33906.000000,1697999.000000,75549924.000000, , , ,0.000000,0.000000,-0.650391
33907.000000,1698000.000000,75549924.000000,0.000000,-0.014500,-0.971500, , , 
33908.000000,1698099.000000,75549924.000000,0.023200,-0.029000,-0.962800, , , 
33909.000000,1698100.000000,75549924.000000, , , ,-0.650391,-0.325195,0.000000
33910.000000,1698200.000000,75549924.000000,0.000000,-0.017400,-0.988900, , , 
33911.000000,1698201.000000,75549924.000000, , , ,0.000000,0.000000,0.000000
33912.000000,1698292.000000,75549924.000000, , , ,0.650391,-0.650391,-0.325195
33913.000000,1698299.000000,75549924.000000,0.005800,0.000000,-0.988900, , , 
33914.000000,1698393.000000,75549924.000000, , , ,0.325195,0.325195,-0.325195
33915.000000,1698400.000000,75549924.000000,0.000000,-0.034800,-1.003400, , , 
33916.000000,1698494.000000,75549924.000000, , , ,-0.325195,0.000000,-0.325195
33917.000000,1698499.000000,75549924.000000,0.000000,-0.046400,-1.035300, , , 
33918.000000,1698595.000000,75549924.000000, , , ,-1.625977,0.650391,0.000000
33919.000000,1698600.000000,75549924.000000,0.005800,-0.052200,-1.023700, , , 
33920.000000,1698696.000000,75549924.000000, , , ,-2.926758,0.000000,0.000000
33921.000000,1698699.000000,75549924.000000,0.005800,-0.020300,-0.986000, , , 
33922.000000,1698797.000000,75549924.000000, , , ,-1.625977,-0.325195,0.000000
33923.000000,1698800.000000,75549924.000000,-0.008700,-0.014500,-0.983100, , , 
33924.000000,1698898.000000,75549924.000000, , , ,-0.650391,-0.650391,0.000000
33925.000000,1698899.000000,75549924.000000,0.008700,0.000000,-0.962800, , , 
33926.000000,1698999.000000,75549924.000000, , , ,0.000000,0.000000,0.000000
33927.000000,1699000.000000,75549924.000000,-0.014500,0.008700,-0.986000, , , 
33928.000000,1699099.000000,75549924.000000,0.002900,-0.014500,-1.044000, , , 
33929.000000,1699100.000000,75549924.000000, , , ,-0.325195,0.650391,0.000000
33930.000000,1699200.000000,75549924.000000,0.002900,-0.026100,-1.023700, , , 
33931.000000,1699201.000000,75549924.000000, , , ,0.000000,0.650391,0.000000
33932.000000,1699292.000000,75549924.000000, , , ,-0.975586,-0.650391,0.000000
33933.000000,1699299.000000,75549924.000000,0.000000,-0.026100,-0.994700, , , 
33934.000000,1699393.000000,75549924.000000, , , ,-0.650391,0.000000,0.000000
33935.000000,1699400.000000,75549924.000000,0.026100,-0.008700,-0.954100, , , 
33936.000000,1699494.000000,75549924.000000, , , ,0.000000,-1.951172,-0.325195
33937.000000,1699499.000000,75549924.000000,-0.002900,-0.023200,-0.930900, , , 
33938.000000,1699595.000000,75549924.000000, , , ,0.000000,0.650391,-0.325195
33939.000000,1699600.000000,75549924.000000,-0.020300,-0.026100,-1.000500, , , 
33940.000000,1699696.000000,75549924.000000, , , ,0.650391,0.000000,-0.650391
33941.000000,1699699.000000,75549924.000000,-0.002900,-0.055100,-1.032400, , , 
33942.000000,1699797.000000,75549924.000000, , , ,-0.650391,0.000000,-0.650391
33943.000000,1699800.000000,75549924.000000,-0.020300,-0.063800,-1.023700, , , 
33944.000000,1699898.000000,75549924.000000, , , ,-1.625977,-0.325195,-0.325195
33945.000000,1699899.000000,75549924.000000,0.014500,-0.066700,-0.994700, , , 
33946.000000,1699999.000000,75549924.000000, , , ,-1.951172,0.000000,0.000000
33947.000000,1700000.000000,75549924.000000,0.000000,-0.029000,-0.951200, , , 
33948.000000,1700099.000000,75549924.000000,0.005800,-0.029000,-0.939600, , , 
33949.000000,1700100.000000,75549924.000000, , , ,-1.300781,-0.975586,0.000000
33950.000000,1700200.000000,75549924.000000,-0.002900,-0.031900,-0.983100, , , 
33951.000000,1700201.000000,75549924.000000, , , ,-0.975586,-0.325195,-0.325195
33952.000000,1700292.000000,75549924.000000, , , ,-1.625977,0.000000,-0.325195
33953.000000,1700299.000000,75549924.000000,0.000000,-0.043500,-0.997600, , , 
33954.000000,1700393.000000,75549924.000000, , , ,-1.300781,0.325195,-0.325195
33955.000000,1700400.000000,75549924.000000,0.008700,-0.014500,-0.988900, , , 
33956.000000,1700494.000000,75549924.000000, , , ,-0.975586,-1.300781,0.000000
33957.000000,1700499.000000,75549924.000000,0.008700,-0.014500,-0.951200, , , 
33958.000000,1700595.000000,75549924.000000, , , ,-0.325195,0.000000,0.000000
33959.000000,1700600.000000,75549924.000000,-0.002900,-0.014500,-0.930900, , , 
33960.000000,1700696.000000,75549924.000000, , , ,-0.325195,-0.325195,-0.325195
33961.000000,1700699.000000,75549924.000000,-0.008700,-0.023200,-0.965700, , , 
33962.000000,1700797.000000,75549924.000000, , , ,-0.325195,-0.325195,0.000000
33963.000000,1700800.000000,75549924.000000,0.034800,0.002900,-0.957000, , , 
33964.000000,1700898.000000,75549924.000000, , , ,0.000000,-0.325195,0.000000
33965.000000,1700899.000000,75549924.000000,-0.005800,-0.002900,-0.954100, , , 
33966.000000,1700999.000000,75549924.000000, , , ,0.000000,-0.325195,-0.325195
33967.000000,1701000.000000,75549924.000000,-0.011600,-0.029000,-1.000500, , , 
33968.000000,1701099.000000,75549924.000000,-0.002900,-0.017400,-1.020800, , , 
33969.000000,1701100.000000,75549924.000000, , , ,0.000000,0.000000,0.000000
33970.000000,1701200.000000,75549924.000000,0.005800,0.000000,-1.015000, , , 
33971.000000,1701201.000000,75549924.000000, , , ,0.650391,0.975586,-0.325195
33972.000000,1701292.000000,75549924.000000, , , ,0.975586,-0.325195,-0.325195
33973.000000,1701299.000000,75549924.000000,0.029000,-0.020300,-0.991800, , , 
33974.000000,1701393.000000,75549924.000000, , , ,0.325195,-0.325195,0.000000
33975.000000,1701400.000000,75549924.000000,0.029000,-0.026100,-0.922200, , , 
33976.000000,1701494.000000,75549924.000000, , , ,-0.325195,-0.975586,0.000000
33977.000000,1701499.000000,75549924.000000,-0.017400,-0.040600,-0.939600, , , 
33978.000000,1701595.000000,75549924.000000, , , ,-0.650391,-0.325195,0.000000
33979.000000,1701600.000000,75549924.000000,-0.005800,-0.011600,-0.974400, , , 
33980.000000,1701696.000000,75549924.000000, , , ,-1.951172,0.000000,0.000000
33981.000000,1701699.000000,75549924.000000,0.002900,-0.034800,-0.991800, , , 
33982.000000,1701797.000000,75549924.000000, , , ,-1.951172,-0.325195,0.000000
33983.000000,1701800.000000,75549924.000000,0.005800,-0.008700,-0.983100, , , 
33984.000000,1701898.000000,75549924.000000, , , ,-0.650391,0.000000,0.000000
33985.000000,1701899.000000,75549924.000000,0.000000,0.002900,-0.974400, , , 
33986.000000,1701999.000000,75549924.000000, , , ,-1.300781,-0.650391,0.000000
33987.000000,1702000.000000,75549924.000000,0.002900,0.000000,-0.980200, , , 
33988.000000,1702099.000000,75549924.000000,0.000000,-0.014500,-0.997600, , , 
33989.000000,1702100.000000,75549924.000000, , , ,-1.300781,0.000000,0.975586
33990.000000,1702200.000000,75549924.000000,0.000000,0.002900,-0.991800, , , 
33991.000000,1702201.000000,75549924.000000, , , ,-1.300781,0.000000,0.000000
33992.000000,1702292.000000,75549924.000000, , , ,-0.650391,0.000000,-0.325195
33993.000000,1702299.000000,75549924.000000,0.002900,-0.014500,-0.986000, , , 
33994.000000,1702393.000000,75549924.000000, , , ,-0.975586,0.000000,0.000000
33995.000000,1702400.000000,75549924.000000,-0.011600,-0.040600,-0.983100, , , 
33996.000000,1702494.000000,75549924.000000, , , ,-1.300781,-0.325195,0.000000
33997.000000,1702499.000000,75549924.000000,-0.008700,-0.023200,-0.994700, , , 
33998.000000,1702595.000000,75549924.000000, , , ,-1.625977,0.000000,-0.325195
33999.000000,1702600.000000,75549924.000000,0.005800,0.002900,-1.006300, , , 
34000.000000,1702696.000000,75549924.000000, , , ,-0.650391,-0.325195,-0.650391
34001.000000,1702699.000000,75549924.000000,0.005800,0.002900,-0.980200, , , 
34002.000000,1702797.000000,75549924.000000, , , ,0.650391,-0.975586,0.000000
34003.000000,1702800.000000,75549924.000000,0.005800,0.002900,-0.942500, , , 
34004.000000,1702898.000000,75549924.000000, , , ,0.325195,-0.650391,-0.650391
34005.000000,1702899.000000,75549924.000000,0.005800,-0.011600,-0.942500, , , 
34006.000000,1702999.000000,75549924.000000, , , ,0.000000,-0.650391,0.000000
34007.000000,1703000.000000,75549924.000000,-0.011600,-0.026100,-0.965700, , , 
34008.000000,1703099.000000,75549924.000000,0.005800,-0.026100,-0.983100, , , 
34009.000000,1703100.000000,75549924.000000, , , ,0.325195,0.000000,0.000000
34010.000000,1703200.000000,75549924.000000,0.014500,-0.029000,-0.959900, , , 
34011.000000,1703201.000000,75549924.000000, , , ,-0.650391,-0.975586,0.000000
34012.000000,1703292.000000,75549924.000000, , , ,-0.325195,0.000000,0.000000
34013.000000,1703299.000000,75549924.000000,0.002900,-0.011600,-0.959900, , , 
34014.000000,1703393.000000,75549924.000000, , , ,-0.650391,-0.325195,0.000000
34015.000000,1703400.000000,75549924.000000,0.000000,-0.043500,-0.974400, , , 
34016.000000,1703494.000000,75549924.000000, , , ,0.000000,0.000000,0.000000
34017.000000,1703499.000000,75549924.000000,-0.014500,-0.020300,-1.003400, , , 
34018.000000,1703595.000000,75549924.000000, , , ,-0.650391,0.000000,0.000000
34019.000000,1703600.000000,75549924.000000,0.000000,-0.026100,-1.012100, , , 
34020.000000,1703696.000000,75549924.000000, , , ,-1.300781,0.000000,0.000000
34021.000000,1703699.000000,75549924.000000,0.005800,-0.031900,-0.988900, , , 
34022.000000,1703797.000000,75549924.000000, , , ,-1.625977,0.000000,0.000000
34023.000000,1703800.000000,75549924.000000,0.000000,-0.014500,-0.974400, , , 
34024.000000,1703898.000000,75549924.000000, , , ,-0.975586,-0.650391,0.000000
34025.000000,1703899.000000,75549924.000000,0.000000,-0.014500,-0.959900, , , 
34026.000000,1703999.000000,75549924.000000, , , ,-1.300781,0.000000,-0.325195
34027.000000,1704000.000000,75549924.000000,-0.011600,-0.017400,-0.988900, , , 
34028.000000,1704099.000000,75549924.000000,0.000000,-0.017400,-1.006300, , , 
34029.000000,1704100.000000,75549924.000000, , , ,-0.975586,0.000000,0.000000
34030.000000,1704200.000000,75549924.000000,0.002900,0.000000,-0.965700, , , 
34031.000000,1704201.000000,75549924.000000, , , ,-0.650391,-0.325195,-0.325195
34032.000000,1704292.000000,75549924.000000, , , ,-0.650391,-0.650391,-0.325195
34033.000000,1704299.000000,75549924.000000,-0.014500,-0.011600,-0.986000, , , 
34034.000000,1704393.000000,75549924.000000, , , ,-0.325195,0.650391,0.000000
34035.000000,1704400.000000,75549924.000000,-0.029000,-0.026100,-1.009200, , , 
34036.000000,1704494.000000,75549924.000000, , , ,0.000000,0.000000,0.000000
34037.000000,1704499.000000,75549924.000000,0.000000,-0.023200,-1.012100, , , 
34038.000000,1704595.000000,75549924.000000, , , ,0.000000,0.000000,0.000000
34039.000000,1704600.000000,75549924.000000,-0.008700,-0.020300,-0.986000, , , 
34040.000000,1704696.000000,75549924.000000, , , ,-0.325195,-0.325195,0.000000
34041.000000,1704699.000000,75549924.000000,0.000000,-0.034800,-0.951200, , , 
34042.000000,1704797.000000,75549924.000000, , , ,-0.975586,-0.975586,0.000000
34043.000000,1704800.000000,75549924.000000,0.000000,-0.034800,-0.962800, , , 
34044.000000,1704898.000000,75549924.000000, , , ,-0.975586,0.325195,0.325195
34045.000000,1704899.000000,75549924.000000,-0.008700,-0.026100,-0.986000, , , 
34046.000000,1704999.000000,75549924.000000, , , ,-0.650391,-1.300781,0.000000
34047.000000,1705000.000000,75549924.000000,0.000000,-0.026100,-0.965700, , , 
34048.000000,1705099.000000,75549924.000000,-0.011600,-0.005800,-0.977300, , , 
34049.000000,1705100.000000,75549924.000000, , , ,-0.650391,0.000000,0.000000
34050.000000,1705200.000000,75549924.000000,-0.002900,0.011600,-0.971500, , , 
34051.000000,1705201.000000,75549924.000000, , , ,0.000000,0.000000,0.000000
34052.000000,1705292.000000,75549924.000000, , , ,0.000000,-0.650391,-0.325195
34053.000000,1705299.000000,75549924.000000,-0.011600,-0.020300,-0.965700, , , 
34054.000000,1705393.000000,75549924.000000, , , ,-0.650391,0.000000,-0.650391
34055.000000,1705400.000000,75549924.000000,-0.005800,-0.046400,-1.003400, , , 
34056.000000,1705494.000000,75549924.000000, , , ,-0.650391,-0.975586,0.000000
34057.000000,1705499.000000,75549924.000000,0.000000,-0.029000,-0.977300, , , 
34058.000000,1705595.000000,75549924.000000, , , ,-0.325195,-0.650391,0.000000
34059.000000,1705600.000000,75549924.000000,-0.011600,-0.020300,-0.939600, , , 
34060.000000,1705696.000000,75549924.000000, , , ,-1.300781,-0.650391,-0.325195
34061.000000,1705699.000000,75549924.000000,0.000000,-0.049300,-0.962800, , , 
34062.000000,1705797.000000,75549924.000000, , , ,-1.951172,0.000000,0.000000
34063.000000,1705800.000000,75549924.000000,-0.023200,-0.037700,-0.994700, , , 
34064.000000,1705898.000000,75549924.000000, , , ,-0.975586,0.325195,-0.325195
34065.000000,1705899.000000,75549924.000000,0.000000,-0.017400,-1.000500, , , 
34066.000000,1705999.000000,75549924.000000, , , ,-0.650391,-0.325195,-0.325195
34067.000000,1706000.000000,75549924.000000,0.005800,-0.017400,-0.980200, , , 
34068.000000,1706099.000000,75549924.000000,-0.011600,-0.026100,-0.919300, , , 
34069.000000,1706100.000000,75549924.000000, , , ,0.000000,-1.300781,-0.325195
34070.000000,1706200.000000,75549924.000000,-0.017400,-0.034800,-0.936700, , , 
34071.000000,1706201.000000,75549924.000000, , , ,-0.325195,0.000000,-0.325195
34072.000000,1706292.000000,75549924.000000, , , ,-0.975586,-0.325195,-0.325195
34073.000000,1706299.000000,75549924.000000,-0.020300,-0.037700,-1.006300, , , 
34074.000000,1706393.000000,75549924.000000, , , ,-0.325195,0.000000,-0.325195
34075.000000,1706400.000000,75549924.000000,0.000000,-0.026100,-0.986000, , , 
34076.000000,1706494.000000,75549924.000000, , , ,0.000000,-0.650391,-0.325195
34077.000000,1706499.000000,75549924.000000,-0.014500,-0.005800,-0.997600, , , 
34078.000000,1706595.000000,75549924.000000, , , ,1.300781,1.300781,-0.325195
34079.000000,1706600.000000,75549924.000000,-0.002900,0.011600,-1.029500, , , 
34080.000000,1706696.000000,75549924.000000, , , ,0.000000,-0.975586,-0.325195
34081.000000,1706699.000000,75549924.000000,0.014500,-0.029000,-0.945400, , , 
34082.000000,1706797.000000,75549924.000000, , , ,-0.975586,-0.650391,0.000000
34083.000000,1706800.000000,75549924.000000,-0.026100,-0.046400,-0.948300, , , 
34084.000000,1706898.000000,75549924.000000, , , ,-0.975586,0.325195,0.000000
34085.000000,1706899.000000,75549924.000000,-0.037700,-0.029000,-0.997600, , , 
34086.000000,1706999.000000,75549924.000000, , , ,-1.625977,0.000000,0.000000
34087.000000,1707000.000000,75549924.000000,-0.014500,-0.043500,-1.015000, , , 
34088.000000,1707099.000000,75549924.000000,0.005800,0.014500,-1.017900, , , 
34089.000000,1707100.000000,75549924.000000, , , ,-1.625977,0.000000,0.000000
34090.000000,1707200.000000,75549924.000000,0.000000,0.000000,-0.965700, , , 
34091.000000,1707201.000000,75549924.000000, , , ,-0.325195,-0.650391,0.000000
34092.000000,1707292.000000,75549924.000000, , , ,-0.650391,0.000000,0.650391
34093.000000,1707299.000000,75549924.000000,-0.026100,-0.008700,-0.971500, , , 
34094.000000,1707393.000000,75549924.000000, , , ,-0.650391,0.000000,-0.325195
34095.000000,1707400.000000,75549924.000000,-0.011600,-0.014500,-1.000500, , , 
34096.000000,1707494.000000,75549924.000000, , , ,-0.325195,0.000000,0.000000
34097.000000,1707499.000000,75549924.000000,0.000000,-0.023200,-0.977300, , , 
34098.000000,1707595.000000,75549924.000000, , , ,-0.325195,-0.325195,-0.325195
34099.000000,1707600.000000,75549924.000000,-0.020300,-0.011600,-0.971500, , , 
34100.000000,1707696.000000,75549924.000000, , , ,-0.325195,0.000000,0.000000
34101.000000,1707699.000000,75549924.000000,-0.014500,-0.023200,-0.997600, , , 
34102.000000,1707797.000000,75549924.000000, , , ,-0.650391,-0.325195,0.000000
34103.000000,1707800.000000,75549924.000000,-0.014500,-0.034800,-0.974400, , , 
34104.000000,1707898.000000,75549924.000000, , , ,-0.325195,0.000000,0.000000
34105.000000,1707899.000000,75549924.000000,-0.014500,-0.011600,-0.968600, , , 
34106.000000,1707999.000000,75549924.000000, , , ,-0.650391,-0.325195,0.000000
34107.000000,1708000.000000,75549924.000000,-0.005800,-0.017400,-0.983100, , , 
34108.000000,1708099.000000,75549924.000000,-0.011600,-0.037700,-0.980200, , , 
34109.000000,1708100.000000,75549924.000000, , , ,-0.650391,0.000000,0.000000
34110.000000,1708200.000000,75549924.000000,-0.011600,-0.005800,-1.000500, , , 
34111.000000,1708201.000000,75549924.000000, , , ,-0.975586,0.000000,-0.325195
34112.000000,1708292.000000,75549924.000000, , , ,-0.325195,0.000000,0.000000
34113.000000,1708299.000000,75549924.000000,0.000000,-0.020300,-0.983100, , , 
34114.000000,1708393.000000,75549924.000000, , , ,0.000000,-0.650391,-0.325195
34115.000000,1708400.000000,75549924.000000,-0.014500,-0.020300,-0.948300, , , 
34116.000000,1708494.000000,75549924.000000, , , ,0.000000,0.000000,-0.325195
34117.000000,1708499.000000,75549924.000000,-0.020300,-0.029000,-0.991800, , , 
34118.000000,1708595.000000,75549924.000000, , , ,-0.650391,0.650391,0.000000
34119.000000,1708600.000000,75549924.000000,-0.017400,-0.037700,-1.023700, , , 
34120.000000,1708696.000000,75549924.000000, , , ,-0.325195,0.000000,-0.325195
34121.000000,1708699.000000,75549924.000000,-0.008700,-0.034800,-1.006300, , , 
34122.000000,1708797.000000,75549924.000000, , , ,-0.325195,-0.325195,-0.325195
34123.000000,1708800.000000,75549924.000000,-0.002900,-0.026100,-0.988900, , , 
34124.000000,1708898.000000,75549924.000000, , , ,-0.325195,-0.325195,-0.650391
34125.000000,1708899.000000,75549924.000000,-0.002900,-0.014500,-0.957000, , , 
34126.000000,1708999.000000,75549924.000000, , , ,-0.975586,-0.650391,0.000000
34127.000000,1709000.000000,75549924.000000,-0.017400,-0.037700,-0.971500, , , 
34128.000000,1709099.000000,75549924.000000,-0.017400,-0.029000,-1.000500, , , 
34129.000000,1709100.000000,75549924.000000, , , ,-1.625977,0.650391,0.000000
34130.000000,1709200.000000,75549924.000000,-0.008700,-0.011600,-1.000500, , , 
34131.000000,1709201.000000,75549924.000000, , , ,-1.300781,0.325195,0.000000
34132.000000,1709292.000000,75549924.000000, , , ,-1.300781,0.000000,0.000000
34133.000000,1709299.000000,75549924.000000,-0.011600,-0.017400,-0.997600, , , 
34134.000000,1709393.000000,75549924.000000, , , ,-0.650391,0.000000,0.000000
34135.000000,1709400.000000,75549924.000000,-0.011600,-0.002900,-0.983100, , , 
34136.000000,1709494.000000,75549924.000000, , , ,-0.325195,0.000000,0.000000
34137.000000,1709499.000000,75549924.000000,-0.014500,0.000000,-0.983100, , , 
34138.000000,1709595.000000,75549924.000000, , , ,0.000000,-0.325195,0.000000
34139.000000,1709600.000000,75549924.000000,-0.011600,-0.005800,-0.983100, , , 
34140.000000,1709696.000000,75549924.000000, , , ,0.000000,-0.325195,0.325195
34141.000000,1709699.000000,75549924.000000,0.002900,-0.008700,-0.954100, , , 
34142.000000,1709797.000000,75549924.000000, , , ,-0.325195,-0.325195,0.000000
34143.000000,1709800.000000,75549924.000000,-0.020300,-0.008700,-0.971500, , , 
34144.000000,1709898.000000,75549924.000000, , , ,-0.325195,0.000000,0.000000
34145.000000,1709899.000000,75549924.000000,-0.023200,-0.029000,-1.003400, , , 
34146.000000,1709999.000000,75549924.000000, , , ,-0.975586,0.000000,0.000000
34147.000000,1710000.000000,75549924.000000,-0.011600,-0.014500,-1.006300, , , 
34148.000000,1710099.000000,75549924.000000,-0.020300,-0.026100,-1.020800, , , 
34149.000000,1710100.000000,75549924.000000, , , ,-0.650391,0.325195,0.000000
34150.000000,1710200.000000,75549924.000000,-0.011600,-0.020300,-1.006300, , , 
34151.000000,1710201.000000,75549924.000000, , , ,-0.325195,0.000000,0.000000
34152.000000,1710292.000000,75549924.000000, , , ,0.000000,0.000000,-0.325195
34153.000000,1710299.000000,75549924.000000,-0.008700,-0.011600,-0.986000, , , 
34154.000000,1710393.000000,75549924.000000, , , ,-0.325195,0.000000,-0.325195
34155.000000,1710400.000000,75549924.000000,-0.020300,-0.020300,-0.988900, , , 
34156.000000,1710494.000000,75549924.000000, , , ,-0.325195,0.325195,0.000000
34157.000000,1710499.000000,75549924.000000,-0.002900,-0.017400,-0.997600, , , 
34158.000000,1710595.000000,75549924.000000, , , ,-0.650391,0.000000,0.000000
34159.000000,1710600.000000,75549924.000000,-0.011600,-0.026100,-0.983100, , , 
34160.000000,1710696.000000,75549924.000000, , , ,-0.325195,-0.650391,-0.325195
34161.000000,1710699.000000,75549924.000000,-0.017400,-0.040600,-1.009200, , , 
34162.000000,1710797.000000,75549924.000000, , , ,-0.650391,0.000000,-0.325195
34163.000000,1710800.000000,75549924.000000,-0.011600,-0.031900,-1.012100, , , 
34164.000000,1710898.000000,75549924.000000, , , ,-0.650391,0.000000,-0.325195
34165.000000,1710899.000000,75549924.000000,-0.002900,-0.037700,-0.991800, , , 
34166.000000,1710999.000000,75549924.000000, , , ,-0.325195,0.000000,0.000000
34167.000000,1711000.000000,75549924.000000,-0.023200,-0.037700,-0.997600, , , 
34168.000000,1711099.000000,75549924.000000,-0.011600,-0.040600,-0.986000, , , 
34169.000000,1711100.000000,75549924.000000, , , ,-0.650391,0.000000,-0.325195
34170.000000,1711200.000000,75549924.000000,0.000000,-0.029000,-0.965700, , , 
34171.000000,1711201.000000,75549924.000000, , , ,-0.325195,0.000000,0.000000
34172.000000,1711292.000000,75549924.000000, , , ,-0.650391,-0.650391,0.000000
34173.000000,1711299.000000,75549924.000000,-0.005800,-0.029000,-0.957000, , , 
34174.000000,1711393.000000,75549924.000000, , , ,-0.975586,-0.650391,0.000000
34175.000000,1711400.000000,75549924.000000,-0.014500,-0.052200,-0.965700, , , 
34176.000000,1711494.000000,75549924.000000, , , ,-1.300781,0.000000,0.000000
34177.000000,1711499.000000,75549924.000000,-0.002900,-0.017400,-0.962800, , , 
34178.000000,1711595.000000,75549924.000000, , , ,0.000000,-0.975586,-0.325195
34179.000000,1711600.000000,75549924.000000,-0.017400,0.000000,-0.957000, , , 
34180.000000,1711696.000000,75549924.000000, , , ,-0.325195,0.000000,-0.325195
34181.000000,1711699.000000,75549924.000000,-0.017400,-0.046400,-0.997600, , , 
34182.000000,1711797.000000,75549924.000000, , , ,-0.975586,0.325195,0.000000
34183.000000,1711800.000000,75549924.000000,-0.026100,-0.037700,-1.044000, , , 
34184.000000,1711898.000000,75549924.000000, , , ,-0.975586,0.325195,0.000000
34185.000000,1711899.000000,75549924.000000,-0.005800,-0.043500,-1.044000, , , 
34186.000000,1711999.000000,75549924.000000, , , ,-0.650391,0.000000,-0.325195
34187.000000,1712000.000000,75549924.000000,0.000000,-0.020300,-0.971500, , , 
34188.000000,1712099.000000,75549924.000000,-0.026100,-0.063800,-1.000500, , , 
34189.000000,1712100.000000,75549924.000000, , , ,-0.975586,0.000000,-0.650391
34190.000000,1712200.000000,75549924.000000,-0.008700,-0.023200,-1.006300, , , 
34191.000000,1712201.000000,75549924.000000, , , ,-0.975586,0.650391,0.000000
34192.000000,1712292.000000,75549924.000000, , , ,-0.650391,0.000000,-0.325195
34193.000000,1712299.000000,75549924.000000,-0.005800,-0.026100,-0.991800, , , 
34194.000000,1712393.000000,75549924.000000, , , ,0.000000,0.000000,-0.325195
34195.000000,1712400.000000,75549924.000000,-0.023200,-0.014500,-1.012100, , , 
34196.000000,1712494.000000,75549924.000000, , , ,0.000000,0.000000,-0.325195
34197.000000,1712499.000000,75549924.000000,-0.008700,-0.026100,-1.000500, , , 
34198.000000,1712595.000000,75549924.000000, , , ,0.000000,-0.325195,-0.650391
34199.000000,1712600.000000,75549924.000000,0.000000,-0.034800,-0.983100, , , 
34200.000000,1712696.000000,75549924.000000, , , ,0.000000,0.000000,-0.325195
34201.000000,1712699.000000,75549924.000000,-0.008700,-0.029000,-0.974400, , , 
34202.000000,1712797.000000,75549924.000000, , , ,0.000000,-0.325195,-0.325195
34203.000000,1712800.000000,75549924.000000,-0.008700,-0.037700,-0.965700, , , 
34204.000000,1712898.000000,75549924.000000, , , ,0.000000,0.000000,-0.325195
34205.000000,1712899.000000,75549924.000000,-0.005800,-0.029000,-0.991800, , , 
34206.000000,1712999.000000,75549924.000000, , , ,-0.325195,0.000000,-0.325195
34207.000000,1713000.000000,75549924.000000,0.000000,-0.046400,-0.994700, , , 
34208.000000,1713099.000000,75549924.000000,0.000000,-0.034800,-0.974400, , , 
34209.000000,1713100.000000,75549924.000000, , , ,-0.650391,0.000000,-0.325195
34210.000000,1713200.000000,75549924.000000,-0.011600,-0.034800,-0.980200, , , 
34211.000000,1713201.000000,75549924.000000, , , ,-0.650391,0.000000,-0.325195
34212.000000,1713292.000000,75549924.000000, , , ,-0.650391,0.000000,0.325195
34213.000000,1713299.000000,75549924.000000,-0.002900,-0.026100,-0.991800, , , 
34214.000000,1713393.000000,75549924.000000, , , ,-0.650391,0.000000,-0.325195
34215.000000,1713400.000000,75549924.000000,-0.011600,-0.040600,-0.980200, , , 
34216.000000,1713494.000000,75549924.000000, , , ,-0.650391,0.000000,-0.325195
34217.000000,1713499.000000,75549924.000000,-0.011600,-0.037700,-1.017900, , , 
34218.000000,1713595.000000,75549924.000000, , , ,-0.650391,0.000000,-0.325195
34219.000000,1713600.000000,75549924.000000,0.000000,-0.037700,-1.009200, , , 
34220.000000,1713696.000000,75549924.000000, , , ,0.000000,-0.325195,-0.325195
34221.000000,1713699.000000,75549924.000000,0.000000,-0.017400,-0.968600, , , 
34222.000000,1713797.000000,75549924.000000, , , ,0.000000,0.000000,0.000000
34223.000000,1713800.000000,75549924.000000,-0.008700,-0.031900,-0.994700, , , 
34224.000000,1713898.000000,75549924.000000, , , ,0.000000,0.325195,-0.325195
34225.000000,1713899.000000,75549924.000000,0.008700,-0.026100,-0.988900, , , 
34226.000000,1713999.000000,75549924.000000, , , ,0.000000,-0.650391,-0.325195
34227.000000,1714000.000000,75549924.000000,0.005800,-0.049300,-0.954100, , , 
34228.000000,1714099.000000,75549924.000000,-0.002900,-0.034800,-0.983100, , , 
34229.000000,1714100.000000,75549924.000000, , , ,-0.325195,0.000000,0.000000
34230.000000,1714200.000000,75549924.000000,0.008700,-0.043500,-0.997600, , , 
34231.000000,1714201.000000,75549924.000000, , , ,-1.300781,-0.650391,0.000000
34232.000000,1714292.000000,75549924.000000, , , ,-0.650391,0.000000,0.000000
34233.000000,1714299.000000,75549924.000000,0.005800,-0.026100,-0.965700, , , 
34234.000000,1714393.000000,75549924.000000, , , ,-0.650391,0.000000,-0.325195
34235.000000,1714400.000000,75549924.000000,0.002900,-0.046400,-0.986000, , , 
34236.000000,1714494.000000,75549924.000000, , , ,-0.325195,0.000000,-0.325195
34237.000000,1714499.000000,75549924.000000,0.002900,-0.026100,-0.991800, , , 
34238.000000,1714595.000000,75549924.000000, , , ,-0.325195,0.000000,-0.325195
34239.000000,1714600.000000,75549924.000000,0.014500,-0.046400,-0.971500, , , 
34240.000000,1714696.000000,75549924.000000, , , ,-0.650391,-0.650391,-0.325195
34241.000000,1714699.000000,75549924.000000,0.000000,-0.034800,-0.980200, , , 
34242.000000,1714797.000000,75549924.000000, , , ,0.000000,0.000000,0.000000
34243.000000,1714800.000000,75549924.000000,0.011600,-0.031900,-0.962800, , , 
34244.000000,1714898.000000,75549924.000000, , , ,-0.650391,-0.650391,-0.325195
34245.000000,1714899.000000,75549924.000000,-0.005800,-0.049300,-0.968600, , , 
34246.000000,1714999.000000,75549924.000000, , , ,-1.625977,0.650391,-0.325195
34247.000000,1715000.000000,75549924.000000,0.000000,-0.046400,-1.023700, , , 
34248.000000,1715099.000000,75549924.000000,0.011600,-0.023200,-1.000500, , , 
34249.000000,1715100.000000,75549924.000000, , , ,-1.300781,0.000000,0.000000
34250.000000,1715200.000000,75549924.000000,0.008700,-0.008700,-0.954100, , , 
34251.000000,1715201.000000,75549924.000000, , , ,-0.650391,-0.975586,0.000000
34252.000000,1715292.000000,75549924.000000, , , ,-0.325195,0.000000,-0.325195
34253.000000,1715299.000000,75549924.000000,-0.005800,-0.014500,-0.954100, , , 
34254.000000,1715393.000000,75549924.000000, , , ,-0.325195,-0.650391,0.000000
34255.000000,1715400.000000,75549924.000000,0.026100,-0.020300,-0.936700, , , 
34256.000000,1715494.000000,75549924.000000, , , ,0.000000,-1.300781,-0.325195
34257.000000,1715499.000000,75549924.000000,0.002900,-0.023200,-0.928000, , , 
34258.000000,1715595.000000,75549924.000000, , , ,-0.325195,-0.975586,-0.325195
34259.000000,1715600.000000,75549924.000000,-0.011600,-0.014500,-0.968600, , , 
34260.000000,1715696.000000,75549924.000000, , , ,-0.650391,0.000000,0.000000
34261.000000,1715699.000000,75549924.000000,0.031900,-0.014500,-0.965700, , , 
34262.000000,1715797.000000,75549924.000000, , , ,-0.650391,-0.650391,0.000000
34263.000000,1715800.000000,75549924.000000,0.017400,-0.017400,-0.948300, , , 
34264.000000,1715898.000000,75549924.000000, , , ,-0.650391,-0.650391,0.000000
34265.000000,1715899.000000,75549924.000000,0.005800,-0.008700,-0.939600, , , 
34266.000000,1715999.000000,75549924.000000, , , ,-0.325195,-0.325195,0.000000
34267.000000,1716000.000000,75549924.000000,0.000000,-0.017400,-0.962800, , , 
34268.000000,1716099.000000,75549924.000000,0.002900,-0.023200,-0.980200, , , 
34269.000000,1716100.000000,75549924.000000, , , ,-0.325195,-0.650391,0.000000
34270.000000,1716200.000000,75549924.000000,0.014500,-0.026100,-0.959900, , , 
34271.000000,1716201.000000,75549924.000000, , , ,-0.325195,-0.650391,0.000000
34272.000000,1716292.000000,75549924.000000, , , ,0.000000,-0.325195,0.000000
34273.000000,1716299.000000,75549924.000000,0.000000,-0.031900,-0.951200, , , 
34274.000000,1716393.000000,75549924.000000, , , ,-0.325195,-0.650391,-0.325195
34275.000000,1716400.000000,75549924.000000,0.014500,-0.040600,-0.977300, , , 
34276.000000,1716494.000000,75549924.000000, , , ,0.000000,-0.325195,-0.325195
34277.000000,1716499.000000,75549924.000000,0.008700,-0.023200,-0.957000, , , 
34278.000000,1716595.000000,75549924.000000, , , ,-0.650391,0.000000,0.000000
34279.000000,1716600.000000,75549924.000000,-0.002900,-0.046400,-0.974400, , , 
34280.000000,1716696.000000,75549924.000000, , , ,-0.975586,-0.325195,-0.325195
34281.000000,1716699.000000,75549924.000000,0.008700,-0.043500,-1.003400, , , 
34282.000000,1716797.000000,75549924.000000, , , ,-0.325195,-0.325195,-0.325195
34283.000000,1716800.000000,75549924.000000,0.008700,-0.026100,-0.965700, , , 
34284.000000,1716898.000000,75549924.000000, , , ,-0.325195,-0.325195,-0.650391
34285.000000,1716899.000000,75549924.000000,-0.002900,-0.037700,-0.965700, , , 
34286.000000,1716999.000000,75549924.000000, , , ,-0.325195,0.000000,-0.325195
34287.000000,1717000.000000,75549924.000000,0.000000,-0.037700,-0.994700, , , 
34288.000000,1717099.000000,75549924.000000,0.005800,-0.037700,-0.983100, , , 
34289.000000,1717100.000000,75549924.000000, , , ,-0.325195,0.000000,-0.650391
34290.000000,1717200.000000,75549924.000000,0.017400,-0.031900,-0.997600, , , 
34291.000000,1717201.000000,75549924.000000, , , ,-0.975586,0.000000,0.000000
34292.000000,1717292.000000,75549924.000000, , , ,-0.650391,0.325195,0.000000
34293.000000,1717299.000000,75549924.000000,-0.002900,-0.043500,-1.023700, , , 
34294.000000,1717393.000000,75549924.000000, , , ,-0.325195,-0.325195,-0.325195
34295.000000,1717400.000000,75549924.000000,0.020300,-0.029000,-0.980200, , , 
34296.000000,1717494.000000,75549924.000000, , , ,-0.325195,-0.325195,-0.325195
34297.000000,1717499.000000,75549924.000000,0.000000,-0.023200,-0.965700, , , 
34298.000000,1717595.000000,75549924.000000, , , ,-0.650391,0.000000,-0.325195
34299.000000,1717600.000000,75549924.000000,0.008700,-0.040600,-1.000500, , , 
34300.000000,1717696.000000,75549924.000000, , , ,-0.325195,0.000000,-0.325195
34301.000000,1717699.000000,75549924.000000,0.005800,-0.026100,-0.986000, , , 
34302.000000,1717797.000000,75549924.000000, , , ,0.000000,0.000000,0.000000
34303.000000,1717800.000000,75549924.000000,0.008700,-0.014500,-0.991800, , , 
34304.000000,1717898.000000,75549924.000000, , , ,0.000000,-0.325195,-0.325195
34305.000000,1717899.000000,75549924.000000,0.008700,-0.026100,-0.986000, , , 
34306.000000,1717999.000000,75549924.000000, , , ,-0.325195,0.000000,0.000000
34307.000000,1718000.000000,75549924.000000,-0.002900,-0.049300,-0.968600, , , 
34308.000000,1718099.000000,75549924.000000,0.000000,-0.014500,-0.977300, , , 
34309.000000,1718100.000000,75549924.000000, , , ,-1.300781,-0.975586,0.000000
34310.000000,1718200.000000,75549924.000000,-0.011600,-0.008700,-0.977300, , , 
34311.000000,1718201.000000,75549924.000000, , , ,-0.975586,0.000000,0.000000
34312.000000,1718292.000000,75549924.000000, , , ,-0.325195,0.000000,0.000000
34313.000000,1718299.000000,75549924.000000,-0.014500,-0.029000,-1.000500, , , 
34314.000000,1718393.000000,75549924.000000, , , ,-0.325195,0.000000,0.000000
34315.000000,1718400.000000,75549924.000000,0.000000,-0.023200,-1.000500, , , 
34316.000000,1718494.000000,75549924.000000, , , ,-0.325195,0.000000,-0.325195
34317.000000,1718499.000000,75549924.000000,0.005800,-0.014500,-0.942500, , , 
34318.000000,1718595.000000,75549924.000000, , , ,-0.325195,-0.650391,0.000000
34319.000000,1718600.000000,75549924.000000,-0.014500,-0.014500,-0.959900, , , 
34320.000000,1718696.000000,75549924.000000, , , ,-0.650391,0.000000,-0.325195
34321.000000,1718699.000000,75549924.000000,-0.008700,-0.043500,-0.997600, , , 
34322.000000,1718797.000000,75549924.000000, , , ,0.000000,-0.325195,-0.325195
34323.000000,1718800.000000,75549924.000000,0.000000,-0.005800,-0.974400, , , 
34324.000000,1718898.000000,75549924.000000, , , ,0.000000,-0.325195,0.000000
34325.000000,1718899.000000,75549924.000000,-0.014500,-0.034800,-0.974400, , , 
34326.000000,1718999.000000,75549924.000000, , , ,0.000000,0.325195,-0.325195
34327.000000,1719000.000000,75549924.000000,-0.002900,-0.031900,-0.974400, , , 
34328.000000,1719099.000000,75549924.000000,-0.002900,-0.037700,-0.962800, , , 
34329.000000,1719100.000000,75549924.000000, , , ,0.000000,-0.650391,0.000000
34330.000000,1719200.000000,75549924.000000,-0.023200,-0.046400,-0.951200, , , 
34331.000000,1719201.000000,75549924.000000, , , ,-0.325195,-0.975586,0.000000
34332.000000,1719292.000000,75549924.000000, , , ,-0.650391,0.000000,-0.325195
34333.000000,1719299.000000,75549924.000000,-0.014500,-0.040600,-0.965700, , , 
34334.000000,1719393.000000,75549924.000000, , , ,-0.325195,-0.325195,0.000000
34335.000000,1719400.000000,75549924.000000,-0.008700,-0.031900,-0.988900, , , 
34336.000000,1719494.000000,75549924.000000, , , ,-0.650391,-0.650391,0.000000
34337.000000,1719499.000000,75549924.000000,-0.008700,-0.046400,-0.962800, , , 
34338.000000,1719595.000000,75549924.000000, , , ,-1.300781,-0.325195,-0.325195
34339.000000,1719600.000000,75549924.000000,-0.017400,-0.037700,-0.951200, , , 
34340.000000,1719696.000000,75549924.000000, , , ,-1.625977,0.000000,-0.325195
34341.000000,1719699.000000,75549924.000000,-0.031900,-0.049300,-1.015000, , , 
34342.000000,1719797.000000,75549924.000000, , , ,-1.625977,-0.325195,-0.325195
34343.000000,1719800.000000,75549924.000000,0.000000,-0.040600,-1.009200, , , 
34344.000000,1719898.000000,75549924.000000, , , ,-0.975586,-0.650391,0.000000
34345.000000,1719899.000000,75549924.000000,0.000000,-0.014500,-0.928000, , , 
34346.000000,1719999.000000,75549924.000000, , , ,-0.325195,-1.300781,-0.325195
34347.000000,1720000.000000,75549924.000000,-0.026100,-0.031900,-0.933800, , , 
34348.000000,1720099.000000,75549924.000000,-0.020300,-0.049300,-0.968600, , , 
34349.000000,1720100.000000,75549924.000000, , , ,-0.325195,-0.325195,-0.325195
34350.000000,1720200.000000,75549924.000000,-0.005800,-0.029000,-0.971500, , , 
34351.000000,1720201.000000,75549924.000000, , , ,-0.325195,-0.325195,0.000000
34352.000000,1720292.000000,75549924.000000, , , ,0.000000,-0.325195,-0.325195
34353.000000,1720299.000000,75549924.000000,-0.020300,-0.037700,-0.957000, , , 
34354.000000,1720393.000000,75549924.000000, , , ,0.000000,0.000000,-0.650391
34355.000000,1720400.000000,75549924.000000,-0.023200,-0.058000,-0.968600, , , 
34356.000000,1720494.000000,75549924.000000, , , ,-0.975586,-0.650391,-0.650391
34357.000000,1720499.000000,75549924.000000,-0.020300,-0.055100,-0.988900, , , 
34358.000000,1720595.000000,75549924.000000, , , ,-0.975586,-0.975586,0.000000
34359.000000,1720600.000000,75549924.000000,-0.011600,-0.052200,-0.939600, , , 
34360.000000,1720696.000000,75549924.000000, , , ,-1.625977,-1.300781,-0.325195
34361.000000,1720699.000000,75549924.000000,-0.026100,-0.023200,-0.907700, , , 
34362.000000,1720797.000000,75549924.000000, , , ,-1.625977,-0.325195,0.000000
34363.000000,1720800.000000,75549924.000000,-0.037700,-0.020300,-0.959900, , , 
34364.000000,1720898.000000,75549924.000000, , , ,-0.650391,0.000000,0.000000
34365.000000,1720899.000000,75549924.000000,0.000000,-0.034800,-0.974400, , , 
34366.000000,1720999.000000,75549924.000000, , , ,-0.975586,-0.650391,0.000000
34367.000000,1721000.000000,75549924.000000,-0.011600,-0.005800,-0.948300, , , 
34368.000000,1721099.000000,75549924.000000,-0.011600,-0.023200,-0.942500, , , 
34369.000000,1721100.000000,75549924.000000, , , ,-0.325195,-0.975586,0.000000
34370.000000,1721200.000000,75549924.000000,-0.011600,-0.026100,-0.942500, , , 
34371.000000,1721201.000000,75549924.000000, , , ,-0.650391,-0.650391,0.325195
34372.000000,1721292.000000,75549924.000000, , , ,-0.325195,-0.650391,-0.325195
34373.000000,1721299.000000,75549924.000000,-0.023200,-0.020300,-0.945400, , , 
34374.000000,1721393.000000,75549924.000000, , , ,-0.650391,-0.650391,0.000000
34375.000000,1721400.000000,75549924.000000,-0.023200,-0.011600,-0.951200, , , 
34376.000000,1721494.000000,75549924.000000, , , ,-0.650391,-0.325195,0.000000
34377.000000,1721499.000000,75549924.000000,-0.026100,-0.034800,-0.968600, , , 
34378.000000,1721595.000000,75549924.000000, , , ,-0.650391,-0.325195,0.000000
34379.000000,1721600.000000,75549924.000000,-0.026100,-0.023200,-1.000500, , , 
34380.000000,1721696.000000,75549924.000000, , , ,-0.975586,-0.325195,0.000000
34381.000000,1721699.000000,75549924.000000,-0.029000,-0.008700,-0.991800, , , 
34382.000000,1721797.000000,75549924.000000, , , ,-0.650391,0.000000,0.000000
34383.000000,1721800.000000,75549924.000000,-0.017400,0.000000,-0.974400, , , 
34384.000000,1721898.000000,75549924.000000, , , ,-0.650391,-0.325195,0.000000
34385.000000,1721899.000000,75549924.000000,-0.017400,0.002900,-0.962800, , , 
34386.000000,1721999.000000,75549924.000000, , , ,0.000000,-0.325195,0.000000
34387.000000,1722000.000000,75549924.000000,-0.026100,0.000000,-0.957000, , , 
34388.000000,1722099.000000,75549924.000000,-0.037700,-0.020300,-0.991800, , , 
34389.000000,1722100.000000,75549924.000000, , , ,0.000000,0.000000,0.000000
34390.000000,1722200.000000,75549924.000000,-0.031900,-0.034800,-1.006300, , , 
34391.000000,1722201.000000,75549924.000000, , , ,-0.325195,0.000000,0.000000
34392.000000,1722292.000000,75549924.000000, , , ,-1.300781,-0.325195,-0.325195
34393.000000,1722299.000000,75549924.000000,-0.026100,-0.034800,-0.974400, , , 
34394.000000,1722393.000000,75549924.000000, , , ,-1.951172,0.000000,0.000000
34395.000000,1722400.000000,75549924.000000,-0.037700,-0.002900,-0.954100, , , 
34396.000000,1722494.000000,75549924.000000, , , ,0.000000,-0.650391,0.000000
34397.000000,1722499.000000,75549924.000000,-0.034800,-0.014500,-0.957000, , , 
34398.000000,1722595.000000,75549924.000000, , , ,-0.325195,0.000000,-0.325195
34399.000000,1722600.000000,75549924.000000,-0.049300,-0.014500,-0.977300, , , 
34400.000000,1722696.000000,75549924.000000, , , ,-0.325195,0.000000,0.000000
34401.000000,1722699.000000,75549924.000000,-0.037700,-0.037700,-1.003400, , , 
34402.000000,1722797.000000,75549924.000000, , , ,0.000000,-0.975586,-0.325195
34403.000000,1722800.000000,75549924.000000,-0.020300,-0.008700,-0.919300, , , 
34404.000000,1722898.000000,75549924.000000, , , ,0.325195,-0.650391,-0.325195
34405.000000,1722899.000000,75549924.000000,-0.058000,-0.031900,-0.954100, , , 
34406.000000,1722999.000000,75549924.000000, , , ,-0.325195,0.650391,-0.325195
34407.000000,1723000.000000,75549924.000000,-0.043500,-0.058000,-1.032400, , , 
34408.000000,1723099.000000,75549924.000000,-0.034800,-0.040600,-1.020800, , , 
34409.000000,1723100.000000,75549924.000000, , , ,-1.625977,0.325195,0.000000
34410.000000,1723200.000000,75549924.000000,-0.026100,-0.011600,-0.983100, , , 
34411.000000,1723201.000000,75549924.000000, , , ,-0.650391,0.000000,0.000000
34412.000000,1723292.000000,75549924.000000, , , ,-0.650391,-0.650391,-0.325195
34413.000000,1723299.000000,75549924.000000,-0.040600,-0.014500,-0.951200, , , 
34414.000000,1723393.000000,75549924.000000, , , ,-0.650391,0.000000,0.000000
34415.000000,1723400.000000,75549924.000000,-0.043500,-0.014500,-0.971500, , , 
34416.000000,1723494.000000,75549924.000000, , , ,-0.650391,0.000000,-0.650391
34417.000000,1723499.000000,75549924.000000,-0.040600,-0.026100,-0.991800, , , 
34418.000000,1723595.000000,75549924.000000, , , ,0.000000,-0.650391,0.000000
34419.000000,1723600.000000,75549924.000000,-0.040600,-0.031900,-0.951200, , , 
34420.000000,1723696.000000,75549924.000000, , , ,0.000000,-0.975586,0.000000
34421.000000,1723699.000000,75549924.000000,-0.043500,-0.040600,-0.954100, , , 
34422.000000,1723797.000000,75549924.000000, , , ,0.000000,-0.650391,0.000000
34423.000000,1723800.000000,75549924.000000,-0.046400,-0.026100,-0.959900, , , 
34424.000000,1723898.000000,75549924.000000, , , ,-0.325195,0.650391,0.000000
34425.000000,1723899.000000,75549924.000000,-0.060900,-0.023200,-0.988900, , , 
34426.000000,1723999.000000,75549924.000000, , , ,-0.325195,0.000000,-0.325195
34427.000000,1724000.000000,75549924.000000,-0.046400,-0.037700,-1.020800, , , 
34428.000000,1724099.000000,75549924.000000,-0.049300,-0.046400,-1.017900, , , 
34429.000000,1724100.000000,75549924.000000, , , ,-0.650391,0.000000,0.000000
34430.000000,1724200.000000,75549924.000000,-0.049300,-0.029000,-0.974400, , , 
34431.000000,1724201.000000,75549924.000000, , , ,-1.625977,0.000000,0.000000
34432.000000,1724292.000000,75549924.000000, , , ,-1.300781,-0.325195,0.000000
34433.000000,1724299.000000,75549924.000000,-0.052200,-0.017400,-0.983100, , , 
34434.000000,1724393.000000,75549924.000000, , , ,-0.975586,0.000000,0.000000
34435.000000,1724400.000000,75549924.000000,-0.052200,0.002900,-0.991800, , , 
34436.000000,1724494.000000,75549924.000000, , , ,-0.325195,0.000000,-0.325195
34437.000000,1724499.000000,75549924.000000,-0.058000,-0.002900,-1.009200, , , 
34438.000000,1724595.000000,75549924.000000, , , ,0.000000,0.000000,0.000000
34439.000000,1724600.000000,75549924.000000,-0.063800,-0.014500,-1.015000, , , 
34440.000000,1724696.000000,75549924.000000, , , ,0.000000,0.650391,0.000000
34441.000000,1724699.000000,75549924.000000,-0.060900,-0.031900,-0.997600, , , 
34442.000000,1724797.000000,75549924.000000, , , ,-0.975586,0.000000,0.000000
34443.000000,1724800.000000,75549924.000000,-0.046400,-0.023200,-0.991800, , , 
34444.000000,1724898.000000,75549924.000000, , , ,-0.325195,-0.325195,0.000000
34445.000000,1724899.000000,75549924.000000,-0.052200,-0.005800,-0.959900, , , 
34446.000000,1724999.000000,75549924.000000, , , ,-0.325195,-0.975586,0.000000
34447.000000,1725000.000000,75549924.000000,-0.052200,0.000000,-0.925100, , , 
34448.000000,1725099.000000,75549924.000000,-0.058000,-0.008700,-0.962800, , , 
34449.000000,1725100.000000,75549924.000000, , , ,0.000000,-0.325195,0.000000
34450.000000,1725200.000000,75549924.000000,-0.055100,0.014500,-0.974400, , , 
34451.000000,1725201.000000,75549924.000000, , , ,0.000000,-0.650391,0.000000
34452.000000,1725292.000000,75549924.000000, , , ,-0.325195,0.000000,0.000000
34453.000000,1725299.000000,75549924.000000,-0.066700,-0.023200,-0.980200, , , 
34454.000000,1725393.000000,75549924.000000, , , ,-0.325195,0.000000,0.000000
34455.000000,1725400.000000,75549924.000000,-0.052200,-0.017400,-1.000500, , , 
34456.000000,1725494.000000,75549924.000000, , , ,-0.325195,0.000000,0.000000
34457.000000,1725499.000000,75549924.000000,-0.049300,-0.017400,-0.974400, , , 
34458.000000,1725595.000000,75549924.000000, , , ,-0.975586,-0.325195,0.000000
34459.000000,1725600.000000,75549924.000000,-0.049300,-0.002900,-0.948300, , , 
34460.000000,1725696.000000,75549924.000000, , , ,-0.325195,-0.325195,0.000000
34461.000000,1725699.000000,75549924.000000,-0.069600,-0.011600,-0.983100, , , 
34462.000000,1725797.000000,75549924.000000, , , ,-0.325195,0.000000,0.000000
34463.000000,1725800.000000,75549924.000000,-0.066700,-0.017400,-1.009200, , , 
34464.000000,1725898.000000,75549924.000000, , , ,-0.650391,0.000000,0.000000
34465.000000,1725899.000000,75549924.000000,-0.052200,-0.014500,-1.026600, , , 
34466.000000,1725999.000000,75549924.000000, , , ,-0.325195,0.325195,0.000000
34467.000000,1726000.000000,75549924.000000,-0.069600,-0.023200,-1.023700, , , 
34468.000000,1726099.000000,75549924.000000,-0.052200,-0.034800,-1.020800, , , 
34469.000000,1726100.000000,75549924.000000, , , ,-0.650391,0.000000,0.000000
34470.000000,1726200.000000,75549924.000000,-0.060900,-0.023200,-1.012100, , , 
34471.000000,1726201.000000,75549924.000000, , , ,-0.650391,0.650391,0.000000
34472.000000,1726292.000000,75549924.000000, , , ,-0.650391,0.325195,0.000000
34473.000000,1726299.000000,75549924.000000,-0.066700,-0.020300,-1.015000, , , 
34474.000000,1726393.000000,75549924.000000, , , ,-0.650391,0.000000,0.000000
34475.000000,1726400.000000,75549924.000000,-0.043500,0.000000,-0.988900, , , 
34476.000000,1726494.000000,75549924.000000, , , ,0.000000,0.000000,0.000000
34477.000000,1726499.000000,75549924.000000,-0.058000,-0.014500,-0.983100, , , 
34478.000000,1726595.000000,75549924.000000, , , ,0.000000,0.000000,0.000000
34479.000000,1726600.000000,75549924.000000,-0.055100,-0.005800,-0.980200, , , 
34480.000000,1726696.000000,75549924.000000, , , ,0.000000,0.000000,0.000000
34481.000000,1726699.000000,75549924.000000,-0.049300,-0.023200,-0.968600, , , 
34482.000000,1726797.000000,75549924.000000, , , ,0.000000,-0.325195,0.000000
34483.000000,1726800.000000,75549924.000000,-0.052200,-0.029000,-0.954100, , , 
34484.000000,1726898.000000,75549924.000000, , , ,0.000000,-0.325195,0.000000
34485.000000,1726899.000000,75549924.000000,-0.063800,-0.029000,-0.962800, , , 
34486.000000,1726999.000000,75549924.000000, , , ,-0.325195,-0.325195,-0.325195
34487.000000,1727000.000000,75549924.000000,-0.055100,-0.052200,-0.965700, , , 
34488.000000,1727099.000000,75549924.000000,-0.055100,-0.043500,-0.980200, , , 
34489.000000,1727100.000000,75549924.000000, , , ,-0.325195,0.000000,0.000000
34490.000000,1727200.000000,75549924.000000,-0.060900,-0.060900,-0.986000, , , 
34491.000000,1727201.000000,75549924.000000, , , ,-0.325195,0.000000,-0.325195
34492.000000,1727292.000000,75549924.000000, , , ,-0.650391,-0.325195,-0.650391
34493.000000,1727299.000000,75549924.000000,-0.052200,-0.066700,-0.977300, , , 
34494.000000,1727393.000000,75549924.000000, , , ,-0.650391,0.325195,-0.975586
34495.000000,1727400.000000,75549924.000000,-0.066700,-0.072500,-0.991800, , , 
34496.000000,1727494.000000,75549924.000000, , , ,-1.300781,0.000000,-0.650391
34497.000000,1727499.000000,75549924.000000,-0.043500,-0.060900,-0.988900, , , 
34498.000000,1727595.000000,75549924.000000, , , ,-0.650391,-0.650391,-0.650391
34499.000000,1727600.000000,75549924.000000,-0.049300,-0.055100,-0.945400, , , 
34500.000000,1727696.000000,75549924.000000, , , ,0.000000,0.000000,-0.325195
34501.000000,1727699.000000,75549924.000000,-0.063800,-0.060900,-0.962800, , , 
34502.000000,1727797.000000,75549924.000000, , , ,-0.650391,0.325195,-0.650391
34503.000000,1727800.000000,75549924.000000,-0.058000,-0.058000,-1.009200, , , 
34504.000000,1727898.000000,75549924.000000, , , ,-0.325195,-0.975586,-0.650391
34505.000000,1727899.000000,75549924.000000,-0.029000,-0.063800,-0.977300, , , 
34506.000000,1727999.000000,75549924.000000, , , ,0.000000,-0.325195,-0.650391
34507.000000,1728000.000000,75549924.000000,-0.066700,-0.060900,-0.971500, , , 
34508.000000,1728099.000000,75549924.000000,-0.055100,-0.063800,-1.000500, , , 
34509.000000,1728100.000000,75549924.000000, , , ,-0.650391,0.325195,-0.975586
34510.000000,1728200.000000,75549924.000000,-0.031900,-0.052200,-0.983100, , , 
34511.000000,1728201.000000,75549924.000000, , , ,-0.975586,0.000000,-0.325195
34512.000000,1728292.000000,75549924.000000, , , ,-1.300781,0.000000,-0.325195
34513.000000,1728299.000000,75549924.000000,-0.063800,-0.063800,-0.965700, , , 
34514.000000,1728393.000000,75549924.000000, , , ,-0.975586,-0.325195,-0.325195
34515.000000,1728400.000000,75549924.000000,-0.031900,-0.058000,-0.974400, , , 
34516.000000,1728494.000000,75549924.000000, , , ,-1.300781,-0.650391,-0.650391
34517.000000,1728499.000000,75549924.000000,-0.020300,-0.049300,-0.957000, , , 
34518.000000,1728595.000000,75549924.000000, , , ,-1.300781,-0.650391,-0.975586
34519.000000,1728600.000000,75549924.000000,-0.029000,-0.055100,-0.965700, , , 
34520.000000,1728696.000000,75549924.000000, , , ,-0.650391,0.000000,-0.325195
34521.000000,1728699.000000,75549924.000000,-0.014500,-0.040600,-0.977300, , , 
34522.000000,1728797.000000,75549924.000000, , , ,-0.325195,-0.975586,-0.325195
34523.000000,1728800.000000,75549924.000000,-0.020300,-0.031900,-0.957000, , , 
34524.000000,1728898.000000,75549924.000000, , , ,-0.325195,-0.975586,-0.325195
34525.000000,1728899.000000,75549924.000000,-0.020300,-0.034800,-0.959900, , , 
34526.000000,1728999.000000,75549924.000000, , , ,-0.325195,0.000000,0.000000
34527.000000,1729000.000000,75549924.000000,-0.026100,-0.043500,-0.994700, , , 
34528.000000,1729099.000000,75549924.000000,-0.026100,-0.049300,-1.012100, , , 
34529.000000,1729100.000000,75549924.000000, , , ,-0.975586,0.000000,-0.325195
34530.000000,1729200.000000,75549924.000000,-0.023200,-0.072500,-1.012100, , , 
34531.000000,1729201.000000,75549924.000000, , , ,-0.325195,0.000000,0.000000
34532.000000,1729292.000000,75549924.000000, , , ,-0.975586,0.000000,0.000000
34533.000000,1729299.000000,75549924.000000,-0.017400,-0.031900,-0.997600, , , 
34534.000000,1729393.000000,75549924.000000, , , ,-0.975586,0.000000,0.000000
34535.000000,1729400.000000,75549924.000000,-0.034800,-0.020300,-1.000500, , , 
34536.000000,1729494.000000,75549924.000000, , , ,-0.975586,0.000000,0.000000
34537.000000,1729499.000000,75549924.000000,-0.017400,-0.040600,-0.997600, , , 
34538.000000,1729595.000000,75549924.000000, , , ,-1.625977,0.000000,0.000000
34539.000000,1729600.000000,75549924.000000,-0.020300,-0.040600,-0.986000, , , 
34540.000000,1729696.000000,75549924.000000, , , ,-0.325195,-0.650391,-0.325195
34541.000000,1729699.000000,75549924.000000,-0.002900,-0.017400,-0.968600, , , 
34542.000000,1729797.000000,75549924.000000, , , ,-0.325195,-0.650391,0.000000
34543.000000,1729800.000000,75549924.000000,-0.020300,-0.011600,-0.959900, , , 
34544.000000,1729898.000000,75549924.000000, , , ,-0.650391,0.000000,0.000000
34545.000000,1729899.000000,75549924.000000,-0.031900,-0.029000,-0.994700, , , 
34546.000000,1729999.000000,75549924.000000, , , ,-0.650391,0.000000,0.000000
34547.000000,1730000.000000,75549924.000000,-0.002900,-0.037700,-0.991800, , , 
34548.000000,1730099.000000,75549924.000000,-0.026100,-0.031900,-0.965700, , , 
34549.000000,1730100.000000,75549924.000000, , , ,-0.975586,-0.650391,0.000000
34550.000000,1730200.000000,75549924.000000,-0.026100,-0.034800,-0.977300, , , 
34551.000000,1730201.000000,75549924.000000, , , ,-0.650391,-0.650391,-0.325195
34552.000000,1730292.000000,75549924.000000, , , ,-0.975586,-0.325195,0.000000
34553.000000,1730299.000000,75549924.000000,-0.026100,-0.040600,-1.006300, , , 
34554.000000,1730393.000000,75549924.000000, , , ,-1.625977,0.650391,0.000000
34555.000000,1730400.000000,75549924.000000,-0.020300,-0.058000,-1.015000, , , 
34556.000000,1730494.000000,75549924.000000, , , ,-1.300781,-0.975586,0.000000
34557.000000,1730499.000000,75549924.000000,0.008700,-0.034800,-0.974400, , , 
34558.000000,1730595.000000,75549924.000000, , , ,-0.650391,-0.650391,-0.325195
34559.000000,1730600.000000,75549924.000000,-0.020300,-0.023200,-0.965700, , , 
34560.000000,1730696.000000,75549924.000000, , , ,-0.650391,0.000000,-0.650391
34561.000000,1730699.000000,75549924.000000,-0.034800,-0.040600,-0.983100, , , 
34562.000000,1730797.000000,75549924.000000, , , ,-0.650391,-0.325195,-0.650391
34563.000000,1730800.000000,75549924.000000,-0.014500,-0.063800,-0.997600, , , 
34564.000000,1730898.000000,75549924.000000, , , ,-0.975586,-0.325195,-0.325195
34565.000000,1730899.000000,75549924.000000,-0.017400,-0.040600,-0.983100, , , 
34566.000000,1730999.000000,75549924.000000, , , ,-0.325195,0.000000,-0.650391
34567.000000,1731000.000000,75549924.000000,-0.029000,-0.058000,-0.980200, , , 
34568.000000,1731099.000000,75549924.000000,-0.014500,-0.029000,-1.009200, , , 
34569.000000,1731100.000000,75549924.000000, , , ,-0.975586,0.000000,-0.325195
34570.000000,1731200.000000,75549924.000000,-0.005800,-0.043500,-1.020800, , , 
34571.000000,1731201.000000,75549924.000000, , , ,-0.650391,0.325195,0.000000
34572.000000,1731292.000000,75549924.000000, , , ,-0.975586,0.650391,0.000000
34573.000000,1731299.000000,75549924.000000,0.002900,-0.026100,-1.003400, , , 
34574.000000,1731393.000000,75549924.000000, , , ,-0.325195,0.000000,0.000000
34575.000000,1731400.000000,75549924.000000,0.005800,-0.026100,-1.006300, , , 
34576.000000,1731494.000000,75549924.000000, , , ,-0.650391,0.000000,0.000000
34577.000000,1731499.000000,75549924.000000,0.000000,-0.034800,-1.000500, , , 
34578.000000,1731595.000000,75549924.000000, , , ,-0.975586,0.000000,-0.325195
34579.000000,1731600.000000,75549924.000000,-0.011600,-0.014500,-0.994700, , , 
34580.000000,1731696.000000,75549924.000000, , , ,0.000000,0.325195,-0.325195
34581.000000,1731699.000000,75549924.000000,0.000000,-0.020300,-1.017900, , , 
34582.000000,1731797.000000,75549924.000000, , , ,0.000000,-0.650391,0.000000
34583.000000,1731800.000000,75549924.000000,0.002900,-0.008700,-0.971500, , , 
34584.000000,1731898.000000,75549924.000000, , , ,0.975586,0.000000,0.000000
34585.000000,1731899.000000,75549924.000000,-0.011600,-0.020300,-0.971500, , , 
34586.000000,1731999.000000,75549924.000000, , , ,0.000000,0.975586,-0.325195
34587.000000,1732000.000000,75549924.000000,-0.031900,-0.052200,-1.055600, , , 
34588.000000,1732099.000000,75549924.000000,0.002900,-0.052200,-1.073000, , , 
34589.000000,1732100.000000,75549924.000000, , , ,-0.650391,0.650391,-0.325195
34590.000000,1732200.000000,75549924.000000,0.000000,-0.014500,-1.012100, , , 
34591.000000,1732201.000000,75549924.000000, , , ,-0.975586,0.325195,-0.325195
34592.000000,1732292.000000,75549924.000000, , , ,-0.975586,0.325195,0.000000
34593.000000,1732299.000000,75549924.000000,-0.017400,-0.040600,-1.009200, , , 
34594.000000,1732393.000000,75549924.000000, , , ,-0.975586,0.325195,-0.325195
34595.000000,1732400.000000,75549924.000000,-0.002900,-0.034800,-1.006300, , , 
34596.000000,1732494.000000,75549924.000000, , , ,-0.650391,0.325195,-0.325195
34597.000000,1732499.000000,75549924.000000,-0.008700,-0.031900,-1.003400, , , 
34598.000000,1732595.000000,75549924.000000, , , ,-0.325195,0.000000,-0.325195
34599.000000,1732600.000000,75549924.000000,-0.026100,-0.043500,-1.012100, , , 
34600.000000,1732696.000000,75549924.000000, , , ,-0.325195,0.325195,-0.650391
34601.000000,1732699.000000,75549924.000000,0.002900,-0.040600,-0.997600, , , 
34602.000000,1732797.000000,75549924.000000, , , ,-0.325195,0.000000,-0.650391
34603.000000,1732800.000000,75549924.000000,-0.017400,-0.052200,-0.988900, , , 
34604.000000,1732898.000000,75549924.000000, , , ,-0.325195,0.975586,-0.650391
34605.000000,1732899.000000,75549924.000000,-0.029000,-0.046400,-1.026600, , , 
34606.000000,1732999.000000,75549924.000000, , , ,-0.325195,-0.325195,-0.650391
34607.000000,1733000.000000,75549924.000000,0.000000,-0.052200,-1.029500, , , 
34608.000000,1733099.000000,75549924.000000,-0.011600,-0.043500,-0.997600, , , 
34609.000000,1733100.000000,75549924.000000, , , ,-0.325195,0.000000,-0.650391
34610.000000,1733200.000000,75549924.000000,-0.014500,-0.043500,-0.994700, , , 
34611.000000,1733201.000000,75549924.000000, , , ,-0.325195,0.000000,-0.650391
34612.000000,1733292.000000,75549924.000000, , , ,-0.325195,-0.325195,-0.325195
34613.000000,1733299.000000,75549924.000000,-0.005800,-0.031900,-0.986000, , , 
34614.000000,1733393.000000,75549924.000000, , , ,0.000000,0.650391,0.000000
34615.000000,1733400.000000,75549924.000000,-0.020300,-0.026100,-0.980200, , , 
34616.000000,1733494.000000,75549924.000000, , , ,0.000000,-0.325195,0.000000
34617.000000,1733499.000000,75549924.000000,-0.011600,-0.017400,-0.997600, , , 
34618.000000,1733595.000000,75549924.000000, , , ,-0.325195,0.325195,0.325195
34619.000000,1733600.000000,75549924.000000,-0.005800,-0.002900,-0.994700, , , 
34620.000000,1733696.000000,75549924.000000, , , ,-0.975586,-0.650391,0.000000
34621.000000,1733699.000000,75549924.000000,-0.011600,0.000000,-0.974400, , , 
34622.000000,1733797.000000,75549924.000000, , , ,-1.300781,0.000000,0.650391
34623.000000,1733800.000000,75549924.000000,-0.014500,-0.023200,-0.991800, , , 
34624.000000,1733898.000000,75549924.000000, , , ,-0.975586,0.000000,0.000000
34625.000000,1733899.000000,75549924.000000,-0.014500,-0.002900,-1.000500, , , 
34626.000000,1733999.000000,75549924.000000, , , ,-0.975586,0.000000,0.000000
34627.000000,1734000.000000,75549924.000000,-0.017400,-0.020300,-1.009200, , , 
34628.000000,1734099.000000,75549924.000000,-0.011600,-0.008700,-0.991800, , , 
34629.000000,1734100.000000,75549924.000000, , , ,-1.300781,0.000000,0.000000
34630.000000,1734200.000000,75549924.000000,-0.002900,-0.020300,-0.988900, , , 
34631.000000,1734201.000000,75549924.000000, , , ,-1.300781,-0.325195,0.000000
34632.000000,1734292.000000,75549924.000000, , , ,-0.975586,0.000000,0.000000
34633.000000,1734299.000000,75549924.000000,-0.011600,-0.005800,-0.977300, , , 
34634.000000,1734393.000000,75549924.000000, , , ,-0.325195,-0.325195,0.000000
34635.000000,1734400.000000,75549924.000000,-0.011600,-0.017400,-0.965700, , , 
34636.000000,1734494.000000,75549924.000000, , , ,0.000000,0.000000,0.000000
34637.000000,1734499.000000,75549924.000000,-0.002900,0.000000,-0.965700, , , 
34638.000000,1734595.000000,75549924.000000, , , ,0.000000,-0.650391,0.000000
34639.000000,1734600.000000,75549924.000000,-0.011600,-0.014500,-0.962800, , , 
34640.000000,1734696.000000,75549924.000000, , , ,-0.325195,-0.650391,0.000000
34641.000000,1734699.000000,75549924.000000,-0.020300,-0.017400,-0.980200, , , 
34642.000000,1734797.000000,75549924.000000, , , ,-0.650391,0.000000,0.325195
34643.000000,1734800.000000,75549924.000000,-0.002900,-0.014500,-0.997600, , , 
34644.000000,1734898.000000,75549924.000000, , , ,-0.975586,0.000000,0.000000
34645.000000,1734899.000000,75549924.000000,-0.017400,-0.011600,-0.994700, , , 
34646.000000,1734999.000000,75549924.000000, , , ,-0.650391,0.000000,0.000000
34647.000000,1735000.000000,75549924.000000,-0.005800,-0.020300,-0.977300, , , 
34648.000000,1735099.000000,75549924.000000,-0.023200,-0.029000,-0.994700, , , 
34649.000000,1735100.000000,75549924.000000, , , ,-0.650391,-0.325195,0.325195
34650.000000,1735200.000000,75549924.000000,-0.005800,0.002900,-0.988900, , , 
34651.000000,1735201.000000,75549924.000000, , , ,-0.325195,0.000000,0.325195
34652.000000,1735292.000000,75549924.000000, , , ,-0.650391,0.000000,0.325195
34653.000000,1735299.000000,75549924.000000,-0.005800,-0.017400,-0.994700, , , 
34654.000000,1735393.000000,75549924.000000, , , ,-0.325195,0.000000,0.000000
34655.000000,1735400.000000,75549924.000000,-0.005800,-0.017400,-0.997600, , , 
34656.000000,1735494.000000,75549924.000000, , , ,-0.325195,0.000000,0.000000
34657.000000,1735499.000000,75549924.000000,-0.020300,-0.023200,-0.991800, , , 
34658.000000,1735595.000000,75549924.000000, , , ,-0.650391,0.325195,0.000000
34659.000000,1735600.000000,75549924.000000,-0.005800,-0.037700,-1.000500, , , 
34660.000000,1735696.000000,75549924.000000, , , ,-0.650391,-0.975586,-0.325195
34661.000000,1735699.000000,75549924.000000,0.014500,-0.017400,-0.974400, , , 
34662.000000,1735797.000000,75549924.000000, , , ,0.000000,-0.325195,0.000000
34663.000000,1735800.000000,75549924.000000,-0.023200,-0.034800,-0.951200, , , 
34664.000000,1735898.000000,75549924.000000, , , ,0.000000,-0.650391,-0.325195
34665.000000,1735899.000000,75549924.000000,0.005800,-0.029000,-0.959900, , , 
34666.000000,1735999.000000,75549924.000000, , , ,0.000000,-0.325195,0.000000
34667.000000,1736000.000000,75549924.000000,-0.002900,-0.055100,-0.980200, , , 
34668.000000,1736099.000000,75549924.000000,-0.014500,-0.034800,-0.980200, , , 
34669.000000,1736100.000000,75549924.000000, , , ,0.325195,0.000000,-0.325195
34670.000000,1736200.000000,75549924.000000,0.014500,-0.078300,-0.957000, , , 
34671.000000,1736201.000000,75549924.000000, , , ,0.000000,-0.650391,-0.325195
34672.000000,1736292.000000,75549924.000000, , , ,-0.650391,-0.975586,0.000000
34673.000000,1736299.000000,75549924.000000,-0.020300,-0.060900,-0.971500, , , 
34674.000000,1736393.000000,75549924.000000, , , ,-1.300781,1.300781,0.000000
34675.000000,1736400.000000,75549924.000000,-0.029000,-0.052200,-1.058500, , , 
34676.000000,1736494.000000,75549924.000000, , , ,-1.300781,0.975586,0.000000
34677.000000,1736499.000000,75549924.000000,0.017400,-0.037700,-1.070100, , , 
34678.000000,1736595.000000,75549924.000000, , , ,-0.975586,0.325195,0.000000
34679.000000,1736600.000000,75549924.000000,0.008700,-0.043500,-1.009200, , , 
34680.000000,1736696.000000,75549924.000000, , , ,-0.975586,-0.650391,-0.325195
34681.000000,1736699.000000,75549924.000000,0.000000,-0.037700,-0.951200, , , 
34682.000000,1736797.000000,75549924.000000, , , ,-0.650391,0.000000,0.000000
34683.000000,1736800.000000,75549924.000000,0.011600,-0.034800,-0.942500, , , 
34684.000000,1736898.000000,75549924.000000, , , ,-0.975586,-0.650391,-0.325195
34685.000000,1736899.000000,75549924.000000,-0.008700,-0.031900,-0.983100, , , 
34686.000000,1736999.000000,75549924.000000, , , ,-0.975586,0.650391,0.000000
34687.000000,1737000.000000,75549924.000000,0.000000,-0.052200,-1.009200, , , 
34688.000000,1737099.000000,75549924.000000,0.023200,-0.005800,-0.968600, , , 
34689.000000,1737100.000000,75549924.000000, , , ,-0.325195,0.000000,0.000000
34690.000000,1737200.000000,75549924.000000,0.002900,-0.002900,-0.974400, , , 
34691.000000,1737201.000000,75549924.000000, , , ,-0.325195,-0.975586,-0.325195
34692.000000,1737292.000000,75549924.000000, , , ,0.000000,0.325195,0.000000
34693.000000,1737299.000000,75549924.000000,0.002900,-0.037700,-0.983100, , , 
34694.000000,1737393.000000,75549924.000000, , , ,0.000000,0.000000,-0.325195
34695.000000,1737400.000000,75549924.000000,0.008700,-0.029000,-0.971500, , , 
34696.000000,1737494.000000,75549924.000000, , , ,-0.325195,0.000000,-0.325195
34697.000000,1737499.000000,75549924.000000,0.000000,-0.043500,-0.988900, , , 
34698.000000,1737595.000000,75549924.000000, , , ,-0.325195,0.000000,0.000000
34699.000000,1737600.000000,75549924.000000,0.008700,-0.046400,-0.983100, , , 
34700.000000,1737696.000000,75549924.000000, , , ,-0.975586,-0.975586,-0.325195
34701.000000,1737699.000000,75549924.000000,0.008700,-0.060900,-0.971500, , , 
34702.000000,1737797.000000,75549924.000000, , , ,-1.300781,0.000000,0.000000
34703.000000,1737800.000000,75549924.000000,0.011600,-0.058000,-0.965700, , , 
34704.000000,1737898.000000,75549924.000000, , , ,-1.625977,-1.300781,-0.650391
34705.000000,1737899.000000,75549924.000000,0.008700,-0.029000,-0.945400, , , 
34706.000000,1737999.000000,75549924.000000, , , ,-0.975586,0.000000,0.000000
34707.000000,1738000.000000,75549924.000000,0.000000,-0.020300,-0.974400, , , 
34708.000000,1738099.000000,75549924.000000,0.008700,-0.029000,-0.988900, , , 
34709.000000,1738100.000000,75549924.000000, , , ,-0.650391,0.000000,0.000000
34710.000000,1738200.000000,75549924.000000,0.023200,-0.029000,-0.945400, , , 
34711.000000,1738201.000000,75549924.000000, , , ,-0.650391,-1.300781,0.000000
34712.000000,1738292.000000,75549924.000000, , , ,0.000000,-0.325195,-0.325195
34713.000000,1738299.000000,75549924.000000,-0.002900,-0.023200,-0.954100, , , 
34714.000000,1738393.000000,75549924.000000, , , ,-0.650391,0.000000,0.000000
34715.000000,1738400.000000,75549924.000000,0.000000,-0.031900,-1.000500, , , 
34716.000000,1738494.000000,75549924.000000, , , ,-0.975586,0.650391,0.000000
34717.000000,1738499.000000,75549924.000000,0.008700,-0.029000,-0.997600, , , 
34718.000000,1738595.000000,75549924.000000, , , ,0.000000,-0.325195,0.000000
34719.000000,1738600.000000,75549924.000000,0.005800,-0.020300,-0.988900, , , 
34720.000000,1738696.000000,75549924.000000, , , ,-0.325195,-0.325195,0.000000
34721.000000,1738699.000000,75549924.000000,0.005800,-0.034800,-0.980200, , , 
34722.000000,1738797.000000,75549924.000000, , , ,0.000000,0.000000,-0.325195
34723.000000,1738800.000000,75549924.000000,0.000000,-0.031900,-0.971500, , , 
34724.000000,1738898.000000,75549924.000000, , , ,-0.325195,0.325195,-0.325195
34725.000000,1738899.000000,75549924.000000,0.005800,-0.043500,-1.000500, , , 
34726.000000,1738999.000000,75549924.000000, , , ,-0.650391,0.000000,0.000000
34727.000000,1739000.000000,75549924.000000,0.005800,-0.052200,-0.991800, , , 
34728.000000,1739099.000000,75549924.000000,0.023200,-0.031900,-0.925100, , , 
34729.000000,1739100.000000,75549924.000000, , , ,0.000000,-0.975586,-0.325195
34730.000000,1739200.000000,75549924.000000,0.000000,-0.034800,-0.910600, , , 
34731.000000,1739201.000000,75549924.000000, , , ,0.000000,-1.300781,0.000000
34732.000000,1739292.000000,75549924.000000, , , ,-0.650391,-0.325195,0.000000
34733.000000,1739299.000000,75549924.000000,0.000000,-0.066700,-0.948300, , , 
34734.000000,1739393.000000,75549924.000000, , , ,-0.975586,-0.975586,-0.325195
34735.000000,1739400.000000,75549924.000000,0.014500,-0.031900,-0.919300, , , 
34736.000000,1739494.000000,75549924.000000, , , ,-0.325195,-0.650391,0.000000
34737.000000,1739499.000000,75549924.000000,0.000000,-0.031900,-0.936700, , , 
34738.000000,1739595.000000,75549924.000000, , , ,0.000000,-1.300781,-0.325195
34739.000000,1739600.000000,75549924.000000,0.023200,-0.023200,-0.930900, , , 
34740.000000,1739696.000000,75549924.000000, , , ,0.325195,-1.625977,-0.325195
34741.000000,1739699.000000,75549924.000000,0.000000,-0.026100,-0.901900, , , 
34742.000000,1739797.000000,75549924.000000, , , ,0.000000,-1.625977,-0.325195
34743.000000,1739800.000000,75549924.000000,-0.005800,-0.029000,-0.913500, , , 
34744.000000,1739898.000000,75549924.000000, , , ,-0.325195,-1.300781,0.000000
34745.000000,1739899.000000,75549924.000000,0.008700,-0.046400,-0.939600, , , 
34746.000000,1739999.000000,75549924.000000, , , ,-0.325195,-0.650391,0.325195
34747.000000,1740000.000000,75549924.000000,0.011600,-0.043500,-0.959900, , , 
34748.000000,1740099.000000,75549924.000000,-0.002900,-0.026100,-0.948300, , , 
34749.000000,1740100.000000,75549924.000000, , , ,0.000000,-0.975586,0.000000
34750.000000,1740200.000000,75549924.000000,0.000000,-0.046400,-0.959900, , , 
34751.000000,1740201.000000,75549924.000000, , , ,0.000000,-0.325195,0.000000
34752.000000,1740292.000000,75549924.000000, , , ,-0.975586,-0.325195,0.000000
34753.000000,1740299.000000,75549924.000000,-0.002900,-0.049300,-1.006300, , , 
34754.000000,1740393.000000,75549924.000000, , , ,-1.625977,0.000000,-0.325195
34755.000000,1740400.000000,75549924.000000,0.000000,-0.055100,-1.015000, , , 
34756.000000,1740494.000000,75549924.000000, , , ,-0.975586,0.000000,-0.325195
34757.000000,1740499.000000,75549924.000000,0.000000,-0.046400,-0.991800, , , 
34758.000000,1740595.000000,75549924.000000, , , ,-0.975586,-0.650391,-0.325195
34759.000000,1740600.000000,75549924.000000,-0.002900,-0.058000,-0.980200, , , 
34760.000000,1740696.000000,75549924.000000, , , ,-1.300781,-0.650391,-0.325195
34761.000000,1740699.000000,75549924.000000,0.002900,-0.049300,-0.954100, , , 
34762.000000,1740797.000000,75549924.000000, , , ,-1.300781,-0.325195,-0.325195
34763.000000,1740800.000000,75549924.000000,-0.011600,-0.043500,-0.971500, , , 
34764.000000,1740898.000000,75549924.000000, , , ,-0.975586,-0.650391,-0.325195
34765.000000,1740899.000000,75549924.000000,-0.017400,-0.058000,-0.974400, , , 
34766.000000,1740999.000000,75549924.000000, , , ,-1.300781,-0.650391,-0.650391
34767.000000,1741000.000000,75549924.000000,-0.002900,-0.058000,-0.965700, , , 
34768.000000,1741099.000000,75549924.000000,-0.011600,-0.046400,-0.986000, , , 
34769.000000,1741100.000000,75549924.000000, , , ,-0.650391,-0.325195,-0.650391
34770.000000,1741200.000000,75549924.000000,-0.031900,-0.072500,-1.017900, , , 
34771.000000,1741201.000000,75549924.000000, , , ,-1.300781,0.000000,-0.650391
34772.000000,1741292.000000,75549924.000000, , , ,-1.951172,0.325195,-0.325195
34773.000000,1741299.000000,75549924.000000,-0.011600,-0.069600,-1.017900, , , 
34774.000000,1741393.000000,75549924.000000, , , ,-1.951172,-0.650391,-0.325195
34775.000000,1741400.000000,75549924.000000,-0.011600,-0.046400,-0.974400, , , 
34776.000000,1741494.000000,75549924.000000, , , ,-1.625977,-0.650391,-0.325195
34777.000000,1741499.000000,75549924.000000,-0.014500,-0.034800,-0.928000, , , 
34778.000000,1741595.000000,75549924.000000, , , ,-0.325195,-0.975586,-0.325195
34779.000000,1741600.000000,75549924.000000,-0.029000,-0.014500,-0.930900, , , 
34780.000000,1741696.000000,75549924.000000, , , ,0.000000,0.000000,-0.325195
34781.000000,1741699.000000,75549924.000000,-0.037700,-0.026100,-0.988900, , , 
34782.000000,1741797.000000,75549924.000000, , , ,-0.325195,0.000000,0.000000
34783.000000,1741800.000000,75549924.000000,-0.014500,-0.034800,-0.977300, , , 
34784.000000,1741898.000000,75549924.000000, , , ,0.000000,-0.975586,0.000000
34785.000000,1741899.000000,75549924.000000,-0.017400,-0.023200,-0.945400, , , 
34786.000000,1741999.000000,75549924.000000, , , ,0.000000,-1.300781,-0.325195
34787.000000,1742000.000000,75549924.000000,-0.040600,-0.017400,-0.936700, , , 
34788.000000,1742099.000000,75549924.000000,-0.037700,-0.029000,-1.000500, , , 
34789.000000,1742100.000000,75549924.000000, , , ,-0.325195,0.000000,0.000000
34790.000000,1742200.000000,75549924.000000,-0.029000,-0.026100,-1.017900, , , 
34791.000000,1742201.000000,75549924.000000, , , ,-0.325195,0.000000,0.000000
34792.000000,1742292.000000,75549924.000000, , , ,0.000000,0.000000,0.000000
34793.000000,1742299.000000,75549924.000000,-0.043500,-0.029000,-0.983100, , , 
34794.000000,1742393.000000,75549924.000000, , , ,0.000000,0.000000,0.000000
34795.000000,1742400.000000,75549924.000000,-0.034800,-0.020300,-0.977300, , , 
34796.000000,1742494.000000,75549924.000000, , , ,0.325195,0.000000,0.000000
34797.000000,1742499.000000,75549924.000000,-0.037700,-0.031900,-0.977300, , , 
34798.000000,1742595.000000,75549924.000000, , , ,0.325195,0.000000,-0.325195
34799.000000,1742600.000000,75549924.000000,-0.037700,-0.037700,-0.968600, , , 
34800.000000,1742696.000000,75549924.000000, , , ,0.000000,-0.325195,0.000000
34801.000000,1742699.000000,75549924.000000,-0.040600,-0.034800,-0.980200, , , 
34802.000000,1742797.000000,75549924.000000, , , ,0.000000,0.325195,0.000000
34803.000000,1742800.000000,75549924.000000,-0.046400,-0.029000,-0.994700, , , 
34804.000000,1742898.000000,75549924.000000, , , ,0.000000,-0.325195,0.325195
34805.000000,1742899.000000,75549924.000000,-0.034800,-0.040600,-1.000500, , , 
34806.000000,1742999.000000,75549924.000000, , , ,-0.325195,0.000000,0.000000
34807.000000,1743000.000000,75549924.000000,-0.040600,-0.055100,-0.994700, , , 
34808.000000,1743099.000000,75549924.000000,-0.037700,-0.040600,-0.945400, , , 
34809.000000,1743100.000000,75549924.000000, , , ,-0.325195,-0.650391,0.000000
34810.000000,1743200.000000,75549924.000000,-0.040600,-0.026100,-0.962800, , , 
34811.000000,1743201.000000,75549924.000000, , , ,-0.325195,-0.650391,0.000000
34812.000000,1743292.000000,75549924.000000, , , ,-0.325195,0.000000,0.000000
34813.000000,1743299.000000,75549924.000000,-0.069600,-0.040600,-1.015000, , , 
34814.000000,1743393.000000,75549924.000000, , , ,-0.975586,0.325195,0.000000
34815.000000,1743400.000000,75549924.000000,-0.037700,-0.055100,-1.023700, , , 
34816.000000,1743494.000000,75549924.000000, , , ,-0.975586,0.000000,0.000000
34817.000000,1743499.000000,75549924.000000,-0.029000,-0.031900,-1.006300, , , 
34818.000000,1743595.000000,75549924.000000, , , ,-0.325195,-0.325195,0.000000
34819.000000,1743600.000000,75549924.000000,-0.043500,-0.017400,-0.994700, , , 
34820.000000,1743696.000000,75549924.000000, , , ,-1.951172,0.650391,0.000000
34821.000000,1743699.000000,75549924.000000,-0.037700,-0.052200,-1.009200, , , 
34822.000000,1743797.000000,75549924.000000, , , ,-3.251953,-0.325195,0.000000
34823.000000,1743800.000000,75549924.000000,-0.031900,-0.049300,-0.974400, , , 
34824.000000,1743898.000000,75549924.000000, , , ,-2.276367,-1.300781,0.000000
34825.000000,1743899.000000,75549924.000000,-0.023200,-0.011600,-0.922200, , , 
34826.000000,1743999.000000,75549924.000000, , , ,-0.975586,-0.325195,0.000000
34827.000000,1744000.000000,75549924.000000,-0.046400,0.002900,-0.962800, , , 
34828.000000,1744099.000000,75549924.000000,-0.040600,-0.029000,-0.991800, , , 
34829.000000,1744100.000000,75549924.000000, , , ,-0.650391,0.325195,-0.650391
34830.000000,1744200.000000,75549924.000000,-0.034800,-0.023200,-0.954100, , , 
34831.000000,1744201.000000,75549924.000000, , , ,-0.975586,-0.325195,-0.325195
34832.000000,1744292.000000,75549924.000000, , , ,0.000000,-0.325195,0.000000
34833.000000,1744299.000000,75549924.000000,-0.031900,-0.029000,-0.971500, , , 
34834.000000,1744393.000000,75549924.000000, , , ,0.000000,-1.300781,-0.325195
34835.000000,1744400.000000,75549924.000000,-0.020300,-0.043500,-0.965700, , , 
34836.000000,1744494.000000,75549924.000000, , , ,0.000000,-0.325195,0.000000
34837.000000,1744499.000000,75549924.000000,-0.043500,-0.037700,-0.957000, , , 
34838.000000,1744595.000000,75549924.000000, , , ,-0.325195,0.325195,-0.325195
34839.000000,1744600.000000,75549924.000000,-0.052200,-0.034800,-1.006300, , , 
34840.000000,1744696.000000,75549924.000000, , , ,-0.975586,0.000000,0.000000
34841.000000,1744699.000000,75549924.000000,-0.037700,-0.037700,-1.015000, , , 
34842.000000,1744797.000000,75549924.000000, , , ,-0.325195,-0.650391,-0.325195
34843.000000,1744800.000000,75549924.000000,-0.034800,-0.034800,-1.000500, , , 
34844.000000,1744898.000000,75549924.000000, , , ,-0.325195,0.000000,-0.650391
34845.000000,1744899.000000,75549924.000000,-0.046400,-0.040600,-0.997600, , , 
34846.000000,1744999.000000,75549924.000000, , , ,-0.650391,0.000000,-0.325195
34847.000000,1745000.000000,75549924.000000,-0.031900,-0.034800,-0.983100, , , 
34848.000000,1745099.000000,75549924.000000,-0.017400,-0.026100,-0.980200, , , 
34849.000000,1745100.000000,75549924.000000, , , ,-0.975586,-0.325195,0.000000
34850.000000,1745200.000000,75549924.000000,-0.037700,-0.034800,-0.957000, , , 
34851.000000,1745201.000000,75549924.000000, , , ,-1.625977,-0.650391,-0.325195
34852.000000,1745292.000000,75549924.000000, , , ,-0.650391,-0.325195,0.000000
34853.000000,1745299.000000,75549924.000000,-0.031900,-0.031900,-0.936700, , , 
34854.000000,1745393.000000,75549924.000000, , , ,-0.650391,-0.325195,-0.325195
34855.000000,1745400.000000,75549924.000000,-0.055100,-0.040600,-0.991800, , , 
34856.000000,1745494.000000,75549924.000000, , , ,-0.975586,0.000000,0.000000
34857.000000,1745499.000000,75549924.000000,-0.043500,-0.040600,-1.038200, , , 
34858.000000,1745595.000000,75549924.000000, , , ,-0.650391,0.650391,-0.325195
34859.000000,1745600.000000,75549924.000000,-0.034800,-0.040600,-1.038200, , , 
34860.000000,1745696.000000,75549924.000000, , , ,-1.300781,0.325195,0.000000
34861.000000,1745699.000000,75549924.000000,-0.037700,-0.031900,-1.041100, , , 
34862.000000,1745797.000000,75549924.000000, , , ,-1.300781,0.000000,-0.325195
34863.000000,1745800.000000,75549924.000000,-0.026100,-0.037700,-0.991800, , , 
34864.000000,1745898.000000,75549924.000000, , , ,-1.300781,0.000000,0.325195
34865.000000,1745899.000000,75549924.000000,-0.040600,-0.029000,-0.980200, , , 
34866.000000,1745999.000000,75549924.000000, , , ,-1.300781,0.000000,0.000000
34867.000000,1746000.000000,75549924.000000,-0.046400,-0.017400,-1.009200, , , 
34868.000000,1746099.000000,75549924.000000,-0.031900,-0.020300,-1.012100, , , 
34869.000000,1746100.000000,75549924.000000, , , ,-0.325195,0.650391,0.000000
34870.000000,1746200.000000,75549924.000000,-0.031900,-0.023200,-1.015000, , , 
34871.000000,1746201.000000,75549924.000000, , , ,-0.325195,0.325195,0.000000
34872.000000,1746292.000000,75549924.000000, , , ,-0.325195,0.000000,0.000000
34873.000000,1746299.000000,75549924.000000,-0.043500,-0.026100,-1.006300, , , 
34874.000000,1746393.000000,75549924.000000, , , ,-0.650391,0.650391,0.000000
34875.000000,1746400.000000,75549924.000000,-0.037700,-0.029000,-1.012100, , , 
34876.000000,1746494.000000,75549924.000000, , , ,-0.650391,0.325195,-0.325195
34877.000000,1746499.000000,75549924.000000,-0.023200,-0.011600,-1.035300, , , 
34878.000000,1746595.000000,75549924.000000, , , ,-0.650391,0.325195,0.000000
34879.000000,1746600.000000,75549924.000000,-0.031900,-0.011600,-1.009200, , , 
34880.000000,1746696.000000,75549924.000000, , , ,-0.325195,0.000000,0.000000
34881.000000,1746699.000000,75549924.000000,-0.060900,-0.031900,-1.012100, , , 
34882.000000,1746797.000000,75549924.000000, , , ,-0.325195,0.975586,-0.325195
34883.000000,1746800.000000,75549924.000000,-0.043500,-0.023200,-1.055600, , , 
34884.000000,1746898.000000,75549924.000000, , , ,0.325195,0.325195,-0.325195
34885.000000,1746899.000000,75549924.000000,-0.020300,-0.026100,-1.026600, , , 
34886.000000,1746999.000000,75549924.000000, , , ,0.000000,1.300781,0.000000
34887.000000,1747000.000000,75549924.000000,-0.052200,-0.034800,-1.035300, , , 
34888.000000,1747099.000000,75549924.000000,-0.049300,-0.066700,-1.107800, , , 
34889.000000,1747100.000000,75549924.000000, , , ,-1.951172,1.625977,0.000000
34890.000000,1747200.000000,75549924.000000,-0.008700,-0.023200,-1.041100, , , 
34891.000000,1747201.000000,75549924.000000, , , ,-1.951172,0.975586,0.000000
34892.000000,1747292.000000,75549924.000000, , , ,-0.325195,-0.650391,0.000000
34893.000000,1747299.000000,75549924.000000,-0.031900,-0.002900,-0.977300, , , 
34894.000000,1747393.000000,75549924.000000, , , ,0.000000,1.300781,-0.325195
34895.000000,1747400.000000,75549924.000000,-0.049300,-0.026100,-1.038200, , , 
34896.000000,1747494.000000,75549924.000000, , , ,0.000000,0.975586,0.000000
34897.000000,1747499.000000,75549924.000000,0.000000,-0.023200,-1.009200, , , 
34898.000000,1747595.000000,75549924.000000, , , ,-0.325195,0.000000,0.000000
34899.000000,1747600.000000,75549924.000000,-0.037700,-0.034800,-1.000500, , , 
34900.000000,1747696.000000,75549924.000000, , , ,-0.650391,0.325195,-0.325195
34901.000000,1747699.000000,75549924.000000,-0.029000,-0.029000,-1.029500, , , 
34902.000000,1747797.000000,75549924.000000, , , ,-0.975586,0.325195,0.000000
34903.000000,1747800.000000,75549924.000000,-0.011600,-0.037700,-1.023700, , , 
34904.000000,1747898.000000,75549924.000000, , , ,-0.975586,0.325195,0.000000
34905.000000,1747899.000000,75549924.000000,-0.017400,-0.014500,-1.006300, , , 
34906.000000,1747999.000000,75549924.000000, , , ,-0.325195,0.000000,0.000000
34907.000000,1748000.000000,75549924.000000,0.002900,-0.017400,-0.986000, , , 
34908.000000,1748099.000000,75549924.000000,0.000000,-0.005800,-0.959900, , , 
34909.000000,1748100.000000,75549924.000000, , , ,0.000000,0.000000,0.000000
34910.000000,1748200.000000,75549924.000000,0.017400,-0.020300,-0.948300, , , 
34911.000000,1748201.000000,75549924.000000, , , ,-0.650391,-1.300781,0.000000
34912.000000,1748301.000000,75549924.000000,0.000000,-0.026100,-0.959900,-0.325195,-0.650391, 
34913.000000,1748302.000000,75549924.000000, , , , , ,0.000000
34914.000000,1748392.000000,75549924.000000, , , ,0.000000,0.000000,0.000000
34915.000000,1748399.000000,75549924.000000,0.002900,-0.011600,-0.951200, , , 
34916.000000,1748493.000000,75549924.000000, , , ,-0.325195,-0.325195,0.000000
34917.000000,1748500.000000,75549924.000000,0.000000,-0.023200,-0.986000, , , 
34918.000000,1748594.000000,75549924.000000, , , ,-0.650391,0.975586,0.000000
34919.000000,1748599.000000,75549924.000000,0.008700,-0.037700,-1.017900, , , 
34920.000000,1748695.000000,75549924.000000, , , ,-1.625977,0.000000,0.000000
34921.000000,1748700.000000,75549924.000000,0.017400,-0.020300,-0.991800, , , 
34922.000000,1748796.000000,75549924.000000, , , ,-0.650391,-0.325195,0.000000
34923.000000,1748799.000000,75549924.000000,0.002900,-0.026100,-0.977300, , , 
34924.000000,1748897.000000,75549924.000000, , , ,-0.975586,-0.325195,0.000000
34925.000000,1748900.000000,75549924.000000,0.031900,-0.026100,-0.971500, , , 
34926.000000,1748998.000000,75549924.000000, , , ,0.000000,0.000000,-0.325195
34927.000000,1748999.000000,75549924.000000,0.011600,0.008700,-0.959900, , , 
34928.000000,1749099.000000,75549924.000000, , , ,0.000000,0.000000,0.000000
34929.000000,1749100.000000,75549924.000000,0.000000,-0.029000,-0.986000, , , 
34930.000000,1749199.000000,75549924.000000,0.017400,-0.043500,-1.000500, , , 
34931.000000,1749200.000000,75549924.000000, , , ,-0.325195,-0.650391,-0.325195
34932.000000,1749300.000000,75549924.000000,0.014500,-0.017400,-1.000500, , , 
34933.000000,1749301.000000,75549924.000000, , , ,-0.325195,0.975586,0.000000
34934.000000,1749392.000000,75549924.000000, , , ,-0.650391,-0.650391,-0.325195
34935.000000,1749399.000000,75549924.000000,0.002900,-0.040600,-0.986000, , , 
34936.000000,1749493.000000,75549924.000000, , , ,-0.650391,0.000000,-0.325195
34937.000000,1749500.000000,75549924.000000,0.026100,-0.031900,-0.974400, , , 
34938.000000,1749594.000000,75549924.000000, , , ,-0.650391,-0.325195,-0.325195
34939.000000,1749599.000000,75549924.000000,0.020300,-0.037700,-0.954100, , , 
34940.000000,1749695.000000,75549924.000000, , , ,-0.975586,-0.325195,0.000000
34941.000000,1749700.000000,75549924.000000,0.000000,-0.034800,-0.980200, , , 
34942.000000,1749796.000000,75549924.000000, , , ,-0.975586,0.000000,-0.325195
34943.000000,1749799.000000,75549924.000000,0.026100,-0.040600,-0.994700, , , 
34944.000000,1749897.000000,75549924.000000, , , ,-0.650391,-0.975586,0.000000
34945.000000,1749900.000000,75549924.000000,0.017400,-0.014500,-0.977300, , , 
34946.000000,1749998.000000,75549924.000000, , , ,-0.650391,0.000000,0.000000
34947.000000,1749999.000000,75549924.000000,0.005800,-0.031900,-0.971500, , , 
34948.000000,1750099.000000,75549924.000000, , , ,-0.650391,0.000000,0.000000
34949.000000,1750100.000000,75549924.000000,0.011600,-0.026100,-0.991800, , , 
34950.000000,1750200.000000,75549924.000000,0.014500,-0.023200,-1.006300,-0.975586,0.000000,0.000000
34951.000000,1750299.000000,75549924.000000,0.005800,-0.008700,-0.977300, , , 
34952.000000,1750300.000000,75549924.000000, , , ,-0.325195,0.000000,0.325195
34953.000000,1750400.000000,75549924.000000,0.011600,-0.023200,-0.997600, , , 
34954.000000,1750401.000000,75549924.000000, , , ,-0.325195,0.000000,0.000000
34955.000000,1750492.000000,75549924.000000, , , ,-0.975586,0.000000,0.000000
34956.000000,1750499.000000,75549924.000000,0.014500,-0.020300,-1.023700, , , 
34957.000000,1750593.000000,75549924.000000, , , ,-0.975586,0.325195,0.000000
34958.000000,1750600.000000,75549924.000000,0.011600,-0.017400,-1.003400, , , 
34959.000000,1750694.000000,75549924.000000, , , ,-0.975586,0.325195,0.000000
34960.000000,1750699.000000,75549924.000000,-0.002900,-0.040600,-1.003400, , , 
34961.000000,1750795.000000,75549924.000000, , , ,-1.300781,0.325195,0.000000
34962.000000,1750800.000000,75549924.000000,0.023200,-0.031900,-1.000500, , , 
34963.000000,1750896.000000,75549924.000000, , , ,-0.325195,-0.650391,0.000000
34964.000000,1750899.000000,75549924.000000,0.000000,-0.040600,-0.968600, , , 
34965.000000,1750997.000000,75549924.000000, , , ,-0.325195,0.000000,-0.325195
34966.000000,1751000.000000,75549924.000000,0.014500,-0.014500,-0.962800, , , 
34967.000000,1751098.000000,75549924.000000, , , ,-0.650391,0.000000,-0.325195
34968.000000,1751099.000000,75549924.000000,0.011600,-0.058000,-0.991800, , , 
34969.000000,1751199.000000,75549924.000000, , , ,-0.650391,0.000000,-0.325195
34970.000000,1751200.000000,75549924.000000,0.014500,-0.046400,-0.957000, , , 
34971.000000,1751299.000000,75549924.000000,0.020300,-0.040600,-0.954100, , , 
34972.000000,1751300.000000,75549924.000000, , , ,-1.300781,-0.650391,-0.325195
34973.000000,1751400.000000,75549924.000000,0.008700,-0.034800,-0.971500, , , 
34974.000000,1751401.000000,75549924.000000, , , ,-1.300781,-0.325195,-0.325195
34975.000000,1751492.000000,75549924.000000, , , ,-1.951172,-0.650391,-0.325195
34976.000000,1751499.000000,75549924.000000,0.011600,-0.034800,-0.986000, , , 
34977.000000,1751593.000000,75549924.000000, , , ,-2.276367,0.000000,-0.325195
34978.000000,1751600.000000,75549924.000000,0.008700,-0.029000,-1.003400, , , 
34979.000000,1751694.000000,75549924.000000, , , ,-1.625977,-0.325195,0.000000
34980.000000,1751699.000000,75549924.000000,0.008700,-0.011600,-0.997600, , , 
34981.000000,1751795.000000,75549924.000000, , , ,-0.975586,0.000000,0.000000
34982.000000,1751800.000000,75549924.000000,0.026100,-0.002900,-0.977300, , , 
34983.000000,1751896.000000,75549924.000000, , , ,-0.975586,-0.650391,0.000000
34984.000000,1751899.000000,75549924.000000,0.002900,-0.017400,-0.991800, , , 
34985.000000,1751997.000000,75549924.000000, , , ,-0.650391,0.325195,0.000000
34986.000000,1752000.000000,75549924.000000,0.026100,-0.014500,-0.991800, , , 
34987.000000,1752098.000000,75549924.000000, , , ,-0.325195,-0.650391,-0.325195
34988.000000,1752099.000000,75549924.000000,0.011600,-0.014500,-0.968600, , , 
34989.000000,1752199.000000,75549924.000000, , , ,0.000000,0.000000,0.000000
34990.000000,1752200.000000,75549924.000000,-0.014500,-0.011600,-0.994700, , , 
34991.000000,1752299.000000,75549924.000000,0.031900,-0.017400,-0.986000, , , 
34992.000000,1752300.000000,75549924.000000, , , ,-0.650391,-0.325195,-0.325195
34993.000000,1752400.000000,75549924.000000,0.037700,0.008700,-0.922200, , , 
34994.000000,1752401.000000,75549924.000000, , , ,0.975586,-1.300781,0.000000
34995.000000,1752492.000000,75549924.000000, , , ,0.975586,-0.650391,0.000000
34996.000000,1752499.000000,75549924.000000,-0.031900,-0.008700,-0.971500, , , 
34997.000000,1752593.000000,75549924.000000, , , ,0.000000,0.975586,0.000000
34998.000000,1752600.000000,75549924.000000,0.023200,-0.031900,-1.023700, , , 
34999.000000,1752694.000000,75549924.000000, , , ,0.000000,-0.650391,-0.325195
35000.000000,1752699.000000,75549924.000000,0.020300,-0.011600,-0.994700, , , 
35001.000000,1752795.000000,75549924.000000, , , ,0.000000,-0.325195,0.000000
35002.000000,1752800.000000,75549924.000000,0.002900,0.000000,-0.971500, , , 
35003.000000,1752896.000000,75549924.000000, , , ,0.325195,0.325195,0.000000
35004.000000,1752899.000000,75549924.000000,0.000000,-0.029000,-1.009200, , , 
35005.000000,1752997.000000,75549924.000000, , , ,0.000000,0.000000,0.000000
35006.000000,1753000.000000,75549924.000000,0.020300,-0.014500,-1.041100, , , 
35007.000000,1753098.000000,75549924.000000, , , ,-0.325195,0.325195,0.000000
35008.000000,1753099.000000,75549924.000000,0.014500,-0.014500,-1.020800, , , 
35009.000000,1753199.000000,75549924.000000, , , ,0.325195,-0.975586,-0.325195
35010.000000,1753200.000000,75549924.000000,0.002900,-0.023200,-0.959900, , , 
35011.000000,1753299.000000,75549924.000000,-0.005800,-0.023200,-1.003400, , , 
35012.000000,1753300.000000,75549924.000000, , , ,0.325195,0.000000,0.000000
35013.000000,1753400.000000,75549924.000000,0.011600,-0.034800,-1.009200, , , 
35014.000000,1753401.000000,75549924.000000, , , ,0.000000,0.325195,-0.325195
35015.000000,1753492.000000,75549924.000000, , , ,0.000000,0.000000,-0.325195
35016.000000,1753499.000000,75549924.000000,0.008700,-0.052200,-0.971500, , , 
35017.000000,1753593.000000,75549924.000000, , , ,-0.325195,-0.650391,-0.325195
35018.000000,1753600.000000,75549924.000000,-0.008700,-0.049300,-0.974400, , , 
35019.000000,1753694.000000,75549924.000000, , , ,-0.325195,-0.325195,-0.325195
35020.000000,1753699.000000,75549924.000000,0.000000,-0.060900,-0.997600, , , 
35021.000000,1753795.000000,75549924.000000, , , ,-0.975586,0.000000,0.000000
35022.000000,1753800.000000,75549924.000000,0.002900,-0.049300,-0.994700, , , 
35023.000000,1753896.000000,75549924.000000, , , ,-0.975586,-0.975586,0.000000
35024.000000,1753899.000000,75549924.000000,0.014500,-0.023200,-0.962800, , , 
35025.000000,1753997.000000,75549924.000000, , , ,-0.325195,0.000000,0.000000
35026.000000,1754000.000000,75549924.000000,-0.002900,-0.043500,-0.954100, , , 
35027.000000,1754098.000000,75549924.000000, , , ,-0.975586,-0.325195,0.000000
35028.000000,1754099.000000,75549924.000000,0.005800,-0.052200,-0.986000, , , 
35029.000000,1754199.000000,75549924.000000, , , ,-0.975586,0.000000,0.000000
35030.000000,1754200.000000,75549924.000000,0.014500,-0.026100,-0.962800, , , 
35031.000000,1754299.000000,75549924.000000,-0.014500,-0.020300,-0.980200, , , 
35032.000000,1754300.000000,75549924.000000, , , ,-1.300781,0.000000,0.000000
35033.000000,1754400.000000,75549924.000000,0.011600,-0.031900,-0.991800, , , 
35034.000000,1754401.000000,75549924.000000, , , ,-1.625977,0.000000,0.000000
35035.000000,1754492.000000,75549924.000000, , , ,-1.625977,-0.975586,0.000000
35036.000000,1754499.000000,75549924.000000,0.000000,-0.014500,-0.951200, , , 
35037.000000,1754593.000000,75549924.000000, , , ,-0.325195,-0.650391,0.000000
35038.000000,1754600.000000,75549924.000000,0.000000,-0.005800,-0.962800, , , 
35039.000000,1754694.000000,75549924.000000, , , ,0.000000,0.000000,-0.325195
35040.000000,1754699.000000,75549924.000000,0.000000,-0.023200,-0.997600, , , 
35041.000000,1754795.000000,75549924.000000, , , ,0.000000,0.000000,0.000000
35042.000000,1754800.000000,75549924.000000,0.008700,-0.011600,-1.000500, , , 
35043.000000,1754896.000000,75549924.000000, , , ,0.000000,0.000000,-0.325195
35044.000000,1754901.000000,75549924.000000,-0.014500,-0.040600,-1.012100, , , 
35045.000000,1754996.000000,75549924.000000, , , ,0.000000,0.325195,0.000000
35046.000000,1754999.000000,75549924.000000,0.002900,-0.034800,-1.032400, , , 
35047.000000,1755097.000000,75549924.000000, , , ,0.000000,0.325195,0.000000
35048.000000,1755100.000000,75549924.000000,0.002900,-0.046400,-1.003400, , , 
35049.000000,1755198.000000,75549924.000000, , , ,-0.650391,0.000000,0.000000
35050.000000,1755199.000000,75549924.000000,0.002900,-0.031900,-0.988900, , , 
35051.000000,1755299.000000,75549924.000000, , , ,-0.325195,0.325195,0.000000
35052.000000,1755300.000000,75549924.000000,0.002900,-0.008700,-1.015000, , , 
35053.000000,1755399.000000,75549924.000000,0.008700,-0.031900,-1.006300, , , 
35054.000000,1755400.000000,75549924.000000, , , ,-0.975586,0.000000,0.000000
35055.000000,1755500.000000,75549924.000000,0.040600,-0.029000,-0.936700, , , 
35056.000000,1755501.000000,75549924.000000, , , ,-1.300781,-0.650391,-0.325195
35057.000000,1755592.000000,75549924.000000, , , ,-0.325195,-1.625977,-0.325195
35058.000000,1755599.000000,75549924.000000,-0.008700,-0.029000,-0.925100, , , 
35059.000000,1755693.000000,75549924.000000, , , ,-0.650391,0.325195,-0.325195
35060.000000,1755700.000000,75549924.000000,-0.011600,-0.023200,-1.006300, , , 
35061.000000,1755794.000000,75549924.000000, , , ,-0.975586,0.325195,0.000000
35062.000000,1755799.000000,75549924.000000,0.029000,-0.011600,-0.997600, , , 
35063.000000,1755895.000000,75549924.000000, , , ,-0.650391,-0.650391,0.000000
35064.000000,1755900.000000,75549924.000000,0.002900,-0.040600,-1.009200, , , 
35065.000000,1755996.000000,75549924.000000, , , ,-1.625977,0.650391,-0.650391
35066.000000,1755999.000000,75549924.000000,-0.037700,-0.075400,-1.012100, , , 
35067.000000,1756097.000000,75549924.000000, , , ,-1.625977,0.325195,0.000000
35068.000000,1756100.000000,75549924.000000,0.014500,-0.072500,-1.035300, , , 
35069.000000,1756198.000000,75549924.000000, , , ,-1.951172,0.650391,0.000000
35070.000000,1756199.000000,75549924.000000,-0.005800,-0.026100,-0.997600, , , 
35071.000000,1756299.000000,75549924.000000, , , ,-1.951172,0.650391,-0.975586
35072.000000,1756300.000000,75549924.000000,0.000000,-0.017400,-1.023700, , , 
35073.000000,1756399.000000,75549924.000000,0.026100,-0.026100,-1.009200, , , 
35074.000000,1756400.000000,75549924.000000, , , ,-3.577148,0.000000,-0.325195
35075.000000,1756500.000000,75549924.000000,0.014500,0.002900,-0.922200, , , 
35076.000000,1756501.000000,75549924.000000, , , ,0.325195,-0.650391,0.000000
35077.000000,1756592.000000,75549924.000000, , , ,1.951172,-0.975586,-0.325195
35078.000000,1756599.000000,75549924.000000,-0.002900,0.014500,-0.925100, , , 
35079.000000,1756693.000000,75549924.000000, , , ,1.951172,0.000000,-0.650391
35080.000000,1756700.000000,75549924.000000,0.005800,-0.031900,-0.968600, , , 
35081.000000,1756794.000000,75549924.000000, , , ,1.300781,0.650391,-0.650391
35082.000000,1756799.000000,75549924.000000,-0.023200,-0.046400,-1.017900, , , 
35083.000000,1756895.000000,75549924.000000, , , ,-1.625977,0.325195,0.000000
35084.000000,1756900.000000,75549924.000000,0.014500,-0.075400,-1.067200, , , 
35085.000000,1756996.000000,75549924.000000, , , ,-1.951172,-0.650391,0.000000
35086.000000,1756999.000000,75549924.000000,0.011600,-0.049300,-1.009200, , , 
35087.000000,1757097.000000,75549924.000000, , , ,-1.951172,0.000000,0.000000
35088.000000,1757100.000000,75549924.000000,-0.002900,-0.026100,-0.980200, , , 
35089.000000,1757198.000000,75549924.000000, , , ,-0.975586,0.325195,0.000000
35090.000000,1757199.000000,75549924.000000,0.014500,-0.002900,-0.994700, , , 
35091.000000,1757299.000000,75549924.000000, , , ,0.325195,0.000000,-0.325195
35092.000000,1757300.000000,75549924.000000,0.005800,-0.002900,-0.991800, , , 
35093.000000,1757399.000000,75549924.000000,-0.014500,-0.043500,-1.032400, , , 
35094.000000,1757400.000000,75549924.000000, , , ,0.000000,0.325195,0.000000
35095.000000,1757500.000000,75549924.000000,0.000000,-0.052200,-1.075900, , , 
35096.000000,1757501.000000,75549924.000000, , , ,-1.625977,1.625977,0.000000
35097.000000,1757592.000000,75549924.000000, , , ,-0.650391,-0.650391,0.000000
35098.000000,1757599.000000,75549924.000000,0.037700,-0.014500,-0.997600, , , 
35099.000000,1757693.000000,75549924.000000, , , ,0.325195,-0.650391,0.000000
35100.000000,1757700.000000,75549924.000000,-0.002900,-0.014500,-0.959900, , , 
35101.000000,1757794.000000,75549924.000000, , , ,-0.325195,0.000000,0.000000
35102.000000,1757799.000000,75549924.000000,-0.005800,-0.031900,-0.986000, , , 
35103.000000,1757895.000000,75549924.000000, , , ,-1.625977,0.650391,0.325195
35104.000000,1757900.000000,75549924.000000,0.008700,-0.026100,-1.012100, , , 
35105.000000,1757996.000000,75549924.000000, , , ,-0.650391,-0.325195,0.000000
35106.000000,1757999.000000,75549924.000000,0.023200,0.002900,-0.968600, , , 
35107.000000,1758097.000000,75549924.000000, , , ,-0.325195,-0.650391,0.000000
35108.000000,1758100.000000,75549924.000000,0.011600,0.002900,-0.951200, , , 
35109.000000,1758198.000000,75549924.000000, , , ,-0.650391,0.000000,0.000000
35110.000000,1758199.000000,75549924.000000,0.002900,-0.005800,-0.983100, , , 
35111.000000,1758299.000000,75549924.000000, , , ,-0.975586,0.650391,0.000000
35112.000000,1758300.000000,75549924.000000,0.000000,0.002900,-1.026600, , , 
35113.000000,1758399.000000,75549924.000000,0.034800,-0.008700,-1.000500, , , 
35114.000000,1758400.000000,75549924.000000, , , ,0.000000,-0.325195,0.000000
35115.000000,1758500.000000,75549924.000000,-0.002900,-0.034800,-0.980200, , , 
35116.000000,1758501.000000,75549924.000000, , , ,0.000000,0.000000,0.000000
35117.000000,1758592.000000,75549924.000000, , , ,-0.325195,-0.650391,0.000000
35118.000000,1758599.000000,75549924.000000,0.026100,-0.017400,-0.997600, , , 
35119.000000,1758693.000000,75549924.000000, , , ,-1.625977,0.000000,0.325195
35120.000000,1758700.000000,75549924.000000,-0.005800,-0.005800,-0.983100, , , 
35121.000000,1758794.000000,75549924.000000, , , ,-0.650391,0.650391,0.000000
35122.000000,1758799.000000,75549924.000000,0.011600,-0.008700,-1.026600, , , 
35123.000000,1758895.000000,75549924.000000, , , ,-1.300781,1.300781,0.325195
35124.000000,1758900.000000,75549924.000000,0.020300,-0.029000,-1.061400, , , 
35125.000000,1758996.000000,75549924.000000, , , ,-2.601563,0.000000,0.000000
35126.000000,1759001.000000,75549924.000000,0.049300,-0.017400,-1.017900, , , 
35127.000000,1759096.000000,75549924.000000, , , ,-0.975586,-0.650391,0.000000
35128.000000,1759099.000000,75549924.000000,0.031900,0.002900,-0.962800, , , 
35129.000000,1759197.000000,75549924.000000, , , ,0.000000,0.000000,-0.325195
35130.000000,1759200.000000,75549924.000000,0.008700,0.000000,-1.003400, , , 
35131.000000,1759298.000000,75549924.000000, , , ,0.650391,0.650391,-0.975586
35132.000000,1759299.000000,75549924.000000,0.023200,-0.023200,-1.017900, , , 
35133.000000,1759399.000000,75549924.000000, , , ,0.000000,0.000000,-0.650391
35134.000000,1759400.000000,75549924.000000,0.040600,-0.060900,-0.997600, , , 
35135.000000,1759499.000000,75549924.000000,0.029000,-0.020300,-0.951200, , , 
35136.000000,1759500.000000,75549924.000000, , , ,-0.325195,-0.975586,-0.325195
35137.000000,1759600.000000,75549924.000000,0.002900,-0.034800,-0.968600, , , 
35138.000000,1759601.000000,75549924.000000, , , ,0.000000,0.000000,-0.650391
35139.000000,1759692.000000,75549924.000000, , , ,-0.650391,0.000000,-0.650391
35140.000000,1759699.000000,75549924.000000,0.023200,-0.034800,-1.020800, , , 
35141.000000,1759793.000000,75549924.000000, , , ,-0.325195,1.300781,0.000000
35142.000000,1759800.000000,75549924.000000,0.029000,-0.031900,-1.023700, , , 
35143.000000,1759894.000000,75549924.000000, , , ,0.000000,-0.325195,-0.325195
35144.000000,1759899.000000,75549924.000000,0.040600,-0.029000,-1.015000, , , 
35145.000000,1759995.000000,75549924.000000, , , ,0.000000,0.000000,-0.975586
35146.000000,1760000.000000,75549924.000000,0.029000,-0.043500,-1.006300, , , 
35147.000000,1760096.000000,75549924.000000, , , ,-0.650391,0.000000,-0.650391
35148.000000,1760099.000000,75549924.000000,0.020300,-0.037700,-1.000500, , , 
35149.000000,1760197.000000,75549924.000000, , , ,-0.325195,0.325195,-0.325195
35150.000000,1760200.000000,75549924.000000,0.029000,-0.049300,-1.012100, , , 
35151.000000,1760298.000000,75549924.000000, , , ,-0.650391,0.000000,-0.325195
35152.000000,1760299.000000,75549924.000000,0.040600,-0.031900,-0.991800, , , 
35153.000000,1760399.000000,75549924.000000, , , ,-0.325195,-1.625977,-0.325195
35154.000000,1760400.000000,75549924.000000,0.026100,-0.037700,-0.942500, , , 
35155.000000,1760499.000000,75549924.000000,0.017400,-0.037700,-0.962800, , , 
35156.000000,1760500.000000,75549924.000000, , , ,-0.975586,0.325195,-0.325195
35157.000000,1760600.000000,75549924.000000,0.029000,-0.034800,-1.020800, , , 
35158.000000,1760601.000000,75549924.000000, , , ,-0.975586,0.000000,-0.325195
35159.000000,1760692.000000,75549924.000000, , , ,-0.325195,0.325195,0.325195
35160.000000,1760699.000000,75549924.000000,0.046400,-0.011600,-1.006300, , , 
35161.000000,1760793.000000,75549924.000000, , , ,0.000000,-0.325195,-0.325195
35162.000000,1760800.000000,75549924.000000,0.029000,-0.011600,-0.951200, , , 
35163.000000,1760894.000000,75549924.000000, , , ,0.000000,0.000000,-0.325195
35164.000000,1760899.000000,75549924.000000,0.014500,-0.034800,-1.020800, , , 
35165.000000,1760995.000000,75549924.000000, , , ,-1.300781,1.300781,-0.325195
35166.000000,1761000.000000,75549924.000000,0.043500,-0.060900,-1.052700, , , 
35167.000000,1761096.000000,75549924.000000, , , ,-1.625977,-0.650391,0.000000
35168.000000,1761099.000000,75549924.000000,0.046400,-0.002900,-0.983100, , , 
35169.000000,1761197.000000,75549924.000000, , , ,-1.625977,0.325195,0.325195
35170.000000,1761200.000000,75549924.000000,0.023200,-0.026100,-1.000500, , , 
35171.000000,1761298.000000,75549924.000000, , , ,-1.300781,-0.650391,0.000000
35172.000000,1761299.000000,75549924.000000,0.049300,0.005800,-0.974400, , , 
35173.000000,1761399.000000,75549924.000000, , , ,-0.975586,1.300781,0.000000
35174.000000,1761400.000000,75549924.000000,0.020300,-0.008700,-1.020800, , , 
35175.000000,1761499.000000,75549924.000000,0.034800,-0.023200,-1.058500, , , 
35176.000000,1761500.000000,75549924.000000, , , ,-1.300781,0.325195,0.000000
35177.000000,1761600.000000,75549924.000000,0.029000,-0.023200,-1.017900, , , 
35178.000000,1761601.000000,75549924.000000, , , ,-0.650391,0.000000,-0.325195
35179.000000,1761692.000000,75549924.000000, , , ,-0.325195,0.650391,0.000000
35180.000000,1761699.000000,75549924.000000,0.029000,-0.011600,-1.000500, , , 
35181.000000,1761793.000000,75549924.000000, , , ,-1.300781,0.650391,-0.325195
35182.000000,1761800.000000,75549924.000000,0.037700,-0.034800,-1.029500, , , 
35183.000000,1761894.000000,75549924.000000, , , ,-1.300781,0.325195,0.000000
35184.000000,1761899.000000,75549924.000000,0.072500,-0.023200,-0.986000, , , 
35185.000000,1761995.000000,75549924.000000, , , ,-1.300781,-0.325195,0.000000
35186.000000,1762000.000000,75549924.000000,0.037700,-0.002900,-0.959900, , , 
35187.000000,1762096.000000,75549924.000000, , , ,-0.325195,-0.650391,0.000000
35188.000000,1762099.000000,75549924.000000,0.046400,0.005800,-0.965700, , , 
35189.000000,1762197.000000,75549924.000000, , , ,0.325195,0.000000,0.000000
35190.000000,1762200.000000,75549924.000000,0.026100,0.000000,-1.006300, , , 
35191.000000,1762298.000000,75549924.000000, , , ,0.975586,0.325195,-0.325195
35192.000000,1762299.000000,75549924.000000,0.049300,-0.005800,-1.017900, , , 
35193.000000,1762399.000000,75549924.000000, , , ,0.000000,0.000000,0.000000
35194.000000,1762400.000000,75549924.000000,0.060900,-0.034800,-1.006300, , , 
35195.000000,1762499.000000,75549924.000000,0.052200,-0.026100,-0.971500, , , 
35196.000000,1762500.000000,75549924.000000, , , ,-0.650391,-0.325195,0.000000
35197.000000,1762600.000000,75549924.000000,0.046400,-0.008700,-0.948300, , , 
35198.000000,1762601.000000,75549924.000000, , , ,-0.975586,0.000000,0.000000
35199.000000,1762692.000000,75549924.000000, , , ,-1.300781,0.000000,0.000000
35200.000000,1762699.000000,75549924.000000,0.037700,0.005800,-0.980200, , , 
35201.000000,1762793.000000,75549924.000000, , , ,-1.300781,0.650391,0.000000
35202.000000,1762800.000000,75549924.000000,0.023200,0.000000,-1.006300, , , 
35203.000000,1762894.000000,75549924.000000, , , ,-1.951172,0.000000,0.000000
35204.000000,1762899.000000,75549924.000000,0.049300,-0.011600,-0.994700, , , 
35205.000000,1762995.000000,75549924.000000, , , ,-1.300781,-1.300781,0.000000
35206.000000,1763000.000000,75549924.000000,0.040600,0.000000,-0.971500, , , 
35207.000000,1763096.000000,75549924.000000, , , ,-0.975586,0.000000,0.000000
35208.000000,1763099.000000,75549924.000000,0.040600,0.029000,-0.974400, , , 
35209.000000,1763197.000000,75549924.000000, , , ,-0.325195,-0.325195,0.000000
35210.000000,1763200.000000,75549924.000000,0.052200,0.002900,-0.991800, , , 
35211.000000,1763298.000000,75549924.000000, , , ,0.325195,0.000000,0.000000
35212.000000,1763299.000000,75549924.000000,0.055100,-0.017400,-0.983100, , , 
35213.000000,1763399.000000,75549924.000000, , , ,-0.325195,-0.325195,0.000000
35214.000000,1763400.000000,75549924.000000,0.034800,-0.017400,-0.971500, , , 
35215.000000,1763499.000000,75549924.000000,0.055100,-0.014500,-0.994700, , , 
35216.000000,1763500.000000,75549924.000000, , , ,-0.325195,0.000000,0.000000
35217.000000,1763600.000000,75549924.000000,0.055100,-0.017400,-0.986000, , , 
35218.000000,1763601.000000,75549924.000000, , , ,-1.300781,0.000000,0.000000
35219.000000,1763692.000000,75549924.000000, , , ,-1.300781,-0.975586,0.000000
35220.000000,1763699.000000,75549924.000000,0.049300,0.002900,-0.962800, , , 
35221.000000,1763793.000000,75549924.000000, , , ,-0.325195,0.325195,0.000000
35222.000000,1763800.000000,75549924.000000,0.046400,-0.011600,-0.997600, , , 
35223.000000,1763894.000000,75549924.000000, , , ,0.000000,-1.300781,0.000000
35224.000000,1763899.000000,75549924.000000,0.066700,0.011600,-0.968600, , , 
35225.000000,1763995.000000,75549924.000000, , , ,0.000000,0.000000,0.000000
35226.000000,1764000.000000,75549924.000000,0.058000,-0.011600,-0.951200, , , 
35227.000000,1764096.000000,75549924.000000, , , ,-0.650391,-0.325195,0.000000
35228.000000,1764099.000000,75549924.000000,0.046400,-0.014500,-0.983100, , , 
35229.000000,1764197.000000,75549924.000000, , , ,-0.650391,-0.650391,0.000000
35230.000000,1764200.000000,75549924.000000,0.066700,-0.023200,-0.968600, , , 
35231.000000,1764298.000000,75549924.000000, , , ,0.000000,-0.325195,0.325195
35232.000000,1764299.000000,75549924.000000,0.034800,0.008700,-0.942500, , , 
35233.000000,1764399.000000,75549924.000000, , , ,-0.650391,-0.975586,0.000000
35234.000000,1764400.000000,75549924.000000,0.049300,-0.023200,-0.988900, , , 
35235.000000,1764499.000000,75549924.000000,0.055100,-0.017400,-0.974400, , , 
35236.000000,1764500.000000,75549924.000000, , , ,-1.625977,0.000000,-0.325195
35237.000000,1764600.000000,75549924.000000,0.052200,-0.017400,-0.957000, , , 
35238.000000,1764601.000000,75549924.000000, , , ,-1.300781,-0.975586,0.000000
35239.000000,1764692.000000,75549924.000000, , , ,-1.300781,0.000000,0.000000
35240.000000,1764699.000000,75549924.000000,0.037700,0.000000,-0.980200, , , 
35241.000000,1764793.000000,75549924.000000, , , ,-0.650391,-0.650391,0.000000
35242.000000,1764800.000000,75549924.000000,0.078300,-0.011600,-0.980200, , , 
35243.000000,1764894.000000,75549924.000000, , , ,-0.325195,-0.325195,-0.325195
35244.000000,1764899.000000,75549924.000000,0.052200,0.000000,-0.945400, , , 
35245.000000,1764995.000000,75549924.000000, , , ,-0.650391,-0.650391,-0.325195
35246.000000,1765000.000000,75549924.000000,0.043500,-0.014500,-0.980200, , , 
35247.000000,1765096.000000,75549924.000000, , , ,-0.650391,-0.325195,0.000000
35248.000000,1765099.000000,75549924.000000,0.049300,-0.040600,-0.980200, , , 
35249.000000,1765197.000000,75549924.000000, , , ,-1.625977,-0.325195,-0.325195
35250.000000,1765200.000000,75549924.000000,0.040600,-0.037700,-0.974400, , , 
35251.000000,1765298.000000,75549924.000000, , , ,-1.625977,-0.650391,-0.325195
35252.000000,1765299.000000,75549924.000000,0.049300,-0.002900,-0.983100, , , 
35253.000000,1765399.000000,75549924.000000, , , ,-1.300781,-0.325195,-0.325195
35254.000000,1765400.000000,75549924.000000,0.046400,0.002900,-0.980200, , , 
35255.000000,1765499.000000,75549924.000000,0.058000,-0.002900,-0.974400, , , 
35256.000000,1765500.000000,75549924.000000, , , ,-0.650391,0.000000,-0.325195
35257.000000,1765600.000000,75549924.000000,0.046400,-0.008700,-0.954100, , , 
35258.000000,1765601.000000,75549924.000000, , , ,-0.650391,-0.975586,-0.650391
35259.000000,1765692.000000,75549924.000000, , , ,-0.325195,0.000000,-0.650391
35260.000000,1765699.000000,75549924.000000,0.034800,-0.026100,-0.991800, , , 
35261.000000,1765793.000000,75549924.000000, , , ,-0.325195,0.000000,-0.650391
35262.000000,1765800.000000,75549924.000000,0.063800,-0.020300,-0.980200, , , 
35263.000000,1765894.000000,75549924.000000, , , ,0.000000,-1.300781,0.000000
35264.000000,1765899.000000,75549924.000000,0.043500,-0.005800,-0.945400, , , 
35265.000000,1765995.000000,75549924.000000, , , ,0.000000,-0.325195,-0.650391
35266.000000,1766000.000000,75549924.000000,0.055100,-0.040600,-0.942500, , , 
35267.000000,1766096.000000,75549924.000000, , , ,0.000000,-1.625977,-0.325195
35268.000000,1766099.000000,75549924.000000,0.052200,-0.017400,-0.919300, , , 
35269.000000,1766197.000000,75549924.000000, , , ,-0.325195,-0.975586,-0.325195
35270.000000,1766200.000000,75549924.000000,0.029000,-0.029000,-0.962800, , , 
35271.000000,1766298.000000,75549924.000000, , , ,-0.650391,0.000000,-0.325195
35272.000000,1766299.000000,75549924.000000,0.046400,-0.040600,-1.006300, , , 
35273.000000,1766399.000000,75549924.000000, , , ,-1.300781,-0.975586,0.000000
35274.000000,1766400.000000,75549924.000000,0.058000,-0.020300,-0.977300, , , 
35275.000000,1766499.000000,75549924.000000,0.037700,-0.005800,-0.954100, , , 
35276.000000,1766500.000000,75549924.000000, , , ,-0.325195,-0.325195,-0.325195
35277.000000,1766600.000000,75549924.000000,0.069600,-0.020300,-0.971500, , , 
35278.000000,1766601.000000,75549924.000000, , , ,-0.650391,-0.650391,0.000000
35279.000000,1766692.000000,75549924.000000, , , ,-0.325195,0.000000,0.000000
35280.000000,1766699.000000,75549924.000000,0.040600,-0.023200,-0.974400, , , 
35281.000000,1766793.000000,75549924.000000, , , ,-0.975586,-0.650391,-0.325195
35282.000000,1766800.000000,75549924.000000,0.023200,-0.049300,-0.988900, , , 
35283.000000,1766894.000000,75549924.000000, , , ,-0.975586,0.000000,0.325195
35284.000000,1766899.000000,75549924.000000,0.049300,-0.008700,-1.006300, , , 
35285.000000,1766995.000000,75549924.000000, , , ,0.000000,-0.650391,0.000000
35286.000000,1767000.000000,75549924.000000,0.055100,0.002900,-0.971500, , , 
35287.000000,1767096.000000,75549924.000000, , , ,0.000000,-0.650391,0.000000
35288.000000,1767099.000000,75549924.000000,0.040600,0.008700,-0.939600, , , 
35289.000000,1767197.000000,75549924.000000, , , ,0.000000,-0.650391,-0.650391
35290.000000,1767200.000000,75549924.000000,0.043500,-0.040600,-0.974400, , , 
35291.000000,1767298.000000,75549924.000000, , , ,0.000000,-1.300781,-0.650391
35292.000000,1767299.000000,75549924.000000,0.052200,-0.020300,-0.939600, , , 
35293.000000,1767399.000000,75549924.000000, , , ,0.000000,-0.325195,0.000000
35294.000000,1767400.000000,75549924.000000,0.037700,-0.023200,-0.936700, , , 
35295.000000,1767499.000000,75549924.000000,0.034800,-0.046400,-1.003400, , , 
35296.000000,1767500.000000,75549924.000000, , , ,-0.325195,0.000000,-0.325195
35297.000000,1767600.000000,75549924.000000,0.043500,-0.049300,-0.991800, , , 
35298.000000,1767601.000000,75549924.000000, , , ,-0.325195,-0.325195,-0.650391
35299.000000,1767692.000000,75549924.000000, , , ,0.000000,-0.325195,-0.325195
35300.000000,1767699.000000,75549924.000000,0.043500,-0.023200,-0.957000, , , 
35301.000000,1767793.000000,75549924.000000, , , ,-0.650391,-0.650391,-0.650391
35302.000000,1767800.000000,75549924.000000,0.017400,-0.037700,-0.965700, , , 
35303.000000,1767894.000000,75549924.000000, , , ,-0.325195,0.000000,-0.325195
35304.000000,1767899.000000,75549924.000000,0.043500,-0.026100,-0.965700, , , 
35305.000000,1767995.000000,75549924.000000, , , ,0.000000,-0.650391,0.000000
35306.000000,1768000.000000,75549924.000000,0.031900,-0.049300,-0.974400, , , 
35307.000000,1768096.000000,75549924.000000, , , ,0.000000,-0.975586,-0.325195
35308.000000,1768099.000000,75549924.000000,0.034800,-0.040600,-0.948300, , , 
35309.000000,1768197.000000,75549924.000000, , , ,0.000000,0.000000,-0.325195
35310.000000,1768200.000000,75549924.000000,0.029000,-0.023200,-0.939600, , , 
35311.000000,1768298.000000,75549924.000000, , , ,-0.325195,-0.975586,-0.325195
35312.000000,1768299.000000,75549924.000000,0.020300,-0.023200,-0.977300, , , 
35313.000000,1768399.000000,75549924.000000, , , ,-0.325195,0.000000,0.000000
35314.000000,1768400.000000,75549924.000000,0.031900,-0.029000,-0.986000, , , 
35315.000000,1768499.000000,75549924.000000,0.029000,-0.029000,-0.977300, , , 
35316.000000,1768500.000000,75549924.000000, , , ,-0.650391,0.000000,-0.325195
35317.000000,1768600.000000,75549924.000000,0.031900,-0.034800,-0.968600, , , 
35318.000000,1768601.000000,75549924.000000, , , ,-0.650391,-1.300781,0.000000
35319.000000,1768692.000000,75549924.000000, , , ,-0.650391,0.000000,0.000000
35320.000000,1768699.000000,75549924.000000,0.020300,-0.023200,-0.959900, , , 
35321.000000,1768793.000000,75549924.000000, , , ,-1.300781,-0.325195,0.000000
35322.000000,1768800.000000,75549924.000000,0.005800,-0.034800,-0.983100, , , 
35323.000000,1768894.000000,75549924.000000, , , ,-1.300781,0.000000,0.000000
35324.000000,1768899.000000,75549924.000000,0.005800,-0.020300,-1.006300, , , 
35325.000000,1768995.000000,75549924.000000, , , ,-0.650391,0.000000,0.000000
35326.000000,1769000.000000,75549924.000000,0.029000,-0.005800,-0.997600, , , 
35327.000000,1769096.000000,75549924.000000, , , ,0.000000,-0.325195,-0.325195
35328.000000,1769099.000000,75549924.000000,0.026100,-0.017400,-0.954100, , , 
35329.000000,1769197.000000,75549924.000000, , , ,0.000000,-0.975586,-0.325195
35330.000000,1769200.000000,75549924.000000,0.008700,0.000000,-0.948300, , , 
35331.000000,1769298.000000,75549924.000000, , , ,-0.325195,-0.325195,-0.325195
35332.000000,1769299.000000,75549924.000000,0.011600,-0.026100,-0.986000, , , 
35333.000000,1769399.000000,75549924.000000, , , ,-0.650391,0.000000,0.000000
35334.000000,1769400.000000,75549924.000000,0.008700,-0.037700,-0.977300, , , 
35335.000000,1769499.000000,75549924.000000,0.008700,-0.040600,-0.933800, , , 
35336.000000,1769500.000000,75549924.000000, , , ,-0.325195,-0.975586,0.000000
35337.000000,1769600.000000,75549924.000000,-0.005800,-0.023200,-0.945400, , , 
35338.000000,1769601.000000,75549924.000000, , , ,0.000000,-0.975586,-0.325195
35339.000000,1769692.000000,75549924.000000, , , ,0.000000,0.325195,-0.325195
35340.000000,1769699.000000,75549924.000000,-0.005800,-0.034800,-1.009200, , , 
35341.000000,1769793.000000,75549924.000000, , , ,-0.975586,-0.325195,-0.325195
35342.000000,1769800.000000,75549924.000000,0.011600,-0.026100,-0.994700, , , 
35343.000000,1769894.000000,75549924.000000, , , ,-1.300781,-0.325195,0.000000
35344.000000,1769899.000000,75549924.000000,0.017400,-0.040600,-0.977300, , , 
35345.000000,1769995.000000,75549924.000000, , , ,-1.300781,-0.975586,0.000000
35346.000000,1770000.000000,75549924.000000,0.014500,-0.011600,-0.939600, , , 
35347.000000,1770096.000000,75549924.000000, , , ,0.000000,0.000000,0.000000
35348.000000,1770099.000000,75549924.000000,0.017400,-0.005800,-0.957000, , , 
35349.000000,1770197.000000,75549924.000000, , , ,0.000000,0.000000,0.000000
35350.000000,1770200.000000,75549924.000000,0.000000,-0.011600,-1.006300, , , 
35351.000000,1770298.000000,75549924.000000, , , ,-0.325195,0.000000,0.000000
35352.000000,1770299.000000,75549924.000000,0.029000,-0.017400,-1.020800, , , 
35353.000000,1770399.000000,75549924.000000, , , ,-0.650391,0.325195,0.000000
35354.000000,1770400.000000,75549924.000000,-0.002900,-0.005800,-1.023700, , , 
35355.000000,1770499.000000,75549924.000000,0.002900,-0.020300,-1.029500, , , 
35356.000000,1770500.000000,75549924.000000, , , ,0.000000,0.325195,0.000000
35357.000000,1770600.000000,75549924.000000,0.005800,-0.014500,-1.020800, , , 
35358.000000,1770601.000000,75549924.000000, , , ,0.000000,0.975586,0.000000
35359.000000,1770692.000000,75549924.000000, , , ,0.325195,-0.325195,0.000000
35360.000000,1770699.000000,75549924.000000,0.011600,-0.005800,-0.971500, , , 
35361.000000,1770793.000000,75549924.000000, , , ,0.325195,-0.325195,-0.325195
35362.000000,1770800.000000,75549924.000000,0.011600,-0.008700,-0.933800, , , 
35363.000000,1770894.000000,75549924.000000, , , ,0.000000,-0.325195,0.000000
35364.000000,1770899.000000,75549924.000000,0.000000,-0.026100,-0.968600, , , 
35365.000000,1770995.000000,75549924.000000, , , ,0.000000,0.000000,0.000000
35366.000000,1771000.000000,75549924.000000,-0.002900,-0.052200,-0.986000, , , 
35367.000000,1771096.000000,75549924.000000, , , ,-0.325195,-0.975586,0.000000
35368.000000,1771099.000000,75549924.000000,0.031900,-0.017400,-0.939600, , , 
35369.000000,1771197.000000,75549924.000000, , , ,-0.325195,-0.975586,0.325195
35370.000000,1771200.000000,75549924.000000,-0.011600,-0.014500,-0.959900, , , 
35371.000000,1771298.000000,75549924.000000, , , ,-0.975586,0.000000,0.000000
35372.000000,1771299.000000,75549924.000000,0.011600,-0.034800,-0.980200, , , 
35373.000000,1771399.000000,75549924.000000, , , ,-1.300781,-0.325195,0.000000
35374.000000,1771400.000000,75549924.000000,0.005800,-0.014500,-0.962800, , , 
35375.000000,1771499.000000,75549924.000000,-0.005800,-0.026100,-0.959900, , , 
35376.000000,1771500.000000,75549924.000000, , , ,-1.300781,-0.325195,0.000000
35377.000000,1771600.000000,75549924.000000,0.000000,-0.020300,-0.983100, , , 
35378.000000,1771601.000000,75549924.000000, , , ,-1.300781,0.000000,0.650391
35379.000000,1771692.000000,75549924.000000, , , ,-1.625977,0.000000,0.000000
35380.000000,1771699.000000,75549924.000000,0.008700,-0.020300,-1.000500, , , 
35381.000000,1771793.000000,75549924.000000, , , ,-1.300781,-0.975586,0.000000
35382.000000,1771800.000000,75549924.000000,0.002900,-0.005800,-0.954100, , , 
35383.000000,1771894.000000,75549924.000000, , , ,-1.300781,-0.650391,0.000000
35384.000000,1771899.000000,75549924.000000,-0.005800,-0.026100,-0.945400, , , 
35385.000000,1771995.000000,75549924.000000, , , ,-0.975586,0.000000,-0.325195
35386.000000,1772000.000000,75549924.000000,-0.005800,-0.046400,-1.003400, , , 
35387.000000,1772096.000000,75549924.000000, , , ,-0.650391,-0.325195,-0.650391
35388.000000,1772099.000000,75549924.000000,0.020300,-0.023200,-0.980200, , , 
35389.000000,1772197.000000,75549924.000000, , , ,0.000000,-0.650391,-0.325195
35390.000000,1772200.000000,75549924.000000,0.000000,-0.037700,-0.936700, , , 
35391.000000,1772298.000000,75549924.000000, , , ,0.000000,-0.975586,-0.325195
35392.000000,1772299.000000,75549924.000000,-0.005800,-0.029000,-0.965700, , , 
35393.000000,1772399.000000,75549924.000000, , , ,-0.325195,0.000000,-0.325195
35394.000000,1772400.000000,75549924.000000,0.000000,-0.043500,-1.003400, , , 
35395.000000,1772499.000000,75549924.000000,0.023200,-0.026100,-1.000500, , , 
35396.000000,1772500.000000,75549924.000000, , , ,-0.325195,0.000000,-0.650391
35397.000000,1772600.000000,75549924.000000,0.000000,-0.029000,-1.003400, , , 
35398.000000,1772601.000000,75549924.000000, , , ,-0.325195,0.000000,0.000000
35399.000000,1772692.000000,75549924.000000, , , ,-0.650391,0.000000,0.000000
35400.000000,1772699.000000,75549924.000000,0.000000,-0.034800,-0.986000, , , 
35401.000000,1772793.000000,75549924.000000, , , ,-0.975586,0.325195,-0.325195
35402.000000,1772800.000000,75549924.000000,0.002900,-0.034800,-0.994700, , , 
35403.000000,1772894.000000,75549924.000000, , , ,-0.975586,-0.975586,-0.325195
35404.000000,1772899.000000,75549924.000000,0.002900,-0.040600,-0.988900, , , 
35405.000000,1772995.000000,75549924.000000, , , ,-0.975586,0.000000,-0.325195
35406.000000,1773000.000000,75549924.000000,0.014500,-0.008700,-0.968600, , , 
35407.000000,1773096.000000,75549924.000000, , , ,-0.975586,0.000000,-0.325195
35408.000000,1773099.000000,75549924.000000,-0.005800,-0.031900,-0.988900, , , 
35409.000000,1773197.000000,75549924.000000, , , ,0.000000,0.000000,-0.325195
35410.000000,1773200.000000,75549924.000000,0.011600,-0.029000,-0.986000, , , 
35411.000000,1773298.000000,75549924.000000, , , ,0.000000,0.000000,0.000000
35412.000000,1773299.000000,75549924.000000,-0.005800,-0.026100,-1.000500, , , 
35413.000000,1773399.000000,75549924.000000, , , ,-0.650391,0.000000,0.000000
35414.000000,1773400.000000,75549924.000000,-0.005800,-0.043500,-0.994700, , , 
35415.000000,1773499.000000,75549924.000000,0.017400,-0.026100,-0.939600, , , 
35416.000000,1773500.000000,75549924.000000, , , ,-0.650391,-0.650391,0.000000
35417.000000,1773600.000000,75549924.000000,-0.002900,-0.011600,-0.945400, , , 
35418.000000,1773601.000000,75549924.000000, , , ,-0.975586,-0.650391,0.000000
35419.000000,1773692.000000,75549924.000000, , , ,-0.325195,0.325195,0.000000
35420.000000,1773699.000000,75549924.000000,-0.017400,-0.020300,-1.003400, , , 
35421.000000,1773793.000000,75549924.000000, , , ,-0.325195,0.000000,0.000000
35422.000000,1773800.000000,75549924.000000,0.008700,-0.005800,-0.991800, , , 
35423.000000,1773894.000000,75549924.000000, , , ,0.000000,-0.975586,-0.325195
35424.000000,1773899.000000,75549924.000000,-0.017400,-0.034800,-0.980200, , , 
35425.000000,1773995.000000,75549924.000000, , , ,-0.325195,0.000000,0.000000
35426.000000,1774000.000000,75549924.000000,0.020300,-0.011600,-0.974400, , , 
35427.000000,1774096.000000,75549924.000000, , , ,-0.975586,0.000000,0.000000
35428.000000,1774099.000000,75549924.000000,-0.002900,-0.011600,-0.986000, , , 
35429.000000,1774197.000000,75549924.000000, , , ,-0.975586,0.000000,0.000000
35430.000000,1774200.000000,75549924.000000,0.000000,-0.020300,-1.003400, , , 
35431.000000,1774298.000000,75549924.000000, , , ,-0.975586,0.000000,0.000000
35432.000000,1774299.000000,75549924.000000,-0.005800,-0.005800,-0.988900, , , 
35433.000000,1774399.000000,75549924.000000, , , ,-0.975586,-0.325195,0.000000
35434.000000,1774400.000000,75549924.000000,0.008700,-0.002900,-1.012100, , , 
35435.000000,1774499.000000,75549924.000000,-0.005800,-0.017400,-1.009200, , , 
35436.000000,1774500.000000,75549924.000000, , , ,-0.975586,0.325195,0.000000
35437.000000,1774600.000000,75549924.000000,0.000000,-0.031900,-0.988900, , , 
35438.000000,1774601.000000,75549924.000000, , , ,-0.975586,0.000000,0.000000
35439.000000,1774692.000000,75549924.000000, , , ,-0.325195,0.325195,0.000000
35440.000000,1774699.000000,75549924.000000,-0.002900,0.023200,-1.006300, , , 
35441.000000,1774793.000000,75549924.000000, , , ,-0.325195,0.000000,0.000000
35442.000000,1774800.000000,75549924.000000,0.011600,-0.014500,-0.991800, , , 
35443.000000,1774894.000000,75549924.000000, , , ,0.000000,-0.650391,-0.325195
35444.000000,1774899.000000,75549924.000000,0.005800,-0.020300,-0.957000, , , 
35445.000000,1774995.000000,75549924.000000, , , ,-0.325195,0.000000,0.000000
35446.000000,1775000.000000,75549924.000000,-0.011600,-0.014500,-0.971500, , , 
35447.000000,1775096.000000,75549924.000000, , , ,-0.650391,-0.325195,0.000000
35448.000000,1775099.000000,75549924.000000,0.002900,-0.011600,-0.980200, , , 
35449.000000,1775197.000000,75549924.000000, , , ,-0.325195,0.000000,0.000000
35450.000000,1775200.000000,75549924.000000,0.000000,-0.014500,-0.991800, , , 
35451.000000,1775298.000000,75549924.000000, , , ,-0.650391,-0.325195,-0.325195
35452.000000,1775299.000000,75549924.000000,-0.005800,-0.020300,-0.980200, , , 
35453.000000,1775399.000000,75549924.000000, , , ,-0.650391,-0.650391,0.000000
35454.000000,1775400.000000,75549924.000000,0.008700,-0.005800,-0.974400, , , 
35455.000000,1775499.000000,75549924.000000,0.002900,-0.017400,-0.974400, , , 
35456.000000,1775500.000000,75549924.000000, , , ,-0.325195,0.000000,0.000000
35457.000000,1775600.000000,75549924.000000,-0.002900,-0.014500,-0.974400, , , 
35458.000000,1775601.000000,75549924.000000, , , ,-0.975586,0.000000,-0.325195
35459.000000,1775692.000000,75549924.000000, , , ,0.000000,0.000000,-0.325195
35460.000000,1775699.000000,75549924.000000,0.002900,-0.014500,-0.977300, , , 
35461.000000,1775793.000000,75549924.000000, , , ,0.000000,-0.650391,-0.325195
35462.000000,1775800.000000,75549924.000000,0.002900,-0.008700,-0.988900, , , 
35463.000000,1775894.000000,75549924.000000, , , ,0.000000,-0.650391,-0.325195
35464.000000,1775899.000000,75549924.000000,0.000000,-0.034800,-0.974400, , , 
35465.000000,1775995.000000,75549924.000000, , , ,-0.325195,0.000000,0.000000
35466.000000,1776000.000000,75549924.000000,0.000000,-0.031900,-0.968600, , , 
35467.000000,1776096.000000,75549924.000000, , , ,0.000000,-0.325195,-0.325195
35468.000000,1776099.000000,75549924.000000,-0.005800,-0.023200,-0.988900, , , 
35469.000000,1776197.000000,75549924.000000, , , ,0.000000,0.000000,-0.325195
35470.000000,1776200.000000,75549924.000000,0.000000,-0.023200,-0.980200, , , 
35471.000000,1776298.000000,75549924.000000, , , ,-0.325195,-0.650391,-0.325195
35472.000000,1776299.000000,75549924.000000,0.000000,-0.043500,-0.980200, , , 
35473.000000,1776399.000000,75549924.000000, , , ,-0.325195,0.000000,-0.325195
35474.000000,1776400.000000,75549924.000000,0.000000,-0.037700,-0.980200, , , 
35475.000000,1776499.000000,75549924.000000,0.008700,-0.008700,-0.959900, , , 
35476.000000,1776500.000000,75549924.000000, , , ,-0.325195,0.000000,0.000000
35477.000000,1776600.000000,75549924.000000,-0.005800,-0.040600,-0.988900, , , 
35478.000000,1776601.000000,75549924.000000, , , ,-0.975586,-0.975586,0.000000
35479.000000,1776692.000000,75549924.000000, , , ,-0.325195,-0.325195,0.000000
35480.000000,1776699.000000,75549924.000000,0.000000,-0.026100,-0.980200, , , 
35481.000000,1776793.000000,75549924.000000, , , ,0.000000,0.000000,0.000000
35482.000000,1776800.000000,75549924.000000,-0.011600,-0.017400,-0.994700, , , 
35483.000000,1776894.000000,75549924.000000, , , ,-0.325195,0.325195,-0.325195
35484.000000,1776899.000000,75549924.000000,0.000000,-0.031900,-1.012100, , , 
35485.000000,1776995.000000,75549924.000000, , , ,0.000000,-0.325195,0.000000
35486.000000,1777000.000000,75549924.000000,0.008700,-0.026100,-0.977300, , , 
35487.000000,1777096.000000,75549924.000000, , , ,0.000000,0.000000,0.000000
35488.000000,1777099.000000,75549924.000000,0.002900,-0.002900,-0.980200, , , 
35489.000000,1777197.000000,75549924.000000, , , ,-0.325195,0.000000,-0.325195
35490.000000,1777200.000000,75549924.000000,0.014500,-0.014500,-1.006300, , , 
35491.000000,1777298.000000,75549924.000000, , , ,-0.975586,0.325195,0.000000
35492.000000,1777299.000000,75549924.000000,0.000000,-0.037700,-0.983100, , , 
35493.000000,1777399.000000,75549924.000000, , , ,-0.975586,0.325195,0.000000
35494.000000,1777400.000000,75549924.000000,-0.005800,-0.026100,-0.983100, , , 
35495.000000,1777499.000000,75549924.000000,0.011600,-0.011600,-0.988900, , , 
35496.000000,1777500.000000,75549924.000000, , , ,-0.975586,-0.325195,0.000000
35497.000000,1777600.000000,75549924.000000,-0.008700,-0.008700,-0.965700, , , 
35498.000000,1777601.000000,75549924.000000, , , ,-0.975586,0.000000,0.000000
35499.000000,1777692.000000,75549924.000000, , , ,-0.325195,0.000000,0.000000
35500.000000,1777699.000000,75549924.000000,-0.005800,-0.029000,-0.986000, , , 
35501.000000,1777793.000000,75549924.000000, , , ,0.000000,-0.325195,0.000000
35502.000000,1777800.000000,75549924.000000,0.011600,-0.005800,-0.988900, , , 
35503.000000,1777894.000000,75549924.000000, , , ,0.325195,0.000000,-0.325195
35504.000000,1777899.000000,75549924.000000,-0.008700,-0.023200,-0.980200, , , 
35505.000000,1777995.000000,75549924.000000, , , ,0.325195,-0.650391,-0.325195
35506.000000,1778000.000000,75549924.000000,0.000000,-0.029000,-0.974400, , , 
35507.000000,1778096.000000,75549924.000000, , , ,0.650391,-0.650391,-0.325195
35508.000000,1778099.000000,75549924.000000,0.000000,-0.017400,-0.968600, , , 
35509.000000,1778197.000000,75549924.000000, , , ,0.000000,0.000000,-0.650391
35510.000000,1778200.000000,75549924.000000,-0.005800,-0.055100,-0.991800, , , 
35511.000000,1778298.000000,75549924.000000, , , ,-0.650391,0.000000,0.000000
35512.000000,1778299.000000,75549924.000000,-0.008700,-0.055100,-1.017900, , , 
35513.000000,1778399.000000,75549924.000000, , , ,-1.300781,0.325195,0.000000
35514.000000,1778400.000000,75549924.000000,0.002900,-0.026100,-1.003400, , , 
35515.000000,1778499.000000,75549924.000000,0.005800,-0.026100,-0.994700, , , 
35516.000000,1778500.000000,75549924.000000, , , ,-0.975586,0.000000,0.000000
35517.000000,1778600.000000,75549924.000000,0.014500,-0.011600,-0.962800, , , 
35518.000000,1778601.000000,75549924.000000, , , ,-0.650391,-1.300781,-0.325195
35519.000000,1778692.000000,75549924.000000, , , ,0.000000,0.325195,-0.650391
35520.000000,1778699.000000,75549924.000000,-0.005800,-0.020300,-0.986000, , , 
35521.000000,1778793.000000,75549924.000000, , , ,0.000000,0.325195,0.000000
35522.000000,1778800.000000,75549924.000000,0.002900,-0.031900,-1.023700, , , 
35523.000000,1778894.000000,75549924.000000, , , ,0.000000,0.000000,-0.325195
35524.000000,1778899.000000,75549924.000000,0.002900,-0.058000,-0.977300, , , 
35525.000000,1778995.000000,75549924.000000, , , ,0.000000,-0.650391,-0.325195
35526.000000,1779000.000000,75549924.000000,0.011600,-0.031900,-0.913500, , , 
35527.000000,1779096.000000,75549924.000000, , , ,0.000000,-1.300781,-0.650391
35528.000000,1779099.000000,75549924.000000,0.000000,-0.046400,-0.933800, , , 
35529.000000,1779197.000000,75549924.000000, , , ,0.000000,-0.325195,-0.650391
35530.000000,1779200.000000,75549924.000000,0.008700,-0.058000,-0.965700, , , 
35531.000000,1779298.000000,75549924.000000, , , ,-0.650391,-0.975586,-0.325195
35532.000000,1779299.000000,75549924.000000,0.005800,-0.052200,-0.974400, , , 
35533.000000,1779399.000000,75549924.000000, , , ,-0.325195,0.000000,-0.650391
35534.000000,1779400.000000,75549924.000000,-0.008700,-0.060900,-0.994700, , , 
35535.000000,1779499.000000,75549924.000000,-0.008700,-0.069600,-1.055600, , , 
35536.000000,1779500.000000,75549924.000000, , , ,-0.975586,0.650391,-0.650391
35537.000000,1779600.000000,75549924.000000,0.000000,-0.069600,-1.081700, , , 
35538.000000,1779601.000000,75549924.000000, , , ,-2.276367,0.650391,-0.325195
35539.000000,1779692.000000,75549924.000000, , , ,-2.276367,0.325195,-0.650391
35540.000000,1779699.000000,75549924.000000,0.000000,-0.063800,-1.032400, , , 
35541.000000,1779793.000000,75549924.000000, , , ,-1.951172,-0.325195,-0.650391
35542.000000,1779800.000000,75549924.000000,0.011600,-0.029000,-0.959900, , , 
35543.000000,1779894.000000,75549924.000000, , , ,-0.650391,-0.975586,-0.325195
35544.000000,1779899.000000,75549924.000000,0.005800,-0.020300,-0.942500, , , 
35545.000000,1779995.000000,75549924.000000, , , ,-0.650391,0.000000,-0.650391
35546.000000,1780000.000000,75549924.000000,-0.002900,-0.049300,-0.968600, , , 
35547.000000,1780096.000000,75549924.000000, , , ,-0.650391,0.000000,0.000000
35548.000000,1780099.000000,75549924.000000,0.011600,-0.020300,-0.962800, , , 
35549.000000,1780197.000000,75549924.000000, , , ,-0.325195,-0.975586,0.000000
35550.000000,1780200.000000,75549924.000000,0.008700,-0.029000,-0.968600, , , 
35551.000000,1780298.000000,75549924.000000, , , ,-0.650391,0.000000,0.000000
35552.000000,1780299.000000,75549924.000000,0.000000,-0.029000,-0.986000, , , 
35553.000000,1780399.000000,75549924.000000, , , ,-0.650391,-0.325195,0.000000
35554.000000,1780400.000000,75549924.000000,0.008700,0.000000,-0.959900, , , 
35555.000000,1780499.000000,75549924.000000,-0.014500,-0.011600,-0.968600, , , 
35556.000000,1780500.000000,75549924.000000, , , ,0.000000,-0.650391,0.000000
35557.000000,1780600.000000,75549924.000000,0.000000,-0.017400,-0.986000, , , 
35558.000000,1780601.000000,75549924.000000, , , ,-0.650391,0.000000,0.000000
35559.000000,1780692.000000,75549924.000000, , , ,-0.650391,0.325195,0.000000
35560.000000,1780699.000000,75549924.000000,-0.002900,-0.008700,-1.012100, , , 
35561.000000,1780793.000000,75549924.000000, , , ,-0.975586,0.000000,0.325195
35562.000000,1780800.000000,75549924.000000,0.002900,-0.014500,-1.012100, , , 
35563.000000,1780894.000000,75549924.000000, , , ,-0.650391,0.000000,0.000000
35564.000000,1780899.000000,75549924.000000,0.011600,0.014500,-0.959900, , , 
35565.000000,1780995.000000,75549924.000000, , , ,-0.325195,-0.650391,0.325195
35566.000000,1781000.000000,75549924.000000,0.000000,-0.014500,-0.951200, , , 
35567.000000,1781096.000000,75549924.000000, , , ,-0.650391,-0.325195,0.000000
35568.000000,1781099.000000,75549924.000000,0.000000,-0.005800,-0.962800, , , 
35569.000000,1781197.000000,75549924.000000, , , ,-0.325195,0.000000,0.000000
35570.000000,1781200.000000,75549924.000000,0.017400,-0.008700,-0.986000, , , 
35571.000000,1781298.000000,75549924.000000, , , ,-0.650391,0.000000,0.000000
35572.000000,1781299.000000,75549924.000000,-0.020300,-0.023200,-1.000500, , , 
35573.000000,1781399.000000,75549924.000000, , , ,-0.325195,0.325195,0.000000
35574.000000,1781400.000000,75549924.000000,-0.002900,0.000000,-1.003400, , , 
35575.000000,1781499.000000,75549924.000000,0.000000,-0.005800,-1.012100, , , 
35576.000000,1781500.000000,75549924.000000, , , ,-0.975586,0.000000,0.000000
35577.000000,1781600.000000,75549924.000000,-0.002900,-0.014500,-0.997600, , , 
35578.000000,1781601.000000,75549924.000000, , , ,-0.975586,0.000000,0.000000
35579.000000,1781692.000000,75549924.000000, , , ,-0.650391,0.000000,0.000000
35580.000000,1781699.000000,75549924.000000,0.000000,0.000000,-0.980200, , , 
35581.000000,1781793.000000,75549924.000000, , , ,0.000000,0.000000,0.325195
35582.000000,1781800.000000,75549924.000000,0.008700,0.000000,-0.991800, , , 
35583.000000,1781894.000000,75549924.000000, , , ,0.325195,-0.650391,0.000000
35584.000000,1781899.000000,75549924.000000,0.008700,0.008700,-0.945400, , , 
35585.000000,1781995.000000,75549924.000000, , , ,0.000000,-0.325195,0.000000
35586.000000,1782000.000000,75549924.000000,-0.011600,0.000000,-0.951200, , , 
35587.000000,1782096.000000,75549924.000000, , , ,-0.650391,0.000000,0.000000
35588.000000,1782099.000000,75549924.000000,-0.011600,-0.034800,-1.003400, , , 
35589.000000,1782197.000000,75549924.000000, , , ,-0.975586,0.000000,0.325195
35590.000000,1782200.000000,75549924.000000,-0.002900,-0.014500,-1.012100, , , 
35591.000000,1782298.000000,75549924.000000, , , ,-1.300781,0.000000,0.000000
35592.000000,1782299.000000,75549924.000000,0.008700,-0.026100,-0.988900, , , 
35593.000000,1782399.000000,75549924.000000, , , ,-0.325195,-0.650391,0.000000
35594.000000,1782400.000000,75549924.000000,0.000000,-0.011600,-0.965700, , , 
35595.000000,1782499.000000,75549924.000000,0.002900,0.002900,-0.951200, , , 
35596.000000,1782500.000000,75549924.000000, , , ,-0.325195,-1.300781,0.000000
35597.000000,1782600.000000,75549924.000000,-0.008700,-0.005800,-0.954100, , , 
35598.000000,1782601.000000,75549924.000000, , , ,0.000000,0.000000,0.000000
35599.000000,1782692.000000,75549924.000000, , , ,-0.325195,-0.325195,0.000000
35600.000000,1782699.000000,75549924.000000,-0.005800,-0.029000,-0.977300, , , 
35601.000000,1782793.000000,75549924.000000, , , ,-0.650391,0.000000,0.000000
35602.000000,1782800.000000,75549924.000000,0.008700,-0.011600,-0.980200, , , 
35603.000000,1782894.000000,75549924.000000, , , ,-0.325195,-0.975586,0.325195
35604.000000,1782899.000000,75549924.000000,0.002900,-0.005800,-0.939600, , , 
35605.000000,1782995.000000,75549924.000000, , , ,0.000000,-0.650391,0.000000
35606.000000,1783000.000000,75549924.000000,-0.008700,-0.026100,-0.930900, , , 
35607.000000,1783096.000000,75549924.000000, , , ,-0.325195,-0.650391,0.000000
35608.000000,1783099.000000,75549924.000000,0.000000,-0.023200,-0.968600, , , 
35609.000000,1783197.000000,75549924.000000, , , ,-0.650391,-0.325195,0.325195
35610.000000,1783200.000000,75549924.000000,0.026100,-0.011600,-0.971500, , , 
35611.000000,1783298.000000,75549924.000000, , , ,-0.650391,-0.650391,0.000000
35612.000000,1783299.000000,75549924.000000,-0.002900,-0.014500,-0.959900, , , 
35613.000000,1783399.000000,75549924.000000, , , ,-0.325195,0.000000,0.000000
35614.000000,1783400.000000,75549924.000000,0.008700,-0.002900,-0.951200, , , 
35615.000000,1783499.000000,75549924.000000,0.002900,0.000000,-0.954100, , , 
35616.000000,1783500.000000,75549924.000000, , , ,-0.650391,-0.650391,0.000000
35617.000000,1783600.000000,75549924.000000,0.008700,-0.008700,-0.933800, , , 
35618.000000,1783601.000000,75549924.000000, , , ,-0.325195,-0.325195,0.000000
35619.000000,1783692.000000,75549924.000000, , , ,0.000000,-1.625977,0.000000
35620.000000,1783699.000000,75549924.000000,-0.002900,0.000000,-0.930900, , , 
35621.000000,1783793.000000,75549924.000000, , , ,-0.325195,0.000000,0.000000
35622.000000,1783800.000000,75549924.000000,0.000000,-0.017400,-0.971500, , , 
35623.000000,1783894.000000,75549924.000000, , , ,-0.975586,-0.975586,0.000000
35624.000000,1783899.000000,75549924.000000,-0.002900,-0.023200,-0.980200, , , 
35625.000000,1783995.000000,75549924.000000, , , ,-0.650391,-0.325195,0.000000
35626.000000,1784000.000000,75549924.000000,0.000000,-0.005800,-0.968600, , , 
35627.000000,1784096.000000,75549924.000000, , , ,-0.975586,-0.325195,0.000000
35628.000000,1784099.000000,75549924.000000,-0.014500,-0.029000,-1.003400, , , 
35629.000000,1784197.000000,75549924.000000, , , ,-0.650391,0.000000,0.000000
35630.000000,1784200.000000,75549924.000000,0.011600,-0.020300,-0.983100, , , 
35631.000000,1784298.000000,75549924.000000, , , ,-0.975586,-0.325195,0.000000
35632.000000,1784299.000000,75549924.000000,-0.008700,-0.020300,-0.971500, , , 
35633.000000,1784399.000000,75549924.000000, , , ,-1.625977,-0.325195,0.000000
35634.000000,1784400.000000,75549924.000000,0.008700,-0.029000,-0.986000, , , 
35635.000000,1784499.000000,75549924.000000,0.020300,0.000000,-0.925100, , , 
35636.000000,1784500.000000,75549924.000000, , , ,-0.975586,-0.650391,0.000000
35637.000000,1784600.000000,75549924.000000,-0.005800,-0.008700,-0.939600, , , 
35638.000000,1784601.000000,75549924.000000, , , ,-0.325195,-0.975586,0.000000
35639.000000,1784692.000000,75549924.000000, , , ,-0.325195,-0.325195,0.000000
35640.000000,1784699.000000,75549924.000000,0.002900,-0.002900,-0.977300, , , 
35641.000000,1784793.000000,75549924.000000, , , ,0.000000,-0.975586,0.000000
35642.000000,1784800.000000,75549924.000000,0.014500,-0.031900,-0.948300, , , 
35643.000000,1784894.000000,75549924.000000, , , ,-0.325195,-0.975586,-0.325195
35644.000000,1784899.000000,75549924.000000,0.005800,-0.020300,-0.942500, , , 
35645.000000,1784995.000000,75549924.000000, , , ,-0.325195,-0.975586,0.325195
35646.000000,1785000.000000,75549924.000000,-0.002900,-0.029000,-0.942500, , , 
35647.000000,1785096.000000,75549924.000000, , , ,-0.650391,-1.300781,0.000000
35648.000000,1785099.000000,75549924.000000,0.002900,-0.008700,-0.951200, , , 
35649.000000,1785197.000000,75549924.000000, , , ,-1.300781,0.000000,0.000000
35650.000000,1785200.000000,75549924.000000,-0.005800,-0.023200,-0.980200, , , 
35651.000000,1785298.000000,75549924.000000, , , ,-0.975586,-1.300781,0.000000
35652.000000,1785299.000000,75549924.000000,0.005800,-0.008700,-0.968600, , , 
35653.000000,1785399.000000,75549924.000000, , , ,-0.975586,-0.650391,0.000000
35654.000000,1785400.000000,75549924.000000,-0.008700,-0.005800,-0.965700, , , 
35655.000000,1785499.000000,75549924.000000,0.005800,-0.014500,-0.971500, , , 
35656.000000,1785500.000000,75549924.000000, , , ,-0.975586,-0.650391,0.000000
35657.000000,1785600.000000,75549924.000000,-0.005800,0.008700,-0.959900, , , 
35658.000000,1785601.000000,75549924.000000, , , ,-0.650391,0.325195,0.325195
35659.000000,1785692.000000,75549924.000000, , , ,-0.975586,-0.325195,0.325195
35660.000000,1785699.000000,75549924.000000,-0.002900,-0.011600,-0.965700, , , 
35661.000000,1785793.000000,75549924.000000, , , ,-0.975586,-0.975586,0.000000
35662.000000,1785800.000000,75549924.000000,0.000000,-0.017400,-0.965700, , , 
35663.000000,1785894.000000,75549924.000000, , , ,-1.300781,-0.975586,0.000000
35664.000000,1785899.000000,75549924.000000,0.000000,-0.005800,-0.939600, , , 
35665.000000,1785995.000000,75549924.000000, , , ,-0.975586,-0.650391,0.000000
35666.000000,1786000.000000,75549924.000000,-0.014500,-0.005800,-0.951200, , , 
35667.000000,1786096.000000,75549924.000000, , , ,0.000000,-0.325195,0.000000
35668.000000,1786099.000000,75549924.000000,-0.014500,0.000000,-0.977300, , , 
35669.000000,1786197.000000,75549924.000000, , , ,-0.325195,-0.650391,0.000000
35670.000000,1786200.000000,75549924.000000,0.000000,-0.017400,-0.986000, , , 
35671.000000,1786298.000000,75549924.000000, , , ,-0.325195,0.000000,-0.325195
35672.000000,1786299.000000,75549924.000000,-0.023200,-0.020300,-0.980200, , , 
35673.000000,1786399.000000,75549924.000000, , , ,-0.325195,-0.650391,0.000000
35674.000000,1786400.000000,75549924.000000,-0.017400,-0.020300,-0.971500, , , 
35675.000000,1786499.000000,75549924.000000,-0.011600,-0.020300,-0.968600, , , 
35676.000000,1786500.000000,75549924.000000, , , ,0.000000,-0.650391,0.000000
35677.000000,1786600.000000,75549924.000000,-0.034800,-0.031900,-0.991800, , , 
35678.000000,1786601.000000,75549924.000000, , , ,-0.325195,0.000000,0.000000
35679.000000,1786692.000000,75549924.000000, , , ,-0.975586,0.000000,-0.325195
35680.000000,1786699.000000,75549924.000000,-0.020300,-0.029000,-1.000500, , , 
35681.000000,1786793.000000,75549924.000000, , , ,-1.300781,0.000000,0.000000
35682.000000,1786800.000000,75549924.000000,-0.031900,-0.031900,-1.009200, , , 
35683.000000,1786894.000000,75549924.000000, , , ,-0.650391,0.000000,0.000000
35684.000000,1786899.000000,75549924.000000,-0.014500,-0.017400,-0.968600, , , 
35685.000000,1786995.000000,75549924.000000, , , ,-1.300781,0.000000,-0.325195
35686.000000,1787000.000000,75549924.000000,-0.049300,-0.031900,-0.997600, , , 
35687.000000,1787096.000000,75549924.000000, , , ,-1.625977,0.650391,-0.325195
35688.000000,1787099.000000,75549924.000000,-0.017400,-0.037700,-1.032400, , , 
35689.000000,1787197.000000,75549924.000000, , , ,-1.625977,-0.650391,0.000000
35690.000000,1787200.000000,75549924.000000,-0.020300,-0.008700,-0.962800, , , 
35691.000000,1787298.000000,75549924.000000, , , ,-1.300781,-0.650391,0.000000
35692.000000,1787299.000000,75549924.000000,-0.037700,-0.017400,-0.983100, , , 
35693.000000,1787399.000000,75549924.000000, , , ,-0.975586,-0.325195,0.000000
35694.000000,1787400.000000,75549924.000000,-0.029000,-0.008700,-0.971500, , , 
35695.000000,1787499.000000,75549924.000000,-0.026100,0.005800,-0.962800, , , 
35696.000000,1787500.000000,75549924.000000, , , ,-0.650391,-0.650391,-0.325195
35697.000000,1787600.000000,75549924.000000,-0.046400,-0.005800,-0.971500, , , 
35698.000000,1787601.000000,75549924.000000, , , ,-0.325195,0.000000,0.000000
35699.000000,1787692.000000,75549924.000000, , , ,-0.650391,0.000000,0.000000
35700.000000,1787699.000000,75549924.000000,-0.043500,-0.017400,-1.009200, , , 
35701.000000,1787793.000000,75549924.000000, , , ,-0.975586,0.975586,-0.325195
35702.000000,1787800.000000,75549924.000000,-0.037700,-0.026100,-1.026600, , , 
35703.000000,1787894.000000,75549924.000000, , , ,-0.650391,0.000000,-0.325195
35704.000000,1787899.000000,75549924.000000,-0.034800,-0.014500,-1.003400, , , 
35705.000000,1787995.000000,75549924.000000, , , ,-0.325195,-0.325195,0.000000
35706.000000,1788000.000000,75549924.000000,-0.049300,0.002900,-0.968600, , , 
35707.000000,1788096.000000,75549924.000000, , , ,-0.650391,0.000000,0.000000
35708.000000,1788099.000000,75549924.000000,-0.034800,-0.034800,-1.003400, , , 
35709.000000,1788197.000000,75549924.000000, , , ,-0.325195,-0.650391,-0.325195
35710.000000,1788200.000000,75549924.000000,-0.029000,-0.014500,-0.977300, , , 
35711.000000,1788298.000000,75549924.000000, , , ,-0.325195,0.000000,-0.325195
35712.000000,1788299.000000,75549924.000000,-0.049300,-0.008700,-0.980200, , , 
35713.000000,1788399.000000,75549924.000000, , , ,-0.325195,0.000000,0.000000
35714.000000,1788400.000000,75549924.000000,-0.043500,-0.014500,-1.017900, , , 
35715.000000,1788499.000000,75549924.000000,-0.023200,0.000000,-0.968600, , , 
35716.000000,1788500.000000,75549924.000000, , , ,-0.650391,-0.325195,-0.325195
35717.000000,1788600.000000,75549924.000000,-0.034800,-0.023200,-0.959900, , , 
35718.000000,1788601.000000,75549924.000000, , , ,0.000000,-0.325195,-0.325195
35719.000000,1788692.000000,75549924.000000, , , ,-0.975586,-0.325195,0.000000
35720.000000,1788699.000000,75549924.000000,-0.058000,-0.034800,-0.986000, , , 
35721.000000,1788793.000000,75549924.000000, , , ,-0.975586,0.325195,0.000000
35722.000000,1788800.000000,75549924.000000,-0.034800,-0.023200,-1.017900, , , 
35723.000000,1788894.000000,75549924.000000, , , ,-0.325195,-0.325195,0.000000
35724.000000,1788899.000000,75549924.000000,-0.029000,0.005800,-0.997600, , , 
35725.000000,1788995.000000,75549924.000000, , , ,0.000000,0.000000,0.000000
35726.000000,1789000.000000,75549924.000000,-0.049300,-0.008700,-1.012100, , , 
35727.000000,1789096.000000,75549924.000000, , , ,0.325195,0.000000,-0.325195
35728.000000,1789099.000000,75549924.000000,-0.037700,-0.014500,-1.012100, , , 
35729.000000,1789197.000000,75549924.000000, , , ,0.000000,0.000000,-0.325195
35730.000000,1789200.000000,75549924.000000,-0.049300,-0.014500,-1.026600, , , 
35731.000000,1789298.000000,75549924.000000, , , ,-0.650391,0.325195,0.000000
35732.000000,1789299.000000,75549924.000000,-0.023200,-0.026100,-1.009200, , , 
35733.000000,1789399.000000,75549924.000000, , , ,-1.300781,0.000000,0.000000
35734.000000,1789400.000000,75549924.000000,-0.049300,-0.014500,-0.994700, , , 
35735.000000,1789499.000000,75549924.000000,-0.034800,0.002900,-1.003400, , , 
35736.000000,1789500.000000,75549924.000000, , , ,-0.650391,0.000000,0.000000
35737.000000,1789600.000000,75549924.000000,-0.026100,0.000000,-0.977300, , , 
35738.000000,1789601.000000,75549924.000000, , , ,-0.650391,-0.975586,0.000000
35739.000000,1789692.000000,75549924.000000, , , ,-0.975586,0.325195,0.000000
35740.000000,1789699.000000,75549924.000000,-0.046400,-0.002900,-1.003400, , , 
35741.000000,1789793.000000,75549924.000000, , , ,-1.625977,0.000000,0.000000
35742.000000,1789800.000000,75549924.000000,-0.031900,-0.026100,-1.009200, , , 
35743.000000,1789894.000000,75549924.000000, , , ,-0.325195,-0.325195,0.000000
35744.000000,1789899.000000,75549924.000000,-0.031900,0.011600,-0.988900, , , 
35745.000000,1789995.000000,75549924.000000, , , ,-0.325195,-0.325195,-0.325195
35746.000000,1790000.000000,75549924.000000,-0.040600,-0.014500,-0.991800, , , 
35747.000000,1790096.000000,75549924.000000, , , ,-0.325195,0.000000,-0.325195
35748.000000,1790099.000000,75549924.000000,-0.037700,-0.008700,-0.986000, , , 
35749.000000,1790197.000000,75549924.000000, , , ,0.000000,0.325195,0.000000
35750.000000,1790200.000000,75549924.000000,-0.046400,-0.014500,-1.020800, , , 
35751.000000,1790298.000000,75549924.000000, , , ,-0.650391,0.975586,0.000000
35752.000000,1790299.000000,75549924.000000,-0.034800,-0.002900,-1.049800, , , 
35753.000000,1790399.000000,75549924.000000, , , ,-0.650391,0.000000,0.000000
35754.000000,1790400.000000,75549924.000000,-0.029000,0.002900,-1.006300, , , 
35755.000000,1790499.000000,75549924.000000,-0.034800,-0.017400,-0.983100, , , 
35756.000000,1790500.000000,75549924.000000, , , ,-0.975586,0.325195,0.000000
35757.000000,1790600.000000,75549924.000000,-0.034800,-0.008700,-0.980200, , , 
35758.000000,1790601.000000,75549924.000000, , , ,-0.975586,0.000000,-0.325195
35759.000000,1790692.000000,75549924.000000, , , ,-0.325195,0.000000,0.000000
35760.000000,1790699.000000,75549924.000000,-0.034800,-0.011600,-0.983100, , , 
35761.000000,1790793.000000,75549924.000000, , , ,-0.325195,0.000000,0.000000
35762.000000,1790800.000000,75549924.000000,-0.034800,-0.031900,-0.991800, , , 
35763.000000,1790894.000000,75549924.000000, , , ,-0.325195,-0.650391,0.000000
35764.000000,1790899.000000,75549924.000000,-0.020300,-0.014500,-0.980200, , , 
35765.000000,1790995.000000,75549924.000000, , , ,-0.975586,0.000000,-0.325195
35766.000000,1791000.000000,75549924.000000,-0.034800,-0.008700,-1.006300, , , 
35767.000000,1791096.000000,75549924.000000, , , ,-0.325195,1.300781,-0.325195
35768.000000,1791099.000000,75549924.000000,-0.029000,-0.014500,-1.046900, , , 
35769.000000,1791197.000000,75549924.000000, , , ,0.000000,0.325195,-0.325195
35770.000000,1791200.000000,75549924.000000,-0.002900,-0.011600,-1.044000, , , 
35771.000000,1791298.000000,75549924.000000, , , ,0.000000,0.000000,-0.325195
35772.000000,1791299.000000,75549924.000000,-0.011600,-0.031900,-0.988900, , , 
35773.000000,1791399.000000,75549924.000000, , , ,-0.325195,0.650391,-0.325195
35774.000000,1791400.000000,75549924.000000,-0.014500,-0.017400,-1.003400, , , 
35775.000000,1791499.000000,75549924.000000,0.005800,-0.037700,-0.988900, , , 
35776.000000,1791500.000000,75549924.000000, , , ,-0.325195,0.000000,0.000000
35777.000000,1791600.000000,75549924.000000,-0.005800,-0.014500,-0.954100, , , 
35778.000000,1791601.000000,75549924.000000, , , ,-0.325195,-0.325195,-0.325195
35779.000000,1791692.000000,75549924.000000, , , ,-0.325195,0.650391,0.000000
35780.000000,1791699.000000,75549924.000000,-0.011600,-0.008700,-0.974400, , , 
35781.000000,1791793.000000,75549924.000000, , , ,0.000000,0.325195,0.000000
35782.000000,1791800.000000,75549924.000000,0.000000,-0.014500,-0.988900, , , 
35783.000000,1791894.000000,75549924.000000, , , ,-0.325195,0.000000,0.000000
35784.000000,1791899.000000,75549924.000000,-0.005800,-0.017400,-1.012100, , , 
35785.000000,1791995.000000,75549924.000000, , , ,-0.325195,0.325195,0.000000
35786.000000,1792000.000000,75549924.000000,0.000000,-0.023200,-1.003400, , , 
35787.000000,1792096.000000,75549924.000000, , , ,0.000000,-0.650391,-0.325195
35788.000000,1792099.000000,75549924.000000,0.008700,-0.008700,-0.962800, , , 
35789.000000,1792197.000000,75549924.000000, , , ,0.000000,-0.325195,0.000000
35790.000000,1792200.000000,75549924.000000,0.000000,-0.002900,-0.983100, , , 
35791.000000,1792298.000000,75549924.000000, , , ,0.000000,0.000000,0.325195
35792.000000,1792299.000000,75549924.000000,0.000000,-0.026100,-0.977300, , , 
35793.000000,1792399.000000,75549924.000000, , , ,-0.325195,-0.650391,0.000000
35794.000000,1792400.000000,75549924.000000,0.000000,0.000000,-0.954100, , , 
35795.000000,1792499.000000,75549924.000000,0.000000,-0.011600,-1.023700, , , 
35796.000000,1792500.000000,75549924.000000, , , ,0.000000,0.000000,0.000000
35797.000000,1792600.000000,75549924.000000,0.020300,-0.005800,-1.006300, , , 
35798.000000,1792601.000000,75549924.000000, , , ,0.000000,0.000000,0.000000
35799.000000,1792692.000000,75549924.000000, , , ,0.000000,-0.650391,0.000000
35800.000000,1792699.000000,75549924.000000,-0.002900,-0.008700,-0.951200, , , 
35801.000000,1792793.000000,75549924.000000, , , ,0.000000,0.000000,0.000000
35802.000000,1792800.000000,75549924.000000,-0.005800,-0.020300,-0.983100, , , 
35803.000000,1792894.000000,75549924.000000, , , ,-0.650391,0.000000,0.000000
35804.000000,1792899.000000,75549924.000000,0.002900,-0.034800,-1.000500, , , 
35805.000000,1792995.000000,75549924.000000, , , ,-1.300781,0.325195,0.000000
35806.000000,1793000.000000,75549924.000000,0.000000,-0.023200,-1.006300, , , 
35807.000000,1793096.000000,75549924.000000, , , ,-0.975586,-0.325195,0.000000
35808.000000,1793099.000000,75549924.000000,0.002900,-0.014500,-0.997600, , , 
35809.000000,1793197.000000,75549924.000000, , , ,-1.300781,0.000000,0.000000
35810.000000,1793200.000000,75549924.000000,0.005800,-0.023200,-0.986000, , , 
35811.000000,1793298.000000,75549924.000000, , , ,-0.325195,-0.325195,0.000000
35812.000000,1793299.000000,75549924.000000,0.002900,0.000000,-0.965700, , , 
35813.000000,1793399.000000,75549924.000000, , , ,0.000000,-0.325195,0.000000
35814.000000,1793400.000000,75549924.000000,-0.002900,-0.008700,-0.974400, , , 
35815.000000,1793499.000000,75549924.000000,0.005800,-0.017400,-0.983100, , , 
35816.000000,1793500.000000,75549924.000000, , , ,-0.325195,-0.325195,0.000000
35817.000000,1793600.000000,75549924.000000,-0.002900,-0.023200,-1.000500, , , 
35818.000000,1793601.000000,75549924.000000, , , ,-0.325195,0.000000,0.000000
35819.000000,1793692.000000,75549924.000000, , , ,-0.325195,0.000000,0.325195
35820.000000,1793699.000000,75549924.000000,0.002900,-0.026100,-1.012100, , , 
35821.000000,1793793.000000,75549924.000000, , , ,0.000000,0.000000,-0.325195
35822.000000,1793800.000000,75549924.000000,0.000000,-0.011600,-1.003400, , , 
35823.000000,1793894.000000,75549924.000000, , , ,0.000000,0.000000,-0.325195
35824.000000,1793899.000000,75549924.000000,0.005800,-0.037700,-0.991800, , , 
35825.000000,1793995.000000,75549924.000000, , , ,0.000000,0.000000,0.000000
35826.000000,1794000.000000,75549924.000000,0.008700,-0.034800,-0.962800, , , 
35827.000000,1794096.000000,75549924.000000, , , ,0.000000,-0.325195,0.000000
35828.000000,1794099.000000,75549924.000000,0.000000,-0.034800,-0.980200, , , 
35829.000000,1794197.000000,75549924.000000, , , ,-0.650391,0.325195,0.000000
35830.000000,1794200.000000,75549924.000000,-0.002900,-0.020300,-1.006300, , , 
35831.000000,1794298.000000,75549924.000000, , , ,-0.650391,0.000000,0.000000
35832.000000,1794299.000000,75549924.000000,0.002900,-0.029000,-1.017900, , , 
35833.000000,1794399.000000,75549924.000000, , , ,-0.650391,0.325195,0.000000
35834.000000,1794400.000000,75549924.000000,0.014500,-0.023200,-0.983100, , , 
35835.000000,1794499.000000,75549924.000000,0.000000,-0.037700,-0.959900, , , 
35836.000000,1794500.000000,75549924.000000, , , ,-0.975586,-0.325195,0.000000
35837.000000,1794600.000000,75549924.000000,0.000000,-0.029000,-0.977300, , , 
35838.000000,1794601.000000,75549924.000000, , , ,-0.975586,0.000000,0.000000
35839.000000,1794692.000000,75549924.000000, , , ,-0.650391,0.000000,0.000000
35840.000000,1794699.000000,75549924.000000,0.005800,-0.037700,-0.986000, , , 
35841.000000,1794793.000000,75549924.000000, , , ,-0.650391,-0.325195,-0.650391
35842.000000,1794800.000000,75549924.000000,0.011600,-0.020300,-0.986000, , , 
35843.000000,1794894.000000,75549924.000000, , , ,-0.325195,0.000000,0.000000
35844.000000,1794899.000000,75549924.000000,0.000000,-0.023200,-0.983100, , , 
35845.000000,1794995.000000,75549924.000000, , , ,-0.975586,0.000000,-0.325195
35846.000000,1795000.000000,75549924.000000,0.000000,-0.043500,-1.003400, , , 
35847.000000,1795096.000000,75549924.000000, , , ,-0.325195,0.000000,0.000000
35848.000000,1795099.000000,75549924.000000,0.011600,-0.008700,-0.997600, , , 
35849.000000,1795197.000000,75549924.000000, , , ,-0.650391,-0.325195,0.000000
35850.000000,1795200.000000,75549924.000000,0.002900,-0.023200,-0.977300, , , 
35851.000000,1795298.000000,75549924.000000, , , ,-0.325195,0.000000,-0.325195
35852.000000,1795299.000000,75549924.000000,-0.014500,-0.037700,-0.983100, , , 
35853.000000,1795399.000000,75549924.000000, , , ,-0.650391,0.000000,0.000000
35854.000000,1795400.000000,75549924.000000,-0.005800,-0.026100,-0.983100, , , 
35855.000000,1795499.000000,75549924.000000,0.000000,-0.034800,-0.997600, , , 
35856.000000,1795500.000000,75549924.000000, , , ,-0.650391,0.000000,0.000000
35857.000000,1795600.000000,75549924.000000,0.014500,-0.049300,-0.986000, , , 
35858.000000,1795601.000000,75549924.000000, , , ,-1.300781,-0.325195,0.000000
35859.000000,1795692.000000,75549924.000000, , , ,-0.650391,-0.650391,0.000000
35860.000000,1795699.000000,75549924.000000,0.000000,-0.026100,-0.959900, , , 
35861.000000,1795793.000000,75549924.000000, , , ,-0.650391,0.000000,0.000000
35862.000000,1795800.000000,75549924.000000,-0.017400,-0.031900,-0.994700, , , 
35863.000000,1795894.000000,75549924.000000, , , ,-0.975586,-0.325195,-0.325195
35864.000000,1795899.000000,75549924.000000,0.000000,-0.034800,-1.020800, , , 
35865.000000,1795995.000000,75549924.000000, , , ,-0.975586,0.000000,-0.325195
35866.000000,1796000.000000,75549924.000000,0.002900,-0.046400,-0.983100, , , 
35867.000000,1796096.000000,75549924.000000, , , ,-1.300781,-1.625977,-0.325195
35868.000000,1796099.000000,75549924.000000,0.005800,-0.040600,-0.954100, , , 
35869.000000,1796197.000000,75549924.000000, , , ,-0.975586,-0.650391,-0.325195
35870.000000,1796200.000000,75549924.000000,-0.002900,-0.031900,-0.965700, , , 
35871.000000,1796298.000000,75549924.000000, , , ,-0.650391,-0.325195,0.000000
35872.000000,1796299.000000,75549924.000000,0.017400,-0.029000,-0.977300, , , 
35873.000000,1796399.000000,75549924.000000, , , ,-1.625977,0.650391,-0.325195
35874.000000,1796400.000000,75549924.000000,-0.008700,-0.031900,-1.026600, , , 
35875.000000,1796499.000000,75549924.000000,0.011600,-0.037700,-1.012100, , , 
35876.000000,1796500.000000,75549924.000000, , , ,-0.325195,0.325195,-0.325195
35877.000000,1796600.000000,75549924.000000,0.005800,-0.014500,-0.951200, , , 
35878.000000,1796601.000000,75549924.000000, , , ,0.000000,-0.650391,-0.325195
35879.000000,1796692.000000,75549924.000000, , , ,0.000000,-0.325195,-0.650391
35880.000000,1796699.000000,75549924.000000,-0.014500,-0.023200,-0.968600, , , 
35881.000000,1796793.000000,75549924.000000, , , ,0.000000,-0.325195,0.325195
35882.000000,1796800.000000,75549924.000000,0.005800,-0.043500,-0.991800, , , 
35883.000000,1796894.000000,75549924.000000, , , ,0.000000,0.325195,-0.325195
35884.000000,1796899.000000,75549924.000000,0.000000,-0.034800,-0.994700, , , 
35885.000000,1796995.000000,75549924.000000, , , ,0.000000,0.650391,0.000000
35886.000000,1797000.000000,75549924.000000,-0.002900,-0.034800,-1.006300, , , 
35887.000000,1797096.000000,75549924.000000, , , ,0.000000,0.000000,0.000000
35888.000000,1797099.000000,75549924.000000,0.008700,-0.043500,-0.986000, , , 
35889.000000,1797197.000000,75549924.000000, , , ,-1.300781,-0.650391,0.000000
35890.000000,1797200.000000,75549924.000000,-0.011600,-0.023200,-0.959900, , , 
35891.000000,1797298.000000,75549924.000000, , , ,-2.276367,0.000000,0.000000
35892.000000,1797299.000000,75549924.000000,0.002900,-0.026100,-0.977300, , , 
35893.000000,1797399.000000,75549924.000000, , , ,-0.975586,-0.650391,0.000000
35894.000000,1797400.000000,75549924.000000,0.005800,0.000000,-0.962800, , , 
35895.000000,1797499.000000,75549924.000000,0.000000,-0.017400,-0.974400, , , 
35896.000000,1797500.000000,75549924.000000, , , ,-0.975586,0.000000,0.000000
35897.000000,1797600.000000,75549924.000000,-0.002900,-0.011600,-0.983100, , , 
35898.000000,1797601.000000,75549924.000000, , , ,-0.325195,0.000000,0.000000
35899.000000,1797692.000000,75549924.000000, , , ,0.000000,0.975586,0.000000
35900.000000,1797699.000000,75549924.000000,-0.005800,-0.011600,-1.003400, , , 
35901.000000,1797793.000000,75549924.000000, , , ,-0.325195,0.000000,-0.650391
35902.000000,1797800.000000,75549924.000000,-0.002900,-0.017400,-1.023700, , , 
35903.000000,1797894.000000,75549924.000000, , , ,-0.975586,-0.325195,0.000000
35904.000000,1797899.000000,75549924.000000,0.002900,-0.049300,-1.003400, , , 
35905.000000,1797995.000000,75549924.000000, , , ,-1.300781,0.000000,0.000000
35906.000000,1798000.000000,75549924.000000,-0.005800,-0.037700,-0.971500, , , 
35907.000000,1798096.000000,75549924.000000, , , ,-0.650391,-1.300781,0.000000
35908.000000,1798099.000000,75549924.000000,0.005800,-0.014500,-0.948300, , , 
35909.000000,1798197.000000,75549924.000000, , , ,-0.975586,-0.325195,-0.325195
35910.000000,1798200.000000,75549924.000000,0.000000,-0.008700,-0.965700, , , 
35911.000000,1798298.000000,75549924.000000, , , ,-0.650391,0.000000,-0.325195
35912.000000,1798299.000000,75549924.000000,-0.017400,-0.008700,-0.994700, , , 
35913.000000,1798399.000000,75549924.000000, , , ,-0.650391,-0.325195,-0.325195
35914.000000,1798400.000000,75549924.000000,0.000000,-0.034800,-0.994700, , , 
35915.000000,1798499.000000,75549924.000000,0.008700,0.008700,-0.974400, , , 
35916.000000,1798500.000000,75549924.000000, , , ,0.000000,0.000000,-0.325195
35917.000000,1798600.000000,75549924.000000,0.011600,-0.011600,-0.988900, , , 
35918.000000,1798601.000000,75549924.000000, , , ,0.000000,0.000000,0.000000
35919.000000,1798692.000000,75549924.000000, , , ,0.325195,-0.325195,0.000000
35920.000000,1798699.000000,75549924.000000,0.005800,-0.005800,-0.974400, , , 
35921.000000,1798793.000000,75549924.000000, , , ,0.000000,-0.325195,0.000000
35922.000000,1798800.000000,75549924.000000,0.005800,0.002900,-0.968600, , , 
35923.000000,1798894.000000,75549924.000000, , , ,0.325195,-0.325195,0.000000
35924.000000,1798899.000000,75549924.000000,-0.002900,-0.023200,-0.988900, , , 
35925.000000,1798995.000000,75549924.000000, , , ,-0.325195,0.000000,0.000000
35926.000000,1799000.000000,75549924.000000,0.005800,-0.017400,-1.006300, , , 
35927.000000,1799096.000000,75549924.000000, , , ,-0.650391,0.325195,0.000000
35928.000000,1799099.000000,75549924.000000,0.000000,-0.011600,-1.023700, , , 
35929.000000,1799197.000000,75549924.000000, , , ,-0.325195,0.000000,0.000000
35930.000000,1799200.000000,75549924.000000,0.000000,-0.026100,-1.009200, , , 
35931.000000,1799298.000000,75549924.000000, , , ,-0.975586,0.000000,0.000000
35932.000000,1799299.000000,75549924.000000,-0.002900,-0.029000,-1.003400, , , 
35933.000000,1799399.000000,75549924.000000, , , ,-1.300781,0.000000,0.000000
35934.000000,1799400.000000,75549924.000000,0.008700,-0.005800,-0.965700, , , 
35935.000000,1799499.000000,75549924.000000,-0.008700,-0.011600,-0.977300, , , 
35936.000000,1799500.000000,75549924.000000, , , ,0.000000,-0.325195,0.000000
35937.000000,1799600.000000,75549924.000000,0.008700,-0.023200,-0.954100, , , 
35938.000000,1799601.000000,75549924.000000, , , ,0.000000,-0.650391,-0.325195
35939.000000,1799692.000000,75549924.000000, , , ,0.000000,-0.650391,-0.325195
35940.000000,1799699.000000,75549924.000000,-0.002900,-0.029000,-0.962800, , , 
35941.000000,1799793.000000,75549924.000000, , , ,-0.325195,0.325195,0.000000
35942.000000,1799800.000000,75549924.000000,-0.023200,-0.046400,-1.023700, , , 
35943.000000,1799894.000000,75549924.000000, , , ,-1.300781,0.650391,0.000000
35944.000000,1799899.000000,75549924.000000,0.008700,-0.040600,-1.035300, , , 
35945.000000,1799995.000000,75549924.000000, , , ,-0.975586,0.000000,0.000000
35946.000000,1800000.000000,75549924.000000,-0.008700,-0.026100,-1.009200, , , 
35947.000000,1800096.000000,75549924.000000, , , ,-1.300781,0.325195,0.000000
35948.000000,1800099.000000,75549924.000000,-0.005800,-0.026100,-1.003400, , , 
35949.000000,1800197.000000,75549924.000000, , , ,-0.325195,-0.650391,0.000000
35950.000000,1800200.000000,75549924.000000,0.005800,-0.005800,-0.965700, , , 
35951.000000,1800298.000000,75549924.000000, , , ,0.000000,-0.975586,0.000000
35952.000000,1800299.000000,75549924.000000,0.002900,-0.034800,-0.939600, , , 
35953.000000,1800399.000000,75549924.000000, , , ,0.000000,-0.650391,-0.325195
35954.000000,1800400.000000,75549924.000000,-0.005800,-0.040600,-0.948300, , , 
35955.000000,1800499.000000,75549924.000000,0.000000,-0.046400,-0.997600, , , 
35956.000000,1800500.000000,75549924.000000, , , ,-0.650391,-0.325195,0.000000
35957.000000,1800600.000000,75549924.000000,0.000000,-0.020300,-1.009200, , , 
35958.000000,1800601.000000,75549924.000000, , , ,-0.975586,0.325195,0.000000
35959.000000,1800692.000000,75549924.000000, , , ,-0.325195,-0.325195,0.000000
35960.000000,1800699.000000,75549924.000000,-0.005800,-0.008700,-0.994700, , , 
35961.000000,1800793.000000,75549924.000000, , , ,0.000000,0.000000,0.000000
35962.000000,1800800.000000,75549924.000000,0.000000,-0.017400,-1.003400, , , 
35963.000000,1800894.000000,75549924.000000, , , ,-0.325195,-0.325195,0.000000
35964.000000,1800899.000000,75549924.000000,0.000000,-0.040600,-0.986000, , , 
35965.000000,1800995.000000,75549924.000000, , , ,-0.325195,0.000000,-0.325195
35966.000000,1801000.000000,75549924.000000,0.000000,-0.020300,-0.959900, , , 
35967.000000,1801096.000000,75549924.000000, , , ,0.000000,-1.625977,0.000000
35968.000000,1801099.000000,75549924.000000,0.000000,-0.031900,-0.948300, , , 
35969.000000,1801197.000000,75549924.000000, , , ,0.325195,0.000000,-0.325195
35970.000000,1801200.000000,75549924.000000,-0.011600,-0.037700,-0.962800, , , 
35971.000000,1801298.000000,75549924.000000, , , ,0.000000,-0.325195,-0.325195
35972.000000,1801299.000000,75549924.000000,0.000000,-0.040600,-0.988900, , , 
35973.000000,1801399.000000,75549924.000000, , , ,-0.325195,0.000000,0.000000
35974.000000,1801400.000000,75549924.000000,-0.008700,-0.046400,-1.026600, , , 
35975.000000,1801499.000000,75549924.000000,0.002900,-0.060900,-1.012100, , , 
35976.000000,1801500.000000,75549924.000000, , , ,-0.325195,0.000000,-0.325195
35977.000000,1801600.000000,75549924.000000,0.008700,-0.037700,-0.971500, , , 
35978.000000,1801601.000000,75549924.000000, , , ,-0.975586,0.000000,0.000000
35979.000000,1801692.000000,75549924.000000, , , ,-1.625977,-0.650391,-0.650391
35980.000000,1801699.000000,75549924.000000,-0.008700,-0.075400,-0.988900, , , 
35981.000000,1801793.000000,75549924.000000, , , ,-1.951172,0.325195,0.000000
35982.000000,1801800.000000,75549924.000000,0.000000,-0.075400,-1.000500, , , 
35983.000000,1801894.000000,75549924.000000, , , ,-1.951172,-0.650391,-0.325195
35984.000000,1801899.000000,75549924.000000,0.002900,-0.055100,-0.977300, , , 
35985.000000,1801995.000000,75549924.000000, , , ,-1.951172,-0.650391,-0.325195
35986.000000,1802000.000000,75549924.000000,0.000000,-0.026100,-0.974400, , , 
35987.000000,1802096.000000,75549924.000000, , , ,-0.975586,-0.325195,0.000000
35988.000000,1802099.000000,75549924.000000,0.000000,0.005800,-0.962800, , , 
35989.000000,1802197.000000,75549924.000000, , , ,-0.325195,-0.325195,-0.325195
35990.000000,1802200.000000,75549924.000000,-0.005800,-0.043500,-0.994700, , , 
35991.000000,1802298.000000,75549924.000000, , , ,0.000000,-0.650391,-0.325195
35992.000000,1802299.000000,75549924.000000,0.014500,-0.002900,-0.980200, , , 
35993.000000,1802399.000000,75549924.000000, , , ,0.000000,-1.300781,0.000000
35994.000000,1802400.000000,75549924.000000,0.005800,0.000000,-0.936700, , , 
35995.000000,1802499.000000,75549924.000000,-0.014500,-0.005800,-0.974400, , , 
35996.000000,1802500.000000,75549924.000000, , , ,0.325195,-0.325195,0.000000
35997.000000,1802600.000000,75549924.000000,-0.002900,-0.011600,-1.020800, , , 
35998.000000,1802601.000000,75549924.000000, , , ,0.000000,0.650391,0.000000
35999.000000,1802692.000000,75549924.000000, , , ,0.000000,-0.325195,0.000000
36000.000000,1802699.000000,75549924.000000,0.011600,0.000000,-1.009200, , , 
36001.000000,1802793.000000,75549924.000000, , , ,0.650391,-0.325195,0.000000
36002.000000,1802800.000000,75549924.000000,-0.014500,-0.017400,-0.980200, , , 
36003.000000,1802894.000000,75549924.000000, , , ,0.000000,0.000000,0.000000
36004.000000,1802899.000000,75549924.000000,-0.002900,-0.052200,-0.968600, , , 
36005.000000,1802995.000000,75549924.000000, , , ,0.000000,0.000000,0.000000
36006.000000,1803000.000000,75549924.000000,-0.002900,-0.026100,-1.000500, , , 
36007.000000,1803096.000000,75549924.000000, , , ,-0.650391,0.325195,0.000000
36008.000000,1803099.000000,75549924.000000,0.017400,-0.034800,-1.026600, , , 
36009.000000,1803197.000000,75549924.000000, , , ,-0.325195,0.000000,0.000000
36010.000000,1803200.000000,75549924.000000,0.002900,-0.011600,-1.003400, , , 
36011.000000,1803298.000000,75549924.000000, , , ,-0.325195,0.000000,0.000000
36012.000000,1803299.000000,75549924.000000,-0.002900,-0.046400,-1.009200, , , 
36013.000000,1803399.000000,75549924.000000, , , ,-1.300781,-0.325195,0.000000
36014.000000,1803400.000000,75549924.000000,0.017400,-0.043500,-0.983100, , , 
36015.000000,1803499.000000,75549924.000000,-0.020300,-0.046400,-0.983100, , , 
36016.000000,1803500.000000,75549924.000000, , , ,-1.300781,-0.650391,-0.325195
36017.000000,1803600.000000,75549924.000000,-0.017400,-0.069600,-1.061400, , , 
36018.000000,1803601.000000,75549924.000000, , , ,-2.276367,0.975586,0.000000
36019.000000,1803692.000000,75549924.000000, , , ,-3.902344,0.650391,0.000000
36020.000000,1803699.000000,75549924.000000,0.031900,-0.037700,-1.026600, , , 
36021.000000,1803793.000000,75549924.000000, , , ,-1.625977,-1.300781,-0.325195
36022.000000,1803800.000000,75549924.000000,0.005800,-0.014500,-0.948300, , , 
36023.000000,1803894.000000,75549924.000000, , , ,-0.650391,-0.650391,-0.650391
36024.000000,1803899.000000,75549924.000000,0.000000,0.005800,-0.954100, , , 
36025.000000,1803995.000000,75549924.000000, , , ,0.000000,-0.325195,-0.975586
36026.000000,1804000.000000,75549924.000000,0.008700,-0.063800,-0.936700, , , 
36027.000000,1804096.000000,75549924.000000, , , ,-0.325195,-0.975586,-0.650391
36028.000000,1804099.000000,75549924.000000,-0.031900,-0.046400,-0.965700, , , 
36029.000000,1804197.000000,75549924.000000, , , ,-0.650391,1.300781,-0.325195
36030.000000,1804200.000000,75549924.000000,-0.002900,-0.058000,-1.058500, , , 
36031.000000,1804298.000000,75549924.000000, , , ,-0.975586,0.325195,-0.325195
36032.000000,1804299.000000,75549924.000000,0.026100,-0.055100,-1.046900, , , 
36033.000000,1804399.000000,75549924.000000, , , ,0.000000,-0.325195,-0.650391
36034.000000,1804400.000000,75549924.000000,0.011600,0.000000,-0.977300, , , 
36035.000000,1804499.000000,75549924.000000,0.000000,-0.023200,-0.977300, , , 
36036.000000,1804500.000000,75549924.000000, , , ,-0.325195,0.000000,-0.650391
36037.000000,1804600.000000,75549924.000000,0.008700,-0.037700,-0.962800, , , 
36038.000000,1804601.000000,75549924.000000, , , ,-0.650391,-0.325195,0.000000
36039.000000,1804692.000000,75549924.000000, , , ,-0.650391,0.000000,-0.325195
36040.000000,1804699.000000,75549924.000000,-0.002900,-0.034800,-0.983100, , , 
36041.000000,1804793.000000,75549924.000000, , , ,-0.975586,0.000000,0.000000
36042.000000,1804800.000000,75549924.000000,0.005800,-0.029000,-0.994700, , , 
36043.000000,1804894.000000,75549924.000000, , , ,-0.650391,0.000000,0.000000
36044.000000,1804899.000000,75549924.000000,0.026100,-0.017400,-0.977300, , , 
36045.000000,1804995.000000,75549924.000000, , , ,-0.325195,0.000000,0.000000
36046.000000,1805000.000000,75549924.000000,0.000000,0.000000,-0.986000, , , 
36047.000000,1805096.000000,75549924.000000, , , ,0.000000,0.325195,0.000000
36048.000000,1805099.000000,75549924.000000,0.005800,-0.020300,-1.026600, , , 
36049.000000,1805197.000000,75549924.000000, , , ,0.000000,-0.325195,0.000000
36050.000000,1805200.000000,75549924.000000,0.023200,-0.008700,-0.997600, , , 
36051.000000,1805298.000000,75549924.000000, , , ,0.000000,-0.325195,0.000000
36052.000000,1805299.000000,75549924.000000,0.020300,-0.017400,-0.954100, , , 
36053.000000,1805399.000000,75549924.000000, , , ,0.000000,-0.650391,0.000000
36054.000000,1805400.000000,75549924.000000,0.000000,-0.002900,-0.968600, , , 
36055.000000,1805499.000000,75549924.000000,0.029000,-0.017400,-0.986000, , , 
36056.000000,1805500.000000,75549924.000000, , , ,0.000000,0.000000,0.000000
36057.000000,1805600.000000,75549924.000000,0.026100,-0.002900,-0.948300, , , 
36058.000000,1805601.000000,75549924.000000, , , ,-0.650391,-0.650391,0.000000
36059.000000,1805692.000000,75549924.000000, , , ,-0.650391,-0.650391,0.000000
36060.000000,1805699.000000,75549924.000000,0.002900,-0.005800,-0.954100, , , 
36061.000000,1805793.000000,75549924.000000, , , ,-0.325195,0.325195,0.000000
36062.000000,1805800.000000,75549924.000000,0.005800,-0.026100,-1.003400, , , 
36063.000000,1805894.000000,75549924.000000, , , ,-1.300781,0.325195,0.000000
36064.000000,1805899.000000,75549924.000000,0.017400,-0.029000,-1.044000, , , 
36065.000000,1805995.000000,75549924.000000, , , ,-1.300781,0.325195,0.000000
36066.000000,1806000.000000,75549924.000000,0.023200,-0.023200,-1.006300, , , 
36067.000000,1806096.000000,75549924.000000, , , ,-0.975586,0.000000,0.000000
36068.000000,1806099.000000,75549924.000000,0.020300,-0.002900,-0.980200, , , 
36069.000000,1806197.000000,75549924.000000, , , ,-0.975586,0.325195,-0.325195
36070.000000,1806200.000000,75549924.000000,0.011600,-0.020300,-1.003400, , , 
36071.000000,1806298.000000,75549924.000000, , , ,-0.975586,0.000000,-0.325195
36072.000000,1806299.000000,75549924.000000,0.031900,-0.011600,-0.991800, , , 
36073.000000,1806399.000000,75549924.000000, , , ,-0.650391,0.000000,0.000000
36074.000000,1806400.000000,75549924.000000,0.031900,-0.011600,-0.977300, , , 
36075.000000,1806499.000000,75549924.000000,0.017400,-0.020300,-1.009200, , , 
36076.000000,1806500.000000,75549924.000000, , , ,-0.650391,0.000000,0.000000
36077.000000,1806600.000000,75549924.000000,0.026100,-0.026100,-0.988900, , , 
36078.000000,1806601.000000,75549924.000000, , , ,-0.975586,-0.325195,0.000000
36079.000000,1806692.000000,75549924.000000, , , ,-0.325195,-0.325195,-0.650391
36080.000000,1806699.000000,75549924.000000,0.029000,0.017400,-0.954100, , , 
36081.000000,1806793.000000,75549924.000000, , , ,0.000000,-0.325195,-0.325195
36082.000000,1806800.000000,75549924.000000,0.000000,-0.031900,-0.994700, , , 
36083.000000,1806894.000000,75549924.000000, , , ,0.000000,0.650391,0.000000
36084.000000,1806899.000000,75549924.000000,0.031900,-0.011600,-0.986000, , , 
36085.000000,1806995.000000,75549924.000000, , , ,0.000000,-1.300781,0.000000
36086.000000,1807000.000000,75549924.000000,0.037700,0.000000,-0.954100, , , 
36087.000000,1807096.000000,75549924.000000, , , ,0.000000,-0.325195,0.000000
36088.000000,1807099.000000,75549924.000000,0.014500,-0.020300,-0.951200, , , 
36089.000000,1807197.000000,75549924.000000, , , ,-0.325195,-0.975586,-0.325195
36090.000000,1807200.000000,75549924.000000,0.020300,-0.026100,-0.974400, , , 
36091.000000,1807298.000000,75549924.000000, , , ,-0.325195,0.000000,0.000000
36092.000000,1807299.000000,75549924.000000,0.020300,-0.008700,-0.988900, , , 
36093.000000,1807399.000000,75549924.000000, , , ,-0.650391,0.000000,0.000000
36094.000000,1807400.000000,75549924.000000,0.020300,-0.026100,-1.009200, , , 
36095.000000,1807499.000000,75549924.000000,0.026100,-0.005800,-0.983100, , , 
36096.000000,1807500.000000,75549924.000000, , , ,-0.650391,0.000000,0.000000
36097.000000,1807600.000000,75549924.000000,0.020300,-0.008700,-0.980200, , , 
36098.000000,1807601.000000,75549924.000000, , , ,0.325195,-1.300781,0.000000
36099.000000,1807692.000000,75549924.000000, , , ,0.650391,0.650391,-0.325195
36100.000000,1807699.000000,75549924.000000,0.017400,-0.026100,-1.017900, , , 
36101.000000,1807793.000000,75549924.000000, , , ,-0.975586,0.000000,0.000000
36102.000000,1807800.000000,75549924.000000,0.031900,-0.049300,-1.015000, , , 
36103.000000,1807894.000000,75549924.000000, , , ,-0.650391,0.325195,-0.325195
36104.000000,1807899.000000,75549924.000000,0.029000,-0.043500,-1.000500, , , 
36105.000000,1807995.000000,75549924.000000, , , ,-1.300781,-0.325195,0.000000
36106.000000,1808000.000000,75549924.000000,0.040600,-0.037700,-0.974400, , , 
36107.000000,1808096.000000,75549924.000000, , , ,-1.300781,-0.325195,0.325195
36108.000000,1808099.000000,75549924.000000,0.026100,-0.026100,-0.936700, , , 
36109.000000,1808197.000000,75549924.000000, , , ,-0.650391,-0.325195,0.000000
36110.000000,1808200.000000,75549924.000000,0.002900,-0.023200,-0.980200, , , 
36111.000000,1808298.000000,75549924.000000, , , ,-0.650391,0.650391,-0.325195
36112.000000,1808299.000000,75549924.000000,0.023200,-0.031900,-1.003400, , , 
36113.000000,1808399.000000,75549924.000000, , , ,-0.975586,-0.650391,-0.325195
36114.000000,1808400.000000,75549924.000000,0.034800,-0.058000,-0.977300, , , 
36115.000000,1808499.000000,75549924.000000,0.026100,-0.029000,-0.939600, , , 
36116.000000,1808500.000000,75549924.000000, , , ,-0.650391,-0.650391,-0.325195
36117.000000,1808600.000000,75549924.000000,0.017400,-0.029000,-0.951200, , , 
36118.000000,1808601.000000,75549924.000000, , , ,-0.325195,-1.951172,-0.325195
36119.000000,1808692.000000,75549924.000000, , , ,-0.650391,0.325195,-0.650391
36120.000000,1808699.000000,75549924.000000,0.005800,-0.043500,-0.997600, , , 
36121.000000,1808793.000000,75549924.000000, , , ,-1.300781,-0.325195,-0.325195
36122.000000,1808800.000000,75549924.000000,0.020300,-0.052200,-1.015000, , , 
36123.000000,1808894.000000,75549924.000000, , , ,-0.975586,0.000000,0.000000
36124.000000,1808899.000000,75549924.000000,0.037700,-0.031900,-0.983100, , , 
36125.000000,1808995.000000,75549924.000000, , , ,-1.300781,-0.975586,-0.325195
36126.000000,1809000.000000,75549924.000000,0.029000,-0.026100,-0.954100, , , 
36127.000000,1809096.000000,75549924.000000, , , ,-0.975586,-0.325195,-0.325195
36128.000000,1809099.000000,75549924.000000,0.008700,-0.026100,-0.971500, , , 
36129.000000,1809197.000000,75549924.000000, , , ,-1.300781,0.000000,-0.325195
36130.000000,1809200.000000,75549924.000000,0.017400,-0.026100,-0.997600, , , 
36131.000000,1809298.000000,75549924.000000, , , ,-1.300781,-0.650391,-0.650391
36132.000000,1809299.000000,75549924.000000,0.034800,-0.029000,-0.977300, , , 
36133.000000,1809399.000000,75549924.000000, , , ,-0.325195,-0.650391,-0.325195
36134.000000,1809400.000000,75549924.000000,0.020300,-0.040600,-0.945400, , , 
36135.000000,1809499.000000,75549924.000000,0.002900,-0.023200,-0.977300, , , 
36136.000000,1809500.000000,75549924.000000, , , ,-1.300781,-0.650391,-0.325195
36137.000000,1809600.000000,75549924.000000,0.002900,-0.043500,-1.038200, , , 
36138.000000,1809601.000000,75549924.000000, , , ,-0.975586,0.975586,-0.325195
36139.000000,1809692.000000,75549924.000000, , , ,-0.975586,-0.975586,-0.650391
36140.000000,1809699.000000,75549924.000000,0.034800,-0.046400,-0.988900, , , 
36141.000000,1809793.000000,75549924.000000, , , ,-0.650391,0.000000,-0.650391
36142.000000,1809800.000000,75549924.000000,0.000000,-0.031900,-0.965700, , , 
36143.000000,1809894.000000,75549924.000000, , , ,-1.625977,0.000000,-0.325195
36144.000000,1809899.000000,75549924.000000,0.014500,-0.043500,-0.988900, , , 
36145.000000,1809995.000000,75549924.000000, , , ,-1.300781,0.000000,-0.325195
36146.000000,1810000.000000,75549924.000000,0.026100,-0.026100,-0.980200, , , 
36147.000000,1810096.000000,75549924.000000, , , ,-0.325195,0.000000,-0.325195
36148.000000,1810099.000000,75549924.000000,0.011600,-0.023200,-0.997600, , , 
36149.000000,1810197.000000,75549924.000000, , , ,-0.650391,-0.325195,-0.650391
36150.000000,1810200.000000,75549924.000000,0.020300,-0.026100,-0.988900, , , 
36151.000000,1810298.000000,75549924.000000, , , ,-0.975586,-0.325195,-0.650391
36152.000000,1810299.000000,75549924.000000,0.011600,-0.034800,-0.939600, , , 
36153.000000,1810399.000000,75549924.000000, , , ,0.000000,-0.325195,-0.650391
36154.000000,1810400.000000,75549924.000000,0.000000,-0.029000,-0.971500, , , 
36155.000000,1810499.000000,75549924.000000,0.005800,-0.031900,-1.003400, , , 
36156.000000,1810500.000000,75549924.000000, , , ,0.000000,0.000000,-0.650391
36157.000000,1810600.000000,75549924.000000,0.014500,-0.026100,-1.003400, , , 
36158.000000,1810601.000000,75549924.000000, , , ,-0.975586,-0.325195,-0.650391
36159.000000,1810692.000000,75549924.000000, , , ,-1.300781,0.000000,-0.650391
36160.000000,1810699.000000,75549924.000000,0.000000,-0.043500,-1.015000, , , 
36161.000000,1810793.000000,75549924.000000, , , ,-1.300781,0.000000,-0.325195
36162.000000,1810800.000000,75549924.000000,0.000000,-0.046400,-1.006300, , , 
36163.000000,1810894.000000,75549924.000000, , , ,-1.300781,0.000000,-0.325195
36164.000000,1810899.000000,75549924.000000,0.014500,-0.029000,-0.991800, , , 
36165.000000,1810995.000000,75549924.000000, , , ,-1.625977,0.000000,-0.325195
36166.000000,1811000.000000,75549924.000000,0.011600,-0.029000,-0.983100, , , 
36167.000000,1811096.000000,75549924.000000, , , ,-2.601563,-0.650391,-0.325195
36168.000000,1811099.000000,75549924.000000,0.008700,-0.031900,-0.968600, , , 
36169.000000,1811197.000000,75549924.000000, , , ,-1.951172,0.000000,-0.325195
36170.000000,1811200.000000,75549924.000000,0.020300,-0.002900,-0.954100, , , 
36171.000000,1811298.000000,75549924.000000, , , ,-0.975586,-2.276367,-0.650391
36172.000000,1811299.000000,75549924.000000,0.008700,-0.002900,-0.957000, , , 
36173.000000,1811399.000000,75549924.000000, , , ,-0.975586,0.000000,-0.975586
36174.000000,1811400.000000,75549924.000000,0.002900,-0.037700,-0.988900, , , 
36175.000000,1811499.000000,75549924.000000,0.000000,-0.031900,-1.012100, , , 
36176.000000,1811500.000000,75549924.000000, , , ,-0.975586,-0.325195,-0.650391
36177.000000,1811600.000000,75549924.000000,0.002900,-0.026100,-1.020800, , , 
36178.000000,1811601.000000,75549924.000000, , , ,-1.300781,0.325195,-0.650391
36179.000000,1811692.000000,75549924.000000, , , ,-0.975586,0.000000,-0.650391
36180.000000,1811699.000000,75549924.000000,0.023200,-0.011600,-1.003400, , , 
36181.000000,1811793.000000,75549924.000000, , , ,-0.975586,0.000000,-0.650391
36182.000000,1811800.000000,75549924.000000,0.008700,-0.052200,-1.012100, , , 
36183.000000,1811894.000000,75549924.000000, , , ,-0.975586,0.000000,-0.975586
36184.000000,1811899.000000,75549924.000000,0.031900,-0.011600,-0.954100, , , 
36185.000000,1811995.000000,75549924.000000, , , ,-0.975586,-1.300781,-0.650391
36186.000000,1812000.000000,75549924.000000,-0.005800,-0.011600,-0.962800, , , 
36187.000000,1812096.000000,75549924.000000, , , ,-0.325195,0.325195,-0.650391
36188.000000,1812099.000000,75549924.000000,0.008700,-0.037700,-1.000500, , , 
36189.000000,1812197.000000,75549924.000000, , , ,-0.975586,-0.325195,-0.650391
36190.000000,1812200.000000,75549924.000000,0.026100,-0.002900,-0.974400, , , 
36191.000000,1812298.000000,75549924.000000, , , ,-0.975586,-0.325195,-0.975586
36192.000000,1812299.000000,75549924.000000,0.014500,-0.008700,-0.968600, , , 
36193.000000,1812399.000000,75549924.000000, , , ,-0.975586,-0.325195,-0.650391
36194.000000,1812400.000000,75549924.000000,-0.002900,-0.029000,-1.000500, , , 
36195.000000,1812499.000000,75549924.000000,0.023200,0.002900,-0.974400, , , 
36196.000000,1812500.000000,75549924.000000, , , ,-0.975586,-0.325195,-0.650391
36197.000000,1812600.000000,75549924.000000,0.008700,0.011600,-0.968600, , , 
36198.000000,1812601.000000,75549924.000000, , , ,0.000000,-0.650391,-0.650391
36199.000000,1812692.000000,75549924.000000, , , ,0.000000,0.000000,-0.975586
36200.000000,1812699.000000,75549924.000000,0.002900,-0.026100,-0.991800, , , 
36201.000000,1812793.000000,75549924.000000, , , ,0.000000,0.000000,-1.300781
36202.000000,1812800.000000,75549924.000000,0.005800,-0.034800,-1.000500, , , 
36203.000000,1812894.000000,75549924.000000, , , ,-0.975586,-0.325195,-0.975586
36204.000000,1812899.000000,75549924.000000,0.014500,-0.052200,-1.012100, , , 
36205.000000,1812995.000000,75549924.000000, , , ,-1.300781,0.000000,-0.975586
36206.000000,1813000.000000,75549924.000000,0.000000,-0.055100,-0.991800, , , 
36207.000000,1813096.000000,75549924.000000, , , ,-1.625977,0.325195,-0.975586
36208.000000,1813099.000000,75549924.000000,0.005800,-0.034800,-0.988900, , , 
36209.000000,1813197.000000,75549924.000000, , , ,-0.975586,-0.650391,-0.975586
36210.000000,1813200.000000,75549924.000000,0.014500,-0.031900,-0.980200, , , 
36211.000000,1813298.000000,75549924.000000, , , ,-0.975586,-0.650391,-1.300781
36212.000000,1813299.000000,75549924.000000,0.008700,-0.049300,-0.974400, , , 
36213.000000,1813399.000000,75549924.000000, , , ,-1.300781,-0.975586,-1.625977
36214.000000,1813400.000000,75549924.000000,0.023200,-0.055100,-0.965700, , , 
36215.000000,1813499.000000,75549924.000000,-0.005800,-0.063800,-0.968600, , , 
36216.000000,1813500.000000,75549924.000000, , , ,-1.300781,0.000000,-1.625977
36217.000000,1813600.000000,75549924.000000,0.002900,-0.066700,-1.006300, , , 
36218.000000,1813601.000000,75549924.000000, , , ,-1.625977,0.000000,-1.625977
36219.000000,1813692.000000,75549924.000000, , , ,-1.300781,0.000000,-1.625977
36220.000000,1813699.000000,75549924.000000,0.011600,-0.052200,-1.017900, , , 
36221.000000,1813793.000000,75549924.000000, , , ,-0.975586,-0.325195,-1.951172
36222.000000,1813800.000000,75549924.000000,0.011600,-0.055100,-0.986000, , , 
36223.000000,1813894.000000,75549924.000000, , , ,-0.650391,0.000000,-1.951172
36224.000000,1813899.000000,75549924.000000,-0.005800,-0.066700,-0.962800, , , 
36225.000000,1813995.000000,75549924.000000, , , ,-0.975586,-0.325195,-1.951172
36226.000000,1814000.000000,75549924.000000,0.002900,-0.084100,-0.991800, , , 
36227.000000,1814096.000000,75549924.000000, , , ,-0.650391,0.000000,-1.951172
36228.000000,1814099.000000,75549924.000000,0.020300,-0.069600,-0.971500, , , 
36229.000000,1814197.000000,75549924.000000, , , ,-1.300781,-1.300781,-1.951172
36230.000000,1814200.000000,75549924.000000,0.005800,-0.060900,-0.957000, , , 
36231.000000,1814298.000000,75549924.000000, , , ,-1.300781,0.000000,-1.951172
36232.000000,1814299.000000,75549924.000000,0.008700,-0.049300,-0.983100, , , 
36233.000000,1814399.000000,75549924.000000, , , ,-1.300781,-0.325195,-2.276367
36234.000000,1814400.000000,75549924.000000,-0.008700,-0.055100,-1.012100, , , 
36235.000000,1814499.000000,75549924.000000,0.008700,-0.043500,-1.012100, , , 
36236.000000,1814500.000000,75549924.000000, , , ,-0.975586,0.325195,-1.625977
36237.000000,1814600.000000,75549924.000000,0.005800,-0.046400,-0.988900, , , 
36238.000000,1814601.000000,75549924.000000, , , ,-0.325195,-0.325195,-1.625977
36239.000000,1814692.000000,75549924.000000, , , ,-0.975586,0.000000,-1.625977
36240.000000,1814699.000000,75549924.000000,0.014500,-0.052200,-0.968600, , , 
36241.000000,1814793.000000,75549924.000000, , , ,-0.975586,-0.650391,-1.625977
36242.000000,1814800.000000,75549924.000000,0.005800,-0.023200,-0.965700, , , 
36243.000000,1814894.000000,75549924.000000, , , ,-0.650391,0.325195,-1.300781
36244.000000,1814899.000000,75549924.000000,0.005800,-0.034800,-0.986000, , , 
36245.000000,1814995.000000,75549924.000000, , , ,-0.650391,0.000000,-1.300781
36246.000000,1815000.000000,75549924.000000,0.005800,-0.029000,-0.997600, , , 
36247.000000,1815096.000000,75549924.000000, , , ,-0.325195,0.650391,-1.625977
36248.000000,1815099.000000,75549924.000000,0.000000,-0.026100,-1.020800, , , 
36249.000000,1815197.000000,75549924.000000, , , ,0.000000,-0.325195,-1.300781
36250.000000,1815200.000000,75549924.000000,0.017400,-0.031900,-0.991800, , , 
36251.000000,1815298.000000,75549924.000000, , , ,-0.325195,0.000000,-1.300781
36252.000000,1815299.000000,75549924.000000,0.011600,-0.034800,-0.971500, , , 
36253.000000,1815399.000000,75549924.000000, , , ,0.000000,-0.975586,-1.300781
36254.000000,1815400.000000,75549924.000000,-0.005800,-0.046400,-0.974400, , , 
36255.000000,1815499.000000,75549924.000000,0.008700,-0.023200,-0.965700, , , 
36256.000000,1815500.000000,75549924.000000, , , ,-0.650391,0.000000,-0.975586
36257.000000,1815600.000000,75549924.000000,0.000000,-0.029000,-0.954100, , , 
36258.000000,1815601.000000,75549924.000000, , , ,0.000000,-0.650391,-0.975586
36259.000000,1815692.000000,75549924.000000, , , ,-0.325195,-0.325195,-0.975586
36260.000000,1815699.000000,75549924.000000,0.002900,-0.031900,-0.968600, , , 
36261.000000,1815793.000000,75549924.000000, , , ,-0.650391,-0.325195,-0.975586
36262.000000,1815800.000000,75549924.000000,0.014500,-0.029000,-0.977300, , , 
36263.000000,1815894.000000,75549924.000000, , , ,-0.975586,0.000000,-0.650391
36264.000000,1815899.000000,75549924.000000,0.000000,-0.037700,-0.994700, , , 
36265.000000,1815995.000000,75549924.000000, , , ,-0.975586,-0.650391,-0.650391
36266.000000,1816000.000000,75549924.000000,0.014500,-0.020300,-0.974400, , , 
36267.000000,1816096.000000,75549924.000000, , , ,-0.325195,0.000000,-0.975586
36268.000000,1816099.000000,75549924.000000,0.011600,-0.002900,-0.968600, , , 
36269.000000,1816197.000000,75549924.000000, , , ,-0.650391,-0.975586,-0.975586
36270.000000,1816200.000000,75549924.000000,0.002900,-0.011600,-1.000500, , , 
36271.000000,1816298.000000,75549924.000000, , , ,-0.325195,0.325195,-0.975586
36272.000000,1816299.000000,75549924.000000,0.014500,-0.005800,-1.009200, , , 
36273.000000,1816399.000000,75549924.000000, , , ,-0.975586,0.000000,-0.975586
36274.000000,1816400.000000,75549924.000000,0.014500,-0.020300,-0.994700, , , 
36275.000000,1816499.000000,75549924.000000,0.000000,-0.017400,-0.983100, , , 
36276.000000,1816500.000000,75549924.000000, , , ,-0.975586,0.325195,-0.975586
36277.000000,1816600.000000,75549924.000000,0.008700,-0.029000,-0.974400, , , 
36278.000000,1816601.000000,75549924.000000, , , ,-0.325195,-0.325195,-1.300781
36279.000000,1816692.000000,75549924.000000, , , ,0.000000,0.000000,-1.300781
36280.000000,1816699.000000,75549924.000000,-0.002900,-0.017400,-0.980200, , , 
36281.000000,1816793.000000,75549924.000000, , , ,0.325195,0.000000,-1.625977
36282.000000,1816800.000000,75549924.000000,0.008700,-0.026100,-0.980200, , , 
36283.000000,1816894.000000,75549924.000000, , , ,0.650391,0.000000,-1.625977
36284.000000,1816899.000000,75549924.000000,0.005800,-0.049300,-0.991800, , , 
36285.000000,1816995.000000,75549924.000000, , , ,0.650391,-0.650391,-1.625977
36286.000000,1817000.000000,75549924.000000,0.037700,-0.058000,-0.977300, , , 
36287.000000,1817096.000000,75549924.000000, , , ,0.325195,0.000000,-1.625977
36288.000000,1817099.000000,75549924.000000,-0.008700,-0.052200,-0.974400, , , 
36289.000000,1817197.000000,75549924.000000, , , ,0.325195,0.000000,-1.300781
36290.000000,1817200.000000,75549924.000000,0.005800,-0.049300,-1.009200, , , 
36291.000000,1817298.000000,75549924.000000, , , ,-0.325195,0.000000,-1.300781
36292.000000,1817299.000000,75549924.000000,0.023200,-0.052200,-1.012100, , , 
36293.000000,1817399.000000,75549924.000000, , , ,0.000000,-1.625977,-1.300781
36294.000000,1817400.000000,75549924.000000,0.020300,-0.052200,-0.919300, , , 
36295.000000,1817499.000000,75549924.000000,-0.011600,-0.029000,-0.951200, , , 
36296.000000,1817500.000000,75549924.000000, , , ,0.000000,-0.325195,-0.975586
36297.000000,1817600.000000,75549924.000000,0.005800,-0.034800,-1.023700, , , 
36298.000000,1817601.000000,75549924.000000, , , ,0.000000,0.325195,-1.300781
36299.000000,1817692.000000,75549924.000000, , , ,0.650391,0.325195,-0.975586
36300.000000,1817699.000000,75549924.000000,0.020300,-0.020300,-0.986000, , , 
36301.000000,1817793.000000,75549924.000000, , , ,0.000000,-0.975586,-0.975586
36302.000000,1817800.000000,75549924.000000,0.014500,-0.026100,-0.942500, , , 
36303.000000,1817894.000000,75549924.000000, , , ,0.000000,-0.325195,-0.975586
36304.000000,1817899.000000,75549924.000000,0.011600,-0.037700,-0.957000, , , 
36305.000000,1817995.000000,75549924.000000, , , ,0.325195,-0.325195,-0.650391
36306.000000,1818000.000000,75549924.000000,0.002900,-0.026100,-0.971500, , , 
36307.000000,1818095.000000,75549924.000000, , , ,0.000000,0.000000,-0.650391
36308.000000,1818100.000000,75549924.000000,0.014500,-0.014500,-0.986000, , , 
36309.000000,1818196.000000,75549924.000000, , , ,0.000000,-0.650391,-0.975586
36310.000000,1818199.000000,75549924.000000,0.000000,-0.037700,-0.986000, , , 
36311.000000,1818297.000000,75549924.000000, , , ,-0.325195,0.000000,-0.650391
36312.000000,1818300.000000,75549924.000000,0.017400,-0.040600,-0.980200, , , 
36313.000000,1818398.000000,75549924.000000, , , ,0.325195,-0.325195,-0.650391
36314.000000,1818399.000000,75549924.000000,0.014500,-0.023200,-0.983100, , , 
36315.000000,1818499.000000,75549924.000000, , , ,0.325195,0.325195,-0.650391
36316.000000,1818500.000000,75549924.000000,0.000000,-0.029000,-1.017900, , , 
36317.000000,1818599.000000,75549924.000000,0.017400,-0.026100,-1.017900, , , 
36318.000000,1818600.000000,75549924.000000, , , ,0.650391,0.000000,-0.650391
36319.000000,1818700.000000,75549924.000000,0.017400,-0.017400,-0.968600, , , 
36320.000000,1818701.000000,75549924.000000, , , ,0.325195,0.000000,0.000000
36321.000000,1818792.000000,75549924.000000, , , ,0.000000,-1.300781,-0.325195
36322.000000,1818799.000000,75549924.000000,0.008700,-0.052200,-0.942500, , , 
36323.000000,1818893.000000,75549924.000000, , , ,0.000000,0.000000,0.000000
36324.000000,1818900.000000,75549924.000000,0.008700,-0.017400,-0.959900, , , 
36325.000000,1818994.000000,75549924.000000, , , ,0.000000,0.000000,0.000000
36326.000000,1818999.000000,75549924.000000,0.005800,-0.005800,-0.988900, , , 
36327.000000,1819095.000000,75549924.000000, , , ,0.000000,0.000000,-0.325195
36328.000000,1819100.000000,75549924.000000,0.017400,-0.020300,-0.991800, , , 
36329.000000,1819196.000000,75549924.000000, , , ,0.000000,-0.325195,-0.325195
36330.000000,1819199.000000,75549924.000000,-0.002900,-0.026100,-1.003400, , , 
36331.000000,1819297.000000,75549924.000000, , , ,-0.325195,0.000000,0.000000
36332.000000,1819300.000000,75549924.000000,0.026100,-0.031900,-0.997600, , , 
36333.000000,1819398.000000,75549924.000000, , , ,-0.325195,0.000000,-0.325195
36334.000000,1819399.000000,75549924.000000,0.000000,-0.026100,-0.971500, , , 
36335.000000,1819499.000000,75549924.000000, , , ,0.000000,-0.650391,-0.325195
36336.000000,1819500.000000,75549924.000000,0.017400,-0.023200,-0.974400, , , 
36337.000000,1819599.000000,75549924.000000,-0.002900,-0.055100,-1.012100, , , 
36338.000000,1819600.000000,75549924.000000, , , ,-0.650391,0.325195,-0.325195
36339.000000,1819700.000000,75549924.000000,0.023200,-0.046400,-0.983100, , , 
36340.000000,1819701.000000,75549924.000000, , , ,-0.975586,0.000000,-0.325195
36341.000000,1819792.000000,75549924.000000, , , ,-0.975586,-0.975586,0.000000
36342.000000,1819799.000000,75549924.000000,0.014500,-0.034800,-0.945400, , , 
36343.000000,1819893.000000,75549924.000000, , , ,0.000000,-0.650391,0.000000
36344.000000,1819900.000000,75549924.000000,-0.002900,-0.020300,-0.948300, , , 
36345.000000,1819994.000000,75549924.000000, , , ,0.000000,-0.325195,0.325195
36346.000000,1819999.000000,75549924.000000,-0.002900,-0.040600,-0.994700, , , 
36347.000000,1820095.000000,75549924.000000, , , ,-0.650391,0.650391,-0.325195
36348.000000,1820100.000000,75549924.000000,0.014500,-0.029000,-1.020800, , , 
36349.000000,1820196.000000,75549924.000000, , , ,-1.300781,-0.975586,-0.325195
36350.000000,1820199.000000,75549924.000000,0.014500,-0.037700,-1.003400, , , 
36351.000000,1820297.000000,75549924.000000, , , ,-1.300781,0.650391,0.000000
36352.000000,1820300.000000,75549924.000000,0.011600,-0.040600,-0.971500, , , 
36353.000000,1820398.000000,75549924.000000, , , ,-1.625977,0.000000,0.000000
36354.000000,1820399.000000,75549924.000000,0.000000,-0.031900,-1.000500, , , 
36355.000000,1820499.000000,75549924.000000, , , ,-2.276367,0.000000,0.000000
36356.000000,1820500.000000,75549924.000000,0.017400,-0.052200,-1.020800, , , 
36357.000000,1820599.000000,75549924.000000,0.037700,0.000000,-0.948300, , , 
36358.000000,1820600.000000,75549924.000000, , , ,-1.625977,-1.625977,-0.325195
36359.000000,1820700.000000,75549924.000000,0.011600,-0.002900,-0.930900, , , 
36360.000000,1820701.000000,75549924.000000, , , ,0.000000,-0.975586,-0.325195
36361.000000,1820792.000000,75549924.000000, , , ,0.325195,-0.650391,-0.325195
36362.000000,1820799.000000,75549924.000000,0.011600,-0.040600,-0.962800, , , 
36363.000000,1820893.000000,75549924.000000, , , ,0.000000,0.000000,-0.325195
36364.000000,1820900.000000,75549924.000000,0.000000,-0.026100,-0.980200, , , 
36365.000000,1820994.000000,75549924.000000, , , ,0.000000,0.000000,0.000000
36366.000000,1820999.000000,75549924.000000,0.005800,-0.017400,-0.991800, , , 
36367.000000,1821095.000000,75549924.000000, , , ,0.000000,0.000000,-0.325195
36368.000000,1821100.000000,75549924.000000,0.008700,-0.029000,-1.006300, , , 
36369.000000,1821196.000000,75549924.000000, , , ,-0.325195,0.000000,0.000000
36370.000000,1821199.000000,75549924.000000,0.002900,-0.034800,-1.012100, , , 
36371.000000,1821297.000000,75549924.000000, , , ,-0.975586,-0.325195,-0.325195
36372.000000,1821300.000000,75549924.000000,0.029000,-0.043500,-0.971500, , , 
36373.000000,1821398.000000,75549924.000000, , , ,-0.650391,-0.975586,0.000000
36374.000000,1821399.000000,75549924.000000,0.011600,-0.023200,-0.930900, , , 
36375.000000,1821499.000000,75549924.000000, , , ,-0.650391,-0.325195,-0.325195
36376.000000,1821500.000000,75549924.000000,-0.011600,-0.029000,-0.997600, , , 
36377.000000,1821599.000000,75549924.000000,0.017400,-0.020300,-1.012100, , , 
36378.000000,1821600.000000,75549924.000000, , , ,-0.325195,0.650391,-0.325195
36379.000000,1821700.000000,75549924.000000,0.005800,-0.020300,-1.009200, , , 
36380.000000,1821701.000000,75549924.000000, , , ,-0.650391,-0.325195,-0.650391
36381.000000,1821792.000000,75549924.000000, , , ,-1.300781,0.000000,-0.650391
36382.000000,1821799.000000,75549924.000000,0.017400,-0.052200,-0.988900, , , 
36383.000000,1821893.000000,75549924.000000, , , ,-1.300781,0.000000,-0.325195
36384.000000,1821900.000000,75549924.000000,0.008700,-0.046400,-0.988900, , , 
36385.000000,1821994.000000,75549924.000000, , , ,-1.625977,0.000000,0.000000
36386.000000,1821999.000000,75549924.000000,0.023200,-0.020300,-0.974400, , , 
36387.000000,1822095.000000,75549924.000000, , , ,-1.625977,-0.325195,-0.325195
36388.000000,1822100.000000,75549924.000000,0.008700,-0.023200,-0.986000, , , 
36389.000000,1822196.000000,75549924.000000, , , ,-2.276367,0.000000,0.000000
36390.000000,1822199.000000,75549924.000000,0.008700,-0.017400,-0.962800, , , 
36391.000000,1822297.000000,75549924.000000, , , ,-1.300781,-0.975586,0.000000
36392.000000,1822300.000000,75549924.000000,0.014500,0.000000,-0.933800, , , 
36393.000000,1822398.000000,75549924.000000, , , ,-0.650391,-0.325195,-0.325195
36394.000000,1822399.000000,75549924.000000,0.008700,-0.014500,-0.965700, , , 
36395.000000,1822499.000000,75549924.000000, , , ,-1.300781,-0.325195,-0.325195
36396.000000,1822500.000000,75549924.000000,0.017400,-0.011600,-0.997600, , , 
36397.000000,1822599.000000,75549924.000000,0.014500,0.000000,-0.980200, , , 
36398.000000,1822600.000000,75549924.000000, , , ,-0.650391,-0.650391,-0.325195
36399.000000,1822700.000000,75549924.000000,0.002900,-0.011600,-0.954100, , , 
36400.000000,1822701.000000,75549924.000000, , , ,-0.325195,-0.325195,0.000000
36401.000000,1822792.000000,75549924.000000, , , ,-0.325195,-1.300781,0.000000
36402.000000,1822799.000000,75549924.000000,0.014500,-0.005800,-0.939600, , , 
36403.000000,1822893.000000,75549924.000000, , , ,0.000000,-0.325195,-0.325195
36404.000000,1822900.000000,75549924.000000,-0.005800,0.000000,-0.968600, , , 
36405.000000,1822994.000000,75549924.000000, , , ,-0.650391,-0.325195,0.000000
36406.000000,1822999.000000,75549924.000000,0.002900,-0.017400,-1.009200, , , 
36407.000000,1823095.000000,75549924.000000, , , ,-0.650391,0.325195,0.000000
36408.000000,1823100.000000,75549924.000000,0.005800,-0.008700,-1.026600, , , 
36409.000000,1823196.000000,75549924.000000, , , ,-0.650391,-0.325195,0.000000
36410.000000,1823199.000000,75549924.000000,0.011600,0.008700,-0.988900, , , 
36411.000000,1823297.000000,75549924.000000, , , ,-0.975586,-0.325195,0.000000
36412.000000,1823300.000000,75549924.000000,0.002900,-0.005800,-0.959900, , , 
36413.000000,1823398.000000,75549924.000000, , , ,-0.325195,-0.650391,0.000000
36414.000000,1823399.000000,75549924.000000,0.011600,0.014500,-0.954100, , , 
36415.000000,1823499.000000,75549924.000000, , , ,-0.325195,-0.325195,0.000000
36416.000000,1823500.000000,75549924.000000,0.000000,0.000000,-0.983100, , , 
36417.000000,1823599.000000,75549924.000000,0.005800,0.005800,-0.997600, , , 
36418.000000,1823600.000000,75549924.000000, , , ,-0.325195,0.000000,0.000000
36419.000000,1823700.000000,75549924.000000,0.017400,-0.002900,-0.994700, , , 
36420.000000,1823701.000000,75549924.000000, , , ,-0.975586,-0.650391,0.000000
36421.000000,1823792.000000,75549924.000000, , , ,-0.325195,-0.975586,0.000000
36422.000000,1823799.000000,75549924.000000,0.023200,0.008700,-0.959900, , , 
36423.000000,1823893.000000,75549924.000000, , , ,0.000000,-1.300781,0.000000
36424.000000,1823900.000000,75549924.000000,0.000000,0.005800,-0.945400, , , 
36425.000000,1823994.000000,75549924.000000, , , ,0.000000,-0.325195,0.000000
36426.000000,1823999.000000,75549924.000000,0.000000,-0.014500,-0.971500, , , 
36427.000000,1824095.000000,75549924.000000, , , ,-0.975586,0.000000,0.000000
36428.000000,1824100.000000,75549924.000000,0.037700,-0.020300,-0.942500, , , 
36429.000000,1824196.000000,75549924.000000, , , ,-1.625977,-1.300781,0.000000
36430.000000,1824199.000000,75549924.000000,-0.005800,0.005800,-0.951200, , , 
36431.000000,1824297.000000,75549924.000000, , , ,-1.300781,0.000000,0.000000
36432.000000,1824300.000000,75549924.000000,-0.008700,0.000000,-0.997600, , , 
36433.000000,1824398.000000,75549924.000000, , , ,-0.650391,0.000000,0.000000
36434.000000,1824399.000000,75549924.000000,0.017400,-0.008700,-0.994700, , , 
36435.000000,1824499.000000,75549924.000000, , , ,0.000000,0.000000,0.000000
36436.000000,1824500.000000,75549924.000000,0.000000,0.014500,-0.983100, , , 
36437.000000,1824599.000000,75549924.000000,-0.020300,-0.023200,-0.965700, , , 
36438.000000,1824600.000000,75549924.000000, , , ,0.000000,-0.650391,0.000000
36439.000000,1824700.000000,75549924.000000,0.002900,-0.011600,-0.962800, , , 
36440.000000,1824701.000000,75549924.000000, , , ,0.000000,-0.325195,0.000000
36441.000000,1824792.000000,75549924.000000, , , ,-0.325195,-0.325195,0.000000
36442.000000,1824799.000000,75549924.000000,0.002900,-0.034800,-0.968600, , , 
36443.000000,1824893.000000,75549924.000000, , , ,-0.975586,0.000000,0.000000
36444.000000,1824900.000000,75549924.000000,-0.002900,-0.017400,-0.977300, , , 
36445.000000,1824994.000000,75549924.000000, , , ,-1.300781,0.000000,0.000000
36446.000000,1824999.000000,75549924.000000,0.002900,0.000000,-0.968600, , , 
36447.000000,1825095.000000,75549924.000000, , , ,-0.975586,-0.650391,0.000000
36448.000000,1825100.000000,75549924.000000,-0.002900,0.011600,-0.980200, , , 
36449.000000,1825196.000000,75549924.000000, , , ,-1.300781,0.000000,0.000000
36450.000000,1825199.000000,75549924.000000,0.000000,-0.008700,-0.997600, , , 
36451.000000,1825297.000000,75549924.000000, , , ,-0.975586,0.000000,-0.325195
36452.000000,1825300.000000,75549924.000000,0.011600,0.000000,-0.977300, , , 
36453.000000,1825398.000000,75549924.000000, , , ,0.000000,-1.300781,0.000000
36454.000000,1825399.000000,75549924.000000,0.002900,0.008700,-0.962800, , , 
36455.000000,1825499.000000,75549924.000000, , , ,0.325195,-0.325195,0.000000
36456.000000,1825500.000000,75549924.000000,0.000000,0.008700,-0.959900, , , 
36457.000000,1825599.000000,75549924.000000,0.011600,-0.011600,-0.971500, , , 
36458.000000,1825600.000000,75549924.000000, , , ,0.000000,-0.325195,-0.325195
36459.000000,1825700.000000,75549924.000000,-0.008700,-0.014500,-0.965700, , , 
36460.000000,1825701.000000,75549924.000000, , , ,0.000000,-0.650391,-0.325195
36461.000000,1825792.000000,75549924.000000, , , ,-0.325195,-0.325195,-0.325195
36462.000000,1825799.000000,75549924.000000,-0.005800,-0.023200,-0.977300, , , 
36463.000000,1825893.000000,75549924.000000, , , ,-0.975586,0.000000,-0.650391
36464.000000,1825900.000000,75549924.000000,-0.002900,-0.017400,-0.986000, , , 
36465.000000,1825994.000000,75549924.000000, , , ,-1.300781,0.000000,-0.325195
36466.000000,1825999.000000,75549924.000000,-0.005800,-0.020300,-0.986000, , , 
36467.000000,1826095.000000,75549924.000000, , , ,-0.975586,-0.650391,-0.325195
36468.000000,1826100.000000,75549924.000000,-0.002900,-0.008700,-0.971500, , , 
36469.000000,1826196.000000,75549924.000000, , , ,0.000000,-0.325195,-0.325195
36470.000000,1826199.000000,75549924.000000,0.000000,-0.011600,-0.997600, , , 
36471.000000,1826297.000000,75549924.000000, , , ,-0.650391,-0.325195,-0.650391
36472.000000,1826300.000000,75549924.000000,-0.005800,-0.020300,-0.980200, , , 
36473.000000,1826398.000000,75549924.000000, , , ,-0.975586,0.000000,-0.650391
36474.000000,1826399.000000,75549924.000000,-0.008700,-0.029000,-0.983100, , , 
36475.000000,1826499.000000,75549924.000000, , , ,-0.975586,-0.325195,0.000000
36476.000000,1826500.000000,75549924.000000,-0.014500,-0.026100,-0.980200, , , 
36477.000000,1826599.000000,75549924.000000,-0.011600,-0.014500,-0.980200, , , 
36478.000000,1826600.000000,75549924.000000, , , ,-0.325195,-0.325195,-0.325195
36479.000000,1826700.000000,75549924.000000,-0.002900,-0.020300,-0.986000, , , 
36480.000000,1826701.000000,75549924.000000, , , ,0.000000,0.000000,-0.325195
36481.000000,1826792.000000,75549924.000000, , , ,-0.975586,-1.300781,-0.325195
36482.000000,1826799.000000,75549924.000000,0.008700,-0.040600,-0.948300, , , 
36483.000000,1826893.000000,75549924.000000, , , ,-0.650391,-0.975586,-0.325195
36484.000000,1826900.000000,75549924.000000,0.000000,-0.017400,-0.933800, , , 
36485.000000,1826994.000000,75549924.000000, , , ,-0.650391,-0.650391,0.000000
36486.000000,1826999.000000,75549924.000000,0.000000,-0.005800,-0.957000, , , 
36487.000000,1827095.000000,75549924.000000, , , ,0.000000,-0.650391,-0.650391
36488.000000,1827100.000000,75549924.000000,-0.031900,-0.026100,-0.965700, , , 
36489.000000,1827196.000000,75549924.000000, , , ,0.000000,0.000000,-0.325195
36490.000000,1827199.000000,75549924.000000,-0.017400,-0.017400,-0.991800, , , 
36491.000000,1827297.000000,75549924.000000, , , ,0.000000,-0.325195,-0.325195
36492.000000,1827300.000000,75549924.000000,-0.005800,-0.031900,-1.009200, , , 
36493.000000,1827398.000000,75549924.000000, , , ,-0.325195,0.000000,-0.650391
36494.000000,1827399.000000,75549924.000000,-0.020300,-0.034800,-0.994700, , , 
36495.000000,1827499.000000,75549924.000000, , , ,-0.650391,-0.325195,0.000000
36496.000000,1827500.000000,75549924.000000,-0.011600,-0.043500,-0.988900, , , 
36497.000000,1827599.000000,75549924.000000,-0.011600,-0.026100,-0.997600, , , 
36498.000000,1827600.000000,75549924.000000, , , ,-0.975586,0.000000,-0.325195
36499.000000,1827700.000000,75549924.000000,-0.008700,-0.023200,-0.988900, , , 
36500.000000,1827701.000000,75549924.000000, , , ,-0.650391,-0.325195,0.000000
36501.000000,1827792.000000,75549924.000000, , , ,-0.650391,0.000000,-0.325195
36502.000000,1827799.000000,75549924.000000,-0.026100,-0.020300,-0.994700, , , 
36503.000000,1827893.000000,75549924.000000, , , ,-0.975586,0.000000,-0.325195
36504.000000,1827900.000000,75549924.000000,-0.005800,-0.029000,-0.986000, , , 
36505.000000,1827994.000000,75549924.000000, , , ,-0.650391,-0.325195,0.000000
36506.000000,1827999.000000,75549924.000000,-0.005800,-0.011600,-0.965700, , , 
36507.000000,1828095.000000,75549924.000000, , , ,-0.325195,0.000000,-0.325195
36508.000000,1828100.000000,75549924.000000,-0.026100,-0.031900,-0.994700, , , 
36509.000000,1828196.000000,75549924.000000, , , ,-0.650391,0.000000,-0.650391
36510.000000,1828199.000000,75549924.000000,-0.005800,-0.034800,-1.012100, , , 
36511.000000,1828297.000000,75549924.000000, , , ,-1.625977,0.000000,-0.325195
36512.000000,1828300.000000,75549924.000000,-0.002900,-0.029000,-0.988900, , , 
36513.000000,1828398.000000,75549924.000000, , , ,-1.300781,-0.650391,-0.325195
36514.000000,1828399.000000,75549924.000000,0.000000,-0.034800,-0.959900, , , 
36515.000000,1828499.000000,75549924.000000, , , ,-1.300781,-0.325195,0.000000
36516.000000,1828500.000000,75549924.000000,-0.026100,-0.023200,-0.962800, , , 
36517.000000,1828599.000000,75549924.000000,-0.026100,-0.011600,-0.994700, , , 
36518.000000,1828600.000000,75549924.000000, , , ,-1.300781,0.000000,-0.325195
36519.000000,1828700.000000,75549924.000000,0.023200,-0.008700,-0.977300, , , 
36520.000000,1828701.000000,75549924.000000, , , ,-0.975586,-0.325195,-0.325195
36521.000000,1828792.000000,75549924.000000, , , ,0.000000,-0.975586,-0.650391
36522.000000,1828799.000000,75549924.000000,-0.014500,-0.002900,-0.936700, , , 
36523.000000,1828893.000000,75549924.000000, , , ,0.325195,-0.325195,0.000000
36524.000000,1828900.000000,75549924.000000,-0.002900,-0.002900,-0.965700, , , 
36525.000000,1828994.000000,75549924.000000, , , ,0.000000,-0.325195,-0.325195
36526.000000,1828999.000000,75549924.000000,-0.008700,-0.005800,-0.991800, , , 
36527.000000,1829095.000000,75549924.000000, , , ,0.000000,0.000000,-0.325195
36528.000000,1829100.000000,75549924.000000,-0.020300,-0.017400,-1.017900, , , 
36529.000000,1829196.000000,75549924.000000, , , ,-0.650391,0.000000,0.325195
36530.000000,1829199.000000,75549924.000000,-0.017400,-0.040600,-1.032400, , , 
36531.000000,1829297.000000,75549924.000000, , , ,-0.975586,0.000000,0.000000
36532.000000,1829300.000000,75549924.000000,-0.005800,-0.020300,-1.003400, , , 
36533.000000,1829398.000000,75549924.000000, , , ,0.000000,0.000000,0.000000
36534.000000,1829399.000000,75549924.000000,-0.008700,-0.002900,-0.986000, , , 
36535.000000,1829499.000000,75549924.000000, , , ,-0.650391,0.000000,0.000000
36536.000000,1829500.000000,75549924.000000,-0.029000,-0.026100,-1.006300, , , 
36537.000000,1829599.000000,75549924.000000,-0.008700,-0.017400,-1.029500, , , 
36538.000000,1829600.000000,75549924.000000, , , ,-0.325195,0.650391,0.000000
36539.000000,1829700.000000,75549924.000000,-0.005800,-0.017400,-1.017900, , , 
36540.000000,1829701.000000,75549924.000000, , , ,-0.325195,0.325195,0.000000
36541.000000,1829792.000000,75549924.000000, , , ,-0.650391,0.000000,-0.325195
36542.000000,1829799.000000,75549924.000000,-0.008700,-0.002900,-1.020800, , , 
36543.000000,1829893.000000,75549924.000000, , , ,-0.975586,0.650391,0.000000
36544.000000,1829900.000000,75549924.000000,-0.005800,-0.014500,-1.006300, , , 
36545.000000,1829994.000000,75549924.000000, , , ,-1.951172,0.000000,0.000000
36546.000000,1829999.000000,75549924.000000,-0.002900,-0.023200,-0.988900, , , 
36547.000000,1830095.000000,75549924.000000, , , ,-0.975586,0.000000,-0.325195
36548.000000,1830100.000000,75549924.000000,-0.014500,-0.005800,-0.988900, , , 
36549.000000,1830196.000000,75549924.000000, , , ,-0.650391,0.325195,0.000000
36550.000000,1830199.000000,75549924.000000,-0.029000,-0.005800,-0.994700, , , 
36551.000000,1830297.000000,75549924.000000, , , ,-0.975586,0.325195,0.000000
36552.000000,1830300.000000,75549924.000000,-0.008700,0.020300,-0.988900, , , 
36553.000000,1830398.000000,75549924.000000, , , ,-0.975586,0.325195,0.000000
36554.000000,1830399.000000,75549924.000000,-0.014500,-0.011600,-1.015000, , , 
36555.000000,1830499.000000,75549924.000000, , , ,-0.975586,0.000000,0.000000
36556.000000,1830500.000000,75549924.000000,-0.023200,0.000000,-1.009200, , , 
36557.000000,1830599.000000,75549924.000000,-0.014500,0.005800,-1.023700, , , 
36558.000000,1830600.000000,75549924.000000, , , ,-0.975586,0.000000,0.000000
36559.000000,1830700.000000,75549924.000000,-0.005800,-0.014500,-1.009200, , , 
36560.000000,1830701.000000,75549924.000000, , , ,-0.650391,0.325195,0.000000
36561.000000,1830792.000000,75549924.000000, , , ,-0.975586,-0.325195,0.000000
36562.000000,1830799.000000,75549924.000000,-0.017400,0.008700,-0.994700, , , 
36563.000000,1830893.000000,75549924.000000, , , ,-0.650391,0.325195,0.000000
36564.000000,1830900.000000,75549924.000000,-0.014500,0.000000,-1.006300, , , 
36565.000000,1830994.000000,75549924.000000, , , ,-0.325195,0.000000,0.000000
36566.000000,1830999.000000,75549924.000000,-0.002900,0.005800,-0.988900, , , 
36567.000000,1831095.000000,75549924.000000, , , ,-0.975586,-0.975586,0.000000
36568.000000,1831100.000000,75549924.000000,-0.017400,0.014500,-0.986000, , , 
36569.000000,1831196.000000,75549924.000000, , , ,-0.325195,0.325195,0.000000
36570.000000,1831199.000000,75549924.000000,-0.011600,0.008700,-0.997600, , , 
36571.000000,1831297.000000,75549924.000000, , , ,-0.650391,0.000000,0.000000
36572.000000,1831300.000000,75549924.000000,-0.005800,0.002900,-0.991800, , , 
36573.000000,1831398.000000,75549924.000000, , , ,-0.975586,0.000000,0.325195
36574.000000,1831399.000000,75549924.000000,-0.011600,0.002900,-0.997600, , , 
36575.000000,1831499.000000,75549924.000000, , , ,-0.975586,0.325195,0.000000
36576.000000,1831500.000000,75549924.000000,-0.017400,-0.002900,-1.003400, , , 
36577.000000,1831599.000000,75549924.000000,0.005800,0.020300,-0.988900, , , 
36578.000000,1831600.000000,75549924.000000, , , ,-0.975586,-0.325195,0.000000
36579.000000,1831700.000000,75549924.000000,-0.023200,0.011600,-0.991800, , , 
36580.000000,1831701.000000,75549924.000000, , , ,-0.325195,0.000000,0.000000
36581.000000,1831792.000000,75549924.000000, , , ,0.000000,0.650391,-0.325195
36582.000000,1831799.000000,75549924.000000,-0.008700,0.005800,-1.017900, , , 
36583.000000,1831893.000000,75549924.000000, , , ,0.650391,0.000000,0.000000
36584.000000,1831900.000000,75549924.000000,-0.002900,0.011600,-1.015000, , , 
36585.000000,1831994.000000,75549924.000000, , , ,0.325195,-0.650391,0.000000
36586.000000,1831999.000000,75549924.000000,0.031900,0.008700,-0.930900, , , 
36587.000000,1832095.000000,75549924.000000, , , ,0.000000,-0.975586,0.000000
36588.000000,1832100.000000,75549924.000000,-0.031900,-0.029000,-0.928000, , , 
36589.000000,1832196.000000,75549924.000000, , , ,-0.650391,0.650391,0.000000
36590.000000,1832199.000000,75549924.000000,-0.008700,-0.011600,-0.997600, , , 
36591.000000,1832297.000000,75549924.000000, , , ,0.000000,0.000000,0.325195
36592.000000,1832300.000000,75549924.000000,0.000000,-0.031900,-1.006300, , , 
36593.000000,1832398.000000,75549924.000000, , , ,0.000000,0.000000,0.000000
36594.000000,1832399.000000,75549924.000000,0.000000,-0.011600,-0.983100, , , 
36595.000000,1832499.000000,75549924.000000, , , ,0.000000,-0.325195,-0.325195
36596.000000,1832500.000000,75549924.000000,0.000000,-0.017400,-0.988900, , , 
36597.000000,1832599.000000,75549924.000000,0.000000,-0.023200,-1.000500, , , 
36598.000000,1832600.000000,75549924.000000, , , ,0.000000,0.325195,0.000000
36599.000000,1832700.000000,75549924.000000,0.020300,-0.008700,-0.962800, , , 
36600.000000,1832701.000000,75549924.000000, , , ,-0.325195,0.000000,0.000000
36601.000000,1832792.000000,75549924.000000, , , ,0.000000,-0.975586,-0.325195
36602.000000,1832799.000000,75549924.000000,0.011600,-0.011600,-0.945400, , , 
36603.000000,1832893.000000,75549924.000000, , , ,0.325195,0.000000,-0.325195
36604.000000,1832900.000000,75549924.000000,0.005800,-0.014500,-0.959900, , , 
36605.000000,1832994.000000,75549924.000000, , , ,-0.650391,-0.325195,0.000000
36606.000000,1832999.000000,75549924.000000,0.002900,-0.008700,-0.965700, , , 
36607.000000,1833095.000000,75549924.000000, , , ,-0.975586,0.000000,0.000000
36608.000000,1833100.000000,75549924.000000,0.017400,-0.023200,-0.986000, , , 
36609.000000,1833196.000000,75549924.000000, , , ,-1.300781,-0.325195,0.000000
36610.000000,1833199.000000,75549924.000000,0.034800,-0.023200,-0.959900, , , 
36611.000000,1833297.000000,75549924.000000, , , ,-0.650391,-0.325195,0.000000
36612.000000,1833300.000000,75549924.000000,-0.014500,-0.005800,-0.959900, , , 
36613.000000,1833398.000000,75549924.000000, , , ,-0.650391,0.325195,0.000000
36614.000000,1833399.000000,75549924.000000,0.011600,-0.008700,-1.023700, , , 
36615.000000,1833499.000000,75549924.000000, , , ,-0.975586,0.000000,-0.325195
36616.000000,1833500.000000,75549924.000000,0.005800,-0.020300,-1.023700, , , 
36617.000000,1833599.000000,75549924.000000,0.017400,-0.011600,-0.971500, , , 
36618.000000,1833600.000000,75549924.000000, , , ,0.000000,0.000000,0.000000
36619.000000,1833700.000000,75549924.000000,0.026100,-0.011600,-0.971500, , , 
36620.000000,1833701.000000,75549924.000000, , , ,0.000000,-0.650391,-0.325195
36621.000000,1833792.000000,75549924.000000, , , ,0.000000,0.000000,0.000000
36622.000000,1833799.000000,75549924.000000,0.017400,-0.031900,-0.977300, , , 
36623.000000,1833893.000000,75549924.000000, , , ,0.325195,-0.650391,-0.325195
36624.000000,1833900.000000,75549924.000000,0.014500,-0.014500,-0.977300, , , 
36625.000000,1833994.000000,75549924.000000, , , ,0.000000,0.000000,-0.325195
36626.000000,1833999.000000,75549924.000000,0.029000,-0.017400,-0.971500, , , 
36627.000000,1834095.000000,75549924.000000, , , ,-0.325195,-0.325195,-0.325195
36628.000000,1834100.000000,75549924.000000,0.017400,-0.026100,-0.971500, , , 
36629.000000,1834196.000000,75549924.000000, , , ,-0.650391,0.650391,-0.325195
36630.000000,1834199.000000,75549924.000000,0.023200,-0.031900,-1.000500, , , 
36631.000000,1834297.000000,75549924.000000, , , ,-0.650391,0.325195,-0.325195
36632.000000,1834300.000000,75549924.000000,0.017400,-0.037700,-1.017900, , , 
36633.000000,1834398.000000,75549924.000000, , , ,-0.650391,0.000000,-0.325195
36634.000000,1834399.000000,75549924.000000,0.017400,-0.040600,-1.012100, , , 
36635.000000,1834499.000000,75549924.000000, , , ,-0.650391,-0.325195,-0.325195
36636.000000,1834500.000000,75549924.000000,0.034800,-0.017400,-0.959900, , , 
36637.000000,1834599.000000,75549924.000000,0.008700,-0.023200,-0.959900, , , 
36638.000000,1834600.000000,75549924.000000, , , ,-0.650391,-0.975586,0.000000
36639.000000,1834700.000000,75549924.000000,0.017400,-0.029000,-0.986000, , , 
36640.000000,1834701.000000,75549924.000000, , , ,-0.650391,0.000000,-0.325195
36641.000000,1834792.000000,75549924.000000, , , ,-0.975586,0.000000,-0.325195
36642.000000,1834799.000000,75549924.000000,0.017400,-0.037700,-1.000500, , , 
36643.000000,1834893.000000,75549924.000000, , , ,-0.975586,0.000000,0.000000
36644.000000,1834900.000000,75549924.000000,0.011600,-0.034800,-0.991800, , , 
36645.000000,1834994.000000,75549924.000000, , , ,-0.975586,0.000000,-0.325195
36646.000000,1834999.000000,75549924.000000,0.023200,-0.031900,-0.988900, , , 
36647.000000,1835095.000000,75549924.000000, , , ,-0.650391,-0.650391,-0.325195
36648.000000,1835100.000000,75549924.000000,0.031900,-0.026100,-0.983100, , , 
36649.000000,1835196.000000,75549924.000000, , , ,-0.325195,-0.325195,-0.650391
36650.000000,1835199.000000,75549924.000000,0.014500,-0.017400,-0.962800, , , 
36651.000000,1835297.000000,75549924.000000, , , ,0.000000,-0.650391,0.000000
36652.000000,1835300.000000,75549924.000000,0.014500,-0.008700,-0.977300, , , 
36653.000000,1835398.000000,75549924.000000, , , ,-0.325195,-0.325195,-0.325195
36654.000000,1835399.000000,75549924.000000,0.034800,-0.046400,-0.971500, , , 
36655.000000,1835499.000000,75549924.000000, , , ,-0.650391,-1.300781,-0.325195
36656.000000,1835500.000000,75549924.000000,0.002900,-0.029000,-0.954100, , , 
36657.000000,1835599.000000,75549924.000000,0.023200,-0.020300,-0.994700, , , 
36658.000000,1835600.000000,75549924.000000, , , ,-0.325195,0.000000,-0.650391
36659.000000,1835700.000000,75549924.000000,0.023200,-0.034800,-0.997600, , , 
36660.000000,1835701.000000,75549924.000000, , , ,0.000000,-1.300781,-0.650391
36661.000000,1835792.000000,75549924.000000, , , ,0.000000,0.975586,-0.325195
36662.000000,1835799.000000,75549924.000000,0.005800,-0.034800,-0.994700, , , 
36663.000000,1835893.000000,75549924.000000, , , ,0.000000,0.000000,-0.325195
36664.000000,1835900.000000,75549924.000000,0.008700,-0.017400,-1.000500, , , 
36665.000000,1835994.000000,75549924.000000, , , ,0.000000,0.325195,-0.325195
36666.000000,1835999.000000,75549924.000000,0.002900,-0.040600,-1.006300, , , 
36667.000000,1836095.000000,75549924.000000, , , ,-0.325195,-0.325195,-0.325195
36668.000000,1836100.000000,75549924.000000,0.026100,-0.031900,-0.971500, , , 
36669.000000,1836196.000000,75549924.000000, , , ,-0.975586,-0.650391,-0.325195
36670.000000,1836199.000000,75549924.000000,0.020300,-0.029000,-0.959900, , , 
36671.000000,1836297.000000,75549924.000000, , , ,-0.650391,0.000000,-0.650391
36672.000000,1836300.000000,75549924.000000,0.000000,-0.060900,-0.997600, , , 
36673.000000,1836398.000000,75549924.000000, , , ,-1.300781,-0.325195,0.000000
36674.000000,1836399.000000,75549924.000000,0.023200,-0.034800,-1.006300, , , 
36675.000000,1836499.000000,75549924.000000, , , ,-0.975586,0.000000,-0.325195
36676.000000,1836500.000000,75549924.000000,0.023200,-0.005800,-0.957000, , , 
36677.000000,1836599.000000,75549924.000000,0.020300,-0.034800,-0.954100, , , 
36678.000000,1836600.000000,75549924.000000, , , ,-0.650391,-0.650391,-0.325195
36679.000000,1836700.000000,75549924.000000,0.011600,-0.034800,-0.971500, , , 
36680.000000,1836701.000000,75549924.000000, , , ,-0.325195,0.000000,-0.650391
36681.000000,1836792.000000,75549924.000000, , , ,0.000000,-0.325195,-0.325195
36682.000000,1836799.000000,75549924.000000,0.008700,-0.014500,-0.991800, , , 
36683.000000,1836893.000000,75549924.000000, , , ,-0.325195,-0.325195,-0.325195
36684.000000,1836900.000000,75549924.000000,0.011600,-0.026100,-0.986000, , , 
36685.000000,1836994.000000,75549924.000000, , , ,0.000000,-0.325195,-0.325195
36686.000000,1836999.000000,75549924.000000,0.002900,-0.034800,-0.986000, , , 
36687.000000,1837095.000000,75549924.000000, , , ,0.000000,0.000000,0.000000
36688.000000,1837100.000000,75549924.000000,0.005800,-0.029000,-1.000500, , , 
36689.000000,1837196.000000,75549924.000000, , , ,0.000000,0.650391,-0.325195
36690.000000,1837199.000000,75549924.000000,0.008700,-0.014500,-0.991800, , , 
36691.000000,1837297.000000,75549924.000000, , , ,0.000000,-0.325195,-0.325195
36692.000000,1837300.000000,75549924.000000,0.014500,-0.026100,-0.986000, , , 
36693.000000,1837398.000000,75549924.000000, , , ,0.000000,-0.650391,0.000000
36694.000000,1837399.000000,75549924.000000,0.023200,-0.026100,-0.951200, , , 
36695.000000,1837499.000000,75549924.000000, , , ,-0.325195,0.000000,-0.325195
36696.000000,1837500.000000,75549924.000000,0.000000,-0.023200,-0.954100, , , 
36697.000000,1837599.000000,75549924.000000,0.000000,-0.029000,-0.994700, , , 
36698.000000,1837600.000000,75549924.000000, , , ,-0.325195,0.000000,0.000000
36699.000000,1837700.000000,75549924.000000,0.000000,-0.043500,-0.997600, , , 
36700.000000,1837701.000000,75549924.000000, , , ,-0.650391,0.000000,0.000000
36701.000000,1837792.000000,75549924.000000, , , ,-0.325195,-0.325195,-0.650391
36702.000000,1837799.000000,75549924.000000,0.005800,-0.029000,-0.980200, , , 
36703.000000,1837893.000000,75549924.000000, , , ,-0.650391,0.000000,0.000000
36704.000000,1837900.000000,75549924.000000,-0.002900,-0.043500,-0.977300, , , 
36705.000000,1837994.000000,75549924.000000, , , ,-0.650391,0.000000,-0.325195
36706.000000,1837999.000000,75549924.000000,0.000000,-0.017400,-0.980200, , , 
36707.000000,1838095.000000,75549924.000000, , , ,-0.650391,-0.325195,0.000000
36708.000000,1838100.000000,75549924.000000,0.011600,-0.023200,-0.991800, , , 
36709.000000,1838196.000000,75549924.000000, , , ,-0.975586,0.000000,0.000000
36710.000000,1838199.000000,75549924.000000,0.008700,-0.049300,-0.980200, , , 
36711.000000,1838297.000000,75549924.000000, , , ,-1.300781,-0.325195,0.000000
36712.000000,1838300.000000,75549924.000000,0.002900,-0.029000,-0.974400, , , 
36713.000000,1838398.000000,75549924.000000, , , ,-1.625977,0.000000,0.000000
36714.000000,1838399.000000,75549924.000000,-0.005800,-0.034800,-0.991800, , , 
36715.000000,1838499.000000,75549924.000000, , , ,-1.625977,0.325195,0.000000
36716.000000,1838500.000000,75549924.000000,0.011600,-0.020300,-0.988900, , , 
36717.000000,1838599.000000,75549924.000000,0.005800,-0.014500,-0.957000, , , 
36718.000000,1838600.000000,75549924.000000, , , ,-0.325195,-0.650391,-0.325195
36719.000000,1838700.000000,75549924.000000,0.000000,-0.031900,-0.954100, , , 
36720.000000,1838701.000000,75549924.000000, , , ,-0.325195,-1.300781,-0.325195
36721.000000,1838792.000000,75549924.000000, , , ,-0.650391,-0.975586,0.000000
36722.000000,1838799.000000,75549924.000000,0.008700,-0.031900,-0.986000, , , 
36723.000000,1838893.000000,75549924.000000, , , ,-1.300781,0.000000,0.000000
36724.000000,1838900.000000,75549924.000000,0.000000,-0.023200,-0.986000, , , 
36725.000000,1838994.000000,75549924.000000, , , ,-0.650391,0.000000,0.000000
36726.000000,1838999.000000,75549924.000000,0.020300,0.008700,-0.974400, , , 
36727.000000,1839095.000000,75549924.000000, , , ,-0.650391,-0.975586,-0.325195
36728.000000,1839100.000000,75549924.000000,0.005800,-0.020300,-0.965700, , , 
36729.000000,1839196.000000,75549924.000000, , , ,-0.325195,-0.325195,-0.325195
36730.000000,1839199.000000,75549924.000000,0.005800,-0.008700,-0.954100, , , 
36731.000000,1839297.000000,75549924.000000, , , ,0.000000,-0.975586,-0.325195
36732.000000,1839300.000000,75549924.000000,0.000000,-0.008700,-0.954100, , , 
36733.000000,1839398.000000,75549924.000000, , , ,0.000000,-0.650391,0.000000
36734.000000,1839399.000000,75549924.000000,0.000000,-0.023200,-0.980200, , , 
36735.000000,1839499.000000,75549924.000000, , , ,0.325195,0.000000,0.000000
36736.000000,1839500.000000,75549924.000000,0.005800,-0.026100,-0.991800, , , 
36737.000000,1839599.000000,75549924.000000,0.000000,-0.008700,-0.980200, , , 
36738.000000,1839600.000000,75549924.000000, , , ,0.000000,0.325195,0.000000
36739.000000,1839700.000000,75549924.000000,0.000000,-0.014500,-0.997600, , , 
36740.000000,1839701.000000,75549924.000000, , , ,0.000000,0.325195,0.000000
36741.000000,1839792.000000,75549924.000000, , , ,0.000000,-0.325195,0.000000
36742.000000,1839799.000000,75549924.000000,-0.005800,-0.040600,-1.003400, , , 
36743.000000,1839893.000000,75549924.000000, , , ,-0.650391,0.325195,0.000000
36744.000000,1839900.000000,75549924.000000,0.008700,-0.037700,-0.997600, , , 
36745.000000,1839994.000000,75549924.000000, , , ,-0.325195,-0.325195,-0.325195
36746.000000,1839999.000000,75549924.000000,0.000000,-0.014500,-0.971500, , , 
36747.000000,1840095.000000,75549924.000000, , , ,-0.650391,-0.325195,0.000000
36748.000000,1840100.000000,75549924.000000,-0.011600,-0.020300,-0.988900, , , 
36749.000000,1840196.000000,75549924.000000, , , ,-0.325195,0.325195,0.000000
36750.000000,1840199.000000,75549924.000000,-0.005800,-0.026100,-1.009200, , , 
36751.000000,1840297.000000,75549924.000000, , , ,-0.975586,-0.325195,0.325195
36752.000000,1840300.000000,75549924.000000,-0.002900,-0.034800,-1.029500, , , 
36753.000000,1840398.000000,75549924.000000, , , ,-0.650391,0.000000,0.000000
36754.000000,1840399.000000,75549924.000000,0.020300,-0.011600,-0.986000, , , 
36755.000000,1840499.000000,75549924.000000, , , ,-0.975586,-0.325195,-0.325195
36756.000000,1840500.000000,75549924.000000,0.000000,-0.029000,-0.954100, , , 
36757.000000,1840599.000000,75549924.000000,0.005800,-0.034800,-0.954100, , , 
36758.000000,1840600.000000,75549924.000000, , , ,-1.300781,-0.975586,0.000000
36759.000000,1840700.000000,75549924.000000,-0.002900,-0.020300,-0.988900, , , 
36760.000000,1840701.000000,75549924.000000, , , ,-1.300781,0.325195,0.000000
36761.000000,1840792.000000,75549924.000000, , , ,-1.300781,0.000000,0.000000
36762.000000,1840799.000000,75549924.000000,0.014500,0.011600,-1.041100, , , 
36763.000000,1840893.000000,75549924.000000, , , ,-0.650391,0.000000,0.000000
36764.000000,1840900.000000,75549924.000000,0.002900,-0.026100,-1.017900, , , 
36765.000000,1840994.000000,75549924.000000, , , ,-0.650391,-0.325195,-0.650391
36766.000000,1840999.000000,75549924.000000,0.000000,-0.034800,-0.965700, , , 
36767.000000,1841095.000000,75549924.000000, , , ,0.000000,0.000000,-0.325195
36768.000000,1841100.000000,75549924.000000,0.000000,-0.017400,-0.991800, , , 
36769.000000,1841196.000000,75549924.000000, , , ,-0.650391,0.650391,0.000000
36770.000000,1841199.000000,75549924.000000,0.000000,-0.040600,-0.997600, , , 
36771.000000,1841297.000000,75549924.000000, , , ,-0.650391,0.000000,-0.325195
36772.000000,1841300.000000,75549924.000000,0.000000,-0.017400,-0.991800, , , 
36773.000000,1841398.000000,75549924.000000, , , ,-0.975586,0.000000,0.000000
36774.000000,1841399.000000,75549924.000000,-0.005800,-0.020300,-0.986000, , , 
36775.000000,1841499.000000,75549924.000000, , , ,-0.975586,0.000000,-0.325195
36776.000000,1841500.000000,75549924.000000,-0.002900,-0.020300,-1.006300, , , 
36777.000000,1841599.000000,75549924.000000,0.000000,-0.026100,-1.032400, , , 
36778.000000,1841600.000000,75549924.000000, , , ,-0.975586,0.975586,0.000000
36779.000000,1841700.000000,75549924.000000,-0.005800,-0.023200,-0.997600, , , 
36780.000000,1841701.000000,75549924.000000, , , ,-0.325195,0.325195,0.000000
36781.000000,1841792.000000,75549924.000000, , , ,-0.325195,0.325195,-0.325195
36782.000000,1841799.000000,75549924.000000,0.011600,-0.008700,-0.986000, , , 
36783.000000,1841893.000000,75549924.000000, , , ,0.000000,0.000000,0.000000
36784.000000,1841900.000000,75549924.000000,0.008700,-0.014500,-0.971500, , , 
36785.000000,1841994.000000,75549924.000000, , , ,-0.325195,-0.650391,0.000000
36786.000000,1841999.000000,75549924.000000,0.002900,-0.034800,-0.954100, , , 
36787.000000,1842095.000000,75549924.000000, , , ,-0.650391,0.325195,0.000000
36788.000000,1842100.000000,75549924.000000,-0.017400,-0.023200,-0.988900, , , 
36789.000000,1842196.000000,75549924.000000, , , ,-0.650391,0.975586,0.000000
36790.000000,1842199.000000,75549924.000000,-0.005800,-0.005800,-1.061400, , , 
36791.000000,1842297.000000,75549924.000000, , , ,-0.325195,0.325195,-0.325195
36792.000000,1842300.000000,75549924.000000,0.017400,-0.026100,-1.046900, , , 
36793.000000,1842398.000000,75549924.000000, , , ,-0.650391,-1.300781,-0.650391
36794.000000,1842399.000000,75549924.000000,0.023200,-0.037700,-0.928000, , , 
36795.000000,1842499.000000,75549924.000000, , , ,-0.650391,0.000000,-0.650391
36796.000000,1842500.000000,75549924.000000,-0.008700,-0.026100,-0.954100, , , 
36797.000000,1842599.000000,75549924.000000,-0.002900,-0.026100,-0.954100, , , 
36798.000000,1842600.000000,75549924.000000, , , ,-0.650391,-0.650391,-0.650391
36799.000000,1842700.000000,75549924.000000,0.008700,-0.031900,-0.962800, , , 
36800.000000,1842701.000000,75549924.000000, , , ,-0.650391,-0.325195,0.000000
36801.000000,1842792.000000,75549924.000000, , , ,-0.975586,-0.325195,-0.325195
36802.000000,1842799.000000,75549924.000000,-0.034800,-0.029000,-1.003400, , , 
36803.000000,1842893.000000,75549924.000000, , , ,-1.625977,0.000000,0.000000
36804.000000,1842900.000000,75549924.000000,0.000000,-0.029000,-1.023700, , , 
36805.000000,1842994.000000,75549924.000000, , , ,-1.625977,-0.650391,-0.325195
36806.000000,1842999.000000,75549924.000000,0.005800,-0.005800,-0.991800, , , 
36807.000000,1843095.000000,75549924.000000, , , ,-0.650391,-0.325195,0.000000
36808.000000,1843100.000000,75549924.000000,-0.017400,-0.020300,-0.988900, , , 
36809.000000,1843196.000000,75549924.000000, , , ,-0.325195,0.325195,-0.325195
36810.000000,1843199.000000,75549924.000000,0.014500,-0.011600,-1.000500, , , 
36811.000000,1843297.000000,75549924.000000, , , ,-0.650391,-0.325195,-0.325195
36812.000000,1843300.000000,75549924.000000,0.008700,-0.029000,-0.983100, , , 
36813.000000,1843398.000000,75549924.000000, , , ,-0.650391,0.000000,-0.325195
36814.000000,1843399.000000,75549924.000000,0.002900,-0.031900,-0.954100, , , 
36815.000000,1843499.000000,75549924.000000, , , ,-0.650391,-0.650391,0.000000
36816.000000,1843500.000000,75549924.000000,-0.005800,0.000000,-0.974400, , , 
36817.000000,1843599.000000,75549924.000000,-0.005800,-0.017400,-1.015000, , , 
36818.000000,1843600.000000,75549924.000000, , , ,-0.975586,0.650391,0.000000
36819.000000,1843700.000000,75549924.000000,-0.005800,-0.008700,-0.988900, , , 
36820.000000,1843701.000000,75549924.000000, , , ,-0.650391,0.000000,0.000000
36821.000000,1843792.000000,75549924.000000, , , ,0.000000,-0.650391,0.000000
36822.000000,1843799.000000,75549924.000000,0.000000,0.002900,-0.965700, , , 
36823.000000,1843893.000000,75549924.000000, , , ,0.325195,0.000000,-0.325195
36824.000000,1843900.000000,75549924.000000,0.000000,0.005800,-0.986000, , , 
36825.000000,1843994.000000,75549924.000000, , , ,0.000000,0.325195,0.000000
36826.000000,1843999.000000,75549924.000000,-0.005800,-0.023200,-1.000500, , , 
36827.000000,1844095.000000,75549924.000000, , , ,-0.325195,0.325195,0.000000
36828.000000,1844100.000000,75549924.000000,0.002900,-0.017400,-1.017900, , , 
36829.000000,1844196.000000,75549924.000000, , , ,-0.325195,0.000000,0.325195
36830.000000,1844199.000000,75549924.000000,0.008700,-0.023200,-0.983100, , , 
36831.000000,1844297.000000,75549924.000000, , , ,-1.625977,-0.975586,0.000000
36832.000000,1844300.000000,75549924.000000,0.000000,-0.008700,-0.939600, , , 
36833.000000,1844398.000000,75549924.000000, , , ,-1.300781,-0.650391,0.000000
36834.000000,1844399.000000,75549924.000000,0.000000,0.000000,-0.957000, , , 
36835.000000,1844499.000000,75549924.000000, , , ,-0.650391,0.000000,0.000000
36836.000000,1844500.000000,75549924.000000,0.008700,0.011600,-0.977300, , , 
36837.000000,1844599.000000,75549924.000000,0.005800,-0.031900,-1.000500, , , 
36838.000000,1844600.000000,75549924.000000, , , ,-0.650391,-0.325195,-0.325195
36839.000000,1844700.000000,75549924.000000,-0.011600,-0.014500,-1.003400, , , 
36840.000000,1844701.000000,75549924.000000, , , ,-0.325195,0.000000,0.000000
36841.000000,1844792.000000,75549924.000000, , , ,-0.325195,0.000000,-0.325195
36842.000000,1844799.000000,75549924.000000,0.020300,-0.020300,-1.035300, , , 
36843.000000,1844893.000000,75549924.000000, , , ,-0.325195,0.000000,-0.325195
36844.000000,1844900.000000,75549924.000000,0.008700,-0.023200,-0.980200, , , 
36845.000000,1844994.000000,75549924.000000, , , ,0.000000,-0.650391,-0.325195
36846.000000,1844999.000000,75549924.000000,0.008700,-0.014500,-0.968600, , , 
36847.000000,1845095.000000,75549924.000000, , , ,0.000000,0.325195,-0.325195
36848.000000,1845100.000000,75549924.000000,0.017400,-0.014500,-0.988900, , , 
36849.000000,1845196.000000,75549924.000000, , , ,0.325195,0.000000,-0.650391
36850.000000,1845199.000000,75549924.000000,0.008700,-0.031900,-0.994700, , , 
36851.000000,1845297.000000,75549924.000000, , , ,-0.650391,-0.325195,-0.325195
36852.000000,1845300.000000,75549924.000000,0.017400,-0.043500,-0.968600, , , 
36853.000000,1845398.000000,75549924.000000, , , ,-1.300781,-1.951172,-0.325195
36854.000000,1845399.000000,75549924.000000,0.031900,-0.031900,-0.930900, , , 
36855.000000,1845499.000000,75549924.000000, , , ,-0.650391,0.650391,0.000000
36856.000000,1845500.000000,75549924.000000,-0.026100,-0.005800,-0.986000, , , 
36857.000000,1845599.000000,75549924.000000,0.023200,-0.031900,-1.029500, , , 
36858.000000,1845600.000000,75549924.000000, , , ,-0.975586,0.325195,-0.325195
36859.000000,1845700.000000,75549924.000000,0.011600,-0.031900,-0.983100, , , 
36860.000000,1845701.000000,75549924.000000, , , ,-0.650391,-0.325195,-0.325195
36861.000000,1845792.000000,75549924.000000, , , ,-0.975586,-0.650391,-0.325195
36862.000000,1845799.000000,75549924.000000,0.008700,-0.017400,-0.962800, , , 
36863.000000,1845893.000000,75549924.000000, , , ,-0.650391,-0.325195,0.000000
36864.000000,1845900.000000,75549924.000000,0.017400,-0.011600,-0.957000, , , 
36865.000000,1845994.000000,75549924.000000, , , ,-0.650391,0.000000,-0.325195
36866.000000,1845999.000000,75549924.000000,0.026100,-0.020300,-0.974400, , , 
36867.000000,1846095.000000,75549924.000000, , , ,-0.975586,-0.325195,0.000000
36868.000000,1846100.000000,75549924.000000,0.011600,-0.017400,-0.980200, , , 
36869.000000,1846196.000000,75549924.000000, , , ,-0.325195,0.000000,0.000000
36870.000000,1846199.000000,75549924.000000,0.008700,-0.017400,-0.983100, , , 
36871.000000,1846297.000000,75549924.000000, , , ,-0.325195,-0.325195,-0.325195
36872.000000,1846300.000000,75549924.000000,0.014500,-0.029000,-0.994700, , , 
36873.000000,1846398.000000,75549924.000000, , , ,-0.650391,0.000000,-0.325195
36874.000000,1846399.000000,75549924.000000,0.023200,-0.043500,-0.977300, , , 
36875.000000,1846499.000000,75549924.000000, , , ,-0.650391,-1.300781,0.000000
36876.000000,1846500.000000,75549924.000000,0.008700,-0.014500,-0.948300, , , 
36877.000000,1846599.000000,75549924.000000,0.002900,-0.034800,-0.988900, , , 
36878.000000,1846600.000000,75549924.000000, , , ,-0.975586,0.000000,0.000000
36879.000000,1846700.000000,75549924.000000,0.026100,-0.008700,-0.997600, , , 
36880.000000,1846701.000000,75549924.000000, , , ,-0.325195,-0.325195,0.000000
36881.000000,1846792.000000,75549924.000000, , , ,-0.650391,-0.650391,0.000000
36882.000000,1846799.000000,75549924.000000,0.014500,-0.014500,-0.957000, , , 
36883.000000,1846893.000000,75549924.000000, , , ,-0.650391,-0.650391,0.000000
36884.000000,1846900.000000,75549924.000000,0.011600,-0.002900,-0.977300, , , 
36885.000000,1846994.000000,75549924.000000, , , ,-0.975586,0.000000,0.000000
36886.000000,1846999.000000,75549924.000000,0.008700,-0.005800,-1.003400, , , 
36887.000000,1847095.000000,75549924.000000, , , ,-0.975586,0.000000,0.000000
36888.000000,1847100.000000,75549924.000000,0.011600,-0.040600,-1.006300, , , 
36889.000000,1847196.000000,75549924.000000, , , ,-1.300781,0.650391,-0.325195
36890.000000,1847199.000000,75549924.000000,0.014500,-0.005800,-1.012100, , , 
36891.000000,1847297.000000,75549924.000000, , , ,-1.300781,-0.975586,0.650391
36892.000000,1847300.000000,75549924.000000,0.020300,-0.005800,-0.968600, , , 
36893.000000,1847398.000000,75549924.000000, , , ,-0.650391,-0.325195,0.000000
36894.000000,1847399.000000,75549924.000000,0.017400,0.000000,-0.951200, , , 
36895.000000,1847499.000000,75549924.000000, , , ,-0.325195,-0.650391,0.000000
36896.000000,1847500.000000,75549924.000000,0.000000,0.014500,-0.977300, , , 
36897.000000,1847599.000000,75549924.000000,0.023200,-0.005800,-0.983100, , , 
36898.000000,1847600.000000,75549924.000000, , , ,-0.325195,0.000000,0.000000
36899.000000,1847700.000000,75549924.000000,0.026100,-0.011600,-0.957000, , , 
36900.000000,1847701.000000,75549924.000000, , , ,0.000000,-0.650391,0.000000
36901.000000,1847792.000000,75549924.000000, , , ,-0.975586,-0.325195,0.000000
36902.000000,1847799.000000,75549924.000000,0.002900,-0.002900,-0.965700, , , 
36903.000000,1847893.000000,75549924.000000, , , ,-0.975586,0.000000,0.000000
36904.000000,1847900.000000,75549924.000000,0.026100,0.002900,-0.977300, , , 
36905.000000,1847994.000000,75549924.000000, , , ,-0.650391,-0.650391,0.000000
36906.000000,1847999.000000,75549924.000000,0.008700,0.002900,-0.951200, , , 
36907.000000,1848095.000000,75549924.000000, , , ,-0.975586,-0.325195,0.000000
36908.000000,1848100.000000,75549924.000000,0.000000,-0.002900,-0.977300, , , 
36909.000000,1848196.000000,75549924.000000, , , ,-0.975586,-0.325195,0.000000
36910.000000,1848199.000000,75549924.000000,0.026100,0.011600,-0.983100, , , 
36911.000000,1848297.000000,75549924.000000, , , ,0.000000,-0.650391,0.000000
36912.000000,1848300.000000,75549924.000000,0.026100,0.023200,-0.971500, , , 
36913.000000,1848398.000000,75549924.000000, , , ,0.325195,-0.650391,0.000000
36914.000000,1848399.000000,75549924.000000,0.023200,0.000000,-0.968600, , , 
36915.000000,1848499.000000,75549924.000000, , , ,0.000000,0.000000,-0.325195
36916.000000,1848500.000000,75549924.000000,0.011600,-0.017400,-0.959900, , , 
36917.000000,1848599.000000,75549924.000000,0.020300,-0.020300,-0.980200, , , 
36918.000000,1848600.000000,75549924.000000, , , ,-0.975586,-1.300781,-0.325195
36919.000000,1848700.000000,75549924.000000,0.002900,-0.023200,-0.983100, , , 
36920.000000,1848701.000000,75549924.000000, , , ,-0.650391,0.325195,0.000000
36921.000000,1848792.000000,75549924.000000, , , ,-1.625977,0.000000,0.000000
36922.000000,1848799.000000,75549924.000000,0.017400,-0.002900,-0.988900, , , 
36923.000000,1848893.000000,75549924.000000, , , ,-1.300781,-1.300781,-0.325195
36924.000000,1848900.000000,75549924.000000,0.029000,0.011600,-0.994700, , , 
36925.000000,1848994.000000,75549924.000000, , , ,-0.975586,0.000000,0.000000
36926.000000,1848999.000000,75549924.000000,-0.002900,-0.008700,-0.994700, , , 
36927.000000,1849095.000000,75549924.000000, , , ,-0.975586,0.000000,-0.325195
36928.000000,1849100.000000,75549924.000000,0.011600,0.002900,-0.980200, , , 
36929.000000,1849196.000000,75549924.000000, , , ,-0.325195,-0.650391,-0.650391
36930.000000,1849199.000000,75549924.000000,0.014500,-0.017400,-0.959900, , , 
36931.000000,1849297.000000,75549924.000000, , , ,0.000000,-0.325195,0.000000
36932.000000,1849300.000000,75549924.000000,0.000000,-0.008700,-0.986000, , , 
36933.000000,1849398.000000,75549924.000000, , , ,-0.325195,0.000000,0.000000
36934.000000,1849399.000000,75549924.000000,0.020300,-0.002900,-0.983100, , , 
36935.000000,1849499.000000,75549924.000000, , , ,-0.325195,-0.325195,0.000000
36936.000000,1849500.000000,75549924.000000,0.000000,-0.014500,-0.962800, , , 
36937.000000,1849599.000000,75549924.000000,-0.002900,-0.017400,-0.986000, , , 
36938.000000,1849600.000000,75549924.000000, , , ,-1.300781,0.000000,0.000000
36939.000000,1849700.000000,75549924.000000,0.026100,0.011600,-0.980200, , , 
36940.000000,1849701.000000,75549924.000000, , , ,-1.300781,-0.325195,-0.325195
36941.000000,1849792.000000,75549924.000000, , , ,-0.325195,-1.300781,0.000000
36942.000000,1849799.000000,75549924.000000,0.002900,0.008700,-0.925100, , , 
36943.000000,1849893.000000,75549924.000000, , , ,0.000000,-0.325195,0.000000
36944.000000,1849900.000000,75549924.000000,-0.002900,-0.002900,-0.951200, , , 
36945.000000,1849994.000000,75549924.000000, , , ,0.000000,-0.650391,-0.325195
36946.000000,1849999.000000,75549924.000000,0.014500,-0.008700,-0.991800, , , 
36947.000000,1850095.000000,75549924.000000, , , ,-1.300781,0.000000,0.000000
36948.000000,1850100.000000,75549924.000000,-0.002900,-0.017400,-0.977300, , , 
36949.000000,1850196.000000,75549924.000000, , , ,-0.975586,-0.325195,0.000000
36950.000000,1850199.000000,75549924.000000,0.000000,-0.005800,-0.988900, , , 
36951.000000,1850297.000000,75549924.000000, , , ,-0.975586,0.000000,0.000000
36952.000000,1850300.000000,75549924.000000,0.011600,-0.005800,-1.012100, , , 
36953.000000,1850398.000000,75549924.000000, , , ,-0.325195,0.325195,0.000000
36954.000000,1850399.000000,75549924.000000,0.005800,0.014500,-0.997600, , , 
36955.000000,1850499.000000,75549924.000000, , , ,0.000000,-0.325195,0.000000
36956.000000,1850500.000000,75549924.000000,0.008700,0.011600,-0.965700, , , 
36957.000000,1850599.000000,75549924.000000,0.008700,-0.005800,-0.957000, , , 
36958.000000,1850600.000000,75549924.000000, , , ,-0.650391,-0.975586,0.000000
36959.000000,1850700.000000,75549924.000000,-0.005800,0.000000,-0.965700, , , 
36960.000000,1850701.000000,75549924.000000, , , ,0.000000,-0.325195,0.000000
36961.000000,1850792.000000,75549924.000000, , , ,0.000000,-0.325195,0.325195
36962.000000,1850799.000000,75549924.000000,0.002900,0.000000,-0.994700, , , 
36963.000000,1850893.000000,75549924.000000, , , ,-0.650391,-0.325195,0.000000
36964.000000,1850900.000000,75549924.000000,-0.005800,-0.014500,-0.994700, , , 
36965.000000,1850994.000000,75549924.000000, , , ,-0.975586,0.000000,0.000000
36966.000000,1850999.000000,75549924.000000,0.005800,0.000000,-0.983100, , , 
36967.000000,1851095.000000,75549924.000000, , , ,-0.975586,-1.300781,0.000000
36968.000000,1851100.000000,75549924.000000,-0.031900,-0.014500,-0.957000, , , 
36969.000000,1851196.000000,75549924.000000, , , ,-0.975586,-0.650391,-0.325195
36970.000000,1851199.000000,75549924.000000,-0.008700,0.000000,-0.951200, , , 
36971.000000,1851297.000000,75549924.000000, , , ,-0.325195,-0.325195,0.000000
36972.000000,1851300.000000,75549924.000000,-0.020300,0.023200,-0.988900, , , 
36973.000000,1851398.000000,75549924.000000, , , ,1.300781,-0.975586,1.300781
36974.000000,1851399.000000,75549924.000000,0.034800,0.017400,-0.957000, , , 
36975.000000,1851499.000000,75549924.000000, , , ,1.300781,-1.625977,-0.325195
36976.000000,1851500.000000,75549924.000000,-0.026100,-0.029000,-0.928000, , , 
36977.000000,1851599.000000,75549924.000000,-0.043500,-0.037700,-0.980200, , , 
36978.000000,1851600.000000,75549924.000000, , , ,-0.650391,0.000000,-0.325195
36979.000000,1851700.000000,75549924.000000,0.000000,-0.014500,-1.012100, , , 
36980.000000,1851701.000000,75549924.000000, , , ,-0.650391,0.000000,0.000000
36981.000000,1851792.000000,75549924.000000, , , ,-0.650391,0.650391,0.000000
36982.000000,1851799.000000,75549924.000000,-0.020300,-0.029000,-1.015000, , , 
36983.000000,1851893.000000,75549924.000000, , , ,0.000000,0.000000,0.000000
36984.000000,1851900.000000,75549924.000000,0.011600,0.011600,-0.991800, , , 
36985.000000,1851994.000000,75549924.000000, , , ,0.000000,-1.951172,-0.325195
36986.000000,1851999.000000,75549924.000000,0.008700,-0.005800,-0.893200, , , 
36987.000000,1852095.000000,75549924.000000, , , ,0.650391,-0.650391,0.000000
36988.000000,1852100.000000,75549924.000000,-0.040600,0.005800,-0.959900, , , 
36989.000000,1852196.000000,75549924.000000, , , ,0.000000,0.000000,-0.325195
36990.000000,1852199.000000,75549924.000000,0.023200,0.026100,-0.986000, , , 
36991.000000,1852297.000000,75549924.000000, , , ,0.650391,0.000000,0.975586
36992.000000,1852300.000000,75549924.000000,-0.040600,-0.055100,-0.986000, , , 
36993.000000,1852398.000000,75549924.000000, , , ,0.000000,-0.975586,0.000000
36994.000000,1852399.000000,75549924.000000,-0.017400,-0.121800,-1.044000, , , 
36995.000000,1852499.000000,75549924.000000, , , ,0.000000,-1.300781,-0.325195
36996.000000,1852500.000000,75549924.000000,-0.020300,0.005800,-0.974400, , , 
36997.000000,1852599.000000,75549924.000000,-0.023200,0.000000,-0.997600, , , 
36998.000000,1852600.000000,75549924.000000, , , ,-0.650391,0.975586,0.000000
36999.000000,1852700.000000,75549924.000000,0.008700,0.000000,-0.994700, , , 
37000.000000,1852701.000000,75549924.000000, , , ,-0.650391,0.650391,0.000000
37001.000000,1852792.000000,75549924.000000, , , ,-0.650391,-1.300781,0.000000
37002.000000,1852799.000000,75549924.000000,-0.005800,-0.017400,-0.945400, , , 
37003.000000,1852893.000000,75549924.000000, , , ,-0.325195,-0.975586,0.000000
37004.000000,1852900.000000,75549924.000000,-0.037700,0.014500,-0.945400, , , 
37005.000000,1852994.000000,75549924.000000, , , ,-0.325195,0.000000,0.000000
37006.000000,1852999.000000,75549924.000000,0.000000,-0.017400,-0.954100, , , 
37007.000000,1853095.000000,75549924.000000, , , ,-0.650391,0.000000,0.000000
37008.000000,1853100.000000,75549924.000000,-0.005800,-0.040600,-0.983100, , , 
37009.000000,1853196.000000,75549924.000000, , , ,-1.300781,-0.975586,-0.325195
37010.000000,1853199.000000,75549924.000000,0.000000,-0.031900,-0.925100, , , 
37011.000000,1853297.000000,75549924.000000, , , ,-0.325195,-0.650391,0.000000
37012.000000,1853300.000000,75549924.000000,-0.037700,-0.029000,-0.971500, , , 
37013.000000,1853398.000000,75549924.000000, , , ,0.650391,0.975586,-0.650391
37014.000000,1853399.000000,75549924.000000,-0.008700,-0.026100,-1.003400, , , 
37015.000000,1853499.000000,75549924.000000, , , ,-0.650391,0.000000,-0.650391
37016.000000,1853500.000000,75549924.000000,-0.005800,-0.055100,-1.015000, , , 
37017.000000,1853599.000000,75549924.000000,0.005800,-0.037700,-0.968600, , , 
37018.000000,1853600.000000,75549924.000000, , , ,-0.650391,-0.975586,-0.650391
37019.000000,1853700.000000,75549924.000000,-0.043500,-0.058000,-0.983100, , , 
37020.000000,1853701.000000,75549924.000000, , , ,-0.325195,0.000000,-0.650391
37021.000000,1853792.000000,75549924.000000, , , ,-0.975586,0.325195,-0.650391
37022.000000,1853799.000000,75549924.000000,-0.008700,-0.081200,-0.988900, , , 
37023.000000,1853893.000000,75549924.000000, , , ,-0.975586,-0.975586,-0.325195
37024.000000,1853900.000000,75549924.000000,0.005800,-0.026100,-0.939600, , , 
37025.000000,1853994.000000,75549924.000000, , , ,0.000000,0.000000,-0.650391
37026.000000,1853999.000000,75549924.000000,-0.046400,-0.014500,-0.965700, , , 
37027.000000,1854095.000000,75549924.000000, , , ,-0.325195,0.000000,-0.325195
37028.000000,1854100.000000,75549924.000000,0.011600,-0.046400,-0.997600, , , 
37029.000000,1854196.000000,75549924.000000, , , ,-0.325195,0.000000,-0.650391
37030.000000,1854199.000000,75549924.000000,-0.017400,-0.023200,-1.003400, , , 
37031.000000,1854297.000000,75549924.000000, , , ,-1.300781,0.000000,-0.650391
37032.000000,1854300.000000,75549924.000000,0.005800,-0.118900,-0.980200, , , 
37033.000000,1854398.000000,75549924.000000, , , ,-0.975586,-2.276367,0.000000
37034.000000,1854399.000000,75549924.000000,0.000000,-0.023200,-0.936700, , , 
37035.000000,1854499.000000,75549924.000000, , , ,0.325195,0.000000,-0.975586
37036.000000,1854500.000000,75549924.000000,-0.043500,-0.002900,-0.957000, , , 
37037.000000,1854599.000000,75549924.000000,-0.014500,-0.058000,-0.994700, , , 
37038.000000,1854600.000000,75549924.000000, , , ,-0.650391,0.000000,-0.325195
37039.000000,1854700.000000,75549924.000000,-0.002900,-0.040600,-0.968600, , , 
37040.000000,1854701.000000,75549924.000000, , , ,-0.650391,-0.650391,-0.325195
37041.000000,1854792.000000,75549924.000000, , , ,0.000000,-0.325195,-0.325195
37042.000000,1854799.000000,75549924.000000,-0.058000,0.000000,-1.015000, , , 
37043.000000,1854893.000000,75549924.000000, , , ,-1.300781,0.325195,-0.325195
37044.000000,1854900.000000,75549924.000000,-0.002900,-0.078300,-1.026600, , , 
37045.000000,1854994.000000,75549924.000000, , , ,-1.951172,-1.300781,-0.325195
37046.000000,1854999.000000,75549924.000000,0.017400,-0.023200,-0.939600, , , 
37047.000000,1855095.000000,75549924.000000, , , ,0.325195,-0.650391,0.000000
37048.000000,1855100.000000,75549924.000000,-0.060900,0.043500,-0.942500, , , 
37049.000000,1855196.000000,75549924.000000, , , ,1.951172,0.325195,0.650391
37050.000000,1855199.000000,75549924.000000,0.023200,-0.002900,-1.006300, , , 
37051.000000,1855297.000000,75549924.000000, , , ,1.625977,-0.975586,-0.325195
37052.000000,1855300.000000,75549924.000000,-0.005800,-0.029000,-0.951200, , , 
37053.000000,1855398.000000,75549924.000000, , , ,-0.325195,0.000000,-0.325195
37054.000000,1855399.000000,75549924.000000,-0.060900,-0.104400,-1.009200, , , 
37055.000000,1855499.000000,75549924.000000, , , ,-4.227539,1.625977,0.650391
37056.000000,1855500.000000,75549924.000000,-0.046400,-0.127600,-1.061400, , , 
37057.000000,1855599.000000,75549924.000000,-0.020300,-0.002900,-1.032400, , , 
37058.000000,1855600.000000,75549924.000000, , , ,-5.203125,1.625977,0.325195
37059.000000,1855700.000000,75549924.000000,0.000000,0.026100,-0.951200, , , 
37060.000000,1855701.000000,75549924.000000, , , ,-1.951172,-0.975586,0.000000
37061.000000,1855792.000000,75549924.000000, , , ,0.000000,-0.975586,0.000000
37062.000000,1855799.000000,75549924.000000,-0.008700,0.020300,-0.901900, , , 
37063.000000,1855893.000000,75549924.000000, , , ,0.000000,-0.325195,-0.650391
37064.000000,1855900.000000,75549924.000000,-0.034800,-0.023200,-0.930900, , , 
37065.000000,1855994.000000,75549924.000000, , , ,-0.325195,0.000000,0.000000
37066.000000,1855999.000000,75549924.000000,-0.017400,-0.023200,-0.983100, , , 
37067.000000,1856095.000000,75549924.000000, , , ,-0.975586,0.000000,0.000000
37068.000000,1856100.000000,75549924.000000,-0.020300,-0.031900,-1.009200, , , 
37069.000000,1856196.000000,75549924.000000, , , ,-1.625977,0.000000,0.000000
37070.000000,1856199.000000,75549924.000000,-0.014500,-0.040600,-0.997600, , , 
37071.000000,1856297.000000,75549924.000000, , , ,-0.975586,-0.325195,0.000000
37072.000000,1856300.000000,75549924.000000,-0.037700,-0.014500,-1.000500, , , 
37073.000000,1856398.000000,75549924.000000, , , ,-0.650391,0.325195,-0.325195
37074.000000,1856399.000000,75549924.000000,-0.023200,-0.002900,-1.009200, , , 
37075.000000,1856499.000000,75549924.000000, , , ,-0.975586,0.975586,0.000000
37076.000000,1856500.000000,75549924.000000,-0.031900,-0.026100,-1.015000, , , 
37077.000000,1856599.000000,75549924.000000,-0.005800,0.000000,-0.977300, , , 
37078.000000,1856600.000000,75549924.000000, , , ,-0.975586,0.000000,0.000000
37079.000000,1856700.000000,75549924.000000,-0.002900,0.000000,-0.928000, , , 
37080.000000,1856701.000000,75549924.000000, , , ,-0.650391,-1.625977,0.000000
37081.000000,1856792.000000,75549924.000000, , , ,-0.650391,-0.650391,0.000000
37082.000000,1856799.000000,75549924.000000,-0.037700,-0.008700,-0.945400, , , 
37083.000000,1856893.000000,75549924.000000, , , ,-0.975586,0.000000,0.000000
37084.000000,1856900.000000,75549924.000000,-0.017400,-0.005800,-0.980200, , , 
37085.000000,1856994.000000,75549924.000000, , , ,-0.325195,-0.325195,0.000000
37086.000000,1856999.000000,75549924.000000,-0.014500,-0.008700,-1.003400, , , 
37087.000000,1857095.000000,75549924.000000, , , ,-1.300781,0.000000,0.000000
37088.000000,1857100.000000,75549924.000000,-0.031900,-0.017400,-0.991800, , , 
37089.000000,1857196.000000,75549924.000000, , , ,-0.975586,-0.650391,0.000000
37090.000000,1857201.000000,75549924.000000,-0.005800,0.000000,-0.968600, , , 
37091.000000,1857296.000000,75549924.000000, , , ,0.000000,0.000000,0.000000
37092.000000,1857299.000000,75549924.000000,-0.037700,0.000000,-0.962800, , , 
37093.000000,1857397.000000,75549924.000000, , , ,-0.325195,0.000000,0.325195
37094.000000,1857400.000000,75549924.000000,-0.026100,-0.005800,-0.994700, , , 
37095.000000,1857498.000000,75549924.000000, , , ,-0.325195,0.325195,0.000000
37096.000000,1857499.000000,75549924.000000,-0.023200,-0.005800,-1.023700, , , 
37097.000000,1857599.000000,75549924.000000, , , ,-1.300781,0.000000,-0.325195
37098.000000,1857600.000000,75549924.000000,-0.017400,-0.014500,-1.000500, , , 
37099.000000,1857699.000000,75549924.000000,-0.011600,0.008700,-0.945400, , , 
37100.000000,1857700.000000,75549924.000000, , , ,-0.650391,-0.325195,0.000000
37101.000000,1857800.000000,75549924.000000,-0.017400,0.002900,-0.933800, , , 
37102.000000,1857801.000000,75549924.000000, , , ,0.000000,-1.300781,0.000000
37103.000000,1857892.000000,75549924.000000, , , ,0.000000,0.000000,-0.325195
37104.000000,1857899.000000,75549924.000000,-0.026100,0.000000,-0.965700, , , 
37105.000000,1857993.000000,75549924.000000, , , ,0.000000,0.000000,0.000000
37106.000000,1858000.000000,75549924.000000,-0.023200,0.000000,-0.986000, , , 
37107.000000,1858094.000000,75549924.000000, , , ,0.000000,0.325195,0.000000
37108.000000,1858099.000000,75549924.000000,-0.020300,-0.014500,-1.029500, , , 
37109.000000,1858195.000000,75549924.000000, , , ,-0.325195,0.000000,0.000000
37110.000000,1858200.000000,75549924.000000,-0.005800,-0.017400,-0.994700, , , 
37111.000000,1858296.000000,75549924.000000, , , ,-0.650391,0.000000,0.000000
37112.000000,1858299.000000,75549924.000000,-0.026100,0.023200,-0.971500, , , 
37113.000000,1858397.000000,75549924.000000, , , ,-0.650391,0.325195,-0.325195
37114.000000,1858400.000000,75549924.000000,-0.017400,-0.017400,-0.986000, , , 
37115.000000,1858498.000000,75549924.000000, , , ,-0.650391,0.000000,0.000000
37116.000000,1858499.000000,75549924.000000,-0.020300,0.000000,-0.983100, , , 
37117.000000,1858599.000000,75549924.000000, , , ,-0.325195,0.000000,0.000000
37118.000000,1858600.000000,75549924.000000,-0.023200,0.000000,-1.006300, , , 
37119.000000,1858699.000000,75549924.000000,-0.034800,0.000000,-1.015000, , , 
37120.000000,1858700.000000,75549924.000000, , , ,0.000000,0.000000,0.000000
37121.000000,1858800.000000,75549924.000000,-0.008700,-0.002900,-0.991800, , , 
37122.000000,1858801.000000,75549924.000000, , , ,0.000000,-0.325195,0.000000
37123.000000,1858892.000000,75549924.000000, , , ,0.000000,-0.325195,0.000000
37124.000000,1858899.000000,75549924.000000,-0.014500,-0.014500,-0.962800, , , 
37125.000000,1858993.000000,75549924.000000, , , ,-0.325195,-0.650391,0.000000
37126.000000,1859000.000000,75549924.000000,-0.023200,-0.014500,-0.930900, , , 
37127.000000,1859094.000000,75549924.000000, , , ,-0.325195,-0.650391,0.000000
37128.000000,1859099.000000,75549924.000000,-0.023200,-0.005800,-0.945400, , , 
37129.000000,1859195.000000,75549924.000000, , , ,0.000000,-0.325195,0.000000
37130.000000,1859200.000000,75549924.000000,-0.020300,-0.008700,-0.983100, , , 
37131.000000,1859296.000000,75549924.000000, , , ,-0.650391,0.000000,0.000000
37132.000000,1859299.000000,75549924.000000,-0.029000,-0.023200,-0.983100, , , 
37133.000000,1859397.000000,75549924.000000, , , ,-0.325195,0.650391,0.000000
37134.000000,1859400.000000,75549924.000000,-0.026100,0.000000,-1.003400, , , 
37135.000000,1859498.000000,75549924.000000, , , ,-0.975586,0.325195,0.000000
37136.000000,1859499.000000,75549924.000000,-0.023200,-0.008700,-1.035300, , , 
37137.000000,1859599.000000,75549924.000000, , , ,-0.975586,-0.325195,0.000000
37138.000000,1859600.000000,75549924.000000,-0.014500,-0.005800,-1.009200, , , 
37139.000000,1859699.000000,75549924.000000,-0.011600,0.008700,-0.945400, , , 
37140.000000,1859700.000000,75549924.000000, , , ,-0.325195,-0.325195,0.000000
37141.000000,1859800.000000,75549924.000000,-0.014500,-0.008700,-0.962800, , , 
37142.000000,1859801.000000,75549924.000000, , , ,0.000000,-0.650391,0.000000
37143.000000,1859892.000000,75549924.000000, , , ,-0.325195,0.000000,0.000000
37144.000000,1859899.000000,75549924.000000,-0.029000,-0.008700,-1.000500, , , 
37145.000000,1859993.000000,75549924.000000, , , ,-0.325195,-0.325195,0.000000
37146.000000,1860000.000000,75549924.000000,-0.005800,-0.005800,-0.997600, , , 
37147.000000,1860094.000000,75549924.000000, , , ,-0.975586,-0.325195,0.000000
37148.000000,1860099.000000,75549924.000000,-0.017400,-0.002900,-0.948300, , , 
37149.000000,1860195.000000,75549924.000000, , , ,-0.975586,0.000000,0.000000
37150.000000,1860200.000000,75549924.000000,-0.023200,-0.002900,-0.968600, , , 
37151.000000,1860296.000000,75549924.000000, , , ,-0.975586,0.000000,0.000000
37152.000000,1860299.000000,75549924.000000,-0.020300,-0.002900,-0.997600, , , 
37153.000000,1860397.000000,75549924.000000, , , ,-0.650391,0.000000,0.000000
37154.000000,1860400.000000,75549924.000000,-0.031900,0.002900,-1.003400, , , 
37155.000000,1860498.000000,75549924.000000, , , ,0.000000,0.000000,0.000000
37156.000000,1860499.000000,75549924.000000,-0.023200,0.014500,-1.015000, , , 
37157.000000,1860599.000000,75549924.000000, , , ,0.325195,0.650391,-0.325195
37158.000000,1860600.000000,75549924.000000,-0.026100,-0.008700,-1.029500, , , 
37159.000000,1860699.000000,75549924.000000,-0.020300,-0.020300,-0.997600, , , 
37160.000000,1860700.000000,75549924.000000, , , ,0.000000,0.325195,0.000000
37161.000000,1860800.000000,75549924.000000,-0.017400,0.000000,-0.991800, , , 
37162.000000,1860801.000000,75549924.000000, , , ,-0.325195,-0.325195,0.000000
37163.000000,1860901.000000,75549924.000000,-0.029000,-0.008700,-1.006300,-0.325195,0.325195, 
37164.000000,1860902.000000,75549924.000000, , , , , ,0.000000
37165.000000,1860992.000000,75549924.000000, , , ,0.000000,0.325195,0.000000
37166.000000,1860999.000000,75549924.000000,-0.014500,0.000000,-0.991800, , , 
37167.000000,1861093.000000,75549924.000000, , , ,0.000000,-0.325195,0.000000
37168.000000,1861100.000000,75549924.000000,-0.002900,-0.014500,-0.980200, , , 
37169.000000,1861194.000000,75549924.000000, , , ,-0.325195,-0.650391,-0.325195
37170.000000,1861199.000000,75549924.000000,-0.002900,-0.026100,-0.965700, , , 
37171.000000,1861295.000000,75549924.000000, , , ,-0.325195,-0.325195,-0.325195
37172.000000,1861300.000000,75549924.000000,-0.023200,-0.020300,-0.957000, , , 
37173.000000,1861396.000000,75549924.000000, , , ,-0.975586,0.000000,0.000000
37174.000000,1861399.000000,75549924.000000,-0.029000,-0.029000,-0.991800, , , 
37175.000000,1861497.000000,75549924.000000, , , ,-1.300781,0.000000,0.000000
37176.000000,1861500.000000,75549924.000000,-0.020300,-0.023200,-1.012100, , , 
37177.000000,1861598.000000,75549924.000000, , , ,-1.625977,-0.325195,0.000000
37178.000000,1861599.000000,75549924.000000,-0.008700,-0.029000,-0.986000, , , 
37179.000000,1861699.000000,75549924.000000, , , ,-1.300781,-0.650391,0.000000
37180.000000,1861700.000000,75549924.000000,-0.020300,-0.017400,-0.968600, , , 
37181.000000,1861799.000000,75549924.000000,-0.008700,-0.008700,-0.954100, , , 
37182.000000,1861800.000000,75549924.000000, , , ,-1.300781,-0.325195,0.000000
37183.000000,1861900.000000,75549924.000000,0.000000,0.014500,-0.945400, , , 
37184.000000,1861901.000000,75549924.000000, , , ,-0.650391,-0.975586,0.000000
37185.000000,1861992.000000,75549924.000000, , , ,-0.325195,0.000000,-0.325195
37186.000000,1861999.000000,75549924.000000,-0.037700,-0.014500,-0.962800, , , 
37187.000000,1862093.000000,75549924.000000, , , ,-0.650391,0.000000,-0.325195
37188.000000,1862100.000000,75549924.000000,-0.023200,-0.026100,-1.006300, , , 
37189.000000,1862194.000000,75549924.000000, , , ,-0.975586,0.000000,0.325195
37190.000000,1862199.000000,75549924.000000,-0.017400,-0.031900,-1.035300, , , 
37191.000000,1862295.000000,75549924.000000, , , ,-0.975586,0.000000,0.000000
37192.000000,1862300.000000,75549924.000000,-0.023200,-0.020300,-1.020800, , , 
37193.000000,1862396.000000,75549924.000000, , , ,-1.625977,0.000000,0.000000
37194.000000,1862399.000000,75549924.000000,-0.005800,-0.023200,-0.983100, , , 
37195.000000,1862497.000000,75549924.000000, , , ,-0.975586,0.000000,-0.325195
37196.000000,1862500.000000,75549924.000000,-0.023200,-0.026100,-0.997600, , , 
37197.000000,1862598.000000,75549924.000000, , , ,-0.325195,0.000000,-0.325195
37198.000000,1862599.000000,75549924.000000,-0.008700,-0.026100,-0.983100, , , 
37199.000000,1862699.000000,75549924.000000, , , ,0.000000,-0.650391,-0.325195
37200.000000,1862700.000000,75549924.000000,-0.020300,-0.011600,-0.948300, , , 
37201.000000,1862799.000000,75549924.000000,-0.023200,-0.029000,-0.974400, , , 
37202.000000,1862800.000000,75549924.000000, , , ,0.000000,0.000000,-0.325195
37203.000000,1862900.000000,75549924.000000,-0.020300,-0.023200,-0.991800, , , 
37204.000000,1862901.000000,75549924.000000, , , ,0.000000,0.000000,0.000000
37205.000000,1862992.000000,75549924.000000, , , ,0.000000,-0.650391,-0.325195
37206.000000,1862999.000000,75549924.000000,-0.020300,-0.029000,-0.971500, , , 
37207.000000,1863093.000000,75549924.000000, , , ,0.000000,-0.650391,-0.325195
37208.000000,1863100.000000,75549924.000000,-0.023200,-0.023200,-0.983100, , , 
37209.000000,1863194.000000,75549924.000000, , , ,0.325195,0.000000,0.000000
37210.000000,1863199.000000,75549924.000000,-0.017400,-0.034800,-0.994700, , , 
37211.000000,1863295.000000,75549924.000000, , , ,0.000000,0.000000,-0.650391
37212.000000,1863300.000000,75549924.000000,-0.026100,-0.023200,-0.991800, , , 
37213.000000,1863396.000000,75549924.000000, , , ,0.000000,0.000000,0.000000
37214.000000,1863399.000000,75549924.000000,-0.011600,-0.031900,-1.003400, , , 
37215.000000,1863497.000000,75549924.000000, , , ,0.000000,0.000000,0.325195
37216.000000,1863500.000000,75549924.000000,-0.020300,-0.040600,-1.015000, , , 
37217.000000,1863598.000000,75549924.000000, , , ,-0.325195,0.325195,-0.325195
37218.000000,1863599.000000,75549924.000000,-0.020300,-0.040600,-1.000500, , , 
37219.000000,1863699.000000,75549924.000000, , , ,-0.650391,0.650391,-0.325195
37220.000000,1863700.000000,75549924.000000,-0.026100,-0.040600,-1.017900, , , 
37221.000000,1863799.000000,75549924.000000,0.005800,-0.043500,-0.986000, , , 
37222.000000,1863800.000000,75549924.000000, , , ,-1.300781,0.000000,-0.325195
37223.000000,1863900.000000,75549924.000000,-0.020300,-0.014500,-0.942500, , , 
37224.000000,1863901.000000,75549924.000000, , , ,-0.975586,-0.650391,0.000000
37225.000000,1863992.000000,75549924.000000, , , ,-0.975586,0.000000,-0.325195
37226.000000,1863999.000000,75549924.000000,-0.046400,-0.026100,-0.974400, , , 
37227.000000,1864093.000000,75549924.000000, , , ,-0.975586,0.000000,-0.325195
37228.000000,1864100.000000,75549924.000000,-0.011600,-0.031900,-0.986000, , , 
37229.000000,1864194.000000,75549924.000000, , , ,-0.325195,-0.650391,0.650391
37230.000000,1864199.000000,75549924.000000,-0.017400,-0.002900,-0.980200, , , 
37231.000000,1864295.000000,75549924.000000, , , ,-0.325195,0.000000,0.000000
37232.000000,1864300.000000,75549924.000000,-0.040600,-0.026100,-0.991800, , , 
37233.000000,1864396.000000,75549924.000000, , , ,-0.650391,0.000000,0.000000
37234.000000,1864399.000000,75549924.000000,-0.020300,0.011600,-1.012100, , , 
37235.000000,1864497.000000,75549924.000000, , , ,-0.325195,-0.650391,0.000000
37236.000000,1864500.000000,75549924.000000,0.000000,0.002900,-0.962800, , , 
37237.000000,1864598.000000,75549924.000000, , , ,0.000000,-0.325195,0.000000
37238.000000,1864599.000000,75549924.000000,-0.014500,0.000000,-0.942500, , , 
37239.000000,1864699.000000,75549924.000000, , , ,0.000000,0.325195,0.000000
37240.000000,1864700.000000,75549924.000000,-0.026100,0.000000,-0.974400, , , 
37241.000000,1864799.000000,75549924.000000,-0.014500,-0.011600,-0.991800, , , 
37242.000000,1864800.000000,75549924.000000, , , ,-0.325195,-0.325195,0.000000
37243.000000,1864900.000000,75549924.000000,-0.005800,-0.002900,-0.988900, , , 
37244.000000,1864901.000000,75549924.000000, , , ,-0.975586,0.000000,0.000000
37245.000000,1864992.000000,75549924.000000, , , ,-0.325195,0.000000,0.000000
37246.000000,1864999.000000,75549924.000000,-0.008700,0.017400,-0.988900, , , 
37247.000000,1865093.000000,75549924.000000, , , ,0.000000,0.000000,0.000000
37248.000000,1865100.000000,75549924.000000,-0.005800,0.005800,-0.997600, , , 
37249.000000,1865194.000000,75549924.000000, , , ,0.000000,0.000000,0.000000
37250.000000,1865199.000000,75549924.000000,0.002900,0.000000,-0.977300, , , 
37251.000000,1865295.000000,75549924.000000, , , ,0.000000,0.000000,0.000000
37252.000000,1865300.000000,75549924.000000,-0.005800,-0.011600,-1.003400, , , 
37253.000000,1865396.000000,75549924.000000, , , ,0.000000,-0.650391,0.000000
37254.000000,1865399.000000,75549924.000000,-0.002900,-0.023200,-1.000500, , , 
37255.000000,1865497.000000,75549924.000000, , , ,-0.325195,0.000000,-0.325195
37256.000000,1865500.000000,75549924.000000,-0.020300,-0.043500,-0.994700, , , 
37257.000000,1865598.000000,75549924.000000, , , ,-0.325195,0.000000,0.000000
37258.000000,1865599.000000,75549924.000000,0.008700,-0.037700,-1.023700, , , 
37259.000000,1865699.000000,75549924.000000, , , ,-0.975586,0.000000,0.000000
37260.000000,1865700.000000,75549924.000000,-0.002900,-0.011600,-0.983100, , , 
37261.000000,1865799.000000,75549924.000000,0.014500,-0.043500,-0.954100, , , 
37262.000000,1865800.000000,75549924.000000, , , ,-0.975586,-0.650391,0.000000
37263.000000,1865900.000000,75549924.000000,0.014500,-0.011600,-0.948300, , , 
37264.000000,1865901.000000,75549924.000000, , , ,-1.300781,-1.300781,0.000000
37265.000000,1865992.000000,75549924.000000, , , ,-1.300781,-0.325195,-0.325195
37266.000000,1865999.000000,75549924.000000,-0.011600,-0.002900,-0.945400, , , 
37267.000000,1866093.000000,75549924.000000, , , ,-0.975586,0.000000,-0.325195
37268.000000,1866100.000000,75549924.000000,-0.002900,-0.020300,-0.971500, , , 
37269.000000,1866194.000000,75549924.000000, , , ,-0.975586,0.000000,0.000000
37270.000000,1866199.000000,75549924.000000,0.002900,-0.005800,-1.003400, , , 
37271.000000,1866295.000000,75549924.000000, , , ,-0.325195,-0.325195,0.000000
37272.000000,1866300.000000,75549924.000000,0.002900,-0.011600,-1.000500, , , 
37273.000000,1866396.000000,75549924.000000, , , ,0.000000,-0.325195,-0.325195
37274.000000,1866399.000000,75549924.000000,0.000000,-0.029000,-0.997600, , , 
37275.000000,1866497.000000,75549924.000000, , , ,-0.650391,0.325195,0.000000
37276.000000,1866500.000000,75549924.000000,-0.029000,-0.040600,-1.029500, , , 
37277.000000,1866598.000000,75549924.000000, , , ,-1.951172,0.325195,0.650391
37278.000000,1866599.000000,75549924.000000,0.026100,-0.040600,-1.006300, , , 
37279.000000,1866699.000000,75549924.000000, , , ,-1.951172,-0.650391,0.000000
37280.000000,1866700.000000,75549924.000000,-0.008700,-0.008700,-0.962800, , , 
37281.000000,1866799.000000,75549924.000000,-0.011600,-0.005800,-0.994700, , , 
37282.000000,1866800.000000,75549924.000000, , , ,-1.951172,0.325195,0.000000
37283.000000,1866900.000000,75549924.000000,0.029000,0.011600,-0.959900, , , 
37284.000000,1866901.000000,75549924.000000, , , ,-0.975586,-0.650391,0.000000
37285.000000,1866992.000000,75549924.000000, , , ,-0.325195,-0.650391,-0.325195
37286.000000,1866999.000000,75549924.000000,-0.005800,0.023200,-0.959900, , , 
37287.000000,1867093.000000,75549924.000000, , , ,-0.325195,0.000000,0.000000
37288.000000,1867100.000000,75549924.000000,-0.017400,-0.008700,-0.968600, , , 
37289.000000,1867194.000000,75549924.000000, , , ,0.000000,0.000000,0.000000
37290.000000,1867199.000000,75549924.000000,0.000000,-0.008700,-0.988900, , , 
37291.000000,1867295.000000,75549924.000000, , , ,-0.325195,0.650391,0.000000
37292.000000,1867300.000000,75549924.000000,-0.002900,-0.026100,-1.038200, , , 
37293.000000,1867396.000000,75549924.000000, , , ,-1.300781,0.325195,0.000000
37294.000000,1867399.000000,75549924.000000,0.000000,-0.026100,-1.023700, , , 
37295.000000,1867497.000000,75549924.000000, , , ,-1.625977,-0.325195,0.000000
37296.000000,1867500.000000,75549924.000000,0.026100,0.002900,-0.945400, , , 
37297.000000,1867598.000000,75549924.000000, , , ,-0.325195,-2.276367,0.000000
37298.000000,1867599.000000,75549924.000000,0.017400,-0.002900,-0.875800, , , 
37299.000000,1867699.000000,75549924.000000, , , ,-1.300781,-2.601563,0.000000
37300.000000,1867700.000000,75549924.000000,0.000000,-0.023200,-0.832300, , , 
37301.000000,1867799.000000,75549924.000000,-0.029000,0.005800,-0.916400, , , 
37302.000000,1867800.000000,75549924.000000, , , ,-1.300781,-0.325195,0.000000
37303.000000,1867900.000000,75549924.000000,-0.008700,0.008700,-1.041100, , , 
37304.000000,1867901.000000,75549924.000000, , , ,-1.300781,0.650391,0.000000
37305.000000,1867992.000000,75549924.000000, , , ,-0.650391,0.325195,0.000000
37306.000000,1867999.000000,75549924.000000,-0.005800,0.000000,-1.067200, , , 
37307.000000,1868093.000000,75549924.000000, , , ,0.325195,-0.650391,-0.325195
37308.000000,1868100.000000,75549924.000000,0.005800,0.000000,-0.980200, , , 
37309.000000,1868194.000000,75549924.000000, , , ,0.650391,-1.300781,0.000000
37310.000000,1868199.000000,75549924.000000,0.000000,-0.008700,-0.913500, , , 
37311.000000,1868295.000000,75549924.000000, , , ,-1.300781,-0.650391,0.000000
37312.000000,1868300.000000,75549924.000000,-0.014500,-0.014500,-0.939600, , , 
37313.000000,1868396.000000,75549924.000000, , , ,-0.975586,-0.650391,0.325195
37314.000000,1868399.000000,75549924.000000,0.005800,-0.002900,-0.951200, , , 
37315.000000,1868497.000000,75549924.000000, , , ,-0.975586,-0.650391,0.000000
37316.000000,1868500.000000,75549924.000000,-0.002900,-0.005800,-0.954100, , , 
37317.000000,1868598.000000,75549924.000000, , , ,0.000000,0.000000,0.000000
37318.000000,1868599.000000,75549924.000000,0.000000,0.014500,-0.977300, , , 
37319.000000,1868699.000000,75549924.000000, , , ,0.325195,0.000000,-0.325195
37320.000000,1868700.000000,75549924.000000,-0.023200,0.005800,-1.000500, , , 
37321.000000,1868799.000000,75549924.000000,-0.020300,-0.011600,-1.003400, , , 
37322.000000,1868800.000000,75549924.000000, , , ,0.325195,-0.325195,0.000000
37323.000000,1868900.000000,75549924.000000,-0.023200,-0.011600,-1.046900, , , 
37324.000000,1868901.000000,75549924.000000, , , ,-0.325195,0.650391,0.000000
37325.000000,1868992.000000,75549924.000000, , , ,-0.650391,0.325195,0.000000
37326.000000,1868999.000000,75549924.000000,-0.017400,-0.011600,-1.052700, , , 
37327.000000,1869093.000000,75549924.000000, , , ,-0.975586,0.975586,0.000000
37328.000000,1869100.000000,75549924.000000,-0.023200,-0.005800,-1.049800, , , 
37329.000000,1869194.000000,75549924.000000, , , ,-1.300781,1.300781,0.000000
37330.000000,1869199.000000,75549924.000000,-0.017400,-0.002900,-1.064300, , , 
37331.000000,1869295.000000,75549924.000000, , , ,-1.625977,0.000000,0.000000
37332.000000,1869300.000000,75549924.000000,-0.017400,0.000000,-1.044000, , , 
37333.000000,1869396.000000,75549924.000000, , , ,-1.625977,0.325195,0.000000
37334.000000,1869399.000000,75549924.000000,-0.008700,0.014500,-0.997600, , , 
37335.000000,1869497.000000,75549924.000000, , , ,-0.975586,-0.325195,0.650391
37336.000000,1869500.000000,75549924.000000,-0.005800,0.034800,-0.968600, , , 
37337.000000,1869598.000000,75549924.000000, , , ,0.000000,0.325195,0.000000
37338.000000,1869599.000000,75549924.000000,-0.043500,0.031900,-0.991800, , , 
37339.000000,1869699.000000,75549924.000000, , , ,-0.325195,1.300781,0.000000
37340.000000,1869700.000000,75549924.000000,-0.037700,-0.005800,-1.061400, , , 
37341.000000,1869799.000000,75549924.000000,-0.017400,-0.008700,-1.061400, , , 
37342.000000,1869800.000000,75549924.000000, , , ,-1.625977,0.650391,0.000000
37343.000000,1869900.000000,75549924.000000,-0.023200,0.011600,-0.983100, , , 
37344.000000,1869901.000000,75549924.000000, , , ,-0.975586,0.000000,0.000000
37345.000000,1869992.000000,75549924.000000, , , ,-0.325195,0.000000,0.000000
37346.000000,1869999.000000,75549924.000000,-0.034800,0.020300,-0.994700, , , 
37347.000000,1870093.000000,75549924.000000, , , ,-0.650391,0.000000,0.000000
37348.000000,1870100.000000,75549924.000000,-0.020300,-0.005800,-1.003400, , , 
37349.000000,1870194.000000,75549924.000000, , , ,0.000000,0.000000,-0.325195
37350.000000,1870199.000000,75549924.000000,-0.026100,0.017400,-0.994700, , , 
37351.000000,1870295.000000,75549924.000000, , , ,-0.325195,0.000000,0.325195
37352.000000,1870300.000000,75549924.000000,-0.031900,0.014500,-1.017900, , , 
37353.000000,1870396.000000,75549924.000000, , , ,0.325195,0.325195,0.000000
37354.000000,1870399.000000,75549924.000000,-0.014500,0.005800,-1.003400, , , 
37355.000000,1870497.000000,75549924.000000, , , ,0.325195,0.000000,0.000000
37356.000000,1870500.000000,75549924.000000,-0.023200,0.011600,-0.991800, , , 
37357.000000,1870598.000000,75549924.000000, , , ,0.325195,0.650391,0.000000
37358.000000,1870599.000000,75549924.000000,-0.049300,0.000000,-1.044000, , , 
37359.000000,1870699.000000,75549924.000000, , , ,-0.325195,1.300781,0.000000
37360.000000,1870700.000000,75549924.000000,-0.052200,-0.031900,-1.125200, , , 
37361.000000,1870799.000000,75549924.000000,-0.011600,-0.008700,-1.102000, , , 
37362.000000,1870800.000000,75549924.000000, , , ,-1.951172,1.300781,0.000000
37363.000000,1870900.000000,75549924.000000,-0.029000,-0.008700,-1.035300, , , 
37364.000000,1870901.000000,75549924.000000, , , ,-1.951172,0.975586,0.325195
37365.000000,1870992.000000,75549924.000000, , , ,-2.601563,0.325195,-0.325195
37366.000000,1870999.000000,75549924.000000,-0.029000,0.000000,-1.023700, , , 
37367.000000,1871093.000000,75549924.000000, , , ,-1.951172,1.300781,0.000000
37368.000000,1871100.000000,75549924.000000,-0.014500,0.020300,-1.026600, , , 
37369.000000,1871194.000000,75549924.000000, , , ,-0.650391,0.650391,-0.325195
37370.000000,1871199.000000,75549924.000000,-0.017400,0.008700,-1.015000, , , 
37371.000000,1871295.000000,75549924.000000, , , ,-0.650391,0.975586,0.000000
37372.000000,1871300.000000,75549924.000000,-0.020300,-0.020300,-1.009200, , , 
37373.000000,1871396.000000,75549924.000000, , , ,-0.650391,0.650391,0.000000
37374.000000,1871399.000000,75549924.000000,-0.026100,-0.011600,-1.035300, , , 
37375.000000,1871497.000000,75549924.000000, , , ,-1.300781,0.975586,-0.325195
37376.000000,1871500.000000,75549924.000000,-0.014500,-0.002900,-1.046900, , , 
37377.000000,1871598.000000,75549924.000000, , , ,-1.300781,0.975586,-0.650391
37378.000000,1871599.000000,75549924.000000,-0.008700,-0.026100,-1.044000, , , 
37379.000000,1871699.000000,75549924.000000, , , ,0.000000,0.650391,-0.650391
37380.000000,1871700.000000,75549924.000000,0.008700,0.014500,-1.015000, , , 
37381.000000,1871799.000000,75549924.000000,0.005800,0.008700,-0.980200, , , 
37382.000000,1871800.000000,75549924.000000, , , ,0.650391,0.000000,-0.325195
37383.000000,1871900.000000,75549924.000000,0.008700,-0.008700,-0.954100, , , 
37384.000000,1871901.000000,75549924.000000, , , ,0.975586,-0.325195,-0.325195
37385.000000,1871992.000000,75549924.000000, , , ,0.975586,-0.325195,-0.325195
37386.000000,1871999.000000,75549924.000000,0.005800,-0.017400,-0.962800, , , 
37387.000000,1872093.000000,75549924.000000, , , ,0.325195,0.000000,-0.325195
37388.000000,1872100.000000,75549924.000000,0.002900,-0.026100,-0.986000, , , 
37389.000000,1872194.000000,75549924.000000, , , ,0.650391,0.325195,-0.325195
37390.000000,1872199.000000,75549924.000000,0.008700,-0.017400,-1.015000, , , 
37391.000000,1872295.000000,75549924.000000, , , ,0.975586,0.000000,0.000000
37392.000000,1872300.000000,75549924.000000,0.023200,0.017400,-1.012100, , , 
37393.000000,1872396.000000,75549924.000000, , , ,0.325195,0.000000,0.000000
37394.000000,1872399.000000,75549924.000000,0.029000,-0.011600,-0.968600, , , 
37395.000000,1872497.000000,75549924.000000, , , ,-0.325195,0.000000,0.000000
37396.000000,1872500.000000,75549924.000000,0.023200,-0.029000,-0.977300, , , 
37397.000000,1872598.000000,75549924.000000, , , ,-0.650391,0.000000,-0.325195
37398.000000,1872599.000000,75549924.000000,0.031900,-0.014500,-0.997600, , , 
37399.000000,1872699.000000,75549924.000000, , , ,0.000000,-0.325195,-0.325195
37400.000000,1872700.000000,75549924.000000,0.031900,-0.011600,-0.980200, , , 
37401.000000,1872799.000000,75549924.000000,0.034800,0.000000,-0.994700, , , 
37402.000000,1872800.000000,75549924.000000, , , ,-0.325195,0.975586,0.000000
37403.000000,1872900.000000,75549924.000000,0.040600,-0.026100,-1.006300, , , 
37404.000000,1872901.000000,75549924.000000, , , ,0.000000,0.000000,-0.325195
37405.000000,1872992.000000,75549924.000000, , , ,-0.650391,0.000000,-0.325195
37406.000000,1872999.000000,75549924.000000,0.034800,-0.031900,-0.988900, , , 
37407.000000,1873093.000000,75549924.000000, , , ,-1.300781,0.650391,-0.325195
37408.000000,1873100.000000,75549924.000000,0.031900,-0.037700,-1.023700, , , 
37409.000000,1873194.000000,75549924.000000, , , ,-1.300781,-0.325195,-0.325195
37410.000000,1873199.000000,75549924.000000,0.040600,-0.008700,-1.009200, , , 
37411.000000,1873295.000000,75549924.000000, , , ,0.000000,0.000000,0.000000
37412.000000,1873300.000000,75549924.000000,0.049300,-0.023200,-0.942500, , , 
37413.000000,1873396.000000,75549924.000000, , , ,-0.325195,-1.625977,0.000000
37414.000000,1873399.000000,75549924.000000,0.026100,0.002900,-0.939600, , , 
37415.000000,1873497.000000,75549924.000000, , , ,0.000000,0.000000,0.000000
37416.000000,1873500.000000,75549924.000000,0.043500,-0.023200,-0.983100, , , 
37417.000000,1873598.000000,75549924.000000, , , ,0.000000,-0.325195,0.000000
37418.000000,1873599.000000,75549924.000000,0.026100,-0.020300,-0.983100, , , 
37419.000000,1873699.000000,75549924.000000, , , ,0.000000,0.000000,-0.325195
37420.000000,1873700.000000,75549924.000000,0.052200,-0.014500,-1.003400, , , 
37421.000000,1873799.000000,75549924.000000,0.043500,-0.017400,-0.971500, , , 
37422.000000,1873800.000000,75549924.000000, , , ,0.000000,-0.325195,0.000000
37423.000000,1873900.000000,75549924.000000,0.034800,-0.008700,-0.965700, , , 
37424.000000,1873901.000000,75549924.000000, , , ,-0.325195,0.000000,0.000000
37425.000000,1873992.000000,75549924.000000, , , ,0.000000,0.000000,0.000000
37426.000000,1873999.000000,75549924.000000,0.037700,-0.034800,-0.986000, , , 
37427.000000,1874093.000000,75549924.000000, , , ,-1.300781,0.000000,0.000000
37428.000000,1874100.000000,75549924.000000,0.029000,-0.034800,-1.020800, , , 
37429.000000,1874194.000000,75549924.000000, , , ,-1.625977,0.325195,0.000000
37430.000000,1874199.000000,75549924.000000,0.069600,-0.037700,-1.000500, , , 
37431.000000,1874295.000000,75549924.000000, , , ,-1.625977,-0.975586,0.000000
37432.000000,1874300.000000,75549924.000000,0.014500,-0.020300,-1.029500, , , 
37433.000000,1874396.000000,75549924.000000, , , ,-0.325195,0.650391,0.000000
37434.000000,1874399.000000,75549924.000000,0.043500,-0.029000,-1.000500, , , 
37435.000000,1874497.000000,75549924.000000, , , ,-0.975586,-0.975586,-0.650391
37436.000000,1874500.000000,75549924.000000,0.063800,-0.020300,-0.959900, , , 
37437.000000,1874598.000000,75549924.000000, , , ,-0.975586,-0.650391,0.000000
37438.000000,1874599.000000,75549924.000000,0.026100,-0.008700,-0.980200, , , 
37439.000000,1874699.000000,75549924.000000, , , ,-0.975586,0.000000,0.000000
37440.000000,1874700.000000,75549924.000000,0.058000,-0.020300,-0.977300, , , 
37441.000000,1874799.000000,75549924.000000,0.046400,-0.017400,-0.939600, , , 
37442.000000,1874800.000000,75549924.000000, , , ,-0.650391,-0.975586,0.325195
37443.000000,1874900.000000,75549924.000000,0.031900,-0.026100,-0.971500, , , 
37444.000000,1874901.000000,75549924.000000, , , ,-0.975586,-0.325195,0.000000
37445.000000,1874992.000000,75549924.000000, , , ,-1.300781,-0.325195,0.000000
37446.000000,1874999.000000,75549924.000000,0.031900,-0.014500,-0.986000, , , 
37447.000000,1875093.000000,75549924.000000, , , ,-0.975586,0.325195,0.000000
37448.000000,1875100.000000,75549924.000000,0.031900,0.008700,-0.994700, , , 
37449.000000,1875194.000000,75549924.000000, , , ,-0.975586,-0.325195,0.000000
37450.000000,1875199.000000,75549924.000000,0.046400,-0.002900,-1.012100, , , 
37451.000000,1875295.000000,75549924.000000, , , ,0.000000,0.000000,0.000000
37452.000000,1875300.000000,75549924.000000,0.029000,-0.002900,-0.994700, , , 
37453.000000,1875396.000000,75549924.000000, , , ,0.000000,0.000000,-0.325195
37454.000000,1875399.000000,75549924.000000,0.037700,-0.014500,-0.977300, , , 
37455.000000,1875497.000000,75549924.000000, , , ,0.325195,-0.650391,-0.325195
37456.000000,1875500.000000,75549924.000000,0.049300,0.017400,-0.942500, , , 
37457.000000,1875598.000000,75549924.000000, , , ,1.300781,-0.975586,0.000000
37458.000000,1875599.000000,75549924.000000,0.037700,0.014500,-0.933800, , , 
37459.000000,1875699.000000,75549924.000000, , , ,0.650391,0.650391,0.000000
37460.000000,1875700.000000,75549924.000000,0.014500,-0.020300,-1.009200, , , 
37461.000000,1875799.000000,75549924.000000,0.034800,-0.046400,-1.052700, , , 
37462.000000,1875800.000000,75549924.000000, , , ,0.000000,0.975586,0.000000
37463.000000,1875900.000000,75549924.000000,0.052200,0.000000,-0.988900, , , 
37464.000000,1875901.000000,75549924.000000, , , ,-0.325195,-0.650391,0.000000
37465.000000,1875992.000000,75549924.000000, , , ,0.325195,-0.325195,0.000000
37466.000000,1875999.000000,75549924.000000,0.029000,-0.002900,-0.971500, , , 
37467.000000,1876093.000000,75549924.000000, , , ,0.000000,0.000000,0.000000
37468.000000,1876100.000000,75549924.000000,0.040600,-0.029000,-0.968600, , , 
37469.000000,1876194.000000,75549924.000000, , , ,1.951172,-0.975586,0.000000
37470.000000,1876199.000000,75549924.000000,0.043500,0.008700,-0.945400, , , 
37471.000000,1876295.000000,75549924.000000, , , ,2.276367,0.000000,0.000000
37472.000000,1876300.000000,75549924.000000,0.008700,-0.011600,-0.986000, , , 
37473.000000,1876396.000000,75549924.000000, , , ,0.650391,1.300781,0.000000
37474.000000,1876399.000000,75549924.000000,0.005800,-0.075400,-1.044000, , , 
37475.000000,1876497.000000,75549924.000000, , , ,-1.300781,0.000000,0.000000
37476.000000,1876500.000000,75549924.000000,0.049300,-0.060900,-1.032400, , , 
37477.000000,1876598.000000,75549924.000000, , , ,-1.625977,0.000000,0.000000
37478.000000,1876599.000000,75549924.000000,0.023200,-0.058000,-0.983100, , , 
37479.000000,1876699.000000,75549924.000000, , , ,-0.650391,-1.300781,-0.325195
37480.000000,1876700.000000,75549924.000000,0.026100,-0.046400,-0.919300, , , 
37481.000000,1876799.000000,75549924.000000,0.005800,-0.020300,-0.965700, , , 
37482.000000,1876800.000000,75549924.000000, , , ,-0.975586,0.325195,-0.325195
37483.000000,1876900.000000,75549924.000000,0.040600,-0.081200,-1.041100, , , 
37484.000000,1876901.000000,75549924.000000, , , ,-1.625977,0.000000,-0.325195
37485.000000,1876992.000000,75549924.000000, , , ,-2.601563,0.650391,0.000000
37486.000000,1876999.000000,75549924.000000,0.026100,-0.069600,-1.017900, , , 
37487.000000,1877093.000000,75549924.000000, , , ,-3.902344,0.000000,0.000000
37488.000000,1877100.000000,75549924.000000,0.020300,-0.052200,-1.029500, , , 
37489.000000,1877194.000000,75549924.000000, , , ,-3.251953,0.000000,0.000000
37490.000000,1877199.000000,75549924.000000,0.040600,-0.026100,-0.988900, , , 
37491.000000,1877295.000000,75549924.000000, , , ,-1.300781,-1.625977,0.000000
37492.000000,1877300.000000,75549924.000000,0.037700,0.017400,-0.907700, , , 
37493.000000,1877396.000000,75549924.000000, , , ,-0.325195,-0.325195,-0.325195
37494.000000,1877399.000000,75549924.000000,0.002900,0.000000,-0.948300, , , 
37495.000000,1877497.000000,75549924.000000, , , ,-0.325195,0.975586,-0.325195
37496.000000,1877500.000000,75549924.000000,0.023200,-0.026100,-1.020800, , , 
37497.000000,1877598.000000,75549924.000000, , , ,0.000000,-0.325195,-0.325195
37498.000000,1877599.000000,75549924.000000,0.046400,-0.014500,-0.991800, , , 
37499.000000,1877699.000000,75549924.000000, , , ,-0.325195,-0.325195,0.000000
37500.000000,1877700.000000,75549924.000000,0.023200,-0.011600,-0.959900, , , 
37501.000000,1877799.000000,75549924.000000,0.014500,-0.034800,-0.971500, , , 
37502.000000,1877800.000000,75549924.000000, , , ,0.000000,-0.650391,-0.325195
37503.000000,1877900.000000,75549924.000000,0.026100,-0.031900,-0.957000, , , 
37504.000000,1877901.000000,75549924.000000, , , ,-0.975586,-0.325195,-0.325195
37505.000000,1877992.000000,75549924.000000, , , ,-0.975586,-0.975586,0.000000
37506.000000,1877999.000000,75549924.000000,0.026100,-0.002900,-0.933800, , , 
37507.000000,1878093.000000,75549924.000000, , , ,-0.325195,-0.325195,-0.325195
37508.000000,1878100.000000,75549924.000000,0.023200,-0.005800,-0.959900, , , 
37509.000000,1878194.000000,75549924.000000, , , ,0.000000,0.000000,-0.325195
37510.000000,1878199.000000,75549924.000000,0.008700,-0.008700,-1.003400, , , 
37511.000000,1878295.000000,75549924.000000, , , ,0.650391,0.650391,-0.325195
37512.000000,1878300.000000,75549924.000000,0.043500,-0.017400,-1.020800, , , 
37513.000000,1878396.000000,75549924.000000, , , ,0.000000,0.000000,-0.325195
37514.000000,1878399.000000,75549924.000000,0.008700,-0.060900,-1.035300, , , 
37515.000000,1878497.000000,75549924.000000, , , ,-1.625977,0.975586,0.000000
37516.000000,1878500.000000,75549924.000000,0.031900,-0.031900,-1.015000, , , 
37517.000000,1878598.000000,75549924.000000, , , ,-1.300781,-0.975586,0.000000
37518.000000,1878599.000000,75549924.000000,0.026100,-0.026100,-0.954100, , , 
37519.000000,1878699.000000,75549924.000000, , , ,-1.625977,0.000000,0.000000
37520.000000,1878700.000000,75549924.000000,0.008700,-0.034800,-0.971500, , , 
37521.000000,1878799.000000,75549924.000000,0.023200,-0.058000,-1.009200, , , 
37522.000000,1878800.000000,75549924.000000, , , ,-2.926758,0.000000,0.000000
37523.000000,1878900.000000,75549924.000000,0.075400,-0.017400,-0.928000, , , 
37524.000000,1878901.000000,75549924.000000, , , ,-2.926758,-1.300781,0.000000
37525.000000,1878992.000000,75549924.000000, , , ,-0.975586,-1.625977,0.000000
37526.000000,1878999.000000,75549924.000000,0.014500,0.011600,-0.884500, , , 
37527.000000,1879093.000000,75549924.000000, , , ,0.325195,-0.325195,-0.325195
37528.000000,1879100.000000,75549924.000000,0.014500,-0.011600,-0.942500, , , 
37529.000000,1879194.000000,75549924.000000, , , ,0.000000,-0.650391,-0.650391
37530.000000,1879199.000000,75549924.000000,0.034800,-0.037700,-0.980200, , , 
37531.000000,1879295.000000,75549924.000000, , , ,-0.325195,-0.650391,-0.650391
37532.000000,1879300.000000,75549924.000000,0.017400,-0.034800,-0.962800, , , 
37533.000000,1879396.000000,75549924.000000, , , ,-0.650391,-0.325195,0.000000
37534.000000,1879399.000000,75549924.000000,0.026100,-0.037700,-0.971500, , , 
37535.000000,1879497.000000,75549924.000000, , , ,-1.625977,0.000000,-0.325195
37536.000000,1879500.000000,75549924.000000,0.026100,-0.014500,-0.988900, , , 
37537.000000,1879598.000000,75549924.000000, , , ,0.000000,0.000000,-0.325195
37538.000000,1879599.000000,75549924.000000,0.023200,-0.002900,-0.980200, , , 
37539.000000,1879699.000000,75549924.000000, , , ,0.650391,-1.300781,-0.325195
37540.000000,1879700.000000,75549924.000000,0.031900,0.000000,-0.959900, , , 
37541.000000,1879800.000000,75549924.000000, , , ,1.300781,0.000000,-0.325195
37542.000000,1879801.000000,75549924.000000,0.029000,-0.017400,-0.980200, , , 
37543.000000,1879899.000000,75549924.000000,0.020300,-0.055100,-1.000500, , , 
37544.000000,1879900.000000,75549924.000000, , , ,0.000000,0.000000,-0.325195
37545.000000,1880000.000000,75549924.000000,0.017400,-0.037700,-0.980200, , , 
37546.000000,1880001.000000,75549924.000000, , , ,-0.975586,-0.325195,0.000000
37547.000000,1880092.000000,75549924.000000, , , ,-0.650391,-0.650391,0.000000
37548.000000,1880099.000000,75549924.000000,0.037700,-0.002900,-0.936700, , , 
37549.000000,1880193.000000,75549924.000000, , , ,0.000000,-0.325195,0.000000
37550.000000,1880200.000000,75549924.000000,0.014500,-0.023200,-0.951200, , , 
37551.000000,1880294.000000,75549924.000000, , , ,-1.300781,0.000000,-0.325195
37552.000000,1880299.000000,75549924.000000,0.008700,-0.031900,-0.997600, , , 
37553.000000,1880395.000000,75549924.000000, , , ,-1.300781,0.650391,0.000000
37554.000000,1880400.000000,75549924.000000,0.034800,-0.029000,-1.029500, , , 
37555.000000,1880496.000000,75549924.000000, , , ,-2.276367,-0.975586,-0.325195
37556.000000,1880499.000000,75549924.000000,0.037700,-0.014500,-0.983100, , , 
37557.000000,1880597.000000,75549924.000000, , , ,-0.975586,-0.650391,-0.325195
37558.000000,1880600.000000,75549924.000000,0.043500,0.000000,-0.904800, , , 
37559.000000,1880698.000000,75549924.000000, , , ,0.325195,-1.625977,-0.325195
37560.000000,1880699.000000,75549924.000000,0.026100,0.008700,-0.907700, , , 
37561.000000,1880799.000000,75549924.000000, , , ,0.975586,-0.650391,-0.650391
37562.000000,1880800.000000,75549924.000000,0.014500,-0.026100,-0.968600, , , 
37563.000000,1880899.000000,75549924.000000,0.017400,-0.026100,-0.991800, , , 
37564.000000,1880900.000000,75549924.000000, , , ,0.975586,0.000000,-0.650391
37565.000000,1881000.000000,75549924.000000,0.020300,-0.043500,-1.009200, , , 
37566.000000,1881001.000000,75549924.000000, , , ,0.650391,-0.325195,-0.325195
37567.000000,1881092.000000,75549924.000000, , , ,-0.650391,0.000000,-0.325195
37568.000000,1881099.000000,75549924.000000,0.040600,-0.075400,-0.980200, , , 
37569.000000,1881193.000000,75549924.000000, , , ,-1.300781,-1.300781,-0.650391
37570.000000,1881200.000000,75549924.000000,0.020300,-0.049300,-0.959900, , , 
37571.000000,1881294.000000,75549924.000000, , , ,-0.975586,0.000000,-0.325195
37572.000000,1881299.000000,75549924.000000,0.011600,-0.037700,-0.980200, , , 
37573.000000,1881395.000000,75549924.000000, , , ,-1.300781,0.000000,0.000000
37574.000000,1881400.000000,75549924.000000,0.020300,-0.040600,-1.006300, , , 
37575.000000,1881496.000000,75549924.000000, , , ,-0.975586,0.000000,-0.325195
37576.000000,1881499.000000,75549924.000000,0.034800,-0.031900,-0.986000, , , 
37577.000000,1881597.000000,75549924.000000, , , ,-1.625977,-0.975586,-0.325195
37578.000000,1881600.000000,75549924.000000,0.014500,-0.034800,-0.930900, , , 
37579.000000,1881698.000000,75549924.000000, , , ,-0.325195,-1.625977,-0.325195
37580.000000,1881699.000000,75549924.000000,0.026100,-0.023200,-0.930900, , , 
37581.000000,1881799.000000,75549924.000000, , , ,-0.650391,-0.325195,0.000000
37582.000000,1881800.000000,75549924.000000,0.014500,-0.026100,-0.957000, , , 
37583.000000,1881899.000000,75549924.000000,0.002900,-0.034800,-0.974400, , , 
37584.000000,1881900.000000,75549924.000000, , , ,-1.300781,-0.650391,-0.650391
37585.000000,1882000.000000,75549924.000000,0.017400,-0.017400,-0.977300, , , 
37586.000000,1882001.000000,75549924.000000, , , ,-1.300781,0.000000,-0.650391
37587.000000,1882092.000000,75549924.000000, , , ,-1.625977,-0.975586,-0.325195
37588.000000,1882099.000000,75549924.000000,0.014500,-0.023200,-0.991800, , , 
37589.000000,1882193.000000,75549924.000000, , , ,-0.975586,-0.325195,-0.650391
37590.000000,1882200.000000,75549924.000000,0.008700,-0.037700,-0.983100, , , 
37591.000000,1882294.000000,75549924.000000, , , ,-0.325195,0.000000,-0.325195
37592.000000,1882299.000000,75549924.000000,0.005800,-0.031900,-0.977300, , , 
37593.000000,1882395.000000,75549924.000000, , , ,-0.325195,-0.325195,-0.325195
37594.000000,1882400.000000,75549924.000000,0.000000,-0.034800,-1.006300, , , 
37595.000000,1882496.000000,75549924.000000, , , ,-0.650391,0.000000,-0.325195
37596.000000,1882499.000000,75549924.000000,0.020300,-0.046400,-1.000500, , , 
37597.000000,1882597.000000,75549924.000000, , , ,-0.975586,-0.650391,-0.650391
37598.000000,1882600.000000,75549924.000000,0.005800,-0.037700,-0.988900, , , 
37599.000000,1882698.000000,75549924.000000, , , ,-0.650391,-0.325195,-0.650391
37600.000000,1882699.000000,75549924.000000,0.000000,-0.040600,-0.980200, , , 
37601.000000,1882799.000000,75549924.000000, , , ,-0.650391,-0.650391,-0.325195
37602.000000,1882800.000000,75549924.000000,0.008700,-0.031900,-0.968600, , , 
37603.000000,1882899.000000,75549924.000000, , , ,-0.325195,-0.325195,-0.975586
37604.000000,1882900.000000,75549924.000000,0.008700,-0.037700,-0.994700, , , 
37605.000000,1882999.000000,75549924.000000,0.000000,-0.046400,-0.991800, , , 
37606.000000,1883000.000000,75549924.000000, , , ,-0.975586,0.650391,-0.325195
37607.000000,1883100.000000,75549924.000000,0.014500,-0.046400,-0.991800, , , 
37608.000000,1883101.000000,75549924.000000, , , ,-1.300781,-0.650391,-0.650391
37609.000000,1883192.000000,75549924.000000, , , ,-1.300781,-0.325195,-0.975586
37610.000000,1883199.000000,75549924.000000,0.017400,-0.055100,-0.965700, , , 
37611.000000,1883293.000000,75549924.000000, , , ,-0.975586,-0.975586,-0.650391
37612.000000,1883300.000000,75549924.000000,0.017400,-0.037700,-0.925100, , , 
37613.000000,1883394.000000,75549924.000000, , , ,-0.650391,-0.975586,-0.650391
37614.000000,1883399.000000,75549924.000000,0.002900,-0.043500,-0.954100, , , 
37615.000000,1883495.000000,75549924.000000, , , ,-0.325195,0.000000,-0.650391
37616.000000,1883500.000000,75549924.000000,-0.005800,-0.049300,-0.994700, , , 
37617.000000,1883596.000000,75549924.000000, , , ,-0.650391,-0.325195,-0.975586
37618.000000,1883599.000000,75549924.000000,0.008700,-0.046400,-1.009200, , , 
37619.000000,1883697.000000,75549924.000000, , , ,0.000000,0.000000,-1.300781
37620.000000,1883700.000000,75549924.000000,0.000000,-0.040600,-1.003400, , , 
37621.000000,1883798.000000,75549924.000000, , , ,-0.325195,0.650391,-1.300781
37622.000000,1883799.000000,75549924.000000,-0.014500,-0.072500,-1.032400, , , 
37623.000000,1883899.000000,75549924.000000, , , ,-1.951172,0.000000,-0.650391
37624.000000,1883900.000000,75549924.000000,0.017400,-0.049300,-1.017900, , , 
37625.000000,1883999.000000,75549924.000000,0.002900,-0.020300,-0.971500, , , 
37626.000000,1884000.000000,75549924.000000, , , ,-0.325195,-0.325195,-0.650391
37627.000000,1884100.000000,75549924.000000,-0.005800,-0.052200,-0.980200, , , 
37628.000000,1884101.000000,75549924.000000, , , ,-0.650391,0.000000,-0.650391
37629.000000,1884192.000000,75549924.000000, , , ,-1.625977,0.000000,-0.650391
37630.000000,1884199.000000,75549924.000000,0.017400,-0.040600,-0.974400, , , 
37631.000000,1884293.000000,75549924.000000, , , ,-2.601563,-0.650391,-0.650391
37632.000000,1884300.000000,75549924.000000,0.005800,-0.066700,-0.962800, , , 
37633.000000,1884394.000000,75549924.000000, , , ,-2.926758,-1.300781,-0.650391
37634.000000,1884399.000000,75549924.000000,0.002900,-0.029000,-0.942500, , , 
37635.000000,1884495.000000,75549924.000000, , , ,-1.951172,0.000000,-0.650391
37636.000000,1884500.000000,75549924.000000,0.000000,-0.020300,-0.968600, , , 
37637.000000,1884596.000000,75549924.000000, , , ,-2.276367,-0.325195,-0.975586
37638.000000,1884599.000000,75549924.000000,0.002900,-0.023200,-0.988900, , , 
37639.000000,1884697.000000,75549924.000000, , , ,-2.276367,0.000000,-0.650391
37640.000000,1884700.000000,75549924.000000,0.002900,-0.005800,-0.974400, , , 
37641.000000,1884798.000000,75549924.000000, , , ,-1.625977,-0.650391,-0.975586
37642.000000,1884799.000000,75549924.000000,0.017400,-0.005800,-0.962800, , , 
37643.000000,1884899.000000,75549924.000000, , , ,-0.975586,-0.975586,0.000000
37644.000000,1884900.000000,75549924.000000,0.000000,0.005800,-0.951200, , , 
37645.000000,1884999.000000,75549924.000000,-0.005800,-0.011600,-0.991800, , , 
37646.000000,1885000.000000,75549924.000000, , , ,-0.325195,0.000000,-0.975586
37647.000000,1885100.000000,75549924.000000,-0.008700,-0.017400,-1.041100, , , 
37648.000000,1885101.000000,75549924.000000, , , ,0.000000,0.000000,-0.975586
37649.000000,1885192.000000,75549924.000000, , , ,0.000000,0.325195,-0.650391
37650.000000,1885199.000000,75549924.000000,0.014500,-0.029000,-1.015000, , , 
37651.000000,1885293.000000,75549924.000000, , , ,0.325195,-0.975586,-0.975586
37652.000000,1885300.000000,75549924.000000,0.000000,-0.023200,-0.942500, , , 
37653.000000,1885394.000000,75549924.000000, , , ,0.325195,0.000000,-0.650391
37654.000000,1885399.000000,75549924.000000,-0.020300,-0.037700,-0.962800, , , 
37655.000000,1885495.000000,75549924.000000, , , ,-0.325195,0.325195,-0.650391
37656.000000,1885500.000000,75549924.000000,0.000000,-0.043500,-1.009200, , , 
37657.000000,1885596.000000,75549924.000000, , , ,-0.975586,-0.650391,-0.650391
37658.000000,1885599.000000,75549924.000000,0.023200,-0.031900,-0.971500, , , 
37659.000000,1885697.000000,75549924.000000, , , ,-0.650391,-0.325195,-0.325195
37660.000000,1885700.000000,75549924.000000,-0.002900,-0.031900,-0.951200, , , 
37661.000000,1885798.000000,75549924.000000, , , ,-0.975586,0.000000,-0.650391
37662.000000,1885799.000000,75549924.000000,-0.002900,-0.008700,-0.986000, , , 
37663.000000,1885899.000000,75549924.000000, , , ,-0.650391,0.325195,-0.650391
37664.000000,1885900.000000,75549924.000000,-0.002900,-0.034800,-1.023700, , , 
37665.000000,1885999.000000,75549924.000000,0.014500,-0.026100,-1.015000, , , 
37666.000000,1886000.000000,75549924.000000, , , ,-0.325195,0.000000,-0.975586
37667.000000,1886100.000000,75549924.000000,0.000000,-0.037700,-0.994700, , , 
37668.000000,1886101.000000,75549924.000000, , , ,-1.300781,-0.650391,-0.975586
37669.000000,1886192.000000,75549924.000000, , , ,-1.300781,0.325195,-0.650391
37670.000000,1886199.000000,75549924.000000,0.000000,-0.049300,-1.003400, , , 
37671.000000,1886293.000000,75549924.000000, , , ,-1.951172,0.000000,-0.650391
37672.000000,1886300.000000,75549924.000000,0.014500,-0.040600,-0.986000, , , 
37673.000000,1886394.000000,75549924.000000, , , ,-1.300781,0.000000,0.000000
37674.000000,1886399.000000,75549924.000000,-0.002900,-0.020300,-0.980200, , , 
37675.000000,1886495.000000,75549924.000000, , , ,-0.975586,-0.325195,-0.975586
37676.000000,1886500.000000,75549924.000000,0.000000,-0.011600,-0.959900, , , 
37677.000000,1886596.000000,75549924.000000, , , ,-0.975586,0.000000,-0.650391
37678.000000,1886599.000000,75549924.000000,0.011600,-0.034800,-0.971500, , , 
37679.000000,1886697.000000,75549924.000000, , , ,-0.650391,0.000000,-0.975586
37680.000000,1886700.000000,75549924.000000,0.000000,0.000000,-0.983100, , , 
37681.000000,1886798.000000,75549924.000000, , , ,0.000000,0.000000,-0.975586
37682.000000,1886799.000000,75549924.000000,0.000000,-0.011600,-0.983100, , , 
37683.000000,1886899.000000,75549924.000000, , , ,0.000000,0.000000,-0.975586
37684.000000,1886900.000000,75549924.000000,0.020300,-0.002900,-0.988900, , , 
37685.000000,1886999.000000,75549924.000000,0.000000,0.000000,-0.983100, , , 
37686.000000,1887000.000000,75549924.000000, , , ,0.000000,-0.325195,-0.975586
37687.000000,1887100.000000,75549924.000000,0.005800,-0.046400,-0.974400, , , 
37688.000000,1887101.000000,75549924.000000, , , ,0.000000,0.000000,-0.975586
37689.000000,1887192.000000,75549924.000000, , , ,0.000000,-0.650391,-0.650391
37690.000000,1887199.000000,75549924.000000,0.008700,0.000000,-0.951200, , , 
37691.000000,1887293.000000,75549924.000000, , , ,-0.325195,-0.650391,-0.975586
37692.000000,1887300.000000,75549924.000000,-0.002900,-0.037700,-0.965700, , , 
37693.000000,1887394.000000,75549924.000000, , , ,-1.300781,-0.325195,-0.650391
37694.000000,1887399.000000,75549924.000000,0.000000,-0.046400,-0.959900, , , 
37695.000000,1887495.000000,75549924.000000, , , ,-0.975586,0.325195,-0.650391
37696.000000,1887500.000000,75549924.000000,-0.017400,-0.046400,-1.000500, , , 
37697.000000,1887596.000000,75549924.000000, , , ,-1.951172,0.000000,-0.650391
37698.000000,1887599.000000,75549924.000000,0.000000,-0.040600,-1.041100, , , 
37699.000000,1887697.000000,75549924.000000, , , ,-1.951172,0.975586,-0.650391
37700.000000,1887700.000000,75549924.000000,0.008700,-0.014500,-1.046900, , , 
37701.000000,1887798.000000,75549924.000000, , , ,-0.975586,0.650391,-0.975586
37702.000000,1887799.000000,75549924.000000,0.000000,-0.011600,-0.983100, , , 
37703.000000,1887899.000000,75549924.000000, , , ,-1.300781,-0.650391,-0.325195
37704.000000,1887900.000000,75549924.000000,0.002900,-0.034800,-0.945400, , , 
37705.000000,1887999.000000,75549924.000000,0.029000,-0.031900,-0.942500, , , 
37706.000000,1888000.000000,75549924.000000, , , ,-0.975586,-0.975586,-1.300781
37707.000000,1888100.000000,75549924.000000,-0.034800,-0.037700,-1.000500, , , 
37708.000000,1888101.000000,75549924.000000, , , ,-0.975586,0.650391,-1.300781
37709.000000,1888192.000000,75549924.000000, , , ,-1.300781,0.325195,0.000000
37710.000000,1888199.000000,75549924.000000,-0.002900,-0.011600,-1.055600, , , 
37711.000000,1888293.000000,75549924.000000, , , ,-0.975586,0.975586,-0.325195
37712.000000,1888300.000000,75549924.000000,0.002900,0.000000,-1.067200, , , 
37713.000000,1888394.000000,75549924.000000, , , ,-0.975586,1.300781,-0.650391
37714.000000,1888399.000000,75549924.000000,0.000000,-0.017400,-1.064300, , , 
37715.000000,1888495.000000,75549924.000000, , , ,-0.650391,0.325195,-0.650391
37716.000000,1888500.000000,75549924.000000,0.023200,-0.008700,-0.988900, , , 
37717.000000,1888596.000000,75549924.000000, , , ,0.000000,-0.650391,0.000000
37718.000000,1888599.000000,75549924.000000,0.020300,0.034800,-0.928000, , , 
37719.000000,1888697.000000,75549924.000000, , , ,0.000000,-0.650391,0.000000
37720.000000,1888700.000000,75549924.000000,-0.014500,0.005800,-0.962800, , , 
37721.000000,1888798.000000,75549924.000000, , , ,0.000000,0.000000,-0.650391
37722.000000,1888799.000000,75549924.000000,0.014500,-0.005800,-0.965700, , , 
37723.000000,1888899.000000,75549924.000000, , , ,-0.325195,-0.325195,0.000000
37724.000000,1888900.000000,75549924.000000,-0.005800,-0.011600,-1.000500, , , 
37725.000000,1888999.000000,75549924.000000,0.002900,-0.002900,-0.994700, , , 
37726.000000,1889000.000000,75549924.000000, , , ,-1.300781,0.325195,-0.325195
37727.000000,1889100.000000,75549924.000000,0.014500,0.020300,-0.971500, , , 
37728.000000,1889101.000000,75549924.000000, , , ,-1.625977,-0.325195,0.000000
37729.000000,1889192.000000,75549924.000000, , , ,-0.975586,0.000000,0.000000
37730.000000,1889199.000000,75549924.000000,0.008700,0.017400,-0.977300, , , 
37731.000000,1889293.000000,75549924.000000, , , ,-0.325195,-0.650391,-0.975586
37732.000000,1889300.000000,75549924.000000,0.002900,-0.002900,-0.977300, , , 
37733.000000,1889394.000000,75549924.000000, , , ,0.000000,0.000000,-1.300781
37734.000000,1889399.000000,75549924.000000,0.005800,-0.014500,-1.012100, , , 
37735.000000,1889495.000000,75549924.000000, , , ,0.000000,0.325195,-1.300781
37736.000000,1889500.000000,75549924.000000,0.002900,-0.029000,-1.055600, , , 
37737.000000,1889596.000000,75549924.000000, , , ,0.000000,0.325195,-0.975586
37738.000000,1889599.000000,75549924.000000,0.005800,-0.026100,-1.017900, , , 
37739.000000,1889697.000000,75549924.000000, , , ,-0.325195,-0.650391,-1.300781
37740.000000,1889700.000000,75549924.000000,0.026100,-0.029000,-0.959900, , , 
37741.000000,1889798.000000,75549924.000000, , , ,-0.975586,-0.650391,-1.625977
37742.000000,1889799.000000,75549924.000000,0.000000,-0.063800,-0.951200, , , 
37743.000000,1889899.000000,75549924.000000, , , ,-0.975586,0.000000,-0.975586
37744.000000,1889900.000000,75549924.000000,-0.008700,-0.055100,-1.003400, , , 
37745.000000,1889999.000000,75549924.000000,0.011600,-0.040600,-1.015000, , , 
37746.000000,1890000.000000,75549924.000000, , , ,0.000000,0.325195,-1.625977
37747.000000,1890100.000000,75549924.000000,-0.014500,-0.043500,-1.029500, , , 
37748.000000,1890101.000000,75549924.000000, , , ,0.325195,0.325195,-1.625977
37749.000000,1890192.000000,75549924.000000, , , ,0.975586,1.625977,-1.300781
37750.000000,1890199.000000,75549924.000000,0.008700,-0.049300,-1.044000, , , 
37751.000000,1890293.000000,75549924.000000, , , ,1.625977,0.975586,-1.625977
37752.000000,1890300.000000,75549924.000000,-0.020300,-0.046400,-1.064300, , , 
37753.000000,1890394.000000,75549924.000000, , , ,1.625977,0.650391,-1.625977
37754.000000,1890399.000000,75549924.000000,0.043500,-0.081200,-1.015000, , , 
37755.000000,1890495.000000,75549924.000000, , , ,0.325195,-0.325195,-1.625977
37756.000000,1890500.000000,75549924.000000,-0.008700,-0.078300,-0.983100, , , 
37757.000000,1890596.000000,75549924.000000, , , ,-0.650391,1.625977,-0.975586
37758.000000,1890599.000000,75549924.000000,0.002900,-0.089900,-1.044000, , , 
37759.000000,1890697.000000,75549924.000000, , , ,-0.975586,0.650391,-0.650391
37760.000000,1890700.000000,75549924.000000,0.005800,-0.058000,-1.012100, , , 
37761.000000,1890798.000000,75549924.000000, , , ,-0.325195,-0.325195,-0.975586
37762.000000,1890799.000000,75549924.000000,0.005800,-0.052200,-0.980200, , , 
37763.000000,1890899.000000,75549924.000000, , , ,-0.325195,0.325195,-1.625977
37764.000000,1890900.000000,75549924.000000,-0.008700,-0.069600,-1.038200, , , 
37765.000000,1890999.000000,75549924.000000,0.011600,-0.072500,-1.052700, , , 
37766.000000,1891000.000000,75549924.000000, , , ,-0.650391,0.975586,-1.625977
37767.000000,1891100.000000,75549924.000000,0.020300,-0.058000,-1.003400, , , 
37768.000000,1891101.000000,75549924.000000, , , ,-0.650391,0.000000,-1.300781
37769.000000,1891192.000000,75549924.000000, , , ,-0.325195,-0.325195,-1.300781
37770.000000,1891199.000000,75549924.000000,0.005800,-0.060900,-0.994700, , , 
37771.000000,1891293.000000,75549924.000000, , , ,-0.650391,0.650391,-0.975586
37772.000000,1891300.000000,75549924.000000,-0.002900,-0.055100,-0.997600, , , 
37773.000000,1891394.000000,75549924.000000, , , ,-0.325195,0.325195,-0.650391
37774.000000,1891399.000000,75549924.000000,0.014500,-0.040600,-1.023700, , , 
37775.000000,1891495.000000,75549924.000000, , , ,0.000000,1.300781,-0.975586
37776.000000,1891500.000000,75549924.000000,0.000000,-0.029000,-1.041100, , , 
37777.000000,1891596.000000,75549924.000000, , , ,-0.325195,0.325195,-0.975586
37778.000000,1891599.000000,75549924.000000,0.037700,-0.031900,-1.006300, , , 
37779.000000,1891697.000000,75549924.000000, , , ,0.000000,0.325195,-0.325195
37780.000000,1891700.000000,75549924.000000,0.002900,-0.017400,-0.997600, , , 
37781.000000,1891798.000000,75549924.000000, , , ,-0.650391,1.300781,0.000000
37782.000000,1891799.000000,75549924.000000,0.017400,-0.040600,-1.058500, , , 
37783.000000,1891899.000000,75549924.000000, , , ,-1.625977,0.000000,0.000000
37784.000000,1891900.000000,75549924.000000,0.046400,-0.008700,-1.015000, , , 
37785.000000,1891999.000000,75549924.000000,0.023200,0.014500,-0.954100, , , 
37786.000000,1892000.000000,75549924.000000, , , ,-0.650391,0.000000,-0.325195
37787.000000,1892100.000000,75549924.000000,0.037700,-0.002900,-0.933800, , , 
37788.000000,1892101.000000,75549924.000000, , , ,-0.650391,-1.625977,-0.325195
37789.000000,1892192.000000,75549924.000000, , , ,-0.650391,-0.650391,-0.325195
37790.000000,1892199.000000,75549924.000000,0.029000,0.014500,-0.957000, , , 
37791.000000,1892293.000000,75549924.000000, , , ,0.000000,0.975586,-0.325195
37792.000000,1892300.000000,75549924.000000,0.026100,-0.008700,-1.023700, , , 
37793.000000,1892394.000000,75549924.000000, , , ,0.000000,0.000000,0.000000
37794.000000,1892399.000000,75549924.000000,0.049300,0.000000,-1.020800, , , 
37795.000000,1892495.000000,75549924.000000, , , ,0.650391,0.000000,0.000000
37796.000000,1892500.000000,75549924.000000,0.066700,0.008700,-0.957000, , , 
37797.000000,1892596.000000,75549924.000000, , , ,0.000000,-0.650391,-0.325195
37798.000000,1892599.000000,75549924.000000,0.020300,-0.011600,-0.951200, , , 
37799.000000,1892697.000000,75549924.000000, , , ,0.325195,-0.325195,-0.325195
37800.000000,1892700.000000,75549924.000000,0.034800,-0.040600,-1.000500, , , 
37801.000000,1892798.000000,75549924.000000, , , ,0.000000,0.000000,0.000000
37802.000000,1892799.000000,75549924.000000,0.034800,-0.014500,-0.994700, , , 
37803.000000,1892899.000000,75549924.000000, , , ,-0.325195,-0.325195,0.000000
37804.000000,1892900.000000,75549924.000000,0.043500,-0.020300,-0.997600, , , 
37805.000000,1892999.000000,75549924.000000,0.058000,-0.014500,-1.000500, , , 
37806.000000,1893000.000000,75549924.000000, , , ,-0.325195,0.325195,0.000000
37807.000000,1893100.000000,75549924.000000,0.046400,0.000000,-0.980200, , , 
37808.000000,1893101.000000,75549924.000000, , , ,-0.975586,0.000000,0.000000
37809.000000,1893192.000000,75549924.000000, , , ,-0.325195,0.000000,-0.325195
37810.000000,1893199.000000,75549924.000000,0.040600,-0.008700,-1.009200, , , 
37811.000000,1893293.000000,75549924.000000, , , ,-0.650391,0.650391,-0.325195
37812.000000,1893300.000000,75549924.000000,0.052200,-0.023200,-1.012100, , , 
37813.000000,1893394.000000,75549924.000000, , , ,-0.325195,-1.625977,0.000000
37814.000000,1893399.000000,75549924.000000,0.069600,0.005800,-0.957000, , , 
37815.000000,1893495.000000,75549924.000000, , , ,0.000000,-0.650391,0.000000
37816.000000,1893500.000000,75549924.000000,0.049300,0.005800,-0.933800, , , 
37817.000000,1893596.000000,75549924.000000, , , ,0.000000,-0.325195,0.000000
37818.000000,1893599.000000,75549924.000000,0.037700,-0.002900,-0.962800, , , 
37819.000000,1893697.000000,75549924.000000, , , ,-0.325195,0.325195,0.000000
37820.000000,1893700.000000,75549924.000000,0.046400,-0.005800,-1.000500, , , 
37821.000000,1893798.000000,75549924.000000, , , ,-0.650391,-0.325195,0.000000
37822.000000,1893799.000000,75549924.000000,0.052200,-0.011600,-1.012100, , , 
37823.000000,1893899.000000,75549924.000000, , , ,-0.975586,0.000000,0.000000
37824.000000,1893900.000000,75549924.000000,0.052200,-0.017400,-0.977300, , , 
37825.000000,1893999.000000,75549924.000000,0.034800,-0.008700,-0.945400, , , 
37826.000000,1894000.000000,75549924.000000, , , ,-0.975586,-0.325195,0.000000
37827.000000,1894100.000000,75549924.000000,0.046400,-0.002900,-0.988900, , , 
37828.000000,1894101.000000,75549924.000000, , , ,-1.625977,-0.650391,0.000000
37829.000000,1894192.000000,75549924.000000, , , ,-0.975586,0.650391,0.000000
37830.000000,1894199.000000,75549924.000000,0.055100,-0.017400,-1.000500, , , 
37831.000000,1894293.000000,75549924.000000, , , ,-1.300781,-0.650391,0.000000
37832.000000,1894300.000000,75549924.000000,0.055100,-0.005800,-0.965700, , , 
37833.000000,1894394.000000,75549924.000000, , , ,-0.650391,0.000000,-0.325195
37834.000000,1894399.000000,75549924.000000,0.040600,-0.011600,-0.986000, , , 
37835.000000,1894495.000000,75549924.000000, , , ,-0.650391,-0.325195,-0.650391
37836.000000,1894500.000000,75549924.000000,0.046400,-0.049300,-1.006300, , , 
37837.000000,1894596.000000,75549924.000000, , , ,0.000000,0.325195,-0.975586
37838.000000,1894599.000000,75549924.000000,0.049300,-0.040600,-1.009200, , , 
37839.000000,1894697.000000,75549924.000000, , , ,-0.325195,0.325195,-0.975586
37840.000000,1894700.000000,75549924.000000,0.046400,-0.031900,-1.029500, , , 
37841.000000,1894798.000000,75549924.000000, , , ,-1.300781,1.300781,-0.975586
37842.000000,1894799.000000,75549924.000000,0.040600,-0.063800,-1.052700, , , 
37843.000000,1894899.000000,75549924.000000, , , ,-0.975586,0.000000,-0.650391
37844.000000,1894900.000000,75549924.000000,0.078300,-0.026100,-1.006300, , , 
37845.000000,1894999.000000,75549924.000000,0.049300,-0.020300,-0.936700, , , 
37846.000000,1895000.000000,75549924.000000, , , ,-0.325195,-0.975586,-0.325195
37847.000000,1895100.000000,75549924.000000,0.052200,-0.029000,-0.951200, , , 
37848.000000,1895101.000000,75549924.000000, , , ,-0.650391,-0.650391,-0.650391
37849.000000,1895192.000000,75549924.000000, , , ,-0.325195,-0.325195,-0.325195
37850.000000,1895199.000000,75549924.000000,0.029000,0.000000,-0.974400, , , 
37851.000000,1895293.000000,75549924.000000, , , ,-0.975586,0.325195,0.000000
37852.000000,1895300.000000,75549924.000000,0.055100,-0.026100,-0.988900, , , 
37853.000000,1895394.000000,75549924.000000, , , ,-0.650391,-1.300781,0.000000
37854.000000,1895399.000000,75549924.000000,0.060900,-0.020300,-0.945400, , , 
37855.000000,1895495.000000,75549924.000000, , , ,-0.975586,-0.975586,0.325195
37856.000000,1895500.000000,75549924.000000,0.037700,-0.011600,-0.968600, , , 
37857.000000,1895596.000000,75549924.000000, , , ,-0.975586,0.000000,0.000000
37858.000000,1895599.000000,75549924.000000,0.034800,0.000000,-0.994700, , , 
37859.000000,1895697.000000,75549924.000000, , , ,-0.325195,0.000000,0.000000
37860.000000,1895700.000000,75549924.000000,0.063800,0.005800,-0.977300, , , 
37861.000000,1895798.000000,75549924.000000, , , ,0.000000,-1.300781,0.000000
37862.000000,1895799.000000,75549924.000000,0.049300,0.020300,-0.951200, , , 
37863.000000,1895899.000000,75549924.000000, , , ,-0.650391,-0.325195,0.325195
37864.000000,1895900.000000,75549924.000000,0.026100,0.034800,-0.954100, , , 
37865.000000,1895999.000000,75549924.000000,0.040600,0.020300,-0.997600, , , 
37866.000000,1896000.000000,75549924.000000, , , ,-1.300781,0.000000,0.650391
37867.000000,1896100.000000,75549924.000000,0.049300,0.055100,-1.009200, , , 
37868.000000,1896101.000000,75549924.000000, , , ,-0.975586,-0.325195,0.650391
37869.000000,1896192.000000,75549924.000000, , , ,-0.650391,0.000000,0.975586
37870.000000,1896199.000000,75549924.000000,0.034800,0.060900,-0.994700, , , 
37871.000000,1896293.000000,75549924.000000, , , ,0.000000,0.000000,1.951172
37872.000000,1896300.000000,75549924.000000,0.063800,0.084100,-0.968600, , , 
37873.000000,1896394.000000,75549924.000000, , , ,0.325195,-0.650391,1.300781
37874.000000,1896399.000000,75549924.000000,0.037700,0.084100,-0.974400, , , 
37875.000000,1896495.000000,75549924.000000, , , ,-0.975586,0.000000,1.625977
37876.000000,1896500.000000,75549924.000000,0.023200,0.058000,-1.009200, , , 
37877.000000,1896596.000000,75549924.000000, , , ,-0.650391,0.000000,1.625977
37878.000000,1896599.000000,75549924.000000,0.046400,0.075400,-1.017900, , , 
37879.000000,1896697.000000,75549924.000000, , , ,0.000000,-1.300781,1.300781
37880.000000,1896700.000000,75549924.000000,0.066700,0.095700,-0.951200, , , 
37881.000000,1896798.000000,75549924.000000, , , ,0.000000,0.000000,1.625977
37882.000000,1896799.000000,75549924.000000,0.008700,0.078300,-0.959900, , , 
37883.000000,1896899.000000,75549924.000000, , , ,0.000000,0.000000,1.625977
37884.000000,1896900.000000,75549924.000000,0.052200,0.069600,-0.991800, , , 
37885.000000,1896999.000000,75549924.000000,0.034800,0.078300,-0.980200, , , 
37886.000000,1897000.000000,75549924.000000, , , ,0.000000,0.000000,1.300781
37887.000000,1897100.000000,75549924.000000,0.040600,0.069600,-0.977300, , , 
37888.000000,1897101.000000,75549924.000000, , , ,-0.650391,-0.650391,1.300781
37889.000000,1897192.000000,75549924.000000, , , ,0.000000,0.000000,1.300781
37890.000000,1897199.000000,75549924.000000,0.040600,0.072500,-1.003400, , , 
37891.000000,1897293.000000,75549924.000000, , , ,0.000000,-0.650391,1.625977
37892.000000,1897300.000000,75549924.000000,0.043500,0.081200,-0.968600, , , 
37893.000000,1897394.000000,75549924.000000, , , ,0.650391,0.000000,1.300781
37894.000000,1897399.000000,75549924.000000,0.034800,0.075400,-0.957000, , , 
37895.000000,1897495.000000,75549924.000000, , , ,0.325195,-0.975586,1.300781
37896.000000,1897500.000000,75549924.000000,0.031900,0.055100,-0.980200, , , 
37897.000000,1897596.000000,75549924.000000, , , ,-0.325195,0.325195,1.300781
37898.000000,1897599.000000,75549924.000000,0.026100,0.072500,-0.980200, , , 
37899.000000,1897697.000000,75549924.000000, , , ,-0.650391,-0.650391,1.625977
37900.000000,1897700.000000,75549924.000000,0.034800,0.060900,-1.006300, , , 
37901.000000,1897798.000000,75549924.000000, , , ,-0.325195,0.650391,0.975586
37902.000000,1897799.000000,75549924.000000,0.037700,0.066700,-1.009200, , , 
37903.000000,1897899.000000,75549924.000000, , , ,0.325195,-0.650391,0.975586
37904.000000,1897900.000000,75549924.000000,0.046400,0.060900,-0.977300, , , 
37905.000000,1897999.000000,75549924.000000,0.020300,0.043500,-0.991800, , , 
37906.000000,1898000.000000,75549924.000000, , , ,0.325195,0.000000,0.975586
37907.000000,1898100.000000,75549924.000000,0.031900,0.029000,-1.012100, , , 
37908.000000,1898101.000000,75549924.000000, , , ,0.325195,-0.325195,0.975586
37909.000000,1898192.000000,75549924.000000, , , ,0.000000,0.975586,0.975586
37910.000000,1898199.000000,75549924.000000,0.040600,0.034800,-1.020800, , , 
37911.000000,1898293.000000,75549924.000000, , , ,0.650391,0.000000,0.975586
37912.000000,1898300.000000,75549924.000000,0.040600,0.011600,-1.009200, , , 
37913.000000,1898394.000000,75549924.000000, , , ,0.975586,0.325195,0.650391
37914.000000,1898399.000000,75549924.000000,0.034800,0.034800,-0.991800, , , 
37915.000000,1898495.000000,75549924.000000, , , ,0.325195,0.000000,1.300781
37916.000000,1898500.000000,75549924.000000,0.040600,0.023200,-0.988900, , , 
37917.000000,1898596.000000,75549924.000000, , , ,0.000000,-0.325195,1.300781
37918.000000,1898599.000000,75549924.000000,0.043500,0.002900,-0.980200, , , 
37919.000000,1898697.000000,75549924.000000, , , ,-0.325195,0.000000,1.300781
37920.000000,1898700.000000,75549924.000000,0.026100,0.026100,-0.980200, , , 
37921.000000,1898798.000000,75549924.000000, , , ,-1.625977,0.000000,1.300781
37922.000000,1898799.000000,75549924.000000,0.055100,0.014500,-0.994700, , , 
37923.000000,1898899.000000,75549924.000000, , , ,-0.975586,0.000000,1.300781
37924.000000,1898900.000000,75549924.000000,0.037700,0.034800,-0.971500, , , 
37925.000000,1898999.000000,75549924.000000,0.026100,0.046400,-0.974400, , , 
37926.000000,1899000.000000,75549924.000000, , , ,-0.975586,-0.650391,0.975586
37927.000000,1899100.000000,75549924.000000,0.031900,0.052200,-1.012100, , , 
37928.000000,1899101.000000,75549924.000000, , , ,-0.975586,0.650391,1.300781
37929.000000,1899192.000000,75549924.000000, , , ,-0.975586,-0.325195,1.300781
37930.000000,1899199.000000,75549924.000000,0.034800,0.020300,-1.000500, , , 
37931.000000,1899293.000000,75549924.000000, , , ,-0.650391,0.000000,1.625977
37932.000000,1899300.000000,75549924.000000,0.026100,0.034800,-0.977300, , , 
37933.000000,1899394.000000,75549924.000000, , , ,-0.325195,-0.975586,0.975586
37934.000000,1899399.000000,75549924.000000,0.026100,0.043500,-0.980200, , , 
37935.000000,1899495.000000,75549924.000000, , , ,-0.325195,0.325195,1.300781
37936.000000,1899500.000000,75549924.000000,0.037700,0.063800,-0.988900, , , 
37937.000000,1899596.000000,75549924.000000, , , ,-0.650391,-0.650391,0.975586
37938.000000,1899599.000000,75549924.000000,0.029000,0.049300,-0.997600, , , 
37939.000000,1899697.000000,75549924.000000, , , ,0.000000,0.650391,1.300781
37940.000000,1899700.000000,75549924.000000,0.034800,0.046400,-0.997600, , , 
37941.000000,1899798.000000,75549924.000000, , , ,-0.325195,-0.975586,0.975586
37942.000000,1899799.000000,75549924.000000,0.060900,0.046400,-0.951200, , , 
37943.000000,1899899.000000,75549924.000000, , , ,0.000000,0.000000,1.300781
37944.000000,1899900.000000,75549924.000000,0.023200,0.026100,-0.939600, , , 
37945.000000,1899999.000000,75549924.000000,0.023200,0.029000,-1.009200, , , 
37946.000000,1900000.000000,75549924.000000, , , ,0.000000,-0.650391,0.975586
37947.000000,1900100.000000,75549924.000000,0.040600,0.029000,-1.006300, , , 
37948.000000,1900101.000000,75549924.000000, , , ,-0.650391,0.975586,1.300781
37949.000000,1900192.000000,75549924.000000, , , ,-0.650391,-0.975586,0.650391
37950.000000,1900199.000000,75549924.000000,0.023200,0.040600,-1.006300, , , 
37951.000000,1900293.000000,75549924.000000, , , ,-0.325195,0.650391,1.300781
37952.000000,1900300.000000,75549924.000000,0.034800,0.040600,-0.991800, , , 
37953.000000,1900394.000000,75549924.000000, , , ,-1.300781,-0.650391,1.300781
37954.000000,1900399.000000,75549924.000000,0.049300,0.029000,-0.965700, , , 
37955.000000,1900495.000000,75549924.000000, , , ,-0.975586,-0.325195,1.300781
37956.000000,1900500.000000,75549924.000000,0.049300,0.037700,-0.942500, , , 
37957.000000,1900596.000000,75549924.000000, , , ,-0.650391,-1.300781,1.625977
37958.000000,1900599.000000,75549924.000000,0.029000,0.060900,-0.930900, , , 
37959.000000,1900696.000000,75549924.000000, , , ,-0.650391,0.000000,1.300781
37960.000000,1900699.000000,75549924.000000,0.026100,0.040600,-0.980200, , , 
37961.000000,1900797.000000,75549924.000000, , , ,-0.650391,0.000000,1.300781
37962.000000,1900800.000000,75549924.000000,0.023200,0.037700,-1.009200, , , 
37963.000000,1900898.000000,75549924.000000, , , ,0.000000,0.000000,1.300781
37964.000000,1900899.000000,75549924.000000,0.026100,0.049300,-1.015000, , , 
37965.000000,1900999.000000,75549924.000000, , , ,0.000000,-0.325195,0.975586
37966.000000,1901000.000000,75549924.000000,0.026100,0.049300,-1.012100, , , 
37967.000000,1901099.000000,75549924.000000,0.029000,0.017400,-1.003400, , , 
37968.000000,1901100.000000,75549924.000000, , , ,0.325195,0.650391,0.975586
37969.000000,1901200.000000,75549924.000000,0.031900,0.005800,-0.991800, , , 
37970.000000,1901201.000000,75549924.000000, , , ,0.325195,0.000000,0.650391
37971.000000,1901292.000000,75549924.000000, , , ,0.000000,0.325195,0.650391
37972.000000,1901299.000000,75549924.000000,0.037700,-0.002900,-1.003400, , , 
37973.000000,1901393.000000,75549924.000000, , , ,-0.325195,0.000000,0.325195
37974.000000,1901400.000000,75549924.000000,0.034800,0.002900,-1.003400, , , 
37975.000000,1901494.000000,75549924.000000, , , ,-0.325195,0.325195,0.650391
37976.000000,1901499.000000,75549924.000000,0.040600,-0.011600,-0.988900, , , 
37977.000000,1901595.000000,75549924.000000, , , ,-0.650391,-0.325195,0.975586
37978.000000,1901600.000000,75549924.000000,0.040600,-0.005800,-0.983100, , , 
37979.000000,1901696.000000,75549924.000000, , , ,-0.325195,0.650391,0.975586
37980.000000,1901699.000000,75549924.000000,0.020300,0.000000,-1.009200, , , 
37981.000000,1901797.000000,75549924.000000, , , ,-0.650391,0.325195,0.975586
37982.000000,1901800.000000,75549924.000000,0.031900,0.002900,-1.017900, , , 
37983.000000,1901898.000000,75549924.000000, , , ,-0.325195,0.325195,0.650391
37984.000000,1901899.000000,75549924.000000,0.029000,0.020300,-1.032400, , , 
37985.000000,1901999.000000,75549924.000000, , , ,-0.975586,0.650391,0.975586
37986.000000,1902000.000000,75549924.000000,0.031900,-0.002900,-1.044000, , , 
37987.000000,1902099.000000,75549924.000000,0.037700,0.002900,-1.026600, , , 
37988.000000,1902100.000000,75549924.000000, , , ,-1.625977,1.300781,1.300781
37989.000000,1902200.000000,75549924.000000,0.040600,0.023200,-1.006300, , , 
37990.000000,1902201.000000,75549924.000000, , , ,-1.300781,0.325195,1.300781
37991.000000,1902292.000000,75549924.000000, , , ,-0.975586,-0.325195,1.300781
37992.000000,1902299.000000,75549924.000000,0.046400,0.029000,-0.962800, , , 
37993.000000,1902393.000000,75549924.000000, , , ,-0.975586,-0.650391,0.975586
37994.000000,1902400.000000,75549924.000000,0.046400,0.040600,-0.925100, , , 
37995.000000,1902494.000000,75549924.000000, , , ,-0.975586,-0.650391,0.975586
37996.000000,1902499.000000,75549924.000000,0.034800,0.034800,-0.951200, , , 
37997.000000,1902595.000000,75549924.000000, , , ,-1.300781,-0.325195,1.300781
37998.000000,1902600.000000,75549924.000000,0.046400,0.011600,-0.930900, , , 
37999.000000,1902696.000000,75549924.000000, , , ,-0.650391,-1.951172,1.625977
38000.000000,1902699.000000,75549924.000000,0.052200,0.063800,-0.884500, , , 
38001.000000,1902797.000000,75549924.000000, , , ,0.000000,-0.325195,1.625977
38002.000000,1902800.000000,75549924.000000,0.029000,0.052200,-0.939600, , , 
38003.000000,1902898.000000,75549924.000000, , , ,-0.325195,-1.300781,1.300781
38004.000000,1902899.000000,75549924.000000,0.037700,0.046400,-0.968600, , , 
38005.000000,1902999.000000,75549924.000000, , , ,-0.650391,0.650391,1.300781
38006.000000,1903000.000000,75549924.000000,0.017400,0.031900,-1.009200, , , 
38007.000000,1903099.000000,75549924.000000,0.040600,0.023200,-1.049800, , , 
38008.000000,1903100.000000,75549924.000000, , , ,-1.625977,0.000000,1.625977
38009.000000,1903200.000000,75549924.000000,0.040600,0.031900,-0.988900, , , 
38010.000000,1903201.000000,75549924.000000, , , ,-1.625977,0.000000,1.300781
38011.000000,1903292.000000,75549924.000000, , , ,-1.625977,-0.650391,1.625977
38012.000000,1903299.000000,75549924.000000,0.029000,0.063800,-0.959900, , , 
38013.000000,1903393.000000,75549924.000000, , , ,-0.975586,0.325195,1.625977
38014.000000,1903400.000000,75549924.000000,0.026100,0.043500,-1.003400, , , 
38015.000000,1903494.000000,75549924.000000, , , ,-1.300781,0.000000,1.625977
38016.000000,1903499.000000,75549924.000000,0.040600,0.055100,-0.988900, , , 
38017.000000,1903595.000000,75549924.000000, , , ,-0.975586,0.325195,1.300781
38018.000000,1903600.000000,75549924.000000,0.040600,0.060900,-0.988900, , , 
38019.000000,1903696.000000,75549924.000000, , , ,-0.975586,-0.325195,0.975586
38020.000000,1903699.000000,75549924.000000,0.037700,0.052200,-0.997600, , , 
38021.000000,1903797.000000,75549924.000000, , , ,-1.300781,0.000000,1.300781
38022.000000,1903800.000000,75549924.000000,0.040600,0.043500,-0.994700, , , 
38023.000000,1903898.000000,75549924.000000, , , ,-0.975586,0.000000,1.300781
38024.000000,1903899.000000,75549924.000000,0.026100,0.049300,-0.994700, , , 
38025.000000,1903999.000000,75549924.000000, , , ,0.000000,0.325195,1.300781
38026.000000,1904000.000000,75549924.000000,0.005800,0.060900,-1.006300, , , 
38027.000000,1904099.000000,75549924.000000,0.043500,0.063800,-1.035300, , , 
38028.000000,1904100.000000,75549924.000000, , , ,-0.325195,0.325195,0.975586
38029.000000,1904200.000000,75549924.000000,0.034800,0.043500,-1.020800, , , 
38030.000000,1904201.000000,75549924.000000, , , ,0.000000,0.325195,0.975586
38031.000000,1904292.000000,75549924.000000, , , ,-0.325195,0.000000,1.300781
38032.000000,1904299.000000,75549924.000000,0.052200,0.043500,-0.974400, , , 
38033.000000,1904393.000000,75549924.000000, , , ,-0.325195,-1.951172,1.300781
38034.000000,1904400.000000,75549924.000000,0.055100,0.069600,-0.910600, , , 
38035.000000,1904494.000000,75549924.000000, , , ,-0.325195,-0.650391,1.951172
38036.000000,1904499.000000,75549924.000000,0.037700,0.043500,-0.904800, , , 
38037.000000,1904595.000000,75549924.000000, , , ,-0.650391,-1.625977,1.300781
38038.000000,1904600.000000,75549924.000000,0.026100,0.052200,-0.930900, , , 
38039.000000,1904696.000000,75549924.000000, , , ,-0.650391,0.000000,1.300781
38040.000000,1904699.000000,75549924.000000,0.026100,0.034800,-0.954100, , , 
38041.000000,1904797.000000,75549924.000000, , , ,-0.975586,-0.975586,1.300781
38042.000000,1904800.000000,75549924.000000,0.023200,0.043500,-0.986000, , , 
38043.000000,1904898.000000,75549924.000000, , , ,-0.650391,0.000000,0.650391
38044.000000,1904899.000000,75549924.000000,0.031900,0.023200,-0.977300, , , 
38045.000000,1904999.000000,75549924.000000, , , ,-0.650391,-1.300781,0.975586
38046.000000,1905000.000000,75549924.000000,0.034800,0.052200,-0.971500, , , 
38047.000000,1905099.000000,75549924.000000,0.029000,0.040600,-0.991800, , , 
38048.000000,1905100.000000,75549924.000000, , , ,-0.650391,0.000000,1.300781
38049.000000,1905200.000000,75549924.000000,0.046400,0.026100,-0.986000, , , 
38050.000000,1905201.000000,75549924.000000, , , ,-1.300781,-0.325195,0.975586
38051.000000,1905292.000000,75549924.000000, , , ,-0.975586,0.000000,0.650391
38052.000000,1905299.000000,75549924.000000,0.037700,0.020300,-0.974400, , , 
38053.000000,1905393.000000,75549924.000000, , , ,-0.325195,-1.300781,0.650391
38054.000000,1905400.000000,75549924.000000,0.046400,0.037700,-0.951200, , , 
38055.000000,1905494.000000,75549924.000000, , , ,0.000000,-0.325195,0.325195
38056.000000,1905499.000000,75549924.000000,0.040600,0.017400,-0.936700, , , 
38057.000000,1905595.000000,75549924.000000, , , ,-0.650391,-1.300781,0.000000
38058.000000,1905600.000000,75549924.000000,0.026100,0.002900,-0.977300, , , 
38059.000000,1905696.000000,75549924.000000, , , ,-0.650391,0.000000,0.000000
38060.000000,1905699.000000,75549924.000000,0.049300,0.017400,-0.988900, , , 
38061.000000,1905797.000000,75549924.000000, , , ,-0.650391,-0.975586,0.000000
38062.000000,1905800.000000,75549924.000000,0.029000,0.023200,-0.974400, , , 
38063.000000,1905898.000000,75549924.000000, , , ,-0.325195,0.325195,0.000000
38064.000000,1905899.000000,75549924.000000,0.049300,0.000000,-1.003400, , , 
38065.000000,1905999.000000,75549924.000000, , , ,-0.650391,0.000000,0.000000
38066.000000,1906000.000000,75549924.000000,0.040600,-0.011600,-1.009200, , , 
38067.000000,1906099.000000,75549924.000000,0.031900,0.000000,-0.988900, , , 
38068.000000,1906100.000000,75549924.000000, , , ,-0.325195,0.000000,0.000000
38069.000000,1906200.000000,75549924.000000,0.043500,0.008700,-0.988900, , , 
38070.000000,1906201.000000,75549924.000000, , , ,0.000000,-0.325195,0.325195
38071.000000,1906292.000000,75549924.000000, , , ,0.325195,-0.325195,0.325195
38072.000000,1906299.000000,75549924.000000,0.052200,-0.005800,-0.954100, , , 
38073.000000,1906393.000000,75549924.000000, , , ,0.325195,-0.650391,0.325195
38074.000000,1906400.000000,75549924.000000,0.031900,0.017400,-0.957000, , , 
38075.000000,1906494.000000,75549924.000000, , , ,-0.325195,0.000000,0.000000
38076.000000,1906499.000000,75549924.000000,0.031900,-0.005800,-0.991800, , , 
38077.000000,1906595.000000,75549924.000000, , , ,-0.325195,0.000000,0.325195
38078.000000,1906600.000000,75549924.000000,0.043500,-0.020300,-1.000500, , , 
38079.000000,1906696.000000,75549924.000000, , , ,-0.325195,0.000000,0.000000
38080.000000,1906699.000000,75549924.000000,0.034800,0.002900,-0.974400, , , 
38081.000000,1906797.000000,75549924.000000, , , ,-0.325195,-0.325195,0.000000
38082.000000,1906800.000000,75549924.000000,0.029000,-0.017400,-0.945400, , , 
38083.000000,1906898.000000,75549924.000000, , , ,-0.650391,-0.975586,0.000000
38084.000000,1906899.000000,75549924.000000,0.046400,-0.040600,-0.965700, , , 
38085.000000,1906999.000000,75549924.000000, , , ,-2.926758,0.000000,0.000000
38086.000000,1907000.000000,75549924.000000,0.037700,-0.063800,-0.974400, , , 
38087.000000,1907099.000000,75549924.000000,0.052200,-0.040600,-0.948300, , , 
38088.000000,1907100.000000,75549924.000000, , , ,-3.577148,-1.300781,0.000000
38089.000000,1907200.000000,75549924.000000,0.072500,0.000000,-0.867100, , , 
38090.000000,1907201.000000,75549924.000000, , , ,-1.300781,-2.926758,0.000000
38091.000000,1907292.000000,75549924.000000, , , ,0.650391,-3.577148,0.000000
38092.000000,1907299.000000,75549924.000000,0.052200,0.002900,-0.785900, , , 
38093.000000,1907393.000000,75549924.000000, , , ,-1.300781,-1.625977,-0.650391
38094.000000,1907400.000000,75549924.000000,-0.037700,-0.023200,-0.907700, , , 
38095.000000,1907494.000000,75549924.000000, , , ,-2.926758,2.926758,0.000000
38096.000000,1907499.000000,75549924.000000,-0.002900,-0.089900,-1.174500, , , 
38097.000000,1907595.000000,75549924.000000, , , ,-2.276367,-0.650391,-0.325195
38098.000000,1907600.000000,75549924.000000,0.098600,-0.034800,-1.191900, , , 
38099.000000,1907696.000000,75549924.000000, , , ,-1.300781,-0.650391,-1.300781
38100.000000,1907699.000000,75549924.000000,0.029000,-0.029000,-1.049800, , , 
38101.000000,1907797.000000,75549924.000000, , , ,0.000000,0.000000,0.000000
38102.000000,1907800.000000,75549924.000000,0.000000,-0.002900,-0.945400, , , 
38103.000000,1907898.000000,75549924.000000, , , ,0.325195,-0.650391,-0.325195
38104.000000,1907899.000000,75549924.000000,0.008700,-0.020300,-0.913500, , , 
38105.000000,1907999.000000,75549924.000000, , , ,-0.325195,0.325195,-0.325195
38106.000000,1908000.000000,75549924.000000,0.034800,-0.026100,-0.925100, , , 
38107.000000,1908099.000000,75549924.000000,0.031900,-0.023200,-0.959900, , , 
38108.000000,1908100.000000,75549924.000000, , , ,0.325195,0.000000,0.000000
38109.000000,1908200.000000,75549924.000000,0.020300,0.005800,-0.962800, , , 
38110.000000,1908201.000000,75549924.000000, , , ,0.000000,-0.650391,0.000000
38111.000000,1908292.000000,75549924.000000, , , ,-0.975586,-0.650391,0.000000
38112.000000,1908299.000000,75549924.000000,0.023200,0.002900,-0.957000, , , 
38113.000000,1908393.000000,75549924.000000, , , ,-0.975586,0.000000,0.000000
38114.000000,1908400.000000,75549924.000000,0.005800,-0.023200,-0.997600, , , 
38115.000000,1908494.000000,75549924.000000, , , ,-1.625977,0.000000,0.000000
38116.000000,1908499.000000,75549924.000000,0.005800,-0.060900,-1.044000, , , 
38117.000000,1908595.000000,75549924.000000, , , ,-2.276367,-1.300781,-0.325195
38118.000000,1908600.000000,75549924.000000,0.040600,-0.005800,-1.038200, , , 
38119.000000,1908696.000000,75549924.000000, , , ,-1.625977,-0.975586,-0.325195
38120.000000,1908699.000000,75549924.000000,0.020300,0.052200,-0.980200, , , 
38121.000000,1908797.000000,75549924.000000, , , ,0.325195,-0.325195,-0.650391
38122.000000,1908800.000000,75549924.000000,0.014500,0.000000,-0.980200, , , 
38123.000000,1908898.000000,75549924.000000, , , ,0.975586,-1.300781,-0.650391
38124.000000,1908899.000000,75549924.000000,0.052200,-0.020300,-0.890300, , , 
38125.000000,1908999.000000,75549924.000000, , , ,0.975586,-0.975586,-0.650391
38126.000000,1909000.000000,75549924.000000,0.000000,-0.058000,-0.887400, , , 
38127.000000,1909099.000000,75549924.000000,-0.026100,-0.040600,-1.029500, , , 
38128.000000,1909100.000000,75549924.000000, , , ,-0.325195,1.625977,-0.325195
38129.000000,1909200.000000,75549924.000000,0.023200,-0.046400,-1.104900, , , 
38130.000000,1909201.000000,75549924.000000, , , ,0.000000,2.601563,-0.650391
38131.000000,1909292.000000,75549924.000000, , , ,0.650391,-1.625977,-1.300781
38132.000000,1909299.000000,75549924.000000,0.095700,0.000000,-0.983100, , , 
38133.000000,1909393.000000,75549924.000000, , , ,1.300781,-3.251953,-0.650391
38134.000000,1909400.000000,75549924.000000,-0.020300,-0.037700,-0.899000, , , 
38135.000000,1909494.000000,75549924.000000, , , ,-0.325195,-0.650391,-0.325195
38136.000000,1909499.000000,75549924.000000,0.000000,-0.063800,-0.878700, , , 
38137.000000,1909595.000000,75549924.000000, , , ,-1.625977,-0.975586,0.000000
38138.000000,1909600.000000,75549924.000000,0.023200,-0.037700,-0.872900, , , 
38139.000000,1909696.000000,75549924.000000, , , ,-1.300781,-0.975586,0.000000
38140.000000,1909699.000000,75549924.000000,0.011600,-0.017400,-0.930900, , , 
38141.000000,1909797.000000,75549924.000000, , , ,-1.300781,-0.325195,0.000000
38142.000000,1909800.000000,75549924.000000,0.008700,-0.029000,-0.977300, , , 
38143.000000,1909898.000000,75549924.000000, , , ,-1.300781,0.000000,0.000000
38144.000000,1909899.000000,75549924.000000,0.000000,-0.011600,-1.003400, , , 
38145.000000,1909999.000000,75549924.000000, , , ,-0.325195,0.325195,0.000000
38146.000000,1910000.000000,75549924.000000,-0.014500,-0.008700,-1.093300, , , 
38147.000000,1910099.000000,75549924.000000,0.029000,-0.023200,-1.055600, , , 
38148.000000,1910100.000000,75549924.000000, , , ,-0.650391,0.000000,-0.325195
38149.000000,1910200.000000,75549924.000000,-0.011600,-0.017400,-0.959900, , , 
38150.000000,1910201.000000,75549924.000000, , , ,0.000000,-0.325195,0.000000
38151.000000,1910292.000000,75549924.000000, , , ,-0.325195,-1.300781,0.000000
38152.000000,1910299.000000,75549924.000000,-0.017400,-0.020300,-0.913500, , , 
38153.000000,1910393.000000,75549924.000000, , , ,0.000000,-1.625977,0.000000
38154.000000,1910400.000000,75549924.000000,-0.031900,0.000000,-0.916400, , , 
38155.000000,1910493.000000,75549924.000000, , , ,-0.325195,-0.325195,0.000000
38156.000000,1910500.000000,75549924.000000,-0.020300,-0.008700,-0.948300, , , 
38157.000000,1910594.000000,75549924.000000, , , ,-0.650391,-0.650391,0.000000
38158.000000,1910599.000000,75549924.000000,-0.040600,-0.014500,-0.962800, , , 
38159.000000,1910695.000000,75549924.000000, , , ,-1.300781,-0.325195,0.000000
38160.000000,1910700.000000,75549924.000000,-0.046400,-0.031900,-0.983100, , , 
38161.000000,1910796.000000,75549924.000000, , , ,-1.625977,0.325195,0.000000
38162.000000,1910799.000000,75549924.000000,-0.043500,-0.037700,-1.015000, , , 
38163.000000,1910897.000000,75549924.000000, , , ,-2.276367,0.000000,-0.325195
38164.000000,1910900.000000,75549924.000000,-0.063800,-0.023200,-1.032400, , , 
38165.000000,1910998.000000,75549924.000000, , , ,-1.300781,0.000000,-0.975586
38166.000000,1910999.000000,75549924.000000,-0.043500,-0.034800,-1.009200, , , 
38167.000000,1911099.000000,75549924.000000, , , ,-1.300781,0.000000,-0.325195
38168.000000,1911100.000000,75549924.000000,-0.058000,-0.031900,-1.003400, , , 
38169.000000,1911199.000000,75549924.000000,-0.055100,-0.046400,-0.997600, , , 
38170.000000,1911200.000000,75549924.000000, , , ,-0.650391,0.000000,-0.325195
38171.000000,1911300.000000,75549924.000000,-0.046400,-0.043500,-0.991800, , , 
38172.000000,1911301.000000,75549924.000000, , , ,-1.300781,0.000000,-0.650391
38173.000000,1911392.000000,75549924.000000, , , ,-1.300781,0.000000,-0.975586
38174.000000,1911399.000000,75549924.000000,-0.040600,-0.055100,-0.954100, , , 
38175.000000,1911493.000000,75549924.000000, , , ,-0.975586,-1.625977,-0.975586
38176.000000,1911500.000000,75549924.000000,-0.052200,-0.060900,-0.919300, , , 
38177.000000,1911594.000000,75549924.000000, , , ,-1.300781,-0.650391,-0.975586
38178.000000,1911599.000000,75549924.000000,-0.055100,-0.043500,-0.928000, , , 
38179.000000,1911695.000000,75549924.000000, , , ,-1.625977,-0.650391,-0.650391
38180.000000,1911700.000000,75549924.000000,-0.052200,-0.075400,-0.945400, , , 
38181.000000,1911796.000000,75549924.000000, , , ,-1.625977,-0.975586,-1.300781
38182.000000,1911799.000000,75549924.000000,-0.063800,-0.081200,-0.948300, , , 
38183.000000,1911897.000000,75549924.000000, , , ,-0.975586,-0.325195,-1.300781
38184.000000,1911900.000000,75549924.000000,-0.066700,-0.063800,-0.974400, , , 
38185.000000,1911998.000000,75549924.000000, , , ,-1.625977,0.000000,-1.625977
38186.000000,1911999.000000,75549924.000000,-0.043500,-0.081200,-0.988900, , , 
38187.000000,1912099.000000,75549924.000000, , , ,-2.276367,-0.650391,0.000000
38188.000000,1912100.000000,75549924.000000,-0.055100,-0.075400,-0.957000, , , 
38189.000000,1912199.000000,75549924.000000,-0.066700,-0.060900,-0.971500, , , 
38190.000000,1912200.000000,75549924.000000, , , ,-2.276367,0.000000,-1.625977
38191.000000,1912300.000000,75549924.000000,-0.055100,-0.075400,-1.003400, , , 
38192.000000,1912301.000000,75549924.000000, , , ,-2.276367,0.000000,-1.300781
38193.000000,1912392.000000,75549924.000000, , , ,-2.276367,0.325195,-1.300781
38194.000000,1912399.000000,75549924.000000,-0.046400,-0.060900,-0.983100, , , 
38195.000000,1912493.000000,75549924.000000, , , ,-1.625977,-0.975586,-1.625977
38196.000000,1912500.000000,75549924.000000,-0.049300,-0.043500,-0.951200, , , 
38197.000000,1912594.000000,75549924.000000, , , ,-0.975586,-0.325195,-1.300781
38198.000000,1912599.000000,75549924.000000,-0.055100,-0.058000,-0.945400, , , 
38199.000000,1912695.000000,75549924.000000, , , ,-1.625977,-0.975586,-1.300781
38200.000000,1912700.000000,75549924.000000,-0.049300,-0.040600,-0.954100, , , 
38201.000000,1912796.000000,75549924.000000, , , ,-2.276367,0.000000,-0.975586
38202.000000,1912799.000000,75549924.000000,-0.066700,-0.029000,-0.959900, , , 
38203.000000,1912897.000000,75549924.000000, , , ,-2.601563,-0.325195,-1.300781
38204.000000,1912900.000000,75549924.000000,-0.052200,-0.043500,-0.988900, , , 
38205.000000,1912998.000000,75549924.000000, , , ,-2.276367,0.000000,-1.300781
38206.000000,1912999.000000,75549924.000000,-0.058000,-0.040600,-0.997600, , , 
38207.000000,1913099.000000,75549924.000000, , , ,-1.625977,-0.325195,-0.650391
38208.000000,1913100.000000,75549924.000000,-0.052200,-0.023200,-1.000500, , , 
38209.000000,1913199.000000,75549924.000000,-0.052200,-0.023200,-0.980200, , , 
38210.000000,1913200.000000,75549924.000000, , , ,-1.951172,0.000000,-1.300781
38211.000000,1913300.000000,75549924.000000,-0.052200,-0.046400,-0.983100, , , 
38212.000000,1913301.000000,75549924.000000, , , ,-2.276367,0.000000,-1.300781
38213.000000,1913392.000000,75549924.000000, , , ,-1.625977,-0.975586,-1.300781
38214.000000,1913399.000000,75549924.000000,-0.034800,-0.020300,-0.939600, , , 
38215.000000,1913493.000000,75549924.000000, , , ,-0.975586,-0.650391,-1.300781
38216.000000,1913500.000000,75549924.000000,-0.063800,-0.029000,-0.919300, , , 
38217.000000,1913594.000000,75549924.000000, , , ,-1.625977,-0.975586,-1.300781
38218.000000,1913599.000000,75549924.000000,-0.052200,-0.031900,-0.959900, , , 
38219.000000,1913695.000000,75549924.000000, , , ,-1.625977,-0.650391,-1.300781
38220.000000,1913700.000000,75549924.000000,-0.043500,-0.031900,-0.945400, , , 
38221.000000,1913796.000000,75549924.000000, , , ,-1.625977,-0.975586,-1.300781
38222.000000,1913799.000000,75549924.000000,-0.055100,-0.020300,-0.959900, , , 
38223.000000,1913897.000000,75549924.000000, , , ,-1.300781,-0.325195,-1.300781
38224.000000,1913900.000000,75549924.000000,-0.063800,0.000000,-0.988900, , , 
38225.000000,1913998.000000,75549924.000000, , , ,0.000000,0.000000,-1.625977
38226.000000,1913999.000000,75549924.000000,-0.052200,-0.005800,-1.020800, , , 
38227.000000,1914099.000000,75549924.000000, , , ,-0.325195,-0.325195,-1.300781
38228.000000,1914100.000000,75549924.000000,-0.026100,-0.031900,-0.959900, , , 
38229.000000,1914199.000000,75549924.000000,-0.043500,-0.031900,-0.901900, , , 
38230.000000,1914200.000000,75549924.000000, , , ,-0.325195,-1.300781,-1.300781
38231.000000,1914300.000000,75549924.000000,-0.078300,-0.029000,-0.939600, , , 
38232.000000,1914301.000000,75549924.000000, , , ,-0.975586,-0.975586,-1.300781
38233.000000,1914392.000000,75549924.000000, , , ,-0.975586,0.000000,-1.300781
38234.000000,1914399.000000,75549924.000000,-0.049300,-0.023200,-0.994700, , , 
38235.000000,1914493.000000,75549924.000000, , , ,-1.625977,0.000000,-1.300781
38236.000000,1914500.000000,75549924.000000,-0.046400,-0.031900,-0.988900, , , 
38237.000000,1914594.000000,75549924.000000, , , ,-1.625977,0.000000,-1.300781
38238.000000,1914599.000000,75549924.000000,-0.055100,-0.026100,-0.988900, , , 
38239.000000,1914695.000000,75549924.000000, , , ,-0.975586,0.325195,-0.975586
38240.000000,1914700.000000,75549924.000000,-0.058000,-0.017400,-0.983100, , , 
38241.000000,1914796.000000,75549924.000000, , , ,-0.975586,-0.325195,-1.300781
38242.000000,1914799.000000,75549924.000000,-0.046400,-0.020300,-0.994700, , , 
38243.000000,1914897.000000,75549924.000000, , , ,-0.975586,0.000000,-1.625977
38244.000000,1914900.000000,75549924.000000,-0.052200,-0.020300,-0.988900, , , 
38245.000000,1914998.000000,75549924.000000, , , ,-1.300781,0.000000,-1.300781
38246.000000,1914999.000000,75549924.000000,-0.052200,-0.029000,-1.003400, , , 
38247.000000,1915099.000000,75549924.000000, , , ,-1.300781,0.000000,-1.625977
38248.000000,1915100.000000,75549924.000000,-0.052200,-0.017400,-0.977300, , , 
38249.000000,1915199.000000,75549924.000000,-0.049300,0.000000,-0.986000, , , 
38250.000000,1915200.000000,75549924.000000, , , ,-0.975586,0.000000,-1.300781
38251.000000,1915300.000000,75549924.000000,-0.052200,-0.008700,-0.977300, , , 
38252.000000,1915301.000000,75549924.000000, , , ,-0.650391,0.000000,-1.300781
38253.000000,1915392.000000,75549924.000000, , , ,-0.650391,-0.325195,-1.300781
38254.000000,1915399.000000,75549924.000000,-0.040600,-0.008700,-0.971500, , , 
38255.000000,1915493.000000,75549924.000000, , , ,-0.975586,-0.325195,-0.650391
38256.000000,1915500.000000,75549924.000000,-0.055100,0.017400,-0.957000, , , 
38257.000000,1915594.000000,75549924.000000, , , ,-1.300781,0.000000,-0.325195
38258.000000,1915599.000000,75549924.000000,-0.058000,0.011600,-0.991800, , , 
38259.000000,1915695.000000,75549924.000000, , , ,-0.650391,-0.325195,-0.325195
38260.000000,1915700.000000,75549924.000000,-0.037700,0.029000,-0.959900, , , 
38261.000000,1915796.000000,75549924.000000, , , ,-0.650391,-0.975586,-0.650391
38262.000000,1915799.000000,75549924.000000,-0.052200,0.014500,-0.936700, , , 
38263.000000,1915897.000000,75549924.000000, , , ,-0.650391,-1.300781,-0.975586
38264.000000,1915900.000000,75549924.000000,-0.052200,0.011600,-0.962800, , , 
38265.000000,1915998.000000,75549924.000000, , , ,0.000000,-0.325195,-0.650391
38266.000000,1915999.000000,75549924.000000,-0.066700,0.017400,-0.968600, , , 
38267.000000,1916099.000000,75549924.000000, , , ,-0.325195,0.000000,-0.650391
38268.000000,1916100.000000,75549924.000000,-0.052200,0.020300,-0.986000, , , 
38269.000000,1916199.000000,75549924.000000, , , ,0.000000,0.000000,-0.975586
38270.000000,1916200.000000,75549924.000000,-0.055100,0.000000,-0.991800, , , 
38271.000000,1916299.000000,75549924.000000,-0.043500,-0.005800,-0.994700, , , 
38272.000000,1916300.000000,75549924.000000, , , ,0.000000,0.000000,-1.300781
38273.000000,1916400.000000,75549924.000000,-0.046400,-0.005800,-0.962800, , , 
38274.000000,1916401.000000,75549924.000000, , , ,0.000000,-0.650391,-1.625977
38275.000000,1916492.000000,75549924.000000, , , ,-0.650391,-0.975586,-1.300781
38276.000000,1916499.000000,75549924.000000,-0.055100,-0.029000,-0.954100, , , 
38277.000000,1916593.000000,75549924.000000, , , ,-0.975586,-0.325195,-1.300781
38278.000000,1916600.000000,75549924.000000,-0.049300,-0.011600,-0.959900, , , 
38279.000000,1916694.000000,75549924.000000, , , ,-1.300781,-0.650391,-1.625977
38280.000000,1916699.000000,75549924.000000,-0.063800,-0.020300,-0.983100, , , 
38281.000000,1916795.000000,75549924.000000, , , ,-1.300781,0.325195,-1.625977
38282.000000,1916800.000000,75549924.000000,-0.052200,-0.020300,-1.012100, , , 
38283.000000,1916896.000000,75549924.000000, , , ,-0.650391,-0.325195,-1.625977
38284.000000,1916899.000000,75549924.000000,-0.055100,-0.005800,-0.991800, , , 
38285.000000,1916997.000000,75549924.000000, , , ,0.000000,-0.325195,-0.975586
38286.000000,1917000.000000,75549924.000000,-0.049300,-0.026100,-0.983100, , , 
38287.000000,1917098.000000,75549924.000000, , , ,0.000000,-0.650391,-1.625977
38288.000000,1917099.000000,75549924.000000,-0.058000,-0.023200,-0.974400, , , 
38289.000000,1917199.000000,75549924.000000, , , ,-0.650391,0.000000,-0.975586
38290.000000,1917200.000000,75549924.000000,-0.063800,-0.031900,-0.983100, , , 
38291.000000,1917299.000000,75549924.000000,-0.058000,-0.037700,-1.003400, , , 
38292.000000,1917300.000000,75549924.000000, , , ,0.000000,0.000000,-2.276367
38293.000000,1917400.000000,75549924.000000,-0.046400,-0.023200,-0.957000, , , 
38294.000000,1917401.000000,75549924.000000, , , ,0.000000,-0.325195,-1.951172
38295.000000,1917492.000000,75549924.000000, , , ,0.000000,-1.300781,-1.951172
38296.000000,1917499.000000,75549924.000000,-0.058000,-0.043500,-0.930900, , , 
38297.000000,1917593.000000,75549924.000000, , , ,0.000000,-0.975586,-1.951172
38298.000000,1917600.000000,75549924.000000,-0.060900,-0.043500,-0.936700, , , 
38299.000000,1917694.000000,75549924.000000, , , ,-0.975586,-0.650391,-1.951172
38300.000000,1917699.000000,75549924.000000,-0.072500,-0.043500,-0.959900, , , 
38301.000000,1917795.000000,75549924.000000, , , ,-1.300781,-0.975586,-1.951172
38302.000000,1917800.000000,75549924.000000,-0.060900,-0.049300,-0.997600, , , 
38303.000000,1917896.000000,75549924.000000, , , ,-1.625977,0.000000,-1.625977
38304.000000,1917899.000000,75549924.000000,-0.058000,-0.034800,-0.988900, , , 
38305.000000,1917997.000000,75549924.000000, , , ,-1.625977,0.000000,-1.625977
38306.000000,1918000.000000,75549924.000000,-0.066700,-0.034800,-0.994700, , , 
38307.000000,1918098.000000,75549924.000000, , , ,-1.951172,0.000000,-1.951172
38308.000000,1918099.000000,75549924.000000,-0.055100,-0.034800,-0.988900, , , 
38309.000000,1918199.000000,75549924.000000, , , ,-1.625977,-0.325195,-1.951172
38310.000000,1918200.000000,75549924.000000,-0.063800,-0.029000,-0.983100, , , 
38311.000000,1918299.000000,75549924.000000, , , ,-0.975586,0.000000,-1.951172
38312.000000,1918300.000000,75549924.000000,-0.063800,-0.023200,-0.997600, , , 
38313.000000,1918399.000000,75549924.000000,-0.055100,-0.037700,-0.991800, , , 
38314.000000,1918400.000000,75549924.000000, , , ,-0.650391,0.000000,-2.276367
38315.000000,1918500.000000,75549924.000000,-0.058000,-0.026100,-0.971500, , , 
38316.000000,1918501.000000,75549924.000000, , , ,-0.325195,0.000000,-1.625977
38317.000000,1918592.000000,75549924.000000, , , ,0.000000,-0.325195,-1.951172
38318.000000,1918599.000000,75549924.000000,-0.055100,-0.029000,-0.957000, , , 
38319.000000,1918693.000000,75549924.000000, , , ,0.325195,-0.975586,-1.951172
38320.000000,1918700.000000,75549924.000000,-0.063800,-0.020300,-0.957000, , , 
38321.000000,1918794.000000,75549924.000000, , , ,0.000000,-0.650391,-1.951172
38322.000000,1918799.000000,75549924.000000,-0.058000,-0.017400,-0.948300, , , 
38323.000000,1918895.000000,75549924.000000, , , ,0.000000,-1.300781,-1.951172
38324.000000,1918900.000000,75549924.000000,-0.087000,-0.029000,-0.942500, , , 
38325.000000,1918996.000000,75549924.000000, , , ,-0.325195,-0.650391,-1.625977
38326.000000,1918999.000000,75549924.000000,-0.078300,-0.040600,-0.957000, , , 
38327.000000,1919097.000000,75549924.000000, , , ,0.000000,0.000000,-1.625977
38328.000000,1919100.000000,75549924.000000,-0.089900,-0.026100,-0.980200, , , 
38329.000000,1919198.000000,75549924.000000, , , ,-0.650391,0.000000,-1.625977
38330.000000,1919199.000000,75549924.000000,-0.075400,-0.020300,-0.991800, , , 
38331.000000,1919299.000000,75549924.000000, , , ,-0.650391,0.000000,-1.625977
38332.000000,1919300.000000,75549924.000000,-0.087000,-0.020300,-0.988900, , , 
38333.000000,1919399.000000,75549924.000000,-0.069600,-0.005800,-0.965700, , , 
38334.000000,1919400.000000,75549924.000000, , , ,-0.325195,-0.325195,-1.300781
38335.000000,1919500.000000,75549924.000000,-0.069600,-0.002900,-0.928000, , , 
38336.000000,1919501.000000,75549924.000000, , , ,-0.650391,-0.975586,-1.300781
38337.000000,1919592.000000,75549924.000000, , , ,-0.325195,-1.625977,-1.300781
38338.000000,1919599.000000,75549924.000000,-0.087000,-0.011600,-0.942500, , , 
38339.000000,1919693.000000,75549924.000000, , , ,0.000000,-0.650391,-1.300781
38340.000000,1919700.000000,75549924.000000,-0.092800,-0.002900,-0.968600, , , 
38341.000000,1919794.000000,75549924.000000, , , ,-0.650391,0.000000,-1.300781
38342.000000,1919799.000000,75549924.000000,-0.098600,-0.014500,-1.012100, , , 
38343.000000,1919895.000000,75549924.000000, , , ,-0.650391,0.000000,-1.300781
38344.000000,1919900.000000,75549924.000000,-0.089900,-0.008700,-1.017900, , , 
38345.000000,1919996.000000,75549924.000000, , , ,-0.650391,0.000000,-0.975586
38346.000000,1919999.000000,75549924.000000,-0.104400,-0.008700,-1.015000, , , 
38347.000000,1920097.000000,75549924.000000, , , ,-0.650391,0.000000,-0.975586
38348.000000,1920100.000000,75549924.000000,-0.089900,0.000000,-0.977300, , , 
38349.000000,1920198.000000,75549924.000000, , , ,-0.650391,-0.975586,-1.300781
38350.000000,1920199.000000,75549924.000000,-0.104400,-0.014500,-0.971500, , , 
38351.000000,1920299.000000,75549924.000000, , , ,0.000000,0.000000,-0.975586
38352.000000,1920300.000000,75549924.000000,-0.087000,0.020300,-0.965700, , , 
38353.000000,1920399.000000,75549924.000000,-0.104400,0.014500,-0.974400, , , 
38354.000000,1920400.000000,75549924.000000, , , ,0.000000,-0.650391,-0.975586
38355.000000,1920500.000000,75549924.000000,-0.089900,0.040600,-0.988900, , , 
38356.000000,1920501.000000,75549924.000000, , , ,0.000000,0.000000,-0.650391
38357.000000,1920592.000000,75549924.000000, , , ,0.975586,-0.325195,-0.650391
38358.000000,1920599.000000,75549924.000000,-0.081200,0.011600,-0.968600, , , 
38359.000000,1920693.000000,75549924.000000, , , ,0.975586,-0.975586,-0.650391
38360.000000,1920700.000000,75549924.000000,-0.069600,0.005800,-0.939600, , , 
38361.000000,1920794.000000,75549924.000000, , , ,0.975586,-0.325195,-0.325195
38362.000000,1920799.000000,75549924.000000,-0.081200,0.000000,-0.951200, , , 
38363.000000,1920895.000000,75549924.000000, , , ,0.650391,-0.650391,-0.650391
38364.000000,1920900.000000,75549924.000000,-0.075400,-0.008700,-0.951200, , , 
38365.000000,1920996.000000,75549924.000000, , , ,0.325195,-0.650391,-0.650391
38366.000000,1920999.000000,75549924.000000,-0.081200,-0.011600,-0.962800, , , 
38367.000000,1921097.000000,75549924.000000, , , ,0.650391,-0.325195,-0.650391
38368.000000,1921100.000000,75549924.000000,-0.081200,-0.008700,-0.968600, , , 
38369.000000,1921198.000000,75549924.000000, , , ,0.325195,-0.325195,-0.325195
38370.000000,1921199.000000,75549924.000000,-0.072500,-0.017400,-0.986000, , , 
38371.000000,1921299.000000,75549924.000000, , , ,0.000000,0.000000,-0.650391
38372.000000,1921300.000000,75549924.000000,-0.087000,-0.020300,-0.980200, , , 
38373.000000,1921399.000000,75549924.000000,-0.075400,-0.014500,-0.980200, , , 
38374.000000,1921400.000000,75549924.000000, , , ,0.000000,0.000000,-0.650391
38375.000000,1921500.000000,75549924.000000,-0.089900,-0.011600,-0.994700, , , 
38376.000000,1921501.000000,75549924.000000, , , ,0.000000,0.000000,0.000000
38377.000000,1921592.000000,75549924.000000, , , ,0.000000,0.000000,-0.650391
38378.000000,1921599.000000,75549924.000000,-0.081200,-0.014500,-1.023700, , , 
38379.000000,1921693.000000,75549924.000000, , , ,0.000000,0.000000,-0.325195
38380.000000,1921700.000000,75549924.000000,-0.081200,-0.008700,-1.000500, , , 
38381.000000,1921794.000000,75549924.000000, , , ,0.000000,0.000000,-0.650391
38382.000000,1921799.000000,75549924.000000,-0.075400,-0.020300,-1.006300, , , 
38383.000000,1921895.000000,75549924.000000, , , ,0.000000,0.325195,-0.650391
38384.000000,1921900.000000,75549924.000000,-0.072500,-0.020300,-1.015000, , , 
38385.000000,1921996.000000,75549924.000000, , , ,-0.325195,0.325195,-0.325195
38386.000000,1921999.000000,75549924.000000,-0.075400,-0.023200,-1.017900, , , 
38387.000000,1922097.000000,75549924.000000, , , ,0.000000,0.650391,-0.650391
38388.000000,1922100.000000,75549924.000000,-0.066700,-0.014500,-1.017900, , , 
38389.000000,1922198.000000,75549924.000000, , , ,0.000000,0.325195,-0.650391
38390.000000,1922199.000000,75549924.000000,-0.058000,-0.020300,-1.006300, , , 
38391.000000,1922299.000000,75549924.000000, , , ,0.000000,0.325195,-0.650391
38392.000000,1922300.000000,75549924.000000,-0.072500,-0.017400,-0.997600, , , 
38393.000000,1922399.000000,75549924.000000,-0.055100,-0.014500,-0.980200, , , 
38394.000000,1922400.000000,75549924.000000, , , ,0.000000,0.000000,-0.325195
38395.000000,1922500.000000,75549924.000000,-0.066700,-0.031900,-0.977300, , , 
38396.000000,1922501.000000,75549924.000000, , , ,0.000000,0.000000,0.000000
38397.000000,1922592.000000,75549924.000000, , , ,-0.325195,0.000000,0.000000
38398.000000,1922599.000000,75549924.000000,-0.069600,-0.020300,-0.983100, , , 
38399.000000,1922693.000000,75549924.000000, , , ,0.000000,0.000000,-0.325195
38400.000000,1922700.000000,75549924.000000,-0.078300,-0.014500,-0.997600, , , 
38401.000000,1922794.000000,75549924.000000, , , ,0.000000,0.325195,-0.325195
38402.000000,1922799.000000,75549924.000000,-0.063800,-0.008700,-1.003400, , , 
38403.000000,1922895.000000,75549924.000000, , , ,0.000000,0.325195,-0.325195
38404.000000,1922900.000000,75549924.000000,-0.069600,-0.014500,-1.015000, , , 
38405.000000,1922996.000000,75549924.000000, , , ,0.000000,0.325195,-0.325195
38406.000000,1922999.000000,75549924.000000,-0.063800,-0.014500,-1.003400, , , 
38407.000000,1923097.000000,75549924.000000, , , ,0.000000,0.000000,-0.325195
38408.000000,1923100.000000,75549924.000000,-0.063800,-0.031900,-0.988900, , , 
38409.000000,1923198.000000,75549924.000000, , , ,0.000000,-0.325195,-0.325195
38410.000000,1923199.000000,75549924.000000,-0.058000,-0.017400,-0.980200, , , 
38411.000000,1923299.000000,75549924.000000, , , ,0.000000,-0.325195,-0.325195
38412.000000,1923300.000000,75549924.000000,-0.066700,-0.031900,-0.965700, , , 
38413.000000,1923399.000000,75549924.000000,-0.072500,-0.031900,-0.986000, , , 
38414.000000,1923400.000000,75549924.000000, , , ,-0.975586,0.000000,0.000000
38415.000000,1923500.000000,75549924.000000,-0.069600,-0.037700,-0.983100, , , 
38416.000000,1923501.000000,75549924.000000, , , ,-1.300781,0.000000,0.000000
38417.000000,1923592.000000,75549924.000000, , , ,-1.300781,-0.650391,0.000000
38418.000000,1923599.000000,75549924.000000,-0.084100,-0.029000,-0.959900, , , 
38419.000000,1923693.000000,75549924.000000, , , ,-0.975586,-0.325195,0.000000
38420.000000,1923700.000000,75549924.000000,-0.084100,-0.023200,-0.965700, , , 
38421.000000,1923794.000000,75549924.000000, , , ,-0.650391,-0.650391,-0.325195
38422.000000,1923799.000000,75549924.000000,-0.087000,-0.020300,-0.983100, , , 
38423.000000,1923895.000000,75549924.000000, , , ,-1.300781,0.000000,-0.325195
38424.000000,1923900.000000,75549924.000000,-0.095700,-0.017400,-0.980200, , , 
38425.000000,1923996.000000,75549924.000000, , , ,-0.975586,0.000000,-0.325195
38426.000000,1923999.000000,75549924.000000,-0.084100,-0.020300,-0.997600, , , 
38427.000000,1924097.000000,75549924.000000, , , ,-1.300781,-0.325195,-0.325195
38428.000000,1924100.000000,75549924.000000,-0.087000,-0.023200,-0.988900, , , 
38429.000000,1924198.000000,75549924.000000, , , ,-0.975586,-0.325195,0.000000
38430.000000,1924199.000000,75549924.000000,-0.098600,-0.014500,-0.988900, , , 
38431.000000,1924299.000000,75549924.000000, , , ,-0.325195,0.325195,-0.325195
38432.000000,1924300.000000,75549924.000000,-0.104400,-0.011600,-0.988900, , , 
38433.000000,1924399.000000,75549924.000000,-0.113100,-0.017400,-1.006300, , , 
38434.000000,1924400.000000,75549924.000000, , , ,0.000000,0.000000,-0.650391
38435.000000,1924500.000000,75549924.000000,-0.118900,-0.023200,-1.006300, , , 
38436.000000,1924501.000000,75549924.000000, , , ,-0.325195,0.325195,-0.650391
38437.000000,1924592.000000,75549924.000000, , , ,0.000000,0.000000,-0.975586
38438.000000,1924599.000000,75549924.000000,-0.113100,-0.026100,-1.003400, , , 
38439.000000,1924693.000000,75549924.000000, , , ,-0.325195,0.000000,-0.325195
38440.000000,1924700.000000,75549924.000000,-0.118900,-0.017400,-0.983100, , , 
38441.000000,1924794.000000,75549924.000000, , , ,0.000000,0.000000,-0.325195
38442.000000,1924799.000000,75549924.000000,-0.118900,-0.031900,-0.991800, , , 
38443.000000,1924895.000000,75549924.000000, , , ,0.000000,0.000000,0.000000
38444.000000,1924900.000000,75549924.000000,-0.124700,-0.011600,-0.983100, , , 
38445.000000,1924996.000000,75549924.000000, , , ,-0.650391,0.000000,0.000000
38446.000000,1924999.000000,75549924.000000,-0.130500,-0.014500,-0.988900, , , 
38447.000000,1925097.000000,75549924.000000, , , ,-0.650391,0.325195,0.000000
38448.000000,1925100.000000,75549924.000000,-0.127600,-0.002900,-1.009200, , , 
38449.000000,1925198.000000,75549924.000000, , , ,-0.975586,0.325195,0.000000
38450.000000,1925199.000000,75549924.000000,-0.118900,-0.008700,-0.997600, , , 
38451.000000,1925299.000000,75549924.000000, , , ,-0.325195,0.000000,0.000000
38452.000000,1925300.000000,75549924.000000,-0.121800,0.002900,-0.980200, , , 
38453.000000,1925399.000000,75549924.000000,-0.142100,-0.008700,-0.986000, , , 
38454.000000,1925400.000000,75549924.000000, , , ,-0.975586,0.000000,0.000000
38455.000000,1925500.000000,75549924.000000,-0.133400,-0.002900,-0.991800, , , 
38456.000000,1925501.000000,75549924.000000, , , ,-0.650391,0.000000,0.000000
38457.000000,1925592.000000,75549924.000000, , , ,-0.325195,0.000000,0.000000
38458.000000,1925599.000000,75549924.000000,-0.139200,-0.002900,-0.983100, , , 
38459.000000,1925693.000000,75549924.000000, , , ,-0.650391,0.000000,0.000000
38460.000000,1925700.000000,75549924.000000,-0.147900,0.011600,-0.974400, , , 
38461.000000,1925794.000000,75549924.000000, , , ,-0.650391,0.000000,0.000000
38462.000000,1925799.000000,75549924.000000,-0.139200,-0.005800,-0.977300, , , 
38463.000000,1925895.000000,75549924.000000, , , ,-0.325195,-0.325195,0.000000
38464.000000,1925900.000000,75549924.000000,-0.150800,0.000000,-0.974400, , , 
38465.000000,1925996.000000,75549924.000000, , , ,-0.975586,0.000000,0.000000
38466.000000,1925999.000000,75549924.000000,-0.147900,0.002900,-0.980200, , , 
38467.000000,1926097.000000,75549924.000000, , , ,-1.300781,-0.650391,0.000000
38468.000000,1926100.000000,75549924.000000,-0.145000,-0.005800,-0.974400, , , 
38469.000000,1926198.000000,75549924.000000, , , ,-0.975586,-0.325195,0.000000
38470.000000,1926199.000000,75549924.000000,-0.139200,-0.005800,-0.968600, , , 
38471.000000,1926299.000000,75549924.000000, , , ,-0.650391,0.000000,0.000000
38472.000000,1926300.000000,75549924.000000,-0.150800,-0.002900,-0.980200, , , 
38473.000000,1926399.000000,75549924.000000,-0.145000,0.005800,-0.965700, , , 
38474.000000,1926400.000000,75549924.000000, , , ,-0.650391,-0.325195,0.000000
38475.000000,1926500.000000,75549924.000000,-0.159500,0.000000,-0.994700, , , 
38476.000000,1926501.000000,75549924.000000, , , ,0.000000,-0.325195,0.000000
38477.000000,1926592.000000,75549924.000000, , , ,-0.650391,0.325195,0.000000
38478.000000,1926599.000000,75549924.000000,-0.159500,-0.008700,-0.994700, , , 
38479.000000,1926693.000000,75549924.000000, , , ,-0.650391,0.000000,0.000000
38480.000000,1926700.000000,75549924.000000,-0.142100,-0.011600,-0.997600, , , 
38481.000000,1926794.000000,75549924.000000, , , ,-0.650391,0.000000,0.000000
38482.000000,1926799.000000,75549924.000000,-0.136300,0.000000,-0.974400, , , 
38483.000000,1926895.000000,75549924.000000, , , ,-0.650391,-0.325195,0.000000
38484.000000,1926900.000000,75549924.000000,-0.153700,-0.002900,-0.971500, , , 
38485.000000,1926996.000000,75549924.000000, , , ,-0.975586,0.325195,0.000000
38486.000000,1926999.000000,75549924.000000,-0.162400,-0.008700,-0.997600, , , 
38487.000000,1927097.000000,75549924.000000, , , ,-0.325195,0.975586,0.325195
38488.000000,1927100.000000,75549924.000000,-0.142100,-0.014500,-0.997600, , , 
38489.000000,1927198.000000,75549924.000000, , , ,-1.625977,0.000000,0.000000
38490.000000,1927199.000000,75549924.000000,-0.142100,0.002900,-0.997600, , , 
38491.000000,1927299.000000,75549924.000000, , , ,-0.650391,0.325195,0.000000
38492.000000,1927300.000000,75549924.000000,-0.165300,0.000000,-1.003400, , , 
38493.000000,1927399.000000,75549924.000000,-0.142100,0.005800,-1.000500, , , 
38494.000000,1927400.000000,75549924.000000, , , ,-1.300781,0.650391,0.000000
38495.000000,1927500.000000,75549924.000000,-0.156600,0.014500,-1.009200, , , 
38496.000000,1927501.000000,75549924.000000, , , ,-0.325195,0.650391,0.000000
38497.000000,1927592.000000,75549924.000000, , , ,-0.325195,0.325195,0.000000
38498.000000,1927599.000000,75549924.000000,-0.136300,-0.002900,-0.988900, , , 
38499.000000,1927693.000000,75549924.000000, , , ,-0.325195,-0.325195,0.325195
38500.000000,1927700.000000,75549924.000000,-0.142100,0.034800,-0.968600, , , 
38501.000000,1927794.000000,75549924.000000, , , ,-0.325195,-0.325195,0.650391
38502.000000,1927799.000000,75549924.000000,-0.153700,0.031900,-0.959900, , , 
38503.000000,1927895.000000,75549924.000000, , , ,0.975586,-0.325195,0.650391
38504.000000,1927900.000000,75549924.000000,-0.159500,0.020300,-0.974400, , , 
38505.000000,1927996.000000,75549924.000000, , , ,0.000000,0.000000,0.650391
38506.000000,1927999.000000,75549924.000000,-0.171100,0.037700,-0.980200, , , 
38507.000000,1928097.000000,75549924.000000, , , ,0.000000,0.000000,0.650391
38508.000000,1928100.000000,75549924.000000,-0.171100,0.011600,-1.006300, , , 
38509.000000,1928198.000000,75549924.000000, , , ,-0.325195,0.325195,0.650391
38510.000000,1928199.000000,75549924.000000,-0.182700,0.008700,-0.994700, , , 
38511.000000,1928299.000000,75549924.000000, , , ,0.000000,0.325195,0.650391
38512.000000,1928300.000000,75549924.000000,-0.188500,0.005800,-0.997600, , , 
38513.000000,1928399.000000,75549924.000000,-0.188500,0.020300,-0.988900, , , 
38514.000000,1928400.000000,75549924.000000, , , ,-0.325195,0.000000,0.975586
38515.000000,1928500.000000,75549924.000000,-0.191400,0.002900,-0.974400, , , 
38516.000000,1928501.000000,75549924.000000, , , ,-0.325195,0.000000,0.650391
38517.000000,1928600.000000,75549924.000000,-0.211700,-0.002900,-0.974400, , , 
38518.000000,1928601.000000,75549924.000000, , , ,-0.325195,-0.325195,0.650391
38519.000000,1928692.000000,75549924.000000, , , ,0.000000,0.000000,0.325195
38520.000000,1928699.000000,75549924.000000,-0.220400,0.005800,-0.980200, , , 
38521.000000,1928793.000000,75549924.000000, , , ,-0.650391,-0.325195,0.325195
38522.000000,1928800.000000,75549924.000000,-0.214600,-0.011600,-0.962800, , , 
38523.000000,1928894.000000,75549924.000000, , , ,-0.325195,-0.650391,0.000000
38524.000000,1928899.000000,75549924.000000,-0.223300,0.000000,-0.986000, , , 
38525.000000,1928995.000000,75549924.000000, , , ,-0.325195,0.000000,0.000000
38526.000000,1929000.000000,75549924.000000,-0.237800,-0.014500,-0.971500, , , 
38527.000000,1929096.000000,75549924.000000, , , ,-0.325195,0.000000,0.000000
38528.000000,1929099.000000,75549924.000000,-0.211700,-0.014500,-0.968600, , , 
38529.000000,1929197.000000,75549924.000000, , , ,-0.650391,-0.975586,0.000000
38530.000000,1929200.000000,75549924.000000,-0.220400,-0.014500,-0.974400, , , 
38531.000000,1929298.000000,75549924.000000, , , ,-0.650391,-0.650391,0.000000
38532.000000,1929299.000000,75549924.000000,-0.240700,-0.017400,-0.965700, , , 
38533.000000,1929399.000000,75549924.000000, , , ,0.000000,0.000000,0.000000
38534.000000,1929400.000000,75549924.000000,-0.223300,-0.002900,-0.968600, , , 
38535.000000,1929499.000000,75549924.000000,-0.214600,-0.014500,-0.962800, , , 
38536.000000,1929500.000000,75549924.000000, , , ,-0.650391,-0.650391,0.000000
38537.000000,1929600.000000,75549924.000000,-0.217500,-0.002900,-0.968600, , , 
38538.000000,1929601.000000,75549924.000000, , , ,0.000000,-0.975586,-0.325195
38539.000000,1929692.000000,75549924.000000, , , ,0.000000,0.000000,-0.325195
38540.000000,1929699.000000,75549924.000000,-0.220400,-0.020300,-0.965700, , , 
38541.000000,1929793.000000,75549924.000000, , , ,0.650391,0.000000,-0.650391
38542.000000,1929800.000000,75549924.000000,-0.194300,-0.029000,-0.968600, , , 
38543.000000,1929894.000000,75549924.000000, , , ,0.000000,-0.325195,-0.650391
38544.000000,1929899.000000,75549924.000000,-0.188500,-0.034800,-0.983100, , , 
38545.000000,1929995.000000,75549924.000000, , , ,0.000000,0.325195,-0.325195
38546.000000,1930000.000000,75549924.000000,-0.179800,-0.031900,-0.962800, , , 
38547.000000,1930096.000000,75549924.000000, , , ,0.000000,0.000000,-0.650391
38548.000000,1930099.000000,75549924.000000,-0.176900,-0.034800,-0.983100, , , 
38549.000000,1930197.000000,75549924.000000, , , ,0.000000,0.000000,-0.650391
38550.000000,1930200.000000,75549924.000000,-0.174000,-0.037700,-0.974400, , , 
38551.000000,1930298.000000,75549924.000000, , , ,0.000000,0.000000,-0.650391
38552.000000,1930299.000000,75549924.000000,-0.174000,-0.034800,-0.971500, , , 
38553.000000,1930399.000000,75549924.000000, , , ,0.000000,-0.325195,-0.650391
38554.000000,1930400.000000,75549924.000000,-0.174000,-0.043500,-0.980200, , , 
38555.000000,1930499.000000,75549924.000000,-0.174000,-0.023200,-0.974400, , , 
38556.000000,1930500.000000,75549924.000000, , , ,0.000000,-0.325195,0.000000
38557.000000,1930600.000000,75549924.000000,-0.176900,-0.031900,-0.971500, , , 
38558.000000,1930601.000000,75549924.000000, , , ,0.000000,0.000000,-0.650391
38559.000000,1930692.000000,75549924.000000, , , ,0.000000,-0.325195,-0.650391
38560.000000,1930699.000000,75549924.000000,-0.176900,-0.046400,-0.980200, , , 
38561.000000,1930793.000000,75549924.000000, , , ,-0.325195,-0.325195,-0.650391
38562.000000,1930800.000000,75549924.000000,-0.191400,-0.037700,-0.971500, , , 
38563.000000,1930894.000000,75549924.000000, , , ,0.000000,0.000000,-0.650391
38564.000000,1930899.000000,75549924.000000,-0.197200,-0.023200,-0.974400, , , 
38565.000000,1930995.000000,75549924.000000, , , ,-0.325195,0.000000,0.000000
38566.000000,1931000.000000,75549924.000000,-0.208800,-0.049300,-0.974400, , , 
38567.000000,1931096.000000,75549924.000000, , , ,0.000000,-0.325195,-0.325195
38568.000000,1931099.000000,75549924.000000,-0.205900,-0.034800,-0.965700, , , 
38569.000000,1931197.000000,75549924.000000, , , ,-0.650391,-0.325195,-0.325195
38570.000000,1931200.000000,75549924.000000,-0.208800,-0.049300,-0.974400, , , 
38571.000000,1931298.000000,75549924.000000, , , ,-0.325195,-0.650391,0.000000
38572.000000,1931299.000000,75549924.000000,-0.203000,-0.043500,-0.971500, , , 
38573.000000,1931399.000000,75549924.000000, , , ,0.000000,-0.325195,-0.325195
38574.000000,1931400.000000,75549924.000000,-0.191400,-0.029000,-0.959900, , , 
38575.000000,1931499.000000,75549924.000000,-0.171100,-0.043500,-0.977300, , , 
38576.000000,1931500.000000,75549924.000000, , , ,0.000000,-0.650391,0.000000
38577.000000,1931600.000000,75549924.000000,-0.162400,-0.043500,-0.977300, , , 
38578.000000,1931601.000000,75549924.000000, , , ,0.000000,0.000000,-0.325195
38579.000000,1931692.000000,75549924.000000, , , ,-0.975586,0.000000,0.000000
38580.000000,1931699.000000,75549924.000000,-0.150800,-0.055100,-0.977300, , , 
38581.000000,1931793.000000,75549924.000000, , , ,-0.650391,0.000000,0.000000
38582.000000,1931800.000000,75549924.000000,-0.133400,-0.026100,-0.968600, , , 
38583.000000,1931894.000000,75549924.000000, , , ,-0.650391,0.000000,-0.325195
38584.000000,1931899.000000,75549924.000000,-0.130500,-0.029000,-0.965700, , , 
38585.000000,1931995.000000,75549924.000000, , , ,0.000000,-0.325195,0.000000
38586.000000,1932000.000000,75549924.000000,-0.139200,-0.029000,-0.980200, , , 
38587.000000,1932096.000000,75549924.000000, , , ,-0.650391,-0.650391,0.000000
38588.000000,1932099.000000,75549924.000000,-0.153700,-0.055100,-0.977300, , , 
38589.000000,1932197.000000,75549924.000000, , , ,-1.300781,-0.325195,0.000000
38590.000000,1932200.000000,75549924.000000,-0.156600,-0.040600,-0.974400, , , 
38591.000000,1932298.000000,75549924.000000, , , ,-0.650391,0.000000,0.325195
38592.000000,1932299.000000,75549924.000000,-0.150800,0.000000,-0.977300, , , 
38593.000000,1932399.000000,75549924.000000, , , ,0.000000,0.000000,0.000000
38594.000000,1932400.000000,75549924.000000,-0.142100,-0.017400,-0.962800, , , 
38595.000000,1932499.000000,75549924.000000,-0.153700,-0.023200,-0.988900, , , 
38596.000000,1932500.000000,75549924.000000, , , ,-0.650391,-0.325195,1.300781
38597.000000,1932600.000000,75549924.000000,-0.153700,0.000000,-0.986000, , , 
38598.000000,1932601.000000,75549924.000000, , , ,-0.650391,-0.325195,1.625977
38599.000000,1932692.000000,75549924.000000, , , ,-0.650391,0.000000,1.951172
38600.000000,1932699.000000,75549924.000000,-0.145000,0.029000,-0.968600, , , 
38601.000000,1932793.000000,75549924.000000, , , ,0.000000,0.000000,2.276367
38602.000000,1932800.000000,75549924.000000,-0.142100,0.026100,-0.968600, , , 
38603.000000,1932894.000000,75549924.000000, , , ,0.325195,0.000000,2.601563
38604.000000,1932899.000000,75549924.000000,-0.145000,-0.014500,-0.983100, , , 
38605.000000,1932995.000000,75549924.000000, , , ,-0.325195,0.000000,3.577148
38606.000000,1933000.000000,75549924.000000,-0.145000,-0.008700,-0.977300, , , 
38607.000000,1933096.000000,75549924.000000, , , ,0.000000,-0.325195,3.251953
38608.000000,1933099.000000,75549924.000000,-0.168200,0.020300,-0.965700, , , 
38609.000000,1933197.000000,75549924.000000, , , ,0.325195,-0.325195,2.926758
38610.000000,1933200.000000,75549924.000000,-0.185600,0.017400,-0.980200, , , 
38611.000000,1933298.000000,75549924.000000, , , ,0.650391,0.000000,3.577148
38612.000000,1933299.000000,75549924.000000,-0.174000,0.000000,-0.980200, , , 
38613.000000,1933399.000000,75549924.000000, , , ,0.325195,0.325195,4.227539
38614.000000,1933400.000000,75549924.000000,-0.116000,0.000000,-0.986000, , , 
38615.000000,1933499.000000,75549924.000000,-0.037700,0.046400,-0.980200, , , 
38616.000000,1933500.000000,75549924.000000, , , ,0.000000,0.975586,5.203125
38617.000000,1933600.000000,75549924.000000,-0.017400,0.066700,-0.980200, , , 
38618.000000,1933601.000000,75549924.000000, , , ,0.650391,0.975586,6.178711
38619.000000,1933692.000000,75549924.000000, , , ,-0.975586,0.325195,8.455078
38620.000000,1933699.000000,75549924.000000,-0.011600,0.084100,-0.974400, , , 
38621.000000,1933793.000000,75549924.000000, , , ,0.000000,0.000000,10.731445
38622.000000,1933800.000000,75549924.000000,-0.017400,0.118900,-0.965700, , , 
38623.000000,1933894.000000,75549924.000000, , , ,-0.650391,-0.325195,12.032227
38624.000000,1933899.000000,75549924.000000,-0.023200,0.139200,-0.994700, , , 
38625.000000,1933995.000000,75549924.000000, , , ,0.000000,-0.650391,13.333008
38626.000000,1934000.000000,75549924.000000,-0.040600,0.156600,-0.991800, , , 
38627.000000,1934096.000000,75549924.000000, , , ,0.975586,0.000000,16.259766
38628.000000,1934099.000000,75549924.000000,-0.046400,0.203000,-0.965700, , , 
38629.000000,1934197.000000,75549924.000000, , , ,2.601563,-0.325195,17.560547
38630.000000,1934200.000000,75549924.000000,-0.017400,0.232000,-0.928000, , , 
38631.000000,1934298.000000,75549924.000000, , , ,4.877930,-0.325195,20.162109
38632.000000,1934299.000000,75549924.000000,-0.058000,0.145000,-0.986000, , , 
38633.000000,1934399.000000,75549924.000000, , , ,-3.902344,0.325195,20.487305
38634.000000,1934400.000000,75549924.000000,-0.098600,0.011600,-1.110700, , , 
38635.000000,1934499.000000,75549924.000000,-0.089900,0.116000,-1.067200, , , 
38636.000000,1934500.000000,75549924.000000, , , ,-7.479492,3.902344,23.414063
38637.000000,1934600.000000,75549924.000000,-0.055100,0.275500,-0.977300, , , 
38638.000000,1934601.000000,75549924.000000, , , ,-6.829102,3.902344,23.739258
38639.000000,1934692.000000,75549924.000000, , , ,-0.975586,4.227539,25.365234
38640.000000,1934699.000000,75549924.000000,-0.095700,0.461100,-0.899000, , , 
38641.000000,1934793.000000,75549924.000000, , , ,3.902344,5.528320,27.316406
38642.000000,1934800.000000,75549924.000000,-0.058000,0.232000,-1.003400, , , 
38643.000000,1934894.000000,75549924.000000, , , ,-1.625977,2.601563,29.267580
38644.000000,1934899.000000,75549924.000000,0.002900,0.263900,-1.046900, , , 
38645.000000,1934995.000000,75549924.000000, , , ,-7.154297,-1.625977,29.917967
38646.000000,1935000.000000,75549924.000000,0.011600,0.101500,-1.055600, , , 
38647.000000,1935096.000000,75549924.000000, , , ,-7.154297,-1.625977,30.568357
38648.000000,1935099.000000,75549924.000000,-0.089900,0.353800,-1.038200, , , 
38649.000000,1935197.000000,75549924.000000, , , ,0.650391,4.877930,29.592773
38650.000000,1935200.000000,75549924.000000,-0.147900,0.437900,-1.084600, , , 
38651.000000,1935298.000000,75549924.000000, , , ,2.601563,6.178711,29.917967
38652.000000,1935299.000000,75549924.000000,-0.008700,0.333500,-0.965700, , , 
38653.000000,1935399.000000,75549924.000000, , , ,1.300781,3.902344,30.893555
38654.000000,1935400.000000,75549924.000000,0.098600,0.214600,-0.910600, , , 
38655.000000,1935499.000000,75549924.000000,0.078300,0.220400,-0.878700, , , 
38656.000000,1935500.000000,75549924.000000, , , ,-2.601563,3.902344,32.194336
38657.000000,1935600.000000,75549924.000000,0.142100,0.292900,-1.020800, , , 
38658.000000,1935601.000000,75549924.000000, , , ,-4.552734,0.975586,31.543945
38659.000000,1935692.000000,75549924.000000, , , ,-0.975586,-3.251953,31.869141
38660.000000,1935699.000000,75549924.000000,0.098600,0.429200,-1.116500, , , 
38661.000000,1935793.000000,75549924.000000, , , ,3.577148,-3.577148,30.893555
38662.000000,1935800.000000,75549924.000000,-0.002900,0.397300,-1.058500, , , 
38663.000000,1935894.000000,75549924.000000, , , ,2.926758,0.000000,31.543945
38664.000000,1935899.000000,75549924.000000,-0.020300,0.252300,-0.907700, , , 
38665.000000,1935995.000000,75549924.000000, , , ,-2.276367,4.227539,33.495117
38666.000000,1936000.000000,75549924.000000,0.000000,0.211700,-0.939600, , , 
38667.000000,1936096.000000,75549924.000000, , , ,-6.829102,3.577148,33.169922
38668.000000,1936099.000000,75549924.000000,0.095700,0.292900,-0.965700, , , 
38669.000000,1936197.000000,75549924.000000, , , ,-2.926758,2.601563,32.194336
38670.000000,1936200.000000,75549924.000000,0.159500,0.452400,-1.012100, , , 
38671.000000,1936298.000000,75549924.000000, , , ,0.975586,-2.276367,31.543945
38672.000000,1936299.000000,75549924.000000,0.171100,0.414700,-1.023700, , , 
38673.000000,1936399.000000,75549924.000000, , , ,0.650391,-3.251953,32.194336
38674.000000,1936400.000000,75549924.000000,0.147900,0.382800,-0.933800, , , 
38675.000000,1936499.000000,75549924.000000,0.136300,0.287100,-0.959900, , , 
38676.000000,1936500.000000,75549924.000000, , , ,-0.325195,-0.650391,32.519531
38677.000000,1936600.000000,75549924.000000,0.171100,0.342200,-0.965700, , , 
38678.000000,1936601.000000,75549924.000000, , , ,-1.300781,-0.975586,31.543945
38679.000000,1936692.000000,75549924.000000, , , ,-0.975586,0.000000,30.568357
38680.000000,1936699.000000,75549924.000000,0.179800,0.365400,-0.980200, , , 
38681.000000,1936793.000000,75549924.000000, , , ,-1.951172,-2.601563,29.267580
38682.000000,1936800.000000,75549924.000000,0.182700,0.324800,-0.983100, , , 
38683.000000,1936894.000000,75549924.000000, , , ,-1.300781,-0.975586,28.617188
38684.000000,1936899.000000,75549924.000000,0.185600,0.353800,-0.965700, , , 
38685.000000,1936995.000000,75549924.000000, , , ,-1.625977,-1.300781,27.316406
38686.000000,1937000.000000,75549924.000000,0.182700,0.362500,-0.980200, , , 
38687.000000,1937096.000000,75549924.000000, , , ,-0.325195,-0.650391,25.040039
38688.000000,1937099.000000,75549924.000000,0.174000,0.342200,-0.986000, , , 
38689.000000,1937197.000000,75549924.000000, , , ,1.625977,0.000000,23.739258
38690.000000,1937200.000000,75549924.000000,0.214600,0.319000,-0.968600, , , 
38691.000000,1937298.000000,75549924.000000, , , ,1.625977,0.000000,20.162109
38692.000000,1937299.000000,75549924.000000,0.234900,0.200100,-0.977300, , , 
38693.000000,1937399.000000,75549924.000000, , , ,0.650391,-0.650391,16.910156
38694.000000,1937400.000000,75549924.000000,0.246500,0.130500,-1.003400, , , 
38695.000000,1937499.000000,75549924.000000,0.232000,0.124700,-0.974400, , , 
38696.000000,1937500.000000,75549924.000000, , , ,0.000000,-1.300781,13.007813
38697.000000,1937600.000000,75549924.000000,0.220400,0.127600,-0.977300, , , 
38698.000000,1937601.000000,75549924.000000, , , ,0.325195,-0.650391,10.406250
38699.000000,1937692.000000,75549924.000000, , , ,0.325195,-0.650391,8.455078
38700.000000,1937699.000000,75549924.000000,0.223300,0.081200,-0.980200, , , 
38701.000000,1937793.000000,75549924.000000, , , ,0.975586,0.000000,6.178711
38702.000000,1937800.000000,75549924.000000,0.197200,0.060900,-1.015000, , , 
38703.000000,1937894.000000,75549924.000000, , , ,1.300781,0.325195,4.227539
38704.000000,1937899.000000,75549924.000000,0.205900,0.034800,-1.000500, , , 
38705.000000,1937995.000000,75549924.000000, , , ,0.325195,1.625977,2.601563
38706.000000,1938000.000000,75549924.000000,0.217500,0.005800,-0.997600, , , 
38707.000000,1938096.000000,75549924.000000, , , ,0.000000,0.000000,2.276367
38708.000000,1938099.000000,75549924.000000,0.240700,0.014500,-0.983100, , , 
38709.000000,1938197.000000,75549924.000000, , , ,0.000000,-1.625977,1.625977
38710.000000,1938200.000000,75549924.000000,0.220400,0.034800,-0.962800, , , 
38711.000000,1938298.000000,75549924.000000, , , ,-0.975586,-2.276367,1.951172
38712.000000,1938299.000000,75549924.000000,0.197200,0.020300,-0.994700, , , 
38713.000000,1938399.000000,75549924.000000, , , ,-0.325195,-0.975586,1.300781
38714.000000,1938400.000000,75549924.000000,0.176900,0.043500,-0.939600, , , 
38715.000000,1938499.000000,75549924.000000,0.191400,0.020300,-0.971500, , , 
38716.000000,1938500.000000,75549924.000000, , , ,-0.975586,-0.325195,1.300781
38717.000000,1938600.000000,75549924.000000,0.200100,0.020300,-1.000500, , , 
38718.000000,1938601.000000,75549924.000000, , , ,-0.975586,0.000000,0.975586
38719.000000,1938692.000000,75549924.000000, , , ,-0.650391,-0.325195,0.650391
38720.000000,1938699.000000,75549924.000000,0.179800,0.005800,-0.977300, , , 
38721.000000,1938793.000000,75549924.000000, , , ,-0.325195,0.000000,0.325195
38722.000000,1938800.000000,75549924.000000,0.188500,-0.005800,-0.988900, , , 
38723.000000,1938894.000000,75549924.000000, , , ,-0.650391,-0.325195,0.000000
38724.000000,1938899.000000,75549924.000000,0.188500,0.002900,-0.991800, , , 
38725.000000,1938995.000000,75549924.000000, , , ,-0.650391,-0.975586,0.325195
38726.000000,1939000.000000,75549924.000000,0.179800,0.011600,-0.983100, , , 
38727.000000,1939096.000000,75549924.000000, , , ,0.000000,-0.325195,0.000000
38728.000000,1939099.000000,75549924.000000,0.171100,0.017400,-1.000500, , , 
38729.000000,1939197.000000,75549924.000000, , , ,-0.325195,0.000000,0.000000
38730.000000,1939200.000000,75549924.000000,0.185600,0.026100,-0.997600, , , 
38731.000000,1939298.000000,75549924.000000, , , ,-0.325195,0.325195,0.000000
38732.000000,1939299.000000,75549924.000000,0.182700,0.000000,-0.991800, , , 
38733.000000,1939399.000000,75549924.000000, , , ,0.000000,0.000000,0.000000
38734.000000,1939400.000000,75549924.000000,0.185600,0.017400,-1.003400, , , 
38735.000000,1939499.000000,75549924.000000,0.179800,-0.002900,-0.986000, , , 
38736.000000,1939500.000000,75549924.000000, , , ,-0.650391,0.000000,0.000000
38737.000000,1939600.000000,75549924.000000,0.176900,0.008700,-1.006300, , , 
38738.000000,1939601.000000,75549924.000000, , , ,-0.325195,0.000000,0.000000
38739.000000,1939692.000000,75549924.000000, , , ,-0.325195,0.325195,0.325195
38740.000000,1939699.000000,75549924.000000,0.168200,0.023200,-1.000500, , , 
38741.000000,1939793.000000,75549924.000000, , , ,0.000000,0.650391,0.000000
38742.000000,1939800.000000,75549924.000000,0.176900,0.000000,-1.009200, , , 
38743.000000,1939894.000000,75549924.000000, , , ,0.000000,-0.325195,0.000000
38744.000000,1939899.000000,75549924.000000,0.191400,0.014500,-0.986000, , , 
38745.000000,1939995.000000,75549924.000000, , , ,-0.650391,-0.650391,0.000000
38746.000000,1940000.000000,75549924.000000,0.188500,0.000000,-0.986000, , , 
38747.000000,1940096.000000,75549924.000000, , , ,0.000000,-0.650391,0.325195
38748.000000,1940099.000000,75549924.000000,0.171100,0.002900,-0.986000, , , 
38749.000000,1940197.000000,75549924.000000, , , ,0.000000,-0.325195,0.000000
38750.000000,1940200.000000,75549924.000000,0.174000,0.011600,-0.971500, , , 
38751.000000,1940298.000000,75549924.000000, , , ,0.000000,-0.650391,-0.325195
38752.000000,1940299.000000,75549924.000000,0.188500,-0.002900,-0.983100, , , 
38753.000000,1940399.000000,75549924.000000, , , ,0.000000,-0.650391,0.000000
38754.000000,1940400.000000,75549924.000000,0.162400,0.000000,-0.997600, , , 
38755.000000,1940499.000000,75549924.000000,0.162400,-0.011600,-0.994700, , , 
38756.000000,1940500.000000,75549924.000000, , , ,0.000000,0.325195,-0.325195
38757.000000,1940600.000000,75549924.000000,0.182700,-0.002900,-1.009200, , , 
38758.000000,1940601.000000,75549924.000000, , , ,-0.650391,0.325195,0.000000
38759.000000,1940692.000000,75549924.000000, , , ,-0.975586,0.000000,0.000000
38760.000000,1940699.000000,75549924.000000,0.176900,-0.017400,-0.994700, , , 
38761.000000,1940793.000000,75549924.000000, , , ,0.000000,0.000000,0.000000
38762.000000,1940800.000000,75549924.000000,0.165300,0.000000,-0.991800, , , 
38763.000000,1940894.000000,75549924.000000, , , ,-0.325195,-0.325195,0.000000
38764.000000,1940899.000000,75549924.000000,0.179800,-0.002900,-0.974400, , , 
38765.000000,1940995.000000,75549924.000000, , , ,-0.650391,-0.325195,0.000000
38766.000000,1941000.000000,75549924.000000,0.174000,-0.002900,-0.986000, , , 
38767.000000,1941096.000000,75549924.000000, , , ,-0.325195,0.000000,0.000000
38768.000000,1941099.000000,75549924.000000,0.147900,-0.017400,-0.991800, , , 
38769.000000,1941197.000000,75549924.000000, , , ,-0.325195,0.325195,0.000000
38770.000000,1941200.000000,75549924.000000,0.162400,0.002900,-0.986000, , , 
38771.000000,1941298.000000,75549924.000000, , , ,0.000000,0.000000,0.000000
38772.000000,1941299.000000,75549924.000000,0.174000,0.005800,-0.988900, , , 
38773.000000,1941399.000000,75549924.000000, , , ,-0.650391,-1.300781,0.000000
38774.000000,1941400.000000,75549924.000000,0.150800,-0.008700,-0.980200, , , 
38775.000000,1941499.000000,75549924.000000,0.116000,0.005800,-0.983100, , , 
38776.000000,1941500.000000,75549924.000000, , , ,0.000000,-0.650391,0.000000
38777.000000,1941600.000000,75549924.000000,0.110200,-0.011600,-0.980200, , , 
38778.000000,1941601.000000,75549924.000000, , , ,0.325195,-0.650391,0.000000
38779.000000,1941692.000000,75549924.000000, , , ,0.325195,-0.975586,-0.325195
38780.000000,1941699.000000,75549924.000000,0.118900,-0.002900,-0.980200, , , 
38781.000000,1941793.000000,75549924.000000, , , ,0.650391,0.000000,-0.325195
38782.000000,1941800.000000,75549924.000000,0.142100,-0.014500,-0.983100, , , 
38783.000000,1941894.000000,75549924.000000, , , ,0.325195,0.000000,-0.325195
38784.000000,1941899.000000,75549924.000000,0.142100,-0.037700,-0.997600, , , 
38785.000000,1941995.000000,75549924.000000, , , ,0.000000,0.000000,0.000000
38786.000000,1942000.000000,75549924.000000,0.156600,-0.046400,-0.974400, , , 
38787.000000,1942096.000000,75549924.000000, , , ,0.000000,-0.650391,-0.325195
38788.000000,1942099.000000,75549924.000000,0.153700,-0.031900,-0.983100, , , 
38789.000000,1942197.000000,75549924.000000, , , ,0.000000,-0.325195,-0.975586
38790.000000,1942200.000000,75549924.000000,0.127600,-0.026100,-0.986000, , , 
38791.000000,1942298.000000,75549924.000000, , , ,-0.650391,0.000000,-0.650391
38792.000000,1942299.000000,75549924.000000,0.139200,-0.043500,-0.983100, , , 
38793.000000,1942399.000000,75549924.000000, , , ,0.000000,-0.325195,-0.325195
38794.000000,1942400.000000,75549924.000000,0.127600,-0.040600,-0.997600, , , 
38795.000000,1942499.000000,75549924.000000,0.121800,-0.046400,-0.980200, , , 
38796.000000,1942500.000000,75549924.000000, , , ,-0.325195,0.000000,-0.650391
38797.000000,1942600.000000,75549924.000000,0.130500,-0.040600,-0.983100, , , 
38798.000000,1942601.000000,75549924.000000, , , ,-0.325195,-0.650391,-0.650391
38799.000000,1942692.000000,75549924.000000, , , ,-0.650391,-0.650391,-0.650391
38800.000000,1942699.000000,75549924.000000,0.124700,-0.034800,-0.957000, , , 
38801.000000,1942793.000000,75549924.000000, , , ,-0.650391,-0.650391,-0.975586
38802.000000,1942800.000000,75549924.000000,0.121800,-0.020300,-0.971500, , , 
38803.000000,1942894.000000,75549924.000000, , , ,-0.975586,-0.650391,-0.650391
38804.000000,1942899.000000,75549924.000000,0.116000,-0.040600,-0.968600, , , 
38805.000000,1942995.000000,75549924.000000, , , ,-1.300781,-0.325195,-0.650391
38806.000000,1943000.000000,75549924.000000,0.116000,-0.052200,-0.980200, , , 
38807.000000,1943096.000000,75549924.000000, , , ,-1.300781,-0.650391,-0.650391
38808.000000,1943099.000000,75549924.000000,0.110200,-0.040600,-0.988900, , , 
38809.000000,1943197.000000,75549924.000000, , , ,-1.951172,-0.325195,-0.325195
38810.000000,1943200.000000,75549924.000000,0.121800,-0.049300,-0.968600, , , 
38811.000000,1943298.000000,75549924.000000, , , ,-1.625977,-0.975586,-1.300781
38812.000000,1943299.000000,75549924.000000,0.110200,-0.046400,-0.988900, , , 
38813.000000,1943399.000000,75549924.000000, , , ,-1.625977,-0.325195,-0.650391
38814.000000,1943400.000000,75549924.000000,0.104400,-0.040600,-0.959900, , , 
38815.000000,1943499.000000,75549924.000000,0.124700,-0.029000,-0.971500, , , 
38816.000000,1943500.000000,75549924.000000, , , ,-1.625977,-0.650391,-0.650391
38817.000000,1943600.000000,75549924.000000,0.110200,-0.017400,-0.959900, , , 
38818.000000,1943601.000000,75549924.000000, , , ,-1.300781,-0.975586,-0.975586
38819.000000,1943692.000000,75549924.000000, , , ,-1.300781,-0.650391,-0.325195
38820.000000,1943699.000000,75549924.000000,0.121800,-0.008700,-0.965700, , , 
38821.000000,1943793.000000,75549924.000000, , , ,-0.650391,-0.975586,-0.325195
38822.000000,1943800.000000,75549924.000000,0.110200,-0.017400,-0.968600, , , 
38823.000000,1943894.000000,75549924.000000, , , ,-0.975586,0.000000,0.325195
38824.000000,1943899.000000,75549924.000000,0.110200,-0.008700,-0.991800, , , 
38825.000000,1943995.000000,75549924.000000, , , ,-0.325195,-0.325195,-0.325195
38826.000000,1944000.000000,75549924.000000,0.116000,-0.026100,-0.980200, , , 
38827.000000,1944096.000000,75549924.000000, , , ,0.000000,-0.650391,0.000000
38828.000000,1944099.000000,75549924.000000,0.116000,0.002900,-0.974400, , , 
38829.000000,1944197.000000,75549924.000000, , , ,-0.650391,-0.650391,-0.325195
38830.000000,1944200.000000,75549924.000000,0.113100,-0.037700,-0.965700, , , 
38831.000000,1944298.000000,75549924.000000, , , ,-0.650391,0.000000,-0.325195
38832.000000,1944299.000000,75549924.000000,0.095700,-0.017400,-1.003400, , , 
38833.000000,1944399.000000,75549924.000000, , , ,-1.300781,0.325195,0.000000
38834.000000,1944400.000000,75549924.000000,0.104400,-0.026100,-1.026600, , , 
38835.000000,1944499.000000,75549924.000000,0.124700,-0.005800,-1.012100, , , 
38836.000000,1944500.000000,75549924.000000, , , ,-0.975586,0.000000,0.000000
38837.000000,1944600.000000,75549924.000000,0.116000,-0.002900,-0.974400, , , 
38838.000000,1944601.000000,75549924.000000, , , ,-0.650391,-0.325195,0.000000
38839.000000,1944692.000000,75549924.000000, , , ,0.000000,0.000000,0.000000
38840.000000,1944699.000000,75549924.000000,0.098600,-0.002900,-0.986000, , , 
38841.000000,1944793.000000,75549924.000000, , , ,-0.650391,-0.650391,0.000000
38842.000000,1944800.000000,75549924.000000,0.078300,-0.014500,-0.977300, , , 
38843.000000,1944894.000000,75549924.000000, , , ,-0.650391,-0.650391,0.325195
38844.000000,1944899.000000,75549924.000000,0.063800,0.000000,-0.997600, , , 
38845.000000,1944995.000000,75549924.000000, , , ,-0.325195,0.000000,0.000000
38846.000000,1945000.000000,75549924.000000,0.066700,0.000000,-0.988900, , , 
38847.000000,1945096.000000,75549924.000000, , , ,-0.650391,0.000000,0.000000
38848.000000,1945099.000000,75549924.000000,0.049300,-0.002900,-0.994700, , , 
38849.000000,1945197.000000,75549924.000000, , , ,-0.325195,0.000000,0.000000
38850.000000,1945200.000000,75549924.000000,0.069600,-0.017400,-0.971500, , , 
38851.000000,1945298.000000,75549924.000000, , , ,-0.650391,-0.650391,0.000000
38852.000000,1945299.000000,75549924.000000,0.063800,-0.005800,-0.957000, , , 
38853.000000,1945399.000000,75549924.000000, , , ,0.000000,-0.975586,0.000000
38854.000000,1945400.000000,75549924.000000,0.055100,-0.002900,-0.951200, , , 
38855.000000,1945499.000000,75549924.000000,0.058000,-0.002900,-0.968600, , , 
38856.000000,1945500.000000,75549924.000000, , , ,0.000000,-1.300781,0.000000
38857.000000,1945600.000000,75549924.000000,0.049300,-0.014500,-0.942500, , , 
38858.000000,1945601.000000,75549924.000000, , , ,-0.650391,-0.650391,0.000000
38859.000000,1945692.000000,75549924.000000, , , ,-0.325195,-1.625977,0.000000
38860.000000,1945699.000000,75549924.000000,0.017400,-0.008700,-0.951200, , , 
38861.000000,1945793.000000,75549924.000000, , , ,-0.975586,-0.975586,0.000000
38862.000000,1945800.000000,75549924.000000,0.043500,-0.014500,-0.959900, , , 
38863.000000,1945894.000000,75549924.000000, , , ,-0.975586,-0.650391,0.000000
38864.000000,1945899.000000,75549924.000000,0.081200,-0.008700,-0.942500, , , 
38865.000000,1945995.000000,75549924.000000, , , ,-0.325195,-1.300781,0.000000
38866.000000,1946000.000000,75549924.000000,0.063800,-0.002900,-0.925100, , , 
38867.000000,1946096.000000,75549924.000000, , , ,0.000000,-1.625977,-0.325195
38868.000000,1946099.000000,75549924.000000,0.072500,-0.002900,-0.928000, , , 
38869.000000,1946197.000000,75549924.000000, , , ,0.000000,-1.300781,0.000000
38870.000000,1946200.000000,75549924.000000,0.034800,-0.002900,-0.939600, , , 
38871.000000,1946298.000000,75549924.000000, , , ,0.000000,-0.650391,0.000000
38872.000000,1946299.000000,75549924.000000,0.058000,-0.014500,-0.965700, , , 
38873.000000,1946399.000000,75549924.000000, , , ,0.000000,-0.650391,0.000000
38874.000000,1946400.000000,75549924.000000,0.049300,-0.023200,-0.974400, , , 
38875.000000,1946499.000000,75549924.000000,0.046400,-0.011600,-0.980200, , , 
38876.000000,1946500.000000,75549924.000000, , , ,0.000000,0.000000,0.000000
38877.000000,1946600.000000,75549924.000000,0.040600,-0.014500,-0.986000, , , 
38878.000000,1946601.000000,75549924.000000, , , ,-0.325195,-0.325195,0.000000
38879.000000,1946692.000000,75549924.000000, , , ,-0.650391,0.000000,0.000000
38880.000000,1946699.000000,75549924.000000,0.046400,-0.034800,-0.977300, , , 
38881.000000,1946793.000000,75549924.000000, , , ,-0.975586,-1.625977,0.000000
38882.000000,1946800.000000,75549924.000000,0.043500,-0.005800,-0.968600, , , 
38883.000000,1946894.000000,75549924.000000, , , ,-1.300781,0.000000,0.325195
38884.000000,1946899.000000,75549924.000000,0.014500,-0.020300,-0.983100, , , 
38885.000000,1946995.000000,75549924.000000, , , ,-1.625977,0.325195,0.000000
38886.000000,1947000.000000,75549924.000000,0.040600,-0.014500,-0.997600, , , 
38887.000000,1947096.000000,75549924.000000, , , ,-1.300781,-0.325195,0.000000
38888.000000,1947099.000000,75549924.000000,0.034800,-0.008700,-0.980200, , , 
38889.000000,1947197.000000,75549924.000000, , , ,-1.951172,-0.325195,0.000000
38890.000000,1947200.000000,75549924.000000,0.040600,-0.014500,-0.942500, , , 
38891.000000,1947298.000000,75549924.000000, , , ,-1.625977,-1.625977,0.000000
38892.000000,1947299.000000,75549924.000000,0.043500,-0.002900,-0.936700, , , 
38893.000000,1947399.000000,75549924.000000, , , ,-1.300781,-1.625977,0.000000
38894.000000,1947400.000000,75549924.000000,0.029000,0.000000,-0.933800, , , 
38895.000000,1947499.000000,75549924.000000,0.017400,-0.005800,-0.983100, , , 
38896.000000,1947500.000000,75549924.000000, , , ,-1.625977,-0.650391,-0.325195
38897.000000,1947600.000000,75549924.000000,0.049300,-0.011600,-0.968600, , , 
38898.000000,1947601.000000,75549924.000000, , , ,-1.951172,-0.325195,-0.325195
38899.000000,1947692.000000,75549924.000000, , , ,-0.975586,-1.625977,-0.325195
38900.000000,1947699.000000,75549924.000000,0.037700,-0.002900,-0.962800, , , 
38901.000000,1947793.000000,75549924.000000, , , ,0.000000,-0.325195,-0.325195
38902.000000,1947800.000000,75549924.000000,0.026100,0.002900,-0.957000, , , 
38903.000000,1947894.000000,75549924.000000, , , ,0.325195,0.000000,-0.650391
38904.000000,1947899.000000,75549924.000000,0.029000,-0.008700,-0.974400, , , 
38905.000000,1947995.000000,75549924.000000, , , ,0.000000,-0.325195,0.000000
38906.000000,1948000.000000,75549924.000000,0.040600,-0.023200,-0.971500, , , 
38907.000000,1948096.000000,75549924.000000, , , ,0.000000,-0.325195,-0.325195
38908.000000,1948099.000000,75549924.000000,0.031900,-0.023200,-0.951200, , , 
38909.000000,1948197.000000,75549924.000000, , , ,0.000000,-0.650391,-0.325195
38910.000000,1948200.000000,75549924.000000,0.031900,-0.026100,-0.968600, , , 
38911.000000,1948298.000000,75549924.000000, , , ,-0.325195,-0.650391,-0.325195
38912.000000,1948299.000000,75549924.000000,0.020300,-0.029000,-0.977300, , , 
38913.000000,1948399.000000,75549924.000000, , , ,-0.650391,0.325195,-0.325195
38914.000000,1948400.000000,75549924.000000,0.014500,-0.029000,-1.009200, , , 
38915.000000,1948499.000000,75549924.000000,0.026100,-0.008700,-1.023700, , , 
38916.000000,1948500.000000,75549924.000000, , , ,-0.975586,0.650391,-0.325195
38917.000000,1948600.000000,75549924.000000,0.046400,-0.023200,-0.974400, , , 
38918.000000,1948601.000000,75549924.000000, , , ,-0.975586,0.000000,0.000000
38919.000000,1948692.000000,75549924.000000, , , ,-0.325195,-0.975586,0.000000
38920.000000,1948699.000000,75549924.000000,0.037700,-0.020300,-0.930900, , , 
38921.000000,1948793.000000,75549924.000000, , , ,-1.300781,-1.300781,0.000000
38922.000000,1948800.000000,75549924.000000,0.020300,-0.020300,-0.951200, , , 
38923.000000,1948894.000000,75549924.000000, , , ,-0.975586,-0.325195,0.000000
38924.000000,1948899.000000,75549924.000000,0.005800,-0.017400,-0.971500, , , 
38925.000000,1948995.000000,75549924.000000, , , ,-1.300781,-0.325195,0.000000
38926.000000,1949000.000000,75549924.000000,0.014500,-0.002900,-0.983100, , , 
38927.000000,1949096.000000,75549924.000000, , , ,-1.625977,-0.650391,0.650391
38928.000000,1949099.000000,75549924.000000,0.005800,0.000000,-0.971500, , , 
38929.000000,1949197.000000,75549924.000000, , , ,-1.300781,-0.650391,0.325195
38930.000000,1949200.000000,75549924.000000,-0.011600,0.005800,-0.957000, , , 
38931.000000,1949298.000000,75549924.000000, , , ,-0.650391,-0.650391,0.000000
38932.000000,1949299.000000,75549924.000000,-0.026100,0.029000,-0.980200, , , 
38933.000000,1949399.000000,75549924.000000, , , ,0.000000,0.000000,0.000000
38934.000000,1949400.000000,75549924.000000,-0.026100,0.020300,-0.986000, , , 
38935.000000,1949499.000000,75549924.000000,-0.031900,-0.008700,-0.994700, , , 
38936.000000,1949500.000000,75549924.000000, , , ,-0.650391,0.000000,0.000000
38937.000000,1949600.000000,75549924.000000,-0.046400,0.002900,-1.000500, , , 
38938.000000,1949601.000000,75549924.000000, , , ,-0.975586,0.000000,0.000000
38939.000000,1949692.000000,75549924.000000, , , ,-0.975586,0.650391,0.325195
38940.000000,1949699.000000,75549924.000000,-0.046400,0.000000,-1.029500, , , 
38941.000000,1949793.000000,75549924.000000, , , ,-0.650391,0.000000,0.000000
38942.000000,1949800.000000,75549924.000000,-0.034800,0.034800,-1.023700, , , 
38943.000000,1949894.000000,75549924.000000, , , ,0.000000,0.000000,0.000000
38944.000000,1949899.000000,75549924.000000,-0.049300,0.014500,-0.986000, , , 
38945.000000,1949995.000000,75549924.000000, , , ,0.000000,0.000000,0.000000
38946.000000,1950000.000000,75549924.000000,-0.060900,0.020300,-0.980200, , , 
38947.000000,1950096.000000,75549924.000000, , , ,0.000000,0.000000,0.325195
38948.000000,1950099.000000,75549924.000000,-0.043500,0.023200,-0.986000, , , 
38949.000000,1950197.000000,75549924.000000, , , ,0.000000,0.000000,0.325195
38950.000000,1950200.000000,75549924.000000,-0.055100,0.002900,-0.980200, , , 
38951.000000,1950298.000000,75549924.000000, , , ,0.000000,0.000000,0.000000
38952.000000,1950299.000000,75549924.000000,-0.063800,0.008700,-0.991800, , , 
38953.000000,1950399.000000,75549924.000000, , , ,-0.975586,0.650391,0.000000
38954.000000,1950400.000000,75549924.000000,-0.069600,0.000000,-1.023700, , , 
38955.000000,1950499.000000,75549924.000000,-0.055100,-0.002900,-1.041100, , , 
38956.000000,1950500.000000,75549924.000000, , , ,-1.300781,0.650391,0.325195
38957.000000,1950600.000000,75549924.000000,-0.060900,0.000000,-1.049800, , , 
38958.000000,1950601.000000,75549924.000000, , , ,-1.625977,0.975586,0.000000
38959.000000,1950692.000000,75549924.000000, , , ,-1.300781,0.650391,0.000000
38960.000000,1950699.000000,75549924.000000,-0.037700,0.014500,-1.012100, , , 
38961.000000,1950793.000000,75549924.000000, , , ,0.000000,-0.325195,0.000000
38962.000000,1950800.000000,75549924.000000,-0.034800,0.031900,-0.959900, , , 
38963.000000,1950894.000000,75549924.000000, , , ,0.000000,0.000000,0.000000
38964.000000,1950899.000000,75549924.000000,-0.037700,0.017400,-0.988900, , , 
38965.000000,1950995.000000,75549924.000000, , , ,0.000000,0.325195,0.000000
38966.000000,1951000.000000,75549924.000000,-0.020300,0.020300,-1.003400, , , 
38967.000000,1951096.000000,75549924.000000, , , ,0.000000,0.000000,0.000000
38968.000000,1951099.000000,75549924.000000,0.014500,0.020300,-0.986000, , , 
38969.000000,1951197.000000,75549924.000000, , , ,0.325195,0.000000,0.000000
38970.000000,1951200.000000,75549924.000000,0.000000,0.002900,-0.986000, , , 
38971.000000,1951298.000000,75549924.000000, , , ,0.000000,0.975586,0.000000
38972.000000,1951299.000000,75549924.000000,0.005800,0.000000,-1.015000, , , 
38973.000000,1951399.000000,75549924.000000, , , ,-0.325195,0.975586,0.000000
38974.000000,1951400.000000,75549924.000000,0.014500,0.014500,-1.061400, , , 
38975.000000,1951499.000000,75549924.000000, , , ,0.000000,0.650391,0.000000
38976.000000,1951500.000000,75549924.000000,0.026100,0.008700,-1.044000, , , 
38977.000000,1951599.000000,75549924.000000,0.011600,0.002900,-1.032400, , , 
38978.000000,1951600.000000,75549924.000000, , , ,0.000000,0.325195,0.000000
38979.000000,1951700.000000,75549924.000000,0.011600,-0.020300,-1.046900, , , 
38980.000000,1951701.000000,75549924.000000, , , ,0.000000,1.300781,0.000000
38981.000000,1951792.000000,75549924.000000, , , ,0.000000,1.300781,-0.325195
38982.000000,1951799.000000,75549924.000000,0.023200,-0.005800,-1.029500, , , 
38983.000000,1951893.000000,75549924.000000, , , ,0.975586,0.000000,-0.650391
38984.000000,1951900.000000,75549924.000000,0.026100,-0.014500,-1.023700, , , 
38985.000000,1951994.000000,75549924.000000, , , ,0.975586,0.000000,-0.975586
38986.000000,1951999.000000,75549924.000000,0.040600,0.002900,-0.980200, , , 
38987.000000,1952095.000000,75549924.000000, , , ,0.975586,-0.650391,-0.650391
38988.000000,1952100.000000,75549924.000000,0.023200,-0.040600,-0.957000, , , 
38989.000000,1952196.000000,75549924.000000, , , ,0.325195,0.000000,-0.650391
38990.000000,1952199.000000,75549924.000000,0.000000,-0.052200,-1.015000, , , 
38991.000000,1952297.000000,75549924.000000, , , ,-1.625977,0.650391,0.000000
38992.000000,1952300.000000,75549924.000000,0.014500,-0.072500,-1.023700, , , 
38993.000000,1952398.000000,75549924.000000, , , ,-2.276367,-0.325195,0.000000
38994.000000,1952399.000000,75549924.000000,0.008700,-0.017400,-0.986000, , , 
38995.000000,1952499.000000,75549924.000000, , , ,-1.625977,-0.975586,0.000000
38996.000000,1952500.000000,75549924.000000,-0.023200,0.008700,-0.971500, , , 
38997.000000,1952599.000000,75549924.000000,-0.029000,0.005800,-0.991800, , , 
38998.000000,1952600.000000,75549924.000000, , , ,-0.325195,-0.325195,0.000000
38999.000000,1952700.000000,75549924.000000,-0.043500,0.000000,-1.049800, , , 
39000.000000,1952701.000000,75549924.000000, , , ,-0.325195,0.650391,0.000000
39001.000000,1952792.000000,75549924.000000, , , ,0.000000,2.276367,-0.325195
39002.000000,1952799.000000,75549924.000000,-0.052200,-0.023200,-1.128100, , , 
39003.000000,1952893.000000,75549924.000000, , , ,-0.325195,1.951172,0.000000
39004.000000,1952900.000000,75549924.000000,-0.026100,-0.023200,-1.110700, , , 
39005.000000,1952994.000000,75549924.000000, , , ,0.000000,-0.650391,0.000000
39006.000000,1952999.000000,75549924.000000,0.000000,-0.017400,-0.971500, , , 
39007.000000,1953095.000000,75549924.000000, , , ,0.000000,-2.276367,0.000000
39008.000000,1953100.000000,75549924.000000,-0.023200,-0.008700,-0.870000, , , 
39009.000000,1953196.000000,75549924.000000, , , ,0.000000,-1.300781,0.000000
39010.000000,1953199.000000,75549924.000000,-0.072500,-0.020300,-0.907700, , , 
39011.000000,1953297.000000,75549924.000000, , , ,-0.650391,0.975586,0.000000
39012.000000,1953300.000000,75549924.000000,-0.069600,-0.031900,-1.009200, , , 
39013.000000,1953398.000000,75549924.000000, , , ,-1.951172,1.300781,0.000000
39014.000000,1953399.000000,75549924.000000,-0.060900,-0.037700,-1.064300, , , 
39015.000000,1953499.000000,75549924.000000, , , ,-1.625977,0.975586,0.000000
39016.000000,1953500.000000,75549924.000000,-0.046400,-0.023200,-1.070100, , , 
39017.000000,1953599.000000,75549924.000000,-0.037700,0.005800,-0.994700, , , 
39018.000000,1953600.000000,75549924.000000, , , ,-0.975586,0.000000,0.000000
39019.000000,1953700.000000,75549924.000000,-0.040600,-0.011600,-0.939600, , , 
39020.000000,1953701.000000,75549924.000000, , , ,-0.650391,-0.325195,0.000000
39021.000000,1953792.000000,75549924.000000, , , ,0.000000,-0.975586,-0.325195
39022.000000,1953799.000000,75549924.000000,-0.060900,-0.008700,-0.951200, , , 
39023.000000,1953893.000000,75549924.000000, , , ,0.000000,0.000000,0.000000
39024.000000,1953900.000000,75549924.000000,-0.058000,-0.014500,-0.991800, , , 
39025.000000,1953994.000000,75549924.000000, , , ,0.000000,0.000000,0.000000
39026.000000,1953999.000000,75549924.000000,-0.046400,-0.014500,-0.991800, , , 
39027.000000,1954095.000000,75549924.000000, , , ,-0.325195,0.975586,0.000000
39028.000000,1954100.000000,75549924.000000,-0.087000,-0.031900,-1.055600, , , 
39029.000000,1954196.000000,75549924.000000, , , ,-0.650391,1.951172,-0.325195
39030.000000,1954199.000000,75549924.000000,-0.058000,-0.034800,-1.104900, , , 
39031.000000,1954297.000000,75549924.000000, , , ,-0.975586,1.300781,-0.650391
39032.000000,1954300.000000,75549924.000000,-0.043500,-0.020300,-1.081700, , , 
39033.000000,1954398.000000,75549924.000000, , , ,-0.650391,0.975586,-0.650391
39034.000000,1954399.000000,75549924.000000,-0.052200,-0.023200,-1.026600, , , 
39035.000000,1954499.000000,75549924.000000, , , ,-0.650391,0.325195,-0.325195
39036.000000,1954500.000000,75549924.000000,-0.031900,-0.026100,-0.988900, , , 
39037.000000,1954599.000000,75549924.000000,-0.043500,-0.055100,-0.986000, , , 
39038.000000,1954600.000000,75549924.000000, , , ,-1.300781,0.000000,-0.650391
39039.000000,1954700.000000,75549924.000000,-0.008700,-0.046400,-0.988900, , , 
39040.000000,1954701.000000,75549924.000000, , , ,-1.625977,0.325195,-0.650391
39041.000000,1954792.000000,75549924.000000, , , ,-1.625977,0.650391,-0.975586
39042.000000,1954799.000000,75549924.000000,0.011600,-0.029000,-0.997600, , , 
39043.000000,1954893.000000,75549924.000000, , , ,-1.300781,0.000000,-0.325195
39044.000000,1954900.000000,75549924.000000,0.020300,-0.031900,-0.980200, , , 
39045.000000,1954994.000000,75549924.000000, , , ,-0.975586,0.325195,-0.650391
39046.000000,1954999.000000,75549924.000000,0.008700,-0.034800,-1.009200, , , 
39047.000000,1955095.000000,75549924.000000, , , ,-0.650391,0.650391,-0.325195
39048.000000,1955100.000000,75549924.000000,0.029000,-0.029000,-1.000500, , , 
39049.000000,1955196.000000,75549924.000000, , , ,-0.975586,0.000000,-0.325195
39050.000000,1955199.000000,75549924.000000,0.034800,-0.017400,-0.988900, , , 
39051.000000,1955297.000000,75549924.000000, , , ,-0.650391,0.000000,-0.975586
39052.000000,1955300.000000,75549924.000000,0.049300,-0.037700,-0.971500, , , 
39053.000000,1955398.000000,75549924.000000, , , ,-0.975586,-0.325195,-0.325195
39054.000000,1955399.000000,75549924.000000,0.034800,-0.031900,-0.986000, , , 
39055.000000,1955499.000000,75549924.000000, , , ,-0.650391,0.325195,-0.650391
39056.000000,1955500.000000,75549924.000000,0.029000,-0.023200,-0.988900, , , 
39057.000000,1955599.000000,75549924.000000,0.046400,-0.020300,-0.986000, , , 
39058.000000,1955600.000000,75549924.000000, , , ,0.000000,0.000000,-0.650391
39059.000000,1955700.000000,75549924.000000,0.058000,-0.023200,-0.980200, , , 
39060.000000,1955701.000000,75549924.000000, , , ,0.000000,-0.325195,-0.975586
39061.000000,1955792.000000,75549924.000000, , , ,0.000000,-0.650391,-0.325195
39062.000000,1955799.000000,75549924.000000,0.063800,-0.008700,-0.962800, , , 
39063.000000,1955893.000000,75549924.000000, , , ,0.000000,-0.650391,-0.325195
39064.000000,1955900.000000,75549924.000000,0.046400,-0.040600,-0.962800, , , 
39065.000000,1955994.000000,75549924.000000, , , ,0.000000,0.000000,0.000000
39066.000000,1955999.000000,75549924.000000,0.037700,-0.014500,-0.988900, , , 
39067.000000,1956095.000000,75549924.000000, , , ,0.000000,0.000000,0.000000
39068.000000,1956100.000000,75549924.000000,0.066700,0.005800,-0.988900, , , 
39069.000000,1956196.000000,75549924.000000, , , ,0.000000,-0.650391,0.000000
39070.000000,1956199.000000,75549924.000000,0.046400,-0.020300,-0.974400, , , 
39071.000000,1956297.000000,75549924.000000, , , ,0.000000,-0.325195,0.000000
39072.000000,1956300.000000,75549924.000000,0.040600,-0.011600,-0.986000, , , 
39073.000000,1956398.000000,75549924.000000, , , ,-0.325195,0.000000,0.000000
39074.000000,1956399.000000,75549924.000000,0.058000,-0.014500,-0.971500, , , 
39075.000000,1956499.000000,75549924.000000, , , ,-0.650391,-1.300781,0.000000
39076.000000,1956500.000000,75549924.000000,0.066700,-0.005800,-0.939600, , , 
39077.000000,1956599.000000,75549924.000000,0.037700,-0.011600,-0.948300, , , 
39078.000000,1956600.000000,75549924.000000, , , ,-0.975586,-1.300781,0.000000
39079.000000,1956700.000000,75549924.000000,0.023200,-0.017400,-0.997600, , , 
39080.000000,1956701.000000,75549924.000000, , , ,-0.975586,0.325195,0.000000
39081.000000,1956792.000000,75549924.000000, , , ,-1.300781,0.650391,0.000000
39082.000000,1956799.000000,75549924.000000,0.043500,-0.011600,-1.044000, , , 
39083.000000,1956893.000000,75549924.000000, , , ,-1.625977,0.650391,0.000000
39084.000000,1956900.000000,75549924.000000,0.049300,0.000000,-1.049800, , , 
39085.000000,1956994.000000,75549924.000000, , , ,-0.975586,1.625977,0.000000
39086.000000,1956999.000000,75549924.000000,0.029000,0.020300,-1.046900, , , 
39087.000000,1957095.000000,75549924.000000, , , ,-0.325195,1.300781,0.000000
39088.000000,1957100.000000,75549924.000000,0.058000,0.005800,-1.058500, , , 
39089.000000,1957196.000000,75549924.000000, , , ,-0.325195,0.650391,-0.325195
39090.000000,1957199.000000,75549924.000000,0.066700,-0.005800,-1.015000, , , 
39091.000000,1957297.000000,75549924.000000, , , ,-0.650391,0.000000,-0.325195
39092.000000,1957300.000000,75549924.000000,0.055100,-0.005800,-1.003400, , , 
39093.000000,1957398.000000,75549924.000000, , , ,-0.650391,0.000000,0.000000
39094.000000,1957399.000000,75549924.000000,0.046400,-0.011600,-0.983100, , , 
39095.000000,1957499.000000,75549924.000000, , , ,0.000000,0.000000,0.000000
39096.000000,1957500.000000,75549924.000000,0.023200,-0.008700,-1.003400, , , 
39097.000000,1957599.000000,75549924.000000,0.031900,-0.008700,-1.003400, , , 
39098.000000,1957600.000000,75549924.000000, , , ,-0.650391,0.325195,-0.325195
39099.000000,1957700.000000,75549924.000000,0.020300,-0.017400,-1.020800, , , 
39100.000000,1957701.000000,75549924.000000, , , ,-0.975586,0.975586,0.000000
39101.000000,1957792.000000,75549924.000000, , , ,-1.300781,0.650391,-0.325195
39102.000000,1957799.000000,75549924.000000,0.020300,-0.031900,-1.041100, , , 
39103.000000,1957893.000000,75549924.000000, , , ,-1.300781,0.975586,0.000000
39104.000000,1957900.000000,75549924.000000,0.017400,-0.005800,-1.049800, , , 
39105.000000,1957994.000000,75549924.000000, , , ,-0.325195,0.975586,-0.325195
39106.000000,1957999.000000,75549924.000000,0.037700,0.000000,-1.032400, , , 
39107.000000,1958095.000000,75549924.000000, , , ,0.325195,0.000000,0.000000
39108.000000,1958100.000000,75549924.000000,0.029000,-0.005800,-0.991800, , , 
39109.000000,1958196.000000,75549924.000000, , , ,0.325195,0.000000,-0.325195
39110.000000,1958199.000000,75549924.000000,0.005800,0.008700,-1.003400, , , 
39111.000000,1958297.000000,75549924.000000, , , ,0.000000,0.325195,-0.325195
39112.000000,1958300.000000,75549924.000000,0.023200,-0.029000,-0.986000, , , 
39113.000000,1958398.000000,75549924.000000, , , ,0.325195,-0.325195,0.000000
39114.000000,1958399.000000,75549924.000000,-0.005800,0.002900,-0.991800, , , 
39115.000000,1958499.000000,75549924.000000, , , ,0.000000,0.325195,0.000000
39116.000000,1958500.000000,75549924.000000,-0.020300,-0.008700,-1.009200, , , 
39117.000000,1958599.000000,75549924.000000,0.000000,-0.005800,-0.986000, , , 
39118.000000,1958600.000000,75549924.000000, , , ,-0.325195,0.000000,0.000000
39119.000000,1958700.000000,75549924.000000,0.000000,0.008700,-0.933800, , , 
39120.000000,1958701.000000,75549924.000000, , , ,0.000000,-1.300781,0.000000
39121.000000,1958792.000000,75549924.000000, , , ,-0.975586,-2.276367,0.000000
39122.000000,1958799.000000,75549924.000000,-0.023200,-0.020300,-0.907700, , , 
39123.000000,1958893.000000,75549924.000000, , , ,-0.650391,-1.300781,0.000000
39124.000000,1958900.000000,75549924.000000,-0.040600,-0.014500,-0.939600, , , 
39125.000000,1958994.000000,75549924.000000, , , ,-1.951172,-0.325195,0.000000
39126.000000,1958999.000000,75549924.000000,-0.031900,-0.014500,-0.965700, , , 
39127.000000,1959095.000000,75549924.000000, , , ,-1.625977,-0.975586,0.000000
39128.000000,1959100.000000,75549924.000000,-0.029000,-0.002900,-0.951200, , , 
39129.000000,1959196.000000,75549924.000000, , , ,-1.625977,-1.300781,0.000000
39130.000000,1959199.000000,75549924.000000,-0.029000,0.000000,-0.913500, , , 
39131.000000,1959297.000000,75549924.000000, , , ,-0.650391,-2.601563,0.000000
39132.000000,1959300.000000,75549924.000000,-0.037700,0.000000,-0.901900, , , 
39133.000000,1959398.000000,75549924.000000, , , ,-0.325195,-1.951172,-0.325195
39134.000000,1959399.000000,75549924.000000,-0.049300,0.002900,-0.919300, , , 
39135.000000,1959499.000000,75549924.000000, , , ,-0.325195,-1.300781,0.000000
39136.000000,1959500.000000,75549924.000000,-0.043500,-0.005800,-0.928000, , , 
39137.000000,1959599.000000,75549924.000000,-0.040600,-0.008700,-0.916400, , , 
39138.000000,1959600.000000,75549924.000000, , , ,0.000000,-1.625977,0.000000
39139.000000,1959700.000000,75549924.000000,-0.049300,-0.017400,-0.919300, , , 
39140.000000,1959701.000000,75549924.000000, , , ,0.000000,-1.951172,0.000000
39141.000000,1959792.000000,75549924.000000, , , ,-0.325195,-1.625977,0.000000
39142.000000,1959799.000000,75549924.000000,-0.043500,-0.026100,-0.925100, , , 
39143.000000,1959893.000000,75549924.000000, , , ,-0.325195,-1.625977,-0.325195
39144.000000,1959900.000000,75549924.000000,-0.049300,-0.023200,-0.936700, , , 
39145.000000,1959994.000000,75549924.000000, , , ,-0.325195,-0.975586,0.000000
39146.000000,1959999.000000,75549924.000000,-0.052200,-0.008700,-0.954100, , , 
39147.000000,1960095.000000,75549924.000000, , , ,-0.325195,0.000000,0.000000
39148.000000,1960100.000000,75549924.000000,-0.026100,-0.020300,-0.965700, , , 
39149.000000,1960196.000000,75549924.000000, , , ,0.000000,-0.325195,-0.325195
39150.000000,1960199.000000,75549924.000000,-0.014500,-0.020300,-0.965700, , , 
39151.000000,1960297.000000,75549924.000000, , , ,-0.325195,-0.325195,-0.325195
39152.000000,1960300.000000,75549924.000000,-0.017400,-0.008700,-0.968600, , , 
39153.000000,1960398.000000,75549924.000000, , , ,0.000000,0.000000,-0.325195
39154.000000,1960399.000000,75549924.000000,-0.002900,-0.031900,-0.983100, , , 
39155.000000,1960499.000000,75549924.000000, , , ,-0.650391,0.000000,-0.325195
39156.000000,1960500.000000,75549924.000000,0.029000,-0.034800,-0.971500, , , 
39157.000000,1960599.000000,75549924.000000,0.026100,-0.020300,-0.962800, , , 
39158.000000,1960600.000000,75549924.000000, , , ,-1.300781,-0.650391,0.325195
39159.000000,1960700.000000,75549924.000000,0.020300,-0.017400,-0.971500, , , 
39160.000000,1960701.000000,75549924.000000, , , ,-0.975586,0.000000,0.000000
39161.000000,1960792.000000,75549924.000000, , , ,-1.300781,-0.325195,0.000000
39162.000000,1960799.000000,75549924.000000,0.040600,-0.011600,-0.986000, , , 
39163.000000,1960893.000000,75549924.000000, , , ,-0.975586,-0.325195,-0.325195
39164.000000,1960900.000000,75549924.000000,0.011600,-0.008700,-0.983100, , , 
39165.000000,1960994.000000,75549924.000000, , , ,-1.300781,0.325195,-0.325195
39166.000000,1960999.000000,75549924.000000,0.029000,-0.017400,-1.000500, , , 
39167.000000,1961095.000000,75549924.000000, , , ,-0.650391,0.000000,0.000000
39168.000000,1961100.000000,75549924.000000,0.055100,-0.005800,-0.971500, , , 
39169.000000,1961196.000000,75549924.000000, , , ,0.000000,-0.325195,0.000000
39170.000000,1961199.000000,75549924.000000,0.020300,-0.008700,-0.962800, , , 
39171.000000,1961297.000000,75549924.000000, , , ,0.000000,0.000000,0.325195
39172.000000,1961300.000000,75549924.000000,0.037700,-0.017400,-0.974400, , , 
39173.000000,1961398.000000,75549924.000000, , , ,0.000000,0.000000,-0.325195
39174.000000,1961399.000000,75549924.000000,0.023200,-0.011600,-0.997600, , , 
39175.000000,1961499.000000,75549924.000000, , , ,-0.325195,0.325195,-0.325195
39176.000000,1961500.000000,75549924.000000,0.023200,-0.020300,-1.003400, , , 
39177.000000,1961599.000000,75549924.000000,0.037700,-0.014500,-0.974400, , , 
39178.000000,1961600.000000,75549924.000000, , , ,-0.325195,-0.325195,-0.325195
39179.000000,1961700.000000,75549924.000000,0.014500,-0.011600,-0.951200, , , 
39180.000000,1961701.000000,75549924.000000, , , ,0.325195,-0.650391,-0.650391
39181.000000,1961792.000000,75549924.000000, , , ,0.325195,-0.975586,-0.325195
39182.000000,1961799.000000,75549924.000000,0.000000,-0.014500,-0.962800, , , 
39183.000000,1961893.000000,75549924.000000, , , ,0.325195,-0.325195,-0.650391
39184.000000,1961900.000000,75549924.000000,0.000000,-0.026100,-0.965700, , , 
39185.000000,1961994.000000,75549924.000000, , , ,0.000000,-0.325195,-0.650391
39186.000000,1961999.000000,75549924.000000,-0.002900,-0.040600,-0.977300, , , 
39187.000000,1962095.000000,75549924.000000, , , ,0.000000,-0.325195,-0.650391
39188.000000,1962100.000000,75549924.000000,-0.005800,-0.026100,-0.959900, , , 
39189.000000,1962196.000000,75549924.000000, , , ,0.000000,-0.650391,-0.325195
39190.000000,1962199.000000,75549924.000000,-0.023200,-0.034800,-0.959900, , , 
39191.000000,1962297.000000,75549924.000000, , , ,0.000000,-0.325195,-0.325195
39192.000000,1962300.000000,75549924.000000,-0.017400,-0.026100,-0.968600, , , 
39193.000000,1962398.000000,75549924.000000, , , ,-0.650391,-0.325195,0.000000
39194.000000,1962399.000000,75549924.000000,-0.020300,-0.020300,-0.974400, , , 
39195.000000,1962499.000000,75549924.000000, , , ,-0.650391,0.000000,-0.325195
39196.000000,1962500.000000,75549924.000000,-0.023200,-0.037700,-0.965700, , , 
39197.000000,1962599.000000,75549924.000000,-0.005800,-0.026100,-0.945400, , , 
39198.000000,1962600.000000,75549924.000000, , , ,-0.975586,-1.300781,0.000000
39199.000000,1962700.000000,75549924.000000,-0.055100,-0.017400,-0.954100, , , 
39200.000000,1962701.000000,75549924.000000, , , ,-0.325195,-1.300781,0.000000
39201.000000,1962792.000000,75549924.000000, , , ,-0.975586,0.000000,0.000000
39202.000000,1962799.000000,75549924.000000,-0.046400,-0.023200,-0.988900, , , 
39203.000000,1962893.000000,75549924.000000, , , ,-1.625977,-0.325195,0.325195
39204.000000,1962900.000000,75549924.000000,-0.034800,-0.023200,-0.986000, , , 
39205.000000,1962994.000000,75549924.000000, , , ,-1.300781,-0.325195,0.000000
39206.000000,1962999.000000,75549924.000000,-0.058000,-0.008700,-0.980200, , , 
39207.000000,1963095.000000,75549924.000000, , , ,-1.300781,0.000000,0.000000
39208.000000,1963100.000000,75549924.000000,-0.046400,0.005800,-0.994700, , , 
39209.000000,1963196.000000,75549924.000000, , , ,-0.325195,-0.325195,0.000000
39210.000000,1963199.000000,75549924.000000,-0.040600,0.000000,-0.968600, , , 
39211.000000,1963297.000000,75549924.000000, , , ,0.000000,-1.300781,0.000000
39212.000000,1963300.000000,75549924.000000,-0.037700,0.000000,-0.948300, , , 
39213.000000,1963398.000000,75549924.000000, , , ,-0.325195,-0.325195,0.000000
39214.000000,1963399.000000,75549924.000000,-0.058000,-0.005800,-0.957000, , , 
39215.000000,1963499.000000,75549924.000000, , , ,-0.975586,0.000000,0.000000
39216.000000,1963500.000000,75549924.000000,-0.052200,-0.008700,-0.983100, , , 
39217.000000,1963599.000000,75549924.000000,-0.049300,-0.008700,-0.986000, , , 
39218.000000,1963600.000000,75549924.000000, , , ,-0.975586,0.000000,0.325195
39219.000000,1963700.000000,75549924.000000,-0.034800,0.011600,-0.971500, , , 
39220.000000,1963701.000000,75549924.000000, , , ,-1.300781,-0.650391,0.325195
39221.000000,1963792.000000,75549924.000000, , , ,-0.650391,-0.650391,0.325195
39222.000000,1963799.000000,75549924.000000,-0.058000,0.005800,-0.962800, , , 
39223.000000,1963893.000000,75549924.000000, , , ,-0.650391,-0.325195,0.000000
39224.000000,1963900.000000,75549924.000000,-0.052200,-0.005800,-0.977300, , , 
39225.000000,1963994.000000,75549924.000000, , , ,-0.975586,-0.975586,0.000000
39226.000000,1963999.000000,75549924.000000,-0.043500,0.000000,-0.962800, , , 
39227.000000,1964095.000000,75549924.000000, , , ,-0.650391,-0.975586,0.000000
39228.000000,1964100.000000,75549924.000000,-0.043500,0.000000,-0.951200, , , 
39229.000000,1964196.000000,75549924.000000, , , ,-0.325195,-0.975586,0.000000
39230.000000,1964199.000000,75549924.000000,-0.040600,-0.002900,-0.951200, , , 
39231.000000,1964297.000000,75549924.000000, , , ,-0.325195,-0.975586,0.000000
39232.000000,1964300.000000,75549924.000000,-0.029000,-0.017400,-0.962800, , , 
39233.000000,1964398.000000,75549924.000000, , , ,0.325195,-0.650391,-0.650391
39234.000000,1964399.000000,75549924.000000,-0.026100,-0.023200,-0.954100, , , 
39235.000000,1964499.000000,75549924.000000, , , ,0.325195,-0.650391,-0.650391
39236.000000,1964500.000000,75549924.000000,-0.020300,-0.049300,-0.951200, , , 
39237.000000,1964599.000000,75549924.000000,-0.005800,-0.031900,-0.936700, , , 
39238.000000,1964600.000000,75549924.000000, , , ,0.000000,-1.300781,-0.650391
39239.000000,1964700.000000,75549924.000000,-0.014500,-0.043500,-0.942500, , , 
39240.000000,1964701.000000,75549924.000000, , , ,0.325195,-1.300781,-0.975586
39241.000000,1964792.000000,75549924.000000, , , ,0.000000,-0.650391,-0.325195
39242.000000,1964799.000000,75549924.000000,-0.005800,-0.043500,-0.962800, , , 
39243.000000,1964893.000000,75549924.000000, , , ,0.000000,0.000000,-0.650391
39244.000000,1964900.000000,75549924.000000,-0.008700,-0.060900,-0.974400, , , 
39245.000000,1964994.000000,75549924.000000, , , ,-0.650391,-0.325195,-0.650391
39246.000000,1964999.000000,75549924.000000,0.000000,-0.060900,-0.983100, , , 
39247.000000,1965095.000000,75549924.000000, , , ,-1.300781,0.000000,-0.325195
39248.000000,1965100.000000,75549924.000000,-0.002900,-0.046400,-0.991800, , , 
39249.000000,1965196.000000,75549924.000000, , , ,-1.625977,0.000000,-0.325195
39250.000000,1965199.000000,75549924.000000,-0.005800,-0.029000,-1.000500, , , 
39251.000000,1965297.000000,75549924.000000, , , ,-1.300781,0.000000,-0.325195
39252.000000,1965300.000000,75549924.000000,-0.002900,-0.029000,-0.994700, , , 
39253.000000,1965398.000000,75549924.000000, , , ,-0.650391,0.325195,-0.650391
39254.000000,1965399.000000,75549924.000000,-0.005800,-0.023200,-1.009200, , , 
39255.000000,1965499.000000,75549924.000000, , , ,-0.650391,0.000000,-0.325195
39256.000000,1965500.000000,75549924.000000,-0.005800,-0.023200,-1.009200, , , 
39257.000000,1965599.000000,75549924.000000,0.008700,-0.023200,-0.991800, , , 
39258.000000,1965600.000000,75549924.000000, , , ,-0.650391,0.000000,-0.325195
39259.000000,1965700.000000,75549924.000000,0.000000,-0.029000,-1.000500, , , 
39260.000000,1965701.000000,75549924.000000, , , ,-0.325195,0.000000,-0.325195
39261.000000,1965792.000000,75549924.000000, , , ,-0.325195,0.000000,0.000000
39262.000000,1965799.000000,75549924.000000,-0.002900,-0.023200,-0.986000, , , 
39263.000000,1965893.000000,75549924.000000, , , ,0.000000,0.000000,-0.325195
39264.000000,1965900.000000,75549924.000000,0.002900,-0.020300,-0.980200, , , 
39265.000000,1965994.000000,75549924.000000, , , ,0.000000,-0.325195,-0.325195
39266.000000,1965999.000000,75549924.000000,0.000000,-0.023200,-0.971500, , , 
39267.000000,1966095.000000,75549924.000000, , , ,-0.325195,-0.650391,-0.325195
39268.000000,1966100.000000,75549924.000000,-0.005800,-0.017400,-0.983100, , , 
39269.000000,1966196.000000,75549924.000000, , , ,0.325195,0.000000,-0.650391
39270.000000,1966199.000000,75549924.000000,0.000000,-0.020300,-0.974400, , , 
39271.000000,1966297.000000,75549924.000000, , , ,-0.975586,-0.975586,0.000000
39272.000000,1966300.000000,75549924.000000,0.005800,-0.020300,-0.974400, , , 
39273.000000,1966398.000000,75549924.000000, , , ,-0.325195,-0.325195,0.000000
39274.000000,1966399.000000,75549924.000000,-0.002900,-0.029000,-0.962800, , , 
39275.000000,1966499.000000,75549924.000000, , , ,-0.325195,-0.650391,0.000000
39276.000000,1966500.000000,75549924.000000,-0.002900,-0.014500,-0.977300, , , 
39277.000000,1966599.000000,75549924.000000,0.000000,-0.020300,-0.968600, , , 
39278.000000,1966600.000000,75549924.000000, , , ,-1.300781,-0.650391,0.000000
39279.000000,1966700.000000,75549924.000000,-0.011600,-0.017400,-0.988900, , , 
39280.000000,1966701.000000,75549924.000000, , , ,-1.300781,0.000000,0.000000
39281.000000,1966792.000000,75549924.000000, , , ,-1.625977,0.000000,0.000000
39282.000000,1966799.000000,75549924.000000,0.000000,-0.011600,-1.000500, , , 
39283.000000,1966893.000000,75549924.000000, , , ,-1.625977,0.000000,0.325195
39284.000000,1966900.000000,75549924.000000,-0.002900,-0.011600,-1.003400, , , 
39285.000000,1966994.000000,75549924.000000, , , ,-1.300781,0.000000,0.000000
39286.000000,1966999.000000,75549924.000000,-0.002900,0.000000,-0.980200, , , 
39287.000000,1967095.000000,75549924.000000, , , ,-0.975586,0.000000,0.000000
39288.000000,1967100.000000,75549924.000000,-0.002900,-0.008700,-0.997600, , , 
39289.000000,1967196.000000,75549924.000000, , , ,-0.325195,0.000000,-0.325195
39290.000000,1967199.000000,75549924.000000,-0.014500,0.000000,-1.015000, , , 
39291.000000,1967297.000000,75549924.000000, , , ,-0.325195,0.650391,0.000000
39292.000000,1967300.000000,75549924.000000,-0.005800,-0.014500,-1.017900, , , 
39293.000000,1967398.000000,75549924.000000, , , ,-0.650391,0.000000,-0.325195
39294.000000,1967399.000000,75549924.000000,0.002900,-0.002900,-1.012100, , , 
39295.000000,1967499.000000,75549924.000000, , , ,-0.325195,0.000000,0.000000
39296.000000,1967500.000000,75549924.000000,-0.002900,0.011600,-0.986000, , , 
39297.000000,1967599.000000,75549924.000000,-0.011600,-0.011600,-0.986000, , , 
39298.000000,1967600.000000,75549924.000000, , , ,0.000000,0.000000,0.000000
39299.000000,1967700.000000,75549924.000000,-0.002900,-0.026100,-0.997600, , , 
39300.000000,1967701.000000,75549924.000000, , , ,-0.325195,-0.650391,-0.325195
39301.000000,1967792.000000,75549924.000000, , , ,-0.325195,0.325195,0.000000
39302.000000,1967799.000000,75549924.000000,-0.014500,-0.052200,-1.009200, , , 
39303.000000,1967893.000000,75549924.000000, , , ,-0.975586,0.650391,-0.325195
39304.000000,1967900.000000,75549924.000000,-0.002900,-0.029000,-1.017900, , , 
39305.000000,1967994.000000,75549924.000000, , , ,-0.650391,0.000000,0.000000
39306.000000,1967999.000000,75549924.000000,-0.002900,-0.017400,-0.997600, , , 
39307.000000,1968095.000000,75549924.000000, , , ,-0.975586,-0.650391,-0.325195
39308.000000,1968100.000000,75549924.000000,-0.029000,-0.023200,-0.986000, , , 
39309.000000,1968196.000000,75549924.000000, , , ,0.000000,0.000000,-0.650391
39310.000000,1968199.000000,75549924.000000,-0.023200,-0.020300,-1.000500, , , 
39311.000000,1968297.000000,75549924.000000, , , ,-0.325195,0.000000,-0.325195
39312.000000,1968300.000000,75549924.000000,-0.034800,-0.029000,-1.012100, , , 
39313.000000,1968398.000000,75549924.000000, , , ,-0.325195,0.000000,-0.650391
39314.000000,1968399.000000,75549924.000000,-0.026100,-0.034800,-1.006300, , , 
39315.000000,1968499.000000,75549924.000000, , , ,0.000000,0.000000,-0.650391
39316.000000,1968500.000000,75549924.000000,-0.034800,-0.029000,-0.991800, , , 
39317.000000,1968599.000000,75549924.000000,-0.017400,-0.017400,-0.957000, , , 
39318.000000,1968600.000000,75549924.000000, , , ,0.000000,-0.975586,-0.650391
39319.000000,1968700.000000,75549924.000000,-0.052200,-0.031900,-0.954100, , , 
39320.000000,1968701.000000,75549924.000000, , , ,0.325195,-0.975586,-0.650391
39321.000000,1968792.000000,75549924.000000, , , ,0.650391,0.000000,-0.325195
39322.000000,1968799.000000,75549924.000000,-0.060900,-0.029000,-0.991800, , , 
39323.000000,1968893.000000,75549924.000000, , , ,0.975586,0.000000,0.000000
39324.000000,1968900.000000,75549924.000000,-0.055100,-0.046400,-1.003400, , , 
39325.000000,1968994.000000,75549924.000000, , , ,0.000000,0.000000,-0.650391
39326.000000,1968999.000000,75549924.000000,-0.052200,-0.052200,-1.012100, , , 
39327.000000,1969095.000000,75549924.000000, , , ,-0.325195,0.000000,-0.325195
39328.000000,1969100.000000,75549924.000000,-0.055100,-0.049300,-0.994700, , , 
39329.000000,1969196.000000,75549924.000000, , , ,-0.325195,0.000000,-0.650391
39330.000000,1969199.000000,75549924.000000,-0.043500,-0.046400,-0.988900, , , 
39331.000000,1969297.000000,75549924.000000, , , ,-0.325195,0.000000,0.000000
39332.000000,1969300.000000,75549924.000000,-0.052200,-0.034800,-0.983100, , , 
39333.000000,1969398.000000,75549924.000000, , , ,-0.325195,0.325195,0.000000
39334.000000,1969399.000000,75549924.000000,-0.066700,-0.037700,-1.017900, , , 
39335.000000,1969499.000000,75549924.000000, , , ,-0.975586,0.975586,0.000000
39336.000000,1969500.000000,75549924.000000,-0.049300,-0.026100,-1.026600, , , 
39337.000000,1969599.000000,75549924.000000,-0.037700,-0.017400,-0.988900, , , 
39338.000000,1969600.000000,75549924.000000, , , ,-0.650391,-0.325195,0.000000
39339.000000,1969700.000000,75549924.000000,-0.049300,0.000000,-0.954100, , , 
39340.000000,1969701.000000,75549924.000000, , , ,-0.325195,0.000000,0.000000
39341.000000,1969792.000000,75549924.000000, , , ,-0.650391,0.000000,0.000000
39342.000000,1969799.000000,75549924.000000,-0.052200,-0.005800,-0.974400, , , 
39343.000000,1969893.000000,75549924.000000, , , ,-0.975586,0.000000,0.000000
39344.000000,1969900.000000,75549924.000000,-0.055100,-0.020300,-0.974400, , , 
39345.000000,1969994.000000,75549924.000000, , , ,-0.650391,-0.325195,0.000000
39346.000000,1969999.000000,75549924.000000,-0.046400,-0.023200,-0.968600, , , 
39347.000000,1970095.000000,75549924.000000, , , ,-0.975586,-0.325195,0.325195
39348.000000,1970100.000000,75549924.000000,-0.049300,-0.014500,-0.968600, , , 
39349.000000,1970196.000000,75549924.000000, , , ,-0.975586,0.000000,0.000000
39350.000000,1970199.000000,75549924.000000,-0.060900,-0.008700,-0.983100, , , 
39351.000000,1970297.000000,75549924.000000, , , ,-0.325195,0.000000,0.000000
39352.000000,1970300.000000,75549924.000000,-0.055100,0.000000,-0.983100, , , 
39353.000000,1970398.000000,75549924.000000, , , ,0.000000,-0.325195,0.000000
39354.000000,1970399.000000,75549924.000000,-0.060900,-0.011600,-0.974400, , , 
39355.000000,1970499.000000,75549924.000000, , , ,-0.325195,-0.650391,0.000000
39356.000000,1970500.000000,75549924.000000,-0.066700,-0.020300,-0.977300, , , 
39357.000000,1970599.000000,75549924.000000,-0.075400,-0.023200,-0.994700, , , 
39358.000000,1970600.000000,75549924.000000, , , ,-0.975586,0.325195,0.325195
39359.000000,1970700.000000,75549924.000000,-0.072500,-0.031900,-1.023700, , , 
39360.000000,1970701.000000,75549924.000000, , , ,-1.300781,0.975586,0.000000
39361.000000,1970792.000000,75549924.000000, , , ,-1.300781,0.975586,0.000000
39362.000000,1970799.000000,75549924.000000,-0.060900,-0.014500,-1.038200, , , 
39363.000000,1970893.000000,75549924.000000, , , ,-1.300781,0.650391,0.325195
39364.000000,1970900.000000,75549924.000000,-0.055100,-0.005800,-1.000500, , , 
39365.000000,1970994.000000,75549924.000000, , , ,-0.975586,0.325195,0.000000
39366.000000,1970999.000000,75549924.000000,-0.075400,0.005800,-1.006300, , , 
39367.000000,1971095.000000,75549924.000000, , , ,-0.650391,0.650391,0.000000
39368.000000,1971100.000000,75549924.000000,-0.081200,-0.014500,-1.006300, , , 
39369.000000,1971196.000000,75549924.000000, , , ,-0.650391,0.000000,0.000000
39370.000000,1971199.000000,75549924.000000,-0.081200,-0.020300,-1.003400, , , 
39371.000000,1971297.000000,75549924.000000, , , ,-0.975586,0.325195,0.000000
39372.000000,1971300.000000,75549924.000000,-0.089900,-0.017400,-0.983100, , , 
39373.000000,1971398.000000,75549924.000000, , , ,-0.650391,-0.650391,0.000000
39374.000000,1971399.000000,75549924.000000,-0.072500,-0.008700,-0.959900, , , 
39375.000000,1971499.000000,75549924.000000, , , ,-0.650391,-0.650391,0.325195
39376.000000,1971500.000000,75549924.000000,-0.101500,-0.026100,-0.971500, , , 
39377.000000,1971599.000000,75549924.000000,-0.095700,-0.011600,-0.994700, , , 
39378.000000,1971600.000000,75549924.000000, , , ,-0.975586,0.650391,0.000000
39379.000000,1971700.000000,75549924.000000,-0.087000,-0.014500,-0.988900, , , 
39380.000000,1971701.000000,75549924.000000, , , ,-0.325195,0.000000,0.000000
39381.000000,1971792.000000,75549924.000000, , , ,0.000000,-0.650391,0.000000
39382.000000,1971799.000000,75549924.000000,-0.087000,-0.008700,-0.974400, , , 
39383.000000,1971893.000000,75549924.000000, , , ,0.000000,0.000000,0.000000
39384.000000,1971900.000000,75549924.000000,-0.104400,-0.011600,-0.962800, , , 
39385.000000,1971994.000000,75549924.000000, , , ,0.000000,0.000000,0.000000
39386.000000,1971999.000000,75549924.000000,-0.095700,-0.011600,-0.994700, , , 
39387.000000,1972095.000000,75549924.000000, , , ,0.000000,0.000000,0.000000
39388.000000,1972100.000000,75549924.000000,-0.104400,-0.020300,-0.986000, , , 
39389.000000,1972196.000000,75549924.000000, , , ,0.000000,0.000000,0.000000
39390.000000,1972199.000000,75549924.000000,-0.101500,-0.031900,-0.988900, , , 
39391.000000,1972297.000000,75549924.000000, , , ,-0.325195,-0.325195,0.325195
39392.000000,1972300.000000,75549924.000000,-0.104400,-0.029000,-0.983100, , , 
39393.000000,1972398.000000,75549924.000000, , , ,-0.325195,0.000000,0.000000
39394.000000,1972399.000000,75549924.000000,-0.101500,-0.023200,-0.971500, , , 
39395.000000,1972499.000000,75549924.000000, , , ,-0.325195,-0.325195,0.000000
39396.000000,1972500.000000,75549924.000000,-0.101500,-0.014500,-0.959900, , , 
39397.000000,1972599.000000,75549924.000000,-0.113100,-0.017400,-0.977300, , , 
39398.000000,1972600.000000,75549924.000000, , , ,-0.325195,0.000000,0.000000
39399.000000,1972700.000000,75549924.000000,-0.101500,-0.017400,-0.974400, , , 
39400.000000,1972701.000000,75549924.000000, , , ,-0.650391,0.000000,0.000000
39401.000000,1972792.000000,75549924.000000, , , ,-0.325195,0.000000,0.000000
39402.000000,1972799.000000,75549924.000000,-0.110200,-0.029000,-0.988900, , , 
39403.000000,1972893.000000,75549924.000000, , , ,-0.975586,0.650391,0.325195
39404.000000,1972900.000000,75549924.000000,-0.104400,-0.026100,-0.991800, , , 
39405.000000,1972994.000000,75549924.000000, , , ,-1.300781,0.325195,0.000000
39406.000000,1972999.000000,75549924.000000,-0.081200,-0.040600,-1.003400, , , 
39407.000000,1973095.000000,75549924.000000, , , ,-0.975586,0.000000,0.000000
39408.000000,1973100.000000,75549924.000000,-0.075400,-0.026100,-0.980200, , , 
39409.000000,1973196.000000,75549924.000000, , , ,-0.975586,-0.325195,0.000000
39410.000000,1973199.000000,75549924.000000,-0.084100,-0.011600,-0.997600, , , 
39411.000000,1973297.000000,75549924.000000, , , ,-1.951172,0.000000,0.000000
39412.000000,1973300.000000,75549924.000000,-0.081200,-0.023200,-0.977300, , , 
39413.000000,1973398.000000,75549924.000000, , , ,-0.975586,-0.325195,0.000000
39414.000000,1973399.000000,75549924.000000,-0.081200,-0.029000,-0.983100, , , 
39415.000000,1973499.000000,75549924.000000, , , ,-1.625977,0.000000,0.000000
39416.000000,1973500.000000,75549924.000000,-0.081200,-0.020300,-0.968600, , , 
39417.000000,1973599.000000,75549924.000000,-0.075400,-0.040600,-0.962800, , , 
39418.000000,1973600.000000,75549924.000000, , , ,-1.300781,-0.325195,-0.325195
39419.000000,1973700.000000,75549924.000000,-0.087000,-0.034800,-0.965700, , , 
39420.000000,1973701.000000,75549924.000000, , , ,-0.975586,-0.650391,-0.325195
39421.000000,1973792.000000,75549924.000000, , , ,-1.300781,-0.650391,-0.650391
39422.000000,1973799.000000,75549924.000000,-0.063800,-0.052200,-0.933800, , , 
39423.000000,1973893.000000,75549924.000000, , , ,-1.300781,-1.951172,-0.650391
39424.000000,1973900.000000,75549924.000000,-0.081200,-0.017400,-0.954100, , , 
39425.000000,1973994.000000,75549924.000000, , , ,-0.650391,-0.975586,-0.975586
39426.000000,1973999.000000,75549924.000000,-0.098600,-0.046400,-0.942500, , , 
39427.000000,1974095.000000,75549924.000000, , , ,-0.650391,-0.325195,-0.650391
39428.000000,1974100.000000,75549924.000000,-0.098600,-0.029000,-0.968600, , , 
39429.000000,1974196.000000,75549924.000000, , , ,-0.650391,-0.650391,-0.975586
39430.000000,1974199.000000,75549924.000000,-0.087000,-0.043500,-0.974400, , , 
39431.000000,1974297.000000,75549924.000000, , , ,0.000000,-0.650391,-0.975586
39432.000000,1974300.000000,75549924.000000,-0.095700,-0.043500,-0.965700, , , 
39433.000000,1974398.000000,75549924.000000, , , ,0.000000,-0.325195,-0.975586
39434.000000,1974399.000000,75549924.000000,-0.098600,-0.037700,-0.977300, , , 
39435.000000,1974499.000000,75549924.000000, , , ,0.000000,-0.325195,-0.975586
39436.000000,1974500.000000,75549924.000000,-0.107300,-0.031900,-0.974400, , , 
39437.000000,1974599.000000,75549924.000000,-0.113100,-0.043500,-0.991800, , , 
39438.000000,1974600.000000,75549924.000000, , , ,0.325195,0.000000,-0.975586
39439.000000,1974700.000000,75549924.000000,-0.107300,-0.043500,-0.983100, , , 
39440.000000,1974701.000000,75549924.000000, , , ,0.000000,-0.325195,-0.975586
39441.000000,1974792.000000,75549924.000000, , , ,0.000000,-0.325195,-0.650391
39442.000000,1974799.000000,75549924.000000,-0.118900,-0.049300,-0.980200, , , 
39443.000000,1974893.000000,75549924.000000, , , ,0.000000,0.325195,-0.650391
39444.000000,1974900.000000,75549924.000000,-0.133400,-0.037700,-1.015000, , , 
39445.000000,1974994.000000,75549924.000000, , , ,-0.325195,1.625977,-0.975586
39446.000000,1974999.000000,75549924.000000,-0.113100,-0.049300,-1.012100, , , 
39447.000000,1975095.000000,75549924.000000, , , ,0.000000,0.325195,-0.650391
39448.000000,1975100.000000,75549924.000000,-0.095700,-0.014500,-0.991800, , , 
39449.000000,1975196.000000,75549924.000000, , , ,0.000000,-0.325195,-0.325195
39450.000000,1975199.000000,75549924.000000,-0.124700,-0.055100,-1.003400, , , 
39451.000000,1975297.000000,75549924.000000, , , ,-0.325195,0.650391,-0.650391
39452.000000,1975300.000000,75549924.000000,-0.124700,-0.043500,-0.968600, , , 
39453.000000,1975398.000000,75549924.000000, , , ,-0.650391,0.000000,-0.325195
39454.000000,1975399.000000,75549924.000000,-0.104400,-0.040600,-0.988900, , , 
39455.000000,1975499.000000,75549924.000000, , , ,-1.300781,-0.325195,-0.325195
39456.000000,1975500.000000,75549924.000000,-0.127600,-0.043500,-0.965700, , , 
39457.000000,1975599.000000,75549924.000000,-0.142100,-0.023200,-0.991800, , , 
39458.000000,1975600.000000,75549924.000000, , , ,-1.300781,0.000000,-0.325195
39459.000000,1975700.000000,75549924.000000,-0.150800,-0.040600,-0.988900, , , 
39460.000000,1975701.000000,75549924.000000, , , ,-1.300781,0.650391,-0.325195
39461.000000,1975792.000000,75549924.000000, , , ,-0.975586,0.325195,0.000000
39462.000000,1975799.000000,75549924.000000,-0.130500,-0.031900,-0.991800, , , 
39463.000000,1975893.000000,75549924.000000, , , ,-1.625977,-0.975586,-0.325195
39464.000000,1975900.000000,75549924.000000,-0.133400,-0.029000,-0.968600, , , 
39465.000000,1975994.000000,75549924.000000, , , ,-1.300781,-0.650391,-0.650391
39466.000000,1975999.000000,75549924.000000,-0.168200,-0.031900,-0.983100, , , 
39467.000000,1976095.000000,75549924.000000, , , ,-1.300781,0.650391,-0.325195
39468.000000,1976100.000000,75549924.000000,-0.136300,-0.029000,-0.986000, , , 
39469.000000,1976196.000000,75549924.000000, , , ,-0.975586,0.650391,-0.325195
39470.000000,1976199.000000,75549924.000000,-0.092800,-0.020300,-1.006300, , , 
39471.000000,1976297.000000,75549924.000000, , , ,-0.975586,0.650391,-0.325195
39472.000000,1976300.000000,75549924.000000,-0.084100,-0.011600,-1.000500, , , 
39473.000000,1976398.000000,75549924.000000, , , ,-0.975586,0.650391,-0.325195
39474.000000,1976399.000000,75549924.000000,-0.078300,-0.026100,-0.997600, , , 
39475.000000,1976499.000000,75549924.000000, , , ,-0.650391,0.325195,-0.325195
39476.000000,1976500.000000,75549924.000000,-0.063800,-0.020300,-0.977300, , , 
39477.000000,1976599.000000,75549924.000000,-0.063800,-0.005800,-0.977300, , , 
39478.000000,1976600.000000,75549924.000000, , , ,-0.325195,0.000000,-0.325195
39479.000000,1976700.000000,75549924.000000,-0.072500,-0.023200,-0.951200, , , 
39480.000000,1976701.000000,75549924.000000, , , ,-1.300781,-0.975586,-0.325195
39481.000000,1976792.000000,75549924.000000, , , ,-0.650391,0.000000,0.000000
39482.000000,1976799.000000,75549924.000000,-0.087000,-0.023200,-1.000500, , , 
39483.000000,1976893.000000,75549924.000000, , , ,-0.325195,0.325195,-0.325195
39484.000000,1976900.000000,75549924.000000,-0.084100,-0.020300,-0.971500, , , 
39485.000000,1976994.000000,75549924.000000, , , ,-1.300781,0.000000,-0.325195
39486.000000,1976999.000000,75549924.000000,-0.058000,-0.014500,-0.991800, , , 
39487.000000,1977095.000000,75549924.000000, , , ,-0.650391,0.000000,-0.325195
39488.000000,1977100.000000,75549924.000000,-0.069600,-0.023200,-0.988900, , , 
39489.000000,1977196.000000,75549924.000000, , , ,-0.975586,0.000000,-0.325195
39490.000000,1977199.000000,75549924.000000,-0.069600,0.000000,-0.957000, , , 
39491.000000,1977297.000000,75549924.000000, , , ,-0.975586,-0.650391,-0.325195
39492.000000,1977300.000000,75549924.000000,-0.052200,-0.023200,-0.959900, , , 
39493.000000,1977398.000000,75549924.000000, , , ,-0.650391,-1.625977,0.000000
39494.000000,1977399.000000,75549924.000000,-0.072500,-0.011600,-0.971500, , , 
39495.000000,1977499.000000,75549924.000000, , , ,0.000000,-1.625977,-0.650391
39496.000000,1977500.000000,75549924.000000,-0.098600,-0.008700,-0.948300, , , 
39497.000000,1977599.000000,75549924.000000,-0.121800,-0.029000,-0.971500, , , 
39498.000000,1977600.000000,75549924.000000, , , ,-0.325195,-0.325195,-0.975586
39499.000000,1977700.000000,75549924.000000,-0.133400,-0.043500,-0.980200, , , 
39500.000000,1977701.000000,75549924.000000, , , ,0.325195,-0.325195,-1.300781
39501.000000,1977792.000000,75549924.000000, , , ,0.325195,-0.650391,-1.951172
39502.000000,1977799.000000,75549924.000000,-0.150800,-0.066700,-0.983100, , , 
39503.000000,1977893.000000,75549924.000000, , , ,0.000000,-0.325195,-2.926758
39504.000000,1977900.000000,75549924.000000,-0.168200,-0.110200,-0.977300, , , 
39505.000000,1977994.000000,75549924.000000, , , ,0.000000,-0.650391,-4.227539
39506.000000,1977999.000000,75549924.000000,-0.188500,-0.130500,-0.980200, , , 
39507.000000,1978095.000000,75549924.000000, , , ,0.000000,-0.325195,-5.528320
39508.000000,1978100.000000,75549924.000000,-0.197200,-0.153700,-0.983100, , , 
39509.000000,1978196.000000,75549924.000000, , , ,0.000000,-0.325195,-6.503906
39510.000000,1978199.000000,75549924.000000,-0.194300,-0.188500,-0.968600, , , 
39511.000000,1978297.000000,75549924.000000, , , ,0.000000,-0.650391,-7.804688
39512.000000,1978300.000000,75549924.000000,-0.191400,-0.200100,-0.959900, , , 
39513.000000,1978398.000000,75549924.000000, , , ,-0.325195,-0.975586,-8.455078
39514.000000,1978399.000000,75549924.000000,-0.194300,-0.217500,-0.968600, , , 
39515.000000,1978499.000000,75549924.000000, , , ,-0.325195,-0.325195,-9.105469
39516.000000,1978500.000000,75549924.000000,-0.176900,-0.226200,-0.974400, , , 
39517.000000,1978599.000000,75549924.000000,-0.147900,-0.229100,-0.980200, , , 
39518.000000,1978600.000000,75549924.000000, , , ,-0.650391,0.325195,-10.081055
39519.000000,1978700.000000,75549924.000000,-0.133400,-0.243600,-0.971500, , , 
39520.000000,1978701.000000,75549924.000000, , , ,0.000000,0.000000,-10.081055
39521.000000,1978792.000000,75549924.000000, , , ,-0.650391,-0.325195,-11.056641
39522.000000,1978799.000000,75549924.000000,-0.142100,-0.281300,-0.977300, , , 
39523.000000,1978893.000000,75549924.000000, , , ,-0.650391,-0.650391,-12.032227
39524.000000,1978900.000000,75549924.000000,-0.133400,-0.290000,-0.948300, , , 
39525.000000,1978994.000000,75549924.000000, , , ,-1.625977,-1.625977,-13.333008
39526.000000,1978999.000000,75549924.000000,-0.136300,-0.313200,-0.948300, , , 
39527.000000,1979095.000000,75549924.000000, , , ,-2.601563,-1.625977,-14.308594
39528.000000,1979100.000000,75549924.000000,-0.145000,-0.345100,-0.968600, , , 
39529.000000,1979196.000000,75549924.000000, , , ,-3.577148,-0.650391,-14.958983
39530.000000,1979199.000000,75549924.000000,-0.159500,-0.348000,-0.951200, , , 
39531.000000,1979297.000000,75549924.000000, , , ,-2.926758,0.000000,-16.584961
39532.000000,1979300.000000,75549924.000000,-0.139200,-0.345100,-0.977300, , , 
39533.000000,1979398.000000,75549924.000000, , , ,-3.577148,-0.650391,-14.958983
39534.000000,1979399.000000,75549924.000000,-0.127600,-0.356700,-0.962800, , , 
39535.000000,1979499.000000,75549924.000000, , , ,-2.276367,-1.625977,-18.536133
39536.000000,1979500.000000,75549924.000000,-0.116000,-0.345100,-0.942500, , , 
39537.000000,1979599.000000,75549924.000000,-0.087000,-0.365400,-0.971500, , , 
39538.000000,1979600.000000,75549924.000000, , , ,-1.625977,-1.300781,-19.511719
39539.000000,1979700.000000,75549924.000000,-0.078300,-0.379900,-0.991800, , , 
39540.000000,1979701.000000,75549924.000000, , , ,-1.951172,-0.325195,-19.836914
39541.000000,1979792.000000,75549924.000000, , , ,-0.325195,0.650391,-21.137695
39542.000000,1979799.000000,75549924.000000,-0.066700,-0.379900,-0.986000, , , 
39543.000000,1979893.000000,75549924.000000, , , ,0.325195,0.650391,-21.462891
39544.000000,1979900.000000,75549924.000000,-0.058000,-0.368300,-0.997600, , , 
39545.000000,1979994.000000,75549924.000000, , , ,0.000000,0.650391,-22.438477
39546.000000,1979999.000000,75549924.000000,-0.058000,-0.414700,-0.994700, , , 
39547.000000,1980095.000000,75549924.000000, , , ,-0.325195,0.325195,-22.438477
39548.000000,1980100.000000,75549924.000000,-0.049300,-0.423400,-1.000500, , , 
39549.000000,1980196.000000,75549924.000000, , , ,0.975586,0.000000,-22.763672
39550.000000,1980199.000000,75549924.000000,-0.058000,-0.371200,-0.994700, , , 
39551.000000,1980297.000000,75549924.000000, , , ,-0.975586,0.000000,-23.088867
39552.000000,1980300.000000,75549924.000000,-0.017400,-0.466900,-0.968600, , , 
39553.000000,1980398.000000,75549924.000000, , , ,-1.951172,-0.650391,-19.186523
39554.000000,1980399.000000,75549924.000000,-0.020300,-0.394400,-0.965700, , , 
39555.000000,1980499.000000,75549924.000000, , , ,-1.300781,-1.625977,-21.788086
39556.000000,1980500.000000,75549924.000000,0.014500,-0.403100,-0.957000, , , 
39557.000000,1980599.000000,75549924.000000,0.002900,-0.423400,-0.977300, , , 
39558.000000,1980600.000000,75549924.000000, , , ,-2.601563,-1.625977,-21.788086
39559.000000,1980700.000000,75549924.000000,-0.011600,-0.348000,-0.994700, , , 
39560.000000,1980701.000000,75549924.000000, , , ,-1.300781,-0.975586,-21.788086
39561.000000,1980792.000000,75549924.000000, , , ,-0.325195,0.000000,-22.763672
39562.000000,1980799.000000,75549924.000000,0.014500,-0.388600,-0.962800, , , 
39563.000000,1980893.000000,75549924.000000, , , ,-0.650391,0.000000,-22.763672
39564.000000,1980900.000000,75549924.000000,0.026100,-0.394400,-0.986000, , , 
39565.000000,1980994.000000,75549924.000000, , , ,0.000000,-0.325195,-22.438477
39566.000000,1981000.000000,75549924.000000,0.052200,-0.377000,-0.980200, , , 
39567.000000,1981094.000000,75549924.000000, , , ,-0.650391,-1.300781,-22.438477
39568.000000,1981099.000000,75549924.000000,0.049300,-0.397300,-0.974400, , , 
39569.000000,1981195.000000,75549924.000000, , , ,-0.975586,-0.975586,-22.113281
39570.000000,1981200.000000,75549924.000000,0.026100,-0.394400,-0.994700, , , 
39571.000000,1981296.000000,75549924.000000, , , ,-1.951172,-0.325195,-21.788086
39572.000000,1981301.000000,75549924.000000,0.040600,-0.394400,-0.965700, , , 
39573.000000,1981396.000000,75549924.000000, , , ,-0.975586,-0.325195,-21.137695
39574.000000,1981399.000000,75549924.000000,0.058000,-0.359600,-0.968600, , , 
39575.000000,1981497.000000,75549924.000000, , , ,-1.300781,-0.975586,-20.812500
39576.000000,1981500.000000,75549924.000000,0.043500,-0.371200,-1.000500, , , 
39577.000000,1981598.000000,75549924.000000, , , ,-1.951172,-0.650391,-20.162109
39578.000000,1981599.000000,75549924.000000,0.031900,-0.359600,-0.974400, , , 
39579.000000,1981699.000000,75549924.000000, , , ,-1.300781,-0.325195,-19.836914
39580.000000,1981700.000000,75549924.000000,0.081200,-0.339300,-0.974400, , , 
39581.000000,1981799.000000,75549924.000000,0.136300,-0.313200,-0.986000, , , 
39582.000000,1981800.000000,75549924.000000, , , ,-1.951172,0.325195,-18.210938
39583.000000,1981900.000000,75549924.000000,0.147900,-0.290000,-0.994700, , , 
39584.000000,1981901.000000,75549924.000000, , , ,-2.276367,-0.650391,-16.584961
39585.000000,1981992.000000,75549924.000000, , , ,-3.251953,-0.325195,-12.357422
39586.000000,1981999.000000,75549924.000000,0.153700,-0.214600,-0.971500, , , 
39587.000000,1982093.000000,75549924.000000, , , ,-1.625977,0.000000,-12.357422
39588.000000,1982100.000000,75549924.000000,0.159500,-0.171100,-0.980200, , , 
39589.000000,1982194.000000,75549924.000000, , , ,-1.300781,-0.325195,-10.406250
39590.000000,1982199.000000,75549924.000000,0.165300,-0.139200,-0.974400, , , 
39591.000000,1982295.000000,75549924.000000, , , ,-0.975586,-0.650391,-8.780273
39592.000000,1982300.000000,75549924.000000,0.159500,-0.110200,-0.974400, , , 
39593.000000,1982396.000000,75549924.000000, , , ,-0.650391,0.000000,-7.804688
39594.000000,1982399.000000,75549924.000000,0.150800,-0.121800,-1.009200, , , 
39595.000000,1982497.000000,75549924.000000, , , ,0.325195,0.325195,-7.479492
39596.000000,1982500.000000,75549924.000000,0.150800,-0.089900,-0.991800, , , 
39597.000000,1982598.000000,75549924.000000, , , ,0.000000,0.000000,-5.853516
39598.000000,1982599.000000,75549924.000000,0.182700,-0.110200,-1.000500, , , 
39599.000000,1982699.000000,75549924.000000, , , ,-0.325195,0.000000,-5.203125
39600.000000,1982700.000000,75549924.000000,0.174000,-0.118900,-0.977300, , , 
39601.000000,1982800.000000,75549924.000000, , , ,-0.650391,-0.650391,-4.877930
39602.000000,1982801.000000,75549924.000000,0.168200,-0.089900,-0.986000, , , 
39603.000000,1982899.000000,75549924.000000,0.185600,-0.116000,-0.933800, , , 
39604.000000,1982900.000000,75549924.000000, , , ,-0.650391,-1.300781,-4.877930
39605.000000,1983000.000000,75549924.000000,0.156600,-0.092800,-0.983100, , , 
39606.000000,1983001.000000,75549924.000000, , , ,-0.975586,-1.625977,-4.552734
39607.000000,1983092.000000,75549924.000000, , , ,-0.650391,-0.975586,-5.203125
39608.000000,1983099.000000,75549924.000000,0.145000,-0.113100,-0.988900, , , 
39609.000000,1983193.000000,75549924.000000, , , ,-1.300781,0.000000,-4.552734
39610.000000,1983200.000000,75549924.000000,0.159500,-0.101500,-0.959900, , , 
39611.000000,1983294.000000,75549924.000000, , , ,-0.975586,-0.325195,-4.227539
39612.000000,1983299.000000,75549924.000000,0.185600,-0.087000,-0.983100, , , 
39613.000000,1983395.000000,75549924.000000, , , ,-1.625977,-0.975586,-3.577148
39614.000000,1983400.000000,75549924.000000,0.159500,-0.072500,-0.991800, , , 
39615.000000,1983496.000000,75549924.000000, , , ,-1.625977,-0.325195,-3.251953
39616.000000,1983499.000000,75549924.000000,0.147900,-0.063800,-0.980200, , , 
39617.000000,1983597.000000,75549924.000000, , , ,-1.625977,0.000000,-2.926758
39618.000000,1983600.000000,75549924.000000,0.162400,-0.052200,-0.991800, , , 
39619.000000,1983698.000000,75549924.000000, , , ,-1.300781,0.000000,-2.276367
39620.000000,1983699.000000,75549924.000000,0.171100,-0.043500,-0.994700, , , 
39621.000000,1983799.000000,75549924.000000, , , ,-0.975586,0.000000,-2.276367
39622.000000,1983800.000000,75549924.000000,0.153700,-0.052200,-0.986000, , , 
39623.000000,1983899.000000,75549924.000000,0.159500,-0.040600,-0.997600, , , 
39624.000000,1983900.000000,75549924.000000, , , ,-0.650391,-0.650391,-2.276367
39625.000000,1984000.000000,75549924.000000,0.165300,-0.052200,-0.988900, , , 
39626.000000,1984001.000000,75549924.000000, , , ,-0.650391,0.000000,-2.276367
39627.000000,1984092.000000,75549924.000000, , , ,-0.975586,-0.325195,-2.276367
39628.000000,1984099.000000,75549924.000000,0.168200,-0.031900,-0.991800, , , 
39629.000000,1984193.000000,75549924.000000, , , ,-0.650391,-0.325195,-1.951172
39630.000000,1984200.000000,75549924.000000,0.165300,-0.049300,-0.980200, , , 
39631.000000,1984294.000000,75549924.000000, , , ,-0.325195,-0.325195,-1.951172
39632.000000,1984299.000000,75549924.000000,0.156600,-0.040600,-0.988900, , , 
39633.000000,1984395.000000,75549924.000000, , , ,-0.650391,-0.650391,-1.951172
39634.000000,1984400.000000,75549924.000000,0.153700,-0.046400,-1.000500, , , 
39635.000000,1984496.000000,75549924.000000, , , ,-0.650391,0.000000,-1.625977
39636.000000,1984499.000000,75549924.000000,0.159500,-0.046400,-0.994700, , , 
39637.000000,1984597.000000,75549924.000000, , , ,-0.975586,-0.325195,-2.276367
39638.000000,1984600.000000,75549924.000000,0.162400,-0.052200,-0.997600, , , 
39639.000000,1984698.000000,75549924.000000, , , ,-0.975586,-0.325195,-2.276367
39640.000000,1984699.000000,75549924.000000,0.159500,-0.031900,-0.986000, , , 
39641.000000,1984799.000000,75549924.000000, , , ,-0.650391,0.000000,-1.625977
39642.000000,1984800.000000,75549924.000000,0.156600,-0.046400,-0.988900, , , 
39643.000000,1984899.000000,75549924.000000,0.156600,-0.031900,-0.988900, , , 
39644.000000,1984900.000000,75549924.000000, , , ,-0.650391,-0.325195,-1.951172
39645.000000,1985000.000000,75549924.000000,0.156600,-0.034800,-0.997600, , , 
39646.000000,1985001.000000,75549924.000000, , , ,-0.975586,0.000000,-1.300781
39647.000000,1985092.000000,75549924.000000, , , ,-0.650391,0.000000,-1.951172
39648.000000,1985099.000000,75549924.000000,0.153700,-0.034800,-0.994700, , , 
39649.000000,1985193.000000,75549924.000000, , , ,-1.300781,0.000000,-1.625977
39650.000000,1985200.000000,75549924.000000,0.147900,-0.043500,-1.003400, , , 
39651.000000,1985294.000000,75549924.000000, , , ,-0.325195,0.325195,-1.625977
39652.000000,1985299.000000,75549924.000000,0.142100,-0.037700,-1.015000, , , 
39653.000000,1985395.000000,75549924.000000, , , ,-0.975586,0.000000,-1.625977
39654.000000,1985400.000000,75549924.000000,0.153700,-0.037700,-1.009200, , , 
39655.000000,1985496.000000,75549924.000000, , , ,-1.625977,0.325195,-1.625977
39656.000000,1985499.000000,75549924.000000,0.153700,-0.040600,-1.009200, , , 
39657.000000,1985597.000000,75549924.000000, , , ,-1.625977,0.325195,-1.625977
39658.000000,1985600.000000,75549924.000000,0.150800,-0.037700,-1.012100, , , 
39659.000000,1985698.000000,75549924.000000, , , ,-2.276367,0.325195,-1.951172
39660.000000,1985699.000000,75549924.000000,0.150800,-0.040600,-1.000500, , , 
39661.000000,1985799.000000,75549924.000000, , , ,-1.300781,0.000000,-2.276367
39662.000000,1985800.000000,75549924.000000,0.150800,-0.052200,-1.003400, , , 
39663.000000,1985899.000000,75549924.000000,0.142100,-0.058000,-1.000500, , , 
39664.000000,1985900.000000,75549924.000000, , , ,-1.300781,-0.325195,-2.601563
39665.000000,1986000.000000,75549924.000000,0.150800,-0.084100,-1.003400, , , 
39666.000000,1986001.000000,75549924.000000, , , ,-0.975586,0.325195,-3.577148
39667.000000,1986092.000000,75549924.000000, , , ,-0.975586,0.000000,-4.227539
39668.000000,1986099.000000,75549924.000000,0.147900,-0.095700,-0.991800, , , 
39669.000000,1986193.000000,75549924.000000, , , ,-1.300781,0.000000,-4.877930
39670.000000,1986200.000000,75549924.000000,0.136300,-0.124700,-1.000500, , , 
39671.000000,1986294.000000,75549924.000000, , , ,-0.650391,0.000000,-5.853516
39672.000000,1986299.000000,75549924.000000,0.139200,-0.150800,-1.003400, , , 
39673.000000,1986395.000000,75549924.000000, , , ,-1.625977,0.000000,-6.503906
39674.000000,1986400.000000,75549924.000000,0.139200,-0.165300,-1.009200, , , 
39675.000000,1986496.000000,75549924.000000, , , ,-1.300781,0.325195,-7.154297
39676.000000,1986499.000000,75549924.000000,0.136300,-0.197200,-1.020800, , , 
39677.000000,1986597.000000,75549924.000000, , , ,-1.300781,0.000000,-7.804688
39678.000000,1986600.000000,75549924.000000,0.145000,-0.197200,-0.991800, , , 
39679.000000,1986698.000000,75549924.000000, , , ,-0.975586,-0.325195,-8.129883
39680.000000,1986699.000000,75549924.000000,0.136300,-0.217500,-0.997600, , , 
39681.000000,1986799.000000,75549924.000000, , , ,0.000000,0.000000,-8.780273
39682.000000,1986800.000000,75549924.000000,0.127600,-0.205900,-1.003400, , , 
39683.000000,1986899.000000,75549924.000000,0.133400,-0.223300,-1.003400, , , 
39684.000000,1986900.000000,75549924.000000, , , ,0.000000,0.325195,-8.455078
39685.000000,1987000.000000,75549924.000000,0.136300,-0.223300,-1.006300, , , 
39686.000000,1987001.000000,75549924.000000, , , ,-0.650391,0.000000,-8.455078
39687.000000,1987092.000000,75549924.000000, , , ,-0.975586,0.000000,-8.455078
39688.000000,1987099.000000,75549924.000000,0.127600,-0.223300,-1.000500, , , 
39689.000000,1987193.000000,75549924.000000, , , ,-0.650391,0.000000,-8.455078
39690.000000,1987200.000000,75549924.000000,0.139200,-0.214600,-1.000500, , , 
39691.000000,1987294.000000,75549924.000000, , , ,-0.650391,0.325195,-8.455078
39692.000000,1987299.000000,75549924.000000,0.124700,-0.229100,-1.003400, , , 
39693.000000,1987395.000000,75549924.000000, , , ,0.000000,0.000000,-8.455078
39694.000000,1987400.000000,75549924.000000,0.133400,-0.217500,-1.020800, , , 
39695.000000,1987496.000000,75549924.000000, , , ,-0.650391,0.325195,-7.804688
39696.000000,1987499.000000,75549924.000000,0.133400,-0.226200,-1.012100, , , 
39697.000000,1987597.000000,75549924.000000, , , ,-0.325195,0.325195,-8.129883
39698.000000,1987600.000000,75549924.000000,0.130500,-0.208800,-1.000500, , , 
39699.000000,1987698.000000,75549924.000000, , , ,-0.650391,0.325195,-7.804688
39700.000000,1987699.000000,75549924.000000,0.127600,-0.211700,-1.017900, , , 
39701.000000,1987799.000000,75549924.000000, , , ,-0.650391,0.650391,-7.479492
39702.000000,1987800.000000,75549924.000000,0.133400,-0.194300,-1.012100, , , 
39703.000000,1987899.000000,75549924.000000,0.139200,-0.168200,-1.012100, , , 
39704.000000,1987900.000000,75549924.000000, , , ,-1.300781,0.000000,-6.503906
39705.000000,1988000.000000,75549924.000000,0.124700,-0.153700,-1.017900, , , 
39706.000000,1988001.000000,75549924.000000, , , ,-1.300781,0.975586,-6.178711
39707.000000,1988092.000000,75549924.000000, , , ,-1.300781,0.650391,-5.528320
39708.000000,1988099.000000,75549924.000000,0.136300,-0.130500,-1.023700, , , 
39709.000000,1988193.000000,75549924.000000, , , ,-0.975586,0.000000,-5.203125
39710.000000,1988200.000000,75549924.000000,0.139200,-0.113100,-1.012100, , , 
39711.000000,1988294.000000,75549924.000000, , , ,-0.325195,0.000000,-4.552734
39712.000000,1988299.000000,75549924.000000,0.142100,-0.107300,-0.994700, , , 
39713.000000,1988395.000000,75549924.000000, , , ,0.000000,0.000000,-4.227539
39714.000000,1988400.000000,75549924.000000,0.127600,-0.098600,-0.997600, , , 
39715.000000,1988496.000000,75549924.000000, , , ,0.325195,0.325195,-3.902344
39716.000000,1988499.000000,75549924.000000,0.136300,-0.078300,-0.980200, , , 
39717.000000,1988597.000000,75549924.000000, , , ,0.325195,-0.650391,-3.577148
39718.000000,1988600.000000,75549924.000000,0.145000,-0.081200,-0.983100, , , 
39719.000000,1988698.000000,75549924.000000, , , ,0.000000,-0.325195,-3.251953
39720.000000,1988699.000000,75549924.000000,0.133400,-0.069600,-0.968600, , , 
39721.000000,1988799.000000,75549924.000000, , , ,0.000000,-0.650391,-2.926758
39722.000000,1988800.000000,75549924.000000,0.130500,-0.055100,-0.974400, , , 
39723.000000,1988899.000000,75549924.000000,0.139200,-0.049300,-0.986000, , , 
39724.000000,1988900.000000,75549924.000000, , , ,0.000000,-0.325195,-2.276367
39725.000000,1989000.000000,75549924.000000,0.139200,-0.031900,-0.988900, , , 
39726.000000,1989001.000000,75549924.000000, , , ,0.000000,0.000000,-2.276367
39727.000000,1989092.000000,75549924.000000, , , ,0.000000,0.000000,-2.601563
39728.000000,1989099.000000,75549924.000000,0.130500,-0.055100,-0.997600, , , 
39729.000000,1989193.000000,75549924.000000, , , ,0.000000,0.000000,-2.276367
39730.000000,1989200.000000,75549924.000000,0.130500,-0.055100,-0.997600, , , 
39731.000000,1989294.000000,75549924.000000, , , ,0.000000,0.000000,-2.276367
39732.000000,1989299.000000,75549924.000000,0.139200,-0.037700,-1.003400, , , 
39733.000000,1989395.000000,75549924.000000, , , ,0.000000,0.000000,-1.951172
39734.000000,1989400.000000,75549924.000000,0.136300,-0.049300,-0.988900, , , 
39735.000000,1989496.000000,75549924.000000, , , ,0.000000,0.000000,-1.625977
39736.000000,1989499.000000,75549924.000000,0.133400,-0.040600,-0.991800, , , 
39737.000000,1989597.000000,75549924.000000, , , ,0.000000,0.000000,-1.625977
39738.000000,1989600.000000,75549924.000000,0.133400,-0.037700,-0.997600, , , 
39739.000000,1989698.000000,75549924.000000, , , ,0.000000,0.325195,-1.625977
39740.000000,1989699.000000,75549924.000000,0.139200,-0.029000,-1.000500, , , 
39741.000000,1989799.000000,75549924.000000, , , ,0.000000,0.000000,-1.625977
39742.000000,1989800.000000,75549924.000000,0.133400,-0.040600,-1.000500, , , 
39743.000000,1989899.000000,75549924.000000,0.133400,-0.020300,-1.000500, , , 
39744.000000,1989900.000000,75549924.000000, , , ,-0.325195,-0.325195,-1.300781
39745.000000,1990000.000000,75549924.000000,0.127600,-0.029000,-1.003400, , , 
39746.000000,1990001.000000,75549924.000000, , , ,0.000000,0.000000,-0.975586
39747.000000,1990092.000000,75549924.000000, , , ,0.000000,0.000000,-0.975586
39748.000000,1990099.000000,75549924.000000,0.130500,-0.037700,-1.012100, , , 
39749.000000,1990193.000000,75549924.000000, , , ,-0.325195,0.000000,-0.975586
39750.000000,1990200.000000,75549924.000000,0.127600,-0.034800,-1.003400, , , 
39751.000000,1990294.000000,75549924.000000, , , ,0.000000,0.325195,-0.975586
39752.000000,1990299.000000,75549924.000000,0.121800,-0.017400,-1.017900, , , 
39753.000000,1990395.000000,75549924.000000, , , ,0.000000,0.325195,-0.650391
39754.000000,1990400.000000,75549924.000000,0.136300,-0.011600,-1.015000, , , 
39755.000000,1990496.000000,75549924.000000, , , ,0.000000,0.000000,-0.650391
39756.000000,1990499.000000,75549924.000000,0.118900,-0.008700,-1.017900, , , 
39757.000000,1990597.000000,75549924.000000, , , ,-0.325195,0.975586,-0.325195
39758.000000,1990600.000000,75549924.000000,0.121800,0.000000,-1.017900, , , 
39759.000000,1990698.000000,75549924.000000, , , ,0.000000,0.000000,0.000000
39760.000000,1990699.000000,75549924.000000,0.147900,0.014500,-0.983100, , , 
39761.000000,1990799.000000,75549924.000000, , , ,0.000000,-0.650391,0.000000
39762.000000,1990800.000000,75549924.000000,0.116000,0.023200,-0.980200, , , 
39763.000000,1990899.000000,75549924.000000,0.130500,0.008700,-1.000500, , , 
39764.000000,1990900.000000,75549924.000000, , , ,0.000000,0.000000,0.000000
39765.000000,1991000.000000,75549924.000000,0.121800,0.031900,-0.997600, , , 
39766.000000,1991001.000000,75549924.000000, , , ,0.650391,0.325195,0.000000
39767.000000,1991092.000000,75549924.000000, , , ,0.650391,0.000000,-0.325195
39768.000000,1991099.000000,75549924.000000,0.113100,0.005800,-1.000500, , , 
39769.000000,1991193.000000,75549924.000000, , , ,0.650391,0.000000,0.000000
39770.000000,1991200.000000,75549924.000000,0.116000,0.026100,-1.003400, , , 
39771.000000,1991294.000000,75549924.000000, , , ,0.000000,0.325195,0.000000
39772.000000,1991299.000000,75549924.000000,0.116000,0.005800,-1.015000, , , 
39773.000000,1991395.000000,75549924.000000, , , ,-0.325195,0.650391,0.000000
39774.000000,1991400.000000,75549924.000000,0.113100,0.000000,-1.015000, , , 
39775.000000,1991496.000000,75549924.000000, , , ,0.000000,0.975586,0.000000
39776.000000,1991499.000000,75549924.000000,0.124700,0.002900,-1.020800, , , 
39777.000000,1991597.000000,75549924.000000, , , ,0.000000,0.325195,0.000000
39778.000000,1991600.000000,75549924.000000,0.127600,0.017400,-1.009200, , , 
39779.000000,1991698.000000,75549924.000000, , , ,0.325195,0.000000,0.000000
39780.000000,1991699.000000,75549924.000000,0.124700,0.005800,-0.997600, , , 
39781.000000,1991799.000000,75549924.000000, , , ,0.000000,0.325195,0.000000
39782.000000,1991800.000000,75549924.000000,0.113100,-0.020300,-1.009200, , , 
39783.000000,1991899.000000,75549924.000000,0.121800,-0.026100,-1.012100, , , 
39784.000000,1991900.000000,75549924.000000, , , ,0.000000,0.325195,0.000000
39785.000000,1992000.000000,75549924.000000,0.136300,-0.020300,-0.988900, , , 
39786.000000,1992001.000000,75549924.000000, , , ,0.000000,0.000000,0.000000
39787.000000,1992092.000000,75549924.000000, , , ,-0.325195,-0.650391,0.000000
39788.000000,1992099.000000,75549924.000000,0.121800,-0.017400,-0.965700, , , 
39789.000000,1992193.000000,75549924.000000, , , ,-0.325195,0.000000,0.000000
39790.000000,1992200.000000,75549924.000000,0.110200,-0.031900,-0.988900, , , 
39791.000000,1992294.000000,75549924.000000, , , ,-0.325195,0.325195,0.000000
39792.000000,1992299.000000,75549924.000000,0.121800,-0.040600,-0.994700, , , 
39793.000000,1992395.000000,75549924.000000, , , ,-0.650391,0.000000,-0.325195
39794.000000,1992400.000000,75549924.000000,0.124700,-0.037700,-0.988900, , , 
39795.000000,1992496.000000,75549924.000000, , , ,-0.650391,-0.325195,-0.975586
39796.000000,1992499.000000,75549924.000000,0.101500,-0.011600,-0.980200, , , 
39797.000000,1992597.000000,75549924.000000, , , ,-0.325195,-0.325195,-0.650391
39798.000000,1992600.000000,75549924.000000,0.098600,-0.037700,-0.977300, , , 
39799.000000,1992698.000000,75549924.000000, , , ,-0.325195,-0.325195,-0.325195
39800.000000,1992699.000000,75549924.000000,0.095700,-0.037700,-0.971500, , , 
39801.000000,1992799.000000,75549924.000000, , , ,-0.325195,-0.325195,-0.650391
39802.000000,1992800.000000,75549924.000000,0.087000,-0.049300,-0.983100, , , 
39803.000000,1992899.000000,75549924.000000,0.089900,-0.043500,-0.991800, , , 
39804.000000,1992900.000000,75549924.000000, , , ,-0.650391,-0.325195,-0.325195
39805.000000,1993000.000000,75549924.000000,0.092800,-0.034800,-0.980200, , , 
39806.000000,1993001.000000,75549924.000000, , , ,-0.650391,-0.325195,-0.650391
39807.000000,1993092.000000,75549924.000000, , , ,-0.650391,-0.650391,-0.650391
39808.000000,1993099.000000,75549924.000000,0.104400,-0.020300,-0.959900, , , 
39809.000000,1993193.000000,75549924.000000, , , ,-0.325195,-0.650391,-0.325195
39810.000000,1993200.000000,75549924.000000,0.081200,-0.026100,-0.957000, , , 
39811.000000,1993294.000000,75549924.000000, , , ,0.000000,-0.325195,0.000000
39812.000000,1993299.000000,75549924.000000,0.049300,-0.043500,-0.971500, , , 
39813.000000,1993395.000000,75549924.000000, , , ,0.000000,0.325195,-0.325195
39814.000000,1993400.000000,75549924.000000,0.046400,-0.037700,-1.020800, , , 
39815.000000,1993496.000000,75549924.000000, , , ,-0.650391,0.000000,-0.975586
39816.000000,1993499.000000,75549924.000000,0.075400,-0.040600,-1.023700, , , 
39817.000000,1993597.000000,75549924.000000, , , ,-1.300781,0.325195,-0.650391
39818.000000,1993600.000000,75549924.000000,0.072500,-0.034800,-0.994700, , , 
39819.000000,1993698.000000,75549924.000000, , , ,-0.650391,-0.975586,0.000000
39820.000000,1993699.000000,75549924.000000,0.060900,-0.014500,-0.945400, , , 
39821.000000,1993799.000000,75549924.000000, , , ,-1.300781,-0.975586,0.000000
39822.000000,1993800.000000,75549924.000000,-0.002900,-0.014500,-0.957000, , , 
39823.000000,1993899.000000,75549924.000000,0.005800,0.000000,-1.003400, , , 
39824.000000,1993900.000000,75549924.000000, , , ,-1.625977,0.000000,0.650391
39825.000000,1994000.000000,75549924.000000,0.005800,0.052200,-1.009200, , , 
39826.000000,1994001.000000,75549924.000000, , , ,-0.650391,0.000000,1.300781
39827.000000,1994092.000000,75549924.000000, , , ,-0.975586,0.325195,0.975586
39828.000000,1994099.000000,75549924.000000,0.011600,0.046400,-1.009200, , , 
39829.000000,1994193.000000,75549924.000000, , , ,-0.650391,0.000000,1.300781
39830.000000,1994200.000000,75549924.000000,0.011600,0.029000,-1.003400, , , 
39831.000000,1994294.000000,75549924.000000, , , ,-1.300781,0.325195,0.975586
39832.000000,1994299.000000,75549924.000000,0.005800,0.020300,-0.977300, , , 
39833.000000,1994395.000000,75549924.000000, , , ,-0.975586,0.000000,0.650391
39834.000000,1994400.000000,75549924.000000,0.020300,0.023200,-0.974400, , , 
39835.000000,1994496.000000,75549924.000000, , , ,-0.975586,-0.325195,0.650391
39836.000000,1994499.000000,75549924.000000,0.017400,0.020300,-0.962800, , , 
39837.000000,1994597.000000,75549924.000000, , , ,-0.650391,-0.325195,0.975586
39838.000000,1994600.000000,75549924.000000,0.014500,0.020300,-0.977300, , , 
39839.000000,1994698.000000,75549924.000000, , , ,0.000000,0.000000,0.000000
39840.000000,1994699.000000,75549924.000000,0.029000,0.020300,-0.983100, , , 
39841.000000,1994799.000000,75549924.000000, , , ,0.000000,0.000000,0.000000
39842.000000,1994800.000000,75549924.000000,0.029000,0.000000,-0.997600, , , 
39843.000000,1994899.000000,75549924.000000,0.043500,-0.002900,-0.988900, , , 
39844.000000,1994900.000000,75549924.000000, , , ,0.000000,-0.325195,-0.325195
39845.000000,1995000.000000,75549924.000000,0.031900,-0.014500,-0.980200, , , 
39846.000000,1995001.000000,75549924.000000, , , ,0.325195,0.000000,0.000000
39847.000000,1995092.000000,75549924.000000, , , ,0.325195,0.000000,-0.325195
39848.000000,1995099.000000,75549924.000000,0.066700,-0.020300,-0.986000, , , 
39849.000000,1995193.000000,75549924.000000, , , ,0.000000,-0.325195,0.000000
39850.000000,1995200.000000,75549924.000000,0.046400,-0.014500,-0.983100, , , 
39851.000000,1995294.000000,75549924.000000, , , ,-0.325195,-0.650391,0.000000
39852.000000,1995299.000000,75549924.000000,0.049300,-0.031900,-0.977300, , , 
39853.000000,1995395.000000,75549924.000000, , , ,0.325195,0.000000,0.975586
39854.000000,1995400.000000,75549924.000000,0.063800,-0.008700,-0.980200, , , 
39855.000000,1995496.000000,75549924.000000, , , ,0.325195,0.325195,0.000000
39856.000000,1995499.000000,75549924.000000,0.049300,-0.005800,-0.994700, , , 
39857.000000,1995597.000000,75549924.000000, , , ,0.000000,0.325195,0.000000
39858.000000,1995600.000000,75549924.000000,0.052200,0.005800,-1.006300, , , 
39859.000000,1995698.000000,75549924.000000, , , ,0.000000,0.650391,0.325195
39860.000000,1995699.000000,75549924.000000,0.063800,-0.029000,-1.012100, , , 
39861.000000,1995799.000000,75549924.000000, , , ,-0.650391,0.650391,0.325195
39862.000000,1995800.000000,75549924.000000,0.078300,-0.020300,-1.000500, , , 
39863.000000,1995899.000000,75549924.000000,0.087000,-0.011600,-1.000500, , , 
39864.000000,1995900.000000,75549924.000000, , , ,-1.300781,0.325195,0.650391
39865.000000,1996000.000000,75549924.000000,0.072500,0.014500,-0.997600, , , 
39866.000000,1996001.000000,75549924.000000, , , ,-1.625977,0.000000,0.650391
39867.000000,1996092.000000,75549924.000000, , , ,-1.625977,0.000000,1.300781
39868.000000,1996099.000000,75549924.000000,0.058000,0.040600,-1.003400, , , 
39869.000000,1996193.000000,75549924.000000, , , ,-0.650391,-0.325195,1.625977
39870.000000,1996200.000000,75549924.000000,0.058000,0.058000,-0.991800, , , 
39871.000000,1996294.000000,75549924.000000, , , ,-1.300781,-0.325195,1.951172
39872.000000,1996299.000000,75549924.000000,0.046400,0.063800,-0.986000, , , 
39873.000000,1996395.000000,75549924.000000, , , ,-1.300781,-0.325195,2.276367
39874.000000,1996400.000000,75549924.000000,0.029000,0.084100,-0.977300, , , 
39875.000000,1996496.000000,75549924.000000, , , ,-0.650391,-0.975586,2.276367
39876.000000,1996499.000000,75549924.000000,0.046400,0.075400,-0.974400, , , 
39877.000000,1996597.000000,75549924.000000, , , ,-0.975586,0.000000,2.601563
39878.000000,1996600.000000,75549924.000000,0.026100,0.095700,-0.977300, , , 
39879.000000,1996698.000000,75549924.000000, , , ,-0.650391,0.000000,3.902344
39880.000000,1996699.000000,75549924.000000,0.040600,0.121800,-1.000500, , , 
39881.000000,1996799.000000,75549924.000000, , , ,-0.650391,0.000000,4.227539
39882.000000,1996800.000000,75549924.000000,0.063800,0.147900,-0.980200, , , 
39883.000000,1996899.000000,75549924.000000,0.058000,0.171100,-0.959900, , , 
39884.000000,1996900.000000,75549924.000000, , , ,-0.325195,-0.650391,5.203125
39885.000000,1997000.000000,75549924.000000,0.058000,0.171100,-0.957000, , , 
39886.000000,1997001.000000,75549924.000000, , , ,-0.325195,-0.325195,4.877930
39887.000000,1997092.000000,75549924.000000, , , ,-0.325195,0.000000,5.203125
39888.000000,1997099.000000,75549924.000000,0.066700,0.176900,-0.974400, , , 
39889.000000,1997193.000000,75549924.000000, , , ,0.325195,0.000000,5.203125
39890.000000,1997200.000000,75549924.000000,0.072500,0.174000,-0.980200, , , 
39891.000000,1997294.000000,75549924.000000, , , ,0.650391,0.000000,5.203125
39892.000000,1997299.000000,75549924.000000,0.069600,0.188500,-0.983100, , , 
39893.000000,1997395.000000,75549924.000000, , , ,0.650391,0.000000,5.203125
39894.000000,1997400.000000,75549924.000000,0.069600,0.182700,-1.000500, , , 
39895.000000,1997496.000000,75549924.000000, , , ,0.325195,0.975586,5.203125
39896.000000,1997499.000000,75549924.000000,0.058000,0.165300,-1.003400, , , 
39897.000000,1997597.000000,75549924.000000, , , ,0.000000,0.325195,5.528320
39898.000000,1997600.000000,75549924.000000,0.078300,0.142100,-1.015000, , , 
39899.000000,1997698.000000,75549924.000000, , , ,0.000000,0.000000,5.853516
39900.000000,1997699.000000,75549924.000000,0.095700,0.171100,-0.997600, , , 
39901.000000,1997799.000000,75549924.000000, , , ,-0.650391,0.000000,5.528320
39902.000000,1997800.000000,75549924.000000,0.078300,0.176900,-0.997600, , , 
39903.000000,1997899.000000,75549924.000000,0.075400,0.176900,-0.994700, , , 
39904.000000,1997900.000000,75549924.000000, , , ,-0.325195,0.325195,5.853516
39905.000000,1998000.000000,75549924.000000,0.087000,0.197200,-0.977300, , , 
39906.000000,1998001.000000,75549924.000000, , , ,-0.975586,0.000000,6.178711
39907.000000,1998092.000000,75549924.000000, , , ,-1.300781,-0.325195,6.503906
39908.000000,1998099.000000,75549924.000000,0.092800,0.182700,-0.986000, , , 
39909.000000,1998193.000000,75549924.000000, , , ,-1.300781,0.000000,6.503906
39910.000000,1998200.000000,75549924.000000,0.087000,0.194300,-0.965700, , , 
39911.000000,1998294.000000,75549924.000000, , , ,-0.975586,-0.650391,6.178711
39912.000000,1998299.000000,75549924.000000,0.089900,0.194300,-0.959900, , , 
39913.000000,1998395.000000,75549924.000000, , , ,-0.975586,-0.975586,6.178711
39914.000000,1998400.000000,75549924.000000,0.098600,0.194300,-0.945400, , , 
39915.000000,1998496.000000,75549924.000000, , , ,-0.975586,-0.975586,6.178711
39916.000000,1998499.000000,75549924.000000,0.072500,0.191400,-0.971500, , , 
39917.000000,1998597.000000,75549924.000000, , , ,-0.975586,0.000000,5.528320
39918.000000,1998600.000000,75549924.000000,0.098600,0.159500,-0.971500, , , 
39919.000000,1998698.000000,75549924.000000, , , ,0.000000,-0.650391,4.552734
39920.000000,1998699.000000,75549924.000000,0.092800,0.153700,-0.977300, , , 
39921.000000,1998799.000000,75549924.000000, , , ,-0.325195,0.000000,4.227539
39922.000000,1998800.000000,75549924.000000,0.081200,0.116000,-0.980200, , , 
39923.000000,1998899.000000,75549924.000000,0.092800,0.098600,-0.991800, , , 
39924.000000,1998900.000000,75549924.000000, , , ,-0.325195,0.000000,3.902344
39925.000000,1999000.000000,75549924.000000,0.098600,0.095700,-0.977300, , , 
39926.000000,1999001.000000,75549924.000000, , , ,-0.650391,-0.325195,3.577148
39927.000000,1999092.000000,75549924.000000, , , ,-0.975586,-0.650391,2.926758
39928.000000,1999099.000000,75549924.000000,0.098600,0.078300,-0.962800, , , 
39929.000000,1999193.000000,75549924.000000, , , ,0.000000,-0.650391,2.601563
39930.000000,1999200.000000,75549924.000000,0.104400,0.060900,-0.957000, , , 
39931.000000,1999294.000000,75549924.000000, , , ,0.000000,-0.975586,2.601563
39932.000000,1999299.000000,75549924.000000,0.095700,0.058000,-0.965700, , , 
39933.000000,1999395.000000,75549924.000000, , , ,-0.325195,-0.325195,2.601563
39934.000000,1999400.000000,75549924.000000,0.087000,0.052200,-0.983100, , , 
39935.000000,1999496.000000,75549924.000000, , , ,-0.650391,0.000000,2.276367
39936.000000,1999499.000000,75549924.000000,0.101500,0.034800,-0.980200, , , 
39937.000000,1999597.000000,75549924.000000, , , ,-0.325195,-0.975586,2.276367
39938.000000,1999600.000000,75549924.000000,0.107300,0.084100,-0.936700, , , 
39939.000000,1999698.000000,75549924.000000, , , ,0.325195,-1.300781,2.276367
39940.000000,1999699.000000,75549924.000000,0.107300,0.072500,-0.939600, , , 
39941.000000,1999799.000000,75549924.000000, , , ,-0.650391,-1.300781,2.276367
39942.000000,1999800.000000,75549924.000000,0.101500,0.029000,-0.948300, , , 
39943.000000,1999899.000000,75549924.000000,0.095700,0.049300,-0.890300, , , 
39944.000000,1999900.000000,75549924.000000, , , ,-0.325195,-1.300781,2.601563
39945.000000,2000000.000000,75549924.000000,0.095700,0.058000,-0.942500, , , 
39946.000000,2000001.000000,75549924.000000, , , ,-0.650391,-1.951172,2.601563
39947.000000,2000092.000000,75549924.000000, , , ,-0.975586,-0.975586,2.276367
39948.000000,2000099.000000,75549924.000000,0.098600,0.063800,-0.971500, , , 
39949.000000,2000193.000000,75549924.000000, , , ,-0.975586,-0.325195,1.625977
39950.000000,2000200.000000,75549924.000000,0.098600,0.037700,-0.974400, , , 
39951.000000,2000294.000000,75549924.000000, , , ,-1.625977,-0.975586,1.951172
39952.000000,2000299.000000,75549924.000000,0.107300,0.023200,-0.939600, , , 
39953.000000,2000395.000000,75549924.000000, , , ,-0.975586,-1.625977,1.951172
39954.000000,2000400.000000,75549924.000000,0.087000,0.029000,-0.951200, , , 
39955.000000,2000496.000000,75549924.000000, , , ,-1.625977,-0.650391,1.951172
39956.000000,2000499.000000,75549924.000000,0.104400,0.034800,-0.933800, , , 
39957.000000,2000597.000000,75549924.000000, , , ,-1.951172,-0.975586,1.625977
39958.000000,2000600.000000,75549924.000000,0.084100,0.026100,-0.971500, , , 
39959.000000,2000698.000000,75549924.000000, , , ,-1.625977,0.000000,1.300781
39960.000000,2000699.000000,75549924.000000,0.095700,0.020300,-0.994700, , , 
39961.000000,2000799.000000,75549924.000000, , , ,-1.951172,-0.325195,1.300781
39962.000000,2000800.000000,75549924.000000,0.110200,0.031900,-0.986000, , , 
39963.000000,2000899.000000,75549924.000000,0.107300,0.005800,-0.962800, , , 
39964.000000,2000900.000000,75549924.000000, , , ,-0.650391,-0.325195,0.650391
39965.000000,2001000.000000,75549924.000000,0.087000,0.000000,-0.954100, , , 
39966.000000,2001001.000000,75549924.000000, , , ,-0.975586,-0.650391,0.650391
39967.000000,2001092.000000,75549924.000000, , , ,-0.650391,-0.650391,0.000000
39968.000000,2001099.000000,75549924.000000,0.092800,-0.002900,-0.974400, , , 
39969.000000,2001193.000000,75549924.000000, , , ,-0.325195,0.000000,0.000000
39970.000000,2001200.000000,75549924.000000,0.107300,-0.023200,-0.983100, , , 
39971.000000,2001294.000000,75549924.000000, , , ,-0.325195,-0.650391,0.000000
39972.000000,2001299.000000,75549924.000000,0.098600,-0.026100,-0.974400, , , 
39973.000000,2001395.000000,75549924.000000, , , ,-0.325195,0.000000,0.000000
39974.000000,2001400.000000,75549924.000000,0.098600,-0.029000,-0.971500, , , 
39975.000000,2001496.000000,75549924.000000, , , ,-0.650391,-0.325195,-0.325195
39976.000000,2001499.000000,75549924.000000,0.095700,-0.023200,-0.983100, , , 
39977.000000,2001597.000000,75549924.000000, , , ,-0.650391,-0.650391,0.000000
39978.000000,2001600.000000,75549924.000000,0.107300,-0.011600,-0.974400, , , 
39979.000000,2001698.000000,75549924.000000, , , ,-0.650391,-0.975586,0.000000
39980.000000,2001701.000000,75549924.000000,0.107300,-0.017400,-0.954100, , , 
39981.000000,2001798.000000,75549924.000000, , , ,-0.975586,-0.650391,0.000000
39982.000000,2001799.000000,75549924.000000,0.092800,-0.017400,-0.962800, , , 
39983.000000,2001899.000000,75549924.000000, , , ,-1.300781,-0.325195,0.000000
39984.000000,2001900.000000,75549924.000000,0.110200,-0.014500,-0.959900, , , 
39985.000000,2001999.000000,75549924.000000,0.092800,-0.017400,-0.974400, , , 
39986.000000,2002000.000000,75549924.000000, , , ,-0.975586,-0.650391,0.000000
39987.000000,2002100.000000,75549924.000000,0.095700,-0.023200,-0.980200, , , 
39988.000000,2002101.000000,75549924.000000, , , ,-0.325195,0.000000,0.000000
39989.000000,2002192.000000,75549924.000000, , , ,-0.650391,-1.300781,0.000000
39990.000000,2002199.000000,75549924.000000,0.110200,-0.020300,-0.951200, , , 
39991.000000,2002293.000000,75549924.000000, , , ,-0.325195,-1.951172,-0.325195
39992.000000,2002300.000000,75549924.000000,0.101500,-0.020300,-0.933800, , , 
39993.000000,2002394.000000,75549924.000000, , , ,-0.650391,-1.300781,0.000000
39994.000000,2002399.000000,75549924.000000,0.095700,-0.031900,-0.933800, , , 
39995.000000,2002495.000000,75549924.000000, , , ,-0.650391,-0.975586,-0.650391
39996.000000,2002500.000000,75549924.000000,0.087000,-0.029000,-0.959900, , , 
39997.000000,2002596.000000,75549924.000000, , , ,-0.325195,0.000000,0.000000
39998.000000,2002599.000000,75549924.000000,0.084100,-0.037700,-0.988900, , , 
39999.000000,2002697.000000,75549924.000000, , , ,-0.975586,0.000000,0.000000
40000.000000,2002700.000000,75549924.000000,0.089900,-0.026100,-0.991800, , , 
40001.000000,2002798.000000,75549924.000000, , , ,-0.975586,-0.650391,0.000000
40002.000000,2002799.000000,75549924.000000,0.110200,-0.017400,-0.971500, , , 
40003.000000,2002899.000000,75549924.000000, , , ,-0.975586,-0.975586,0.000000
40004.000000,2002900.000000,75549924.000000,0.084100,-0.017400,-0.954100, , , 
40005.000000,2002999.000000,75549924.000000,0.089900,-0.011600,-0.957000, , , 
40006.000000,2003000.000000,75549924.000000, , , ,-0.650391,-0.650391,0.000000
40007.000000,2003100.000000,75549924.000000,0.084100,-0.008700,-0.986000, , , 
40008.000000,2003101.000000,75549924.000000, , , ,-0.325195,-0.325195,0.000000
40009.000000,2003200.000000,75549924.000000,0.092800,-0.017400,-0.980200, , , 
40010.000000,2003201.000000,75549924.000000, , , ,-0.650391,-0.325195,0.000000
40011.000000,2003292.000000,75549924.000000, , , ,-0.325195,-0.325195,0.000000
40012.000000,2003299.000000,75549924.000000,0.089900,-0.017400,-0.977300, , , 
40013.000000,2003393.000000,75549924.000000, , , ,-0.650391,-0.650391,0.000000
40014.000000,2003400.000000,75549924.000000,0.092800,-0.017400,-0.965700, , , 
40015.000000,2003494.000000,75549924.000000, , , ,-0.650391,-0.325195,0.325195
40016.000000,2003499.000000,75549924.000000,0.089900,-0.023200,-0.959900, , , 
40017.000000,2003595.000000,75549924.000000, , , ,-0.325195,-0.975586,0.000000
40018.000000,2003600.000000,75549924.000000,0.101500,0.000000,-0.939600, , , 
40019.000000,2003696.000000,75549924.000000, , , ,-0.325195,-1.625977,0.000000
40020.000000,2003699.000000,75549924.000000,0.075400,-0.014500,-0.936700, , , 
40021.000000,2003797.000000,75549924.000000, , , ,-0.650391,-0.975586,0.000000
40022.000000,2003800.000000,75549924.000000,0.066700,-0.017400,-0.951200, , , 
40023.000000,2003898.000000,75549924.000000, , , ,-0.650391,-0.975586,0.000000
40024.000000,2003899.000000,75549924.000000,0.072500,-0.011600,-0.974400, , , 
40025.000000,2003999.000000,75549924.000000, , , ,-0.975586,-0.975586,0.000000
40026.000000,2004000.000000,75549924.000000,0.078300,-0.029000,-0.965700, , , 
40027.000000,2004099.000000,75549924.000000,0.063800,-0.005800,-0.939600, , , 
40028.000000,2004100.000000,75549924.000000, , , ,-0.650391,-1.300781,0.000000
40029.000000,2004200.000000,75549924.000000,0.060900,-0.011600,-0.942500, , , 
40030.000000,2004201.000000,75549924.000000, , , ,0.000000,-1.300781,0.000000
40031.000000,2004292.000000,75549924.000000, , , ,-0.325195,-1.300781,0.000000
40032.000000,2004299.000000,75549924.000000,0.037700,-0.020300,-0.959900, , , 
40033.000000,2004393.000000,75549924.000000, , , ,-0.650391,0.000000,0.000000
40034.000000,2004400.000000,75549924.000000,0.011600,-0.008700,-0.980200, , , 
40035.000000,2004494.000000,75549924.000000, , , ,-0.975586,-1.300781,0.000000
40036.000000,2004499.000000,75549924.000000,0.020300,-0.029000,-0.971500, , , 
40037.000000,2004595.000000,75549924.000000, , , ,-0.325195,-0.975586,-0.325195
40038.000000,2004600.000000,75549924.000000,-0.005800,-0.026100,-0.959900, , , 
40039.000000,2004696.000000,75549924.000000, , , ,0.000000,0.000000,0.000000
40040.000000,2004699.000000,75549924.000000,0.000000,-0.026100,-0.994700, , , 
40041.000000,2004797.000000,75549924.000000, , , ,-0.650391,0.000000,-0.325195
40042.000000,2004800.000000,75549924.000000,0.008700,-0.026100,-1.006300, , , 
40043.000000,2004898.000000,75549924.000000, , , ,-0.650391,-0.325195,0.000000
40044.000000,2004899.000000,75549924.000000,0.011600,-0.023200,-0.977300, , , 
40045.000000,2004999.000000,75549924.000000, , , ,-0.650391,-0.650391,-0.325195
40046.000000,2005000.000000,75549924.000000,0.026100,-0.020300,-0.951200, , , 
40047.000000,2005099.000000,75549924.000000,0.020300,-0.040600,-0.971500, , , 
40048.000000,2005100.000000,75549924.000000, , , ,-0.650391,0.000000,-0.325195
40049.000000,2005200.000000,75549924.000000,0.026100,-0.026100,-0.988900, , , 
40050.000000,2005201.000000,75549924.000000, , , ,-0.325195,0.000000,-0.325195
40051.000000,2005292.000000,75549924.000000, , , ,-0.325195,0.325195,0.000000
40052.000000,2005299.000000,75549924.000000,0.017400,-0.017400,-1.000500, , , 
40053.000000,2005393.000000,75549924.000000, , , ,-0.650391,0.325195,-0.325195
40054.000000,2005400.000000,75549924.000000,0.040600,-0.017400,-1.003400, , , 
40055.000000,2005494.000000,75549924.000000, , , ,-0.325195,-0.650391,0.000000
40056.000000,2005499.000000,75549924.000000,0.037700,-0.008700,-0.977300, , , 
40057.000000,2005595.000000,75549924.000000, , , ,-0.325195,-0.325195,-0.325195
40058.000000,2005600.000000,75549924.000000,0.037700,-0.026100,-0.980200, , , 
40059.000000,2005696.000000,75549924.000000, , , ,0.000000,-0.325195,0.000000
40060.000000,2005699.000000,75549924.000000,0.029000,-0.020300,-0.971500, , , 
40061.000000,2005797.000000,75549924.000000, , , ,0.000000,-0.650391,-0.325195
40062.000000,2005800.000000,75549924.000000,0.034800,-0.017400,-0.962800, , , 
40063.000000,2005898.000000,75549924.000000, , , ,0.000000,0.000000,0.000000
40064.000000,2005899.000000,75549924.000000,0.000000,-0.034800,-0.994700, , , 
40065.000000,2005999.000000,75549924.000000, , , ,-0.325195,-0.650391,0.000000
40066.000000,2006000.000000,75549924.000000,0.040600,-0.029000,-0.962800, , , 
40067.000000,2006099.000000,75549924.000000,0.000000,-0.040600,-0.959900, , , 
40068.000000,2006100.000000,75549924.000000, , , ,-0.650391,-1.300781,0.000000
40069.000000,2006200.000000,75549924.000000,-0.005800,-0.052200,-0.997600, , , 
40070.000000,2006201.000000,75549924.000000, , , ,-1.300781,0.000000,0.000000
40071.000000,2006292.000000,75549924.000000, , , ,-1.625977,0.000000,0.000000
40072.000000,2006299.000000,75549924.000000,0.002900,-0.014500,-0.977300, , , 
40073.000000,2006393.000000,75549924.000000, , , ,-2.601563,-0.325195,-0.325195
40074.000000,2006400.000000,75549924.000000,-0.008700,-0.063800,-1.006300, , , 
40075.000000,2006494.000000,75549924.000000, , , ,-1.625977,0.000000,0.000000
40076.000000,2006499.000000,75549924.000000,0.008700,0.000000,-0.986000, , , 
40077.000000,2006595.000000,75549924.000000, , , ,-1.625977,-1.625977,0.000000
40078.000000,2006600.000000,75549924.000000,0.000000,0.005800,-0.974400, , , 
40079.000000,2006696.000000,75549924.000000, , , ,-1.625977,0.000000,-0.325195
40080.000000,2006699.000000,75549924.000000,-0.031900,-0.052200,-1.026600, , , 
40081.000000,2006797.000000,75549924.000000, , , ,-0.975586,0.650391,0.000000
40082.000000,2006800.000000,75549924.000000,0.043500,0.008700,-0.977300, , , 
40083.000000,2006898.000000,75549924.000000, , , ,-0.325195,-1.300781,-0.325195
40084.000000,2006899.000000,75549924.000000,0.000000,0.000000,-0.974400, , , 
40085.000000,2006999.000000,75549924.000000, , , ,-0.325195,1.300781,-0.325195
40086.000000,2007000.000000,75549924.000000,-0.040600,-0.023200,-1.035300, , , 
40087.000000,2007099.000000,75549924.000000,0.014500,-0.034800,-1.041100, , , 
40088.000000,2007100.000000,75549924.000000, , , ,-1.625977,0.975586,-0.325195
40089.000000,2007200.000000,75549924.000000,0.008700,-0.017400,-0.959900, , , 
40090.000000,2007201.000000,75549924.000000, , , ,-0.975586,-0.975586,0.000000
40091.000000,2007292.000000,75549924.000000, , , ,0.000000,-1.625977,-0.650391
40092.000000,2007299.000000,75549924.000000,-0.017400,-0.011600,-0.913500, , , 
40093.000000,2007393.000000,75549924.000000, , , ,0.000000,-0.650391,-0.650391
40094.000000,2007400.000000,75549924.000000,-0.037700,-0.023200,-0.951200, , , 
40095.000000,2007494.000000,75549924.000000, , , ,0.325195,0.000000,-0.975586
40096.000000,2007499.000000,75549924.000000,-0.031900,-0.029000,-0.988900, , , 
40097.000000,2007595.000000,75549924.000000, , , ,0.000000,0.000000,-0.325195
40098.000000,2007600.000000,75549924.000000,-0.026100,-0.046400,-1.000500, , , 
40099.000000,2007696.000000,75549924.000000, , , ,-0.325195,-0.650391,-0.325195
40100.000000,2007699.000000,75549924.000000,-0.026100,-0.043500,-0.962800, , , 
40101.000000,2007797.000000,75549924.000000, , , ,-0.650391,-0.650391,0.000000
40102.000000,2007800.000000,75549924.000000,-0.049300,-0.026100,-0.954100, , , 
40103.000000,2007898.000000,75549924.000000, , , ,-1.300781,0.000000,0.000000
40104.000000,2007899.000000,75549924.000000,-0.037700,-0.029000,-0.977300, , , 
40105.000000,2007999.000000,75549924.000000, , , ,-0.650391,-0.650391,0.000000
40106.000000,2008000.000000,75549924.000000,-0.046400,-0.020300,-0.968600, , , 
40107.000000,2008099.000000,75549924.000000,-0.055100,-0.029000,-0.962800, , , 
40108.000000,2008100.000000,75549924.000000, , , ,-0.975586,-0.650391,-0.325195
40109.000000,2008200.000000,75549924.000000,-0.058000,-0.026100,-0.971500, , , 
40110.000000,2008201.000000,75549924.000000, , , ,-0.975586,0.000000,-0.650391
40111.000000,2008292.000000,75549924.000000, , , ,-0.325195,-0.325195,0.000000
40112.000000,2008299.000000,75549924.000000,-0.055100,-0.017400,-0.980200, , , 
40113.000000,2008393.000000,75549924.000000, , , ,0.000000,-0.325195,-0.325195
40114.000000,2008400.000000,75549924.000000,-0.049300,-0.014500,-0.974400, , , 
40115.000000,2008494.000000,75549924.000000, , , ,0.000000,-0.325195,-0.325195
40116.000000,2008499.000000,75549924.000000,-0.063800,-0.020300,-0.977300, , , 
40117.000000,2008595.000000,75549924.000000, , , ,-0.650391,0.000000,-0.325195
40118.000000,2008600.000000,75549924.000000,-0.046400,-0.020300,-0.991800, , , 
40119.000000,2008696.000000,75549924.000000, , , ,-0.650391,-0.325195,0.000000
40120.000000,2008699.000000,75549924.000000,-0.043500,-0.014500,-0.971500, , , 
40121.000000,2008797.000000,75549924.000000, , , ,-0.650391,-0.650391,0.000000
40122.000000,2008800.000000,75549924.000000,-0.052200,-0.008700,-0.951200, , , 
40123.000000,2008898.000000,75549924.000000, , , ,-0.650391,-0.650391,-0.325195
40124.000000,2008899.000000,75549924.000000,-0.049300,-0.008700,-0.968600, , , 
40125.000000,2008999.000000,75549924.000000, , , ,-0.325195,0.000000,0.000000
40126.000000,2009000.000000,75549924.000000,-0.052200,-0.002900,-0.962800, , , 
40127.000000,2009099.000000,75549924.000000,-0.055100,-0.014500,-0.974400, , , 
40128.000000,2009100.000000,75549924.000000, , , ,-0.975586,-0.325195,0.000000
40129.000000,2009200.000000,75549924.000000,-0.052200,-0.017400,-0.997600, , , 
40130.000000,2009201.000000,75549924.000000, , , ,-0.975586,0.000000,-0.325195
40131.000000,2009292.000000,75549924.000000, , , ,-0.325195,0.325195,0.000000
40132.000000,2009299.000000,75549924.000000,-0.055100,0.005800,-1.000500, , , 
40133.000000,2009393.000000,75549924.000000, , , ,-0.650391,-0.325195,0.000000
40134.000000,2009400.000000,75549924.000000,-0.046400,-0.014500,-0.986000, , , 
40135.000000,2009494.000000,75549924.000000, , , ,-0.325195,0.000000,-0.650391
40136.000000,2009499.000000,75549924.000000,-0.043500,-0.017400,-0.971500, , , 
40137.000000,2009595.000000,75549924.000000, , , ,-0.650391,-0.325195,0.000000
40138.000000,2009600.000000,75549924.000000,-0.055100,0.000000,-0.968600, , , 
40139.000000,2009696.000000,75549924.000000, , , ,-0.650391,-0.325195,0.000000
40140.000000,2009699.000000,75549924.000000,-0.060900,-0.023200,-0.986000, , , 
40141.000000,2009797.000000,75549924.000000, , , ,-0.325195,0.000000,0.325195
40142.000000,2009800.000000,75549924.000000,-0.037700,-0.029000,-0.988900, , , 
40143.000000,2009898.000000,75549924.000000, , , ,-0.650391,-0.650391,0.000000
40144.000000,2009899.000000,75549924.000000,-0.055100,-0.014500,-0.965700, , , 
40145.000000,2009999.000000,75549924.000000, , , ,-0.975586,0.000000,0.000000
40146.000000,2010000.000000,75549924.000000,-0.066700,-0.011600,-0.986000, , , 
40147.000000,2010099.000000,75549924.000000,-0.046400,-0.011600,-1.006300, , , 
40148.000000,2010100.000000,75549924.000000, , , ,-0.975586,0.000000,0.000000
40149.000000,2010200.000000,75549924.000000,-0.052200,-0.011600,-0.983100, , , 
40150.000000,2010201.000000,75549924.000000, , , ,-0.650391,-0.325195,-0.325195
40151.000000,2010292.000000,75549924.000000, , , ,-0.650391,-0.650391,-0.975586
40152.000000,2010299.000000,75549924.000000,-0.052200,-0.002900,-0.974400, , , 
40153.000000,2010393.000000,75549924.000000, , , ,-0.650391,-0.325195,0.000000
40154.000000,2010400.000000,75549924.000000,-0.058000,-0.008700,-0.988900, , , 
40155.000000,2010494.000000,75549924.000000, , , ,-0.650391,0.000000,0.325195
40156.000000,2010499.000000,75549924.000000,-0.052200,-0.026100,-1.009200, , , 
40157.000000,2010595.000000,75549924.000000, , , ,-0.650391,-0.325195,0.000000
40158.000000,2010600.000000,75549924.000000,-0.043500,-0.017400,-0.980200, , , 
40159.000000,2010696.000000,75549924.000000, , , ,-0.975586,-0.650391,0.000000
40160.000000,2010699.000000,75549924.000000,-0.049300,0.011600,-0.971500, , , 
40161.000000,2010797.000000,75549924.000000, , , ,-0.650391,0.000000,0.000000
40162.000000,2010800.000000,75549924.000000,-0.046400,-0.005800,-0.991800, , , 
40163.000000,2010898.000000,75549924.000000, , , ,-0.325195,0.000000,0.000000
40164.000000,2010899.000000,75549924.000000,-0.029000,-0.005800,-0.991800, , , 
40165.000000,2010999.000000,75549924.000000, , , ,-0.650391,0.000000,0.000000
40166.000000,2011000.000000,75549924.000000,-0.040600,-0.002900,-1.003400, , , 
40167.000000,2011099.000000,75549924.000000,-0.023200,-0.005800,-0.994700, , , 
40168.000000,2011100.000000,75549924.000000, , , ,-0.325195,0.000000,0.000000
40169.000000,2011200.000000,75549924.000000,-0.037700,-0.017400,-0.991800, , , 
40170.000000,2011201.000000,75549924.000000, , , ,-0.650391,0.000000,0.000000
40171.000000,2011292.000000,75549924.000000, , , ,0.000000,0.000000,-0.325195
40172.000000,2011299.000000,75549924.000000,-0.037700,-0.005800,-0.980200, , , 
40173.000000,2011393.000000,75549924.000000, , , ,-1.300781,0.000000,0.000000
40174.000000,2011400.000000,75549924.000000,-0.037700,-0.002900,-1.000500, , , 
40175.000000,2011494.000000,75549924.000000, , , ,-1.300781,0.000000,0.000000
40176.000000,2011499.000000,75549924.000000,-0.031900,-0.011600,-0.991800, , , 
40177.000000,2011595.000000,75549924.000000, , , ,-0.650391,0.000000,0.000000
40178.000000,2011600.000000,75549924.000000,-0.031900,0.000000,-0.980200, , , 
40179.000000,2011696.000000,75549924.000000, , , ,-0.650391,-0.325195,0.000000
40180.000000,2011701.000000,75549924.000000,-0.037700,0.002900,-0.974400, , , 
40181.000000,2011796.000000,75549924.000000, , , ,-0.325195,0.000000,0.000000
40182.000000,2011799.000000,75549924.000000,-0.034800,-0.005800,-0.983100, , , 
40183.000000,2011897.000000,75549924.000000, , , ,0.325195,-0.325195,-0.325195
40184.000000,2011900.000000,75549924.000000,-0.029000,0.005800,-0.983100, , , 
40185.000000,2011998.000000,75549924.000000, , , ,-0.325195,0.000000,0.000000
40186.000000,2011999.000000,75549924.000000,-0.037700,-0.011600,-0.991800, , , 
40187.000000,2012099.000000,75549924.000000, , , ,-0.325195,0.325195,0.000000
40188.000000,2012100.000000,75549924.000000,-0.029000,-0.026100,-0.991800, , , 
40189.000000,2012199.000000,75549924.000000,0.002900,-0.008700,-0.980200, , , 
40190.000000,2012200.000000,75549924.000000, , , ,-0.325195,0.000000,0.000000
40191.000000,2012300.000000,75549924.000000,0.014500,-0.017400,-0.980200, , , 
40192.000000,2012301.000000,75549924.000000, , , ,-0.975586,0.000000,0.000000
40193.000000,2012392.000000,75549924.000000, , , ,-0.975586,0.000000,-0.325195
40194.000000,2012399.000000,75549924.000000,0.026100,-0.029000,-0.974400, , , 
40195.000000,2012493.000000,75549924.000000, , , ,-0.975586,-0.650391,0.000000
40196.000000,2012500.000000,75549924.000000,0.011600,0.014500,-0.977300, , , 
40197.000000,2012594.000000,75549924.000000, , , ,-0.975586,0.000000,0.000000
40198.000000,2012599.000000,75549924.000000,0.008700,0.000000,-0.986000, , , 
40199.000000,2012695.000000,75549924.000000, , , ,0.000000,-0.325195,0.000000
40200.000000,2012700.000000,75549924.000000,0.017400,0.000000,-0.994700, , , 
40201.000000,2012796.000000,75549924.000000, , , ,0.000000,0.325195,-0.325195
40202.000000,2012799.000000,75549924.000000,0.011600,0.017400,-1.003400, , , 
40203.000000,2012897.000000,75549924.000000, , , ,0.000000,0.325195,-0.325195
40204.000000,2012900.000000,75549924.000000,0.026100,-0.023200,-1.012100, , , 
40205.000000,2012998.000000,75549924.000000, , , ,0.000000,0.000000,0.000000
40206.000000,2012999.000000,75549924.000000,0.020300,-0.014500,-0.997600, , , 
40207.000000,2013099.000000,75549924.000000, , , ,-0.325195,0.325195,0.000000
40208.000000,2013100.000000,75549924.000000,0.026100,-0.017400,-0.980200, , , 
40209.000000,2013199.000000,75549924.000000,0.029000,-0.008700,-0.962800, , , 
40210.000000,2013200.000000,75549924.000000, , , ,-0.650391,-0.325195,0.000000
40211.000000,2013300.000000,75549924.000000,0.011600,-0.017400,-0.971500, , , 
40212.000000,2013301.000000,75549924.000000, , , ,-0.975586,0.000000,0.000000
40213.000000,2013392.000000,75549924.000000, , , ,-1.300781,0.000000,0.000000
40214.000000,2013399.000000,75549924.000000,0.031900,0.000000,-1.000500, , , 
40215.000000,2013493.000000,75549924.000000, , , ,-0.650391,0.000000,-0.325195
40216.000000,2013500.000000,75549924.000000,0.029000,-0.011600,-0.977300, , , 
40217.000000,2013594.000000,75549924.000000, , , ,-0.650391,0.000000,0.000000
40218.000000,2013599.000000,75549924.000000,0.017400,-0.002900,-0.977300, , , 
40219.000000,2013695.000000,75549924.000000, , , ,-0.650391,-0.325195,0.000000
40220.000000,2013700.000000,75549924.000000,0.017400,0.000000,-0.988900, , , 
40221.000000,2013796.000000,75549924.000000, , , ,-0.325195,0.325195,0.000000
40222.000000,2013799.000000,75549924.000000,0.017400,-0.026100,-1.003400, , , 
40223.000000,2013897.000000,75549924.000000, , , ,-0.650391,-0.325195,-0.325195
40224.000000,2013900.000000,75549924.000000,0.037700,-0.008700,-0.991800, , , 
40225.000000,2013998.000000,75549924.000000, , , ,-0.650391,0.000000,-0.325195
40226.000000,2013999.000000,75549924.000000,0.020300,-0.011600,-0.977300, , , 
40227.000000,2014099.000000,75549924.000000, , , ,0.000000,-0.325195,0.000000
40228.000000,2014100.000000,75549924.000000,0.023200,-0.008700,-0.977300, , , 
40229.000000,2014199.000000,75549924.000000,0.023200,-0.014500,-0.988900, , , 
40230.000000,2014200.000000,75549924.000000, , , ,-0.650391,0.000000,0.000000
40231.000000,2014300.000000,75549924.000000,0.017400,-0.017400,-0.997600, , , 
40232.000000,2014301.000000,75549924.000000, , , ,-0.650391,-0.650391,0.000000
40233.000000,2014392.000000,75549924.000000, , , ,-0.650391,0.000000,-0.325195
40234.000000,2014399.000000,75549924.000000,0.023200,-0.011600,-0.997600, , , 
40235.000000,2014493.000000,75549924.000000, , , ,-0.325195,0.000000,0.000000
40236.000000,2014500.000000,75549924.000000,0.017400,-0.026100,-1.003400, , , 
40237.000000,2014594.000000,75549924.000000, , , ,-0.650391,0.000000,-0.325195
40238.000000,2014599.000000,75549924.000000,0.017400,-0.023200,-0.991800, , , 
40239.000000,2014695.000000,75549924.000000, , , ,-0.650391,0.000000,-0.325195
40240.000000,2014700.000000,75549924.000000,0.026100,-0.017400,-0.980200, , , 
40241.000000,2014796.000000,75549924.000000, , , ,-0.325195,-0.325195,0.000000
40242.000000,2014799.000000,75549924.000000,0.029000,-0.002900,-0.980200, , , 
40243.000000,2014897.000000,75549924.000000, , , ,-0.650391,-0.325195,-0.325195
40244.000000,2014900.000000,75549924.000000,0.000000,-0.014500,-0.994700, , , 
40245.000000,2014998.000000,75549924.000000, , , ,-0.650391,0.000000,-0.975586
40246.000000,2014999.000000,75549924.000000,0.023200,-0.005800,-0.983100, , , 
40247.000000,2015099.000000,75549924.000000, , , ,-0.325195,-0.325195,0.000000
40248.000000,2015100.000000,75549924.000000,0.031900,-0.002900,-0.986000, , , 
40249.000000,2015199.000000,75549924.000000,0.014500,-0.011600,-0.983100, , , 
40250.000000,2015200.000000,75549924.000000, , , ,-0.325195,-0.325195,-0.325195
40251.000000,2015300.000000,75549924.000000,0.023200,0.000000,-0.991800, , , 
40252.000000,2015301.000000,75549924.000000, , , ,-0.325195,0.000000,0.000000
40253.000000,2015392.000000,75549924.000000, , , ,-0.325195,0.000000,0.000000
40254.000000,2015399.000000,75549924.000000,0.011600,-0.017400,-1.000500, , , 
40255.000000,2015493.000000,75549924.000000, , , ,-0.650391,0.000000,0.000000
40256.000000,2015500.000000,75549924.000000,0.017400,-0.020300,-0.997600, , , 
40257.000000,2015594.000000,75549924.000000, , , ,-0.650391,0.000000,-0.325195
40258.000000,2015599.000000,75549924.000000,0.026100,0.000000,-0.994700, , , 
40259.000000,2015695.000000,75549924.000000, , , ,-0.650391,-0.325195,0.325195
40260.000000,2015700.000000,75549924.000000,0.046400,-0.008700,-0.962800, , , 
40261.000000,2015796.000000,75549924.000000, , , ,0.000000,-0.650391,-0.325195
40262.000000,2015799.000000,75549924.000000,0.017400,0.002900,-0.957000, , , 
40263.000000,2015897.000000,75549924.000000, , , ,0.000000,0.000000,0.000000
40264.000000,2015900.000000,75549924.000000,0.020300,0.005800,-0.980200, , , 
40265.000000,2015998.000000,75549924.000000, , , ,0.325195,0.325195,0.000000
40266.000000,2015999.000000,75549924.000000,0.017400,-0.011600,-1.015000, , , 
40267.000000,2016099.000000,75549924.000000, , , ,0.000000,0.000000,-0.325195
40268.000000,2016100.000000,75549924.000000,0.020300,-0.029000,-1.012100, , , 
40269.000000,2016199.000000,75549924.000000,0.029000,-0.026100,-0.997600, , , 
40270.000000,2016200.000000,75549924.000000, , , ,-0.650391,0.000000,0.000000
40271.000000,2016300.000000,75549924.000000,0.040600,-0.029000,-0.997600, , , 
40272.000000,2016301.000000,75549924.000000, , , ,-1.625977,0.325195,0.000000
40273.000000,2016392.000000,75549924.000000, , , ,-1.951172,-0.325195,0.000000
40274.000000,2016399.000000,75549924.000000,0.063800,-0.008700,-0.997600, , , 
40275.000000,2016493.000000,75549924.000000, , , ,-1.625977,-0.325195,0.000000
40276.000000,2016500.000000,75549924.000000,0.066700,0.000000,-0.965700, , , 
40277.000000,2016594.000000,75549924.000000, , , ,0.325195,-0.650391,-0.325195
40278.000000,2016599.000000,75549924.000000,0.034800,0.014500,-0.957000, , , 
40279.000000,2016695.000000,75549924.000000, , , ,0.975586,0.325195,0.000000
40280.000000,2016700.000000,75549924.000000,0.040600,-0.014500,-0.991800, , , 
40281.000000,2016796.000000,75549924.000000, , , ,0.650391,0.650391,0.000000
40282.000000,2016799.000000,75549924.000000,0.052200,-0.023200,-1.009200, , , 
40283.000000,2016897.000000,75549924.000000, , , ,0.325195,0.000000,0.000000
40284.000000,2016900.000000,75549924.000000,0.069600,-0.020300,-1.000500, , , 
40285.000000,2016998.000000,75549924.000000, , , ,0.000000,0.650391,0.000000
40286.000000,2016999.000000,75549924.000000,0.052200,-0.046400,-1.017900, , , 
40287.000000,2017099.000000,75549924.000000, , , ,-0.975586,0.000000,0.000000
40288.000000,2017100.000000,75549924.000000,0.049300,-0.037700,-1.012100, , , 
40289.000000,2017199.000000,75549924.000000,0.040600,-0.026100,-0.988900, , , 
40290.000000,2017200.000000,75549924.000000, , , ,-0.650391,0.000000,-0.325195
40291.000000,2017300.000000,75549924.000000,0.049300,-0.020300,-0.983100, , , 
40292.000000,2017301.000000,75549924.000000, , , ,-0.650391,-0.650391,-0.325195
40293.000000,2017392.000000,75549924.000000, , , ,-0.325195,0.325195,-0.325195
40294.000000,2017399.000000,75549924.000000,0.046400,-0.014500,-0.994700, , , 
40295.000000,2017493.000000,75549924.000000, , , ,-0.325195,0.325195,-0.325195
40296.000000,2017500.000000,75549924.000000,0.046400,-0.046400,-1.020800, , , 
40297.000000,2017594.000000,75549924.000000, , , ,-0.325195,0.650391,-0.325195
40298.000000,2017599.000000,75549924.000000,0.052200,-0.020300,-1.012100, , , 
40299.000000,2017695.000000,75549924.000000, , , ,-0.325195,-0.325195,0.000000
40300.000000,2017700.000000,75549924.000000,0.052200,-0.029000,-0.986000, , , 
40301.000000,2017796.000000,75549924.000000, , , ,-0.325195,0.000000,0.000000
40302.000000,2017799.000000,75549924.000000,0.043500,-0.023200,-0.959900, , , 
40303.000000,2017897.000000,75549924.000000, , , ,-0.325195,-0.325195,0.000000
40304.000000,2017900.000000,75549924.000000,0.049300,-0.017400,-0.968600, , , 
40305.000000,2017998.000000,75549924.000000, , , ,-0.650391,-0.650391,-0.325195
40306.000000,2017999.000000,75549924.000000,0.046400,-0.031900,-0.977300, , , 
40307.000000,2018099.000000,75549924.000000, , , ,-0.650391,0.000000,0.000000
40308.000000,2018100.000000,75549924.000000,0.034800,-0.008700,-0.986000, , , 
40309.000000,2018199.000000,75549924.000000,0.046400,-0.008700,-1.006300, , , 
40310.000000,2018200.000000,75549924.000000, , , ,-0.650391,0.000000,0.000000
40311.000000,2018300.000000,75549924.000000,0.031900,-0.023200,-1.020800, , , 
40312.000000,2018301.000000,75549924.000000, , , ,0.000000,0.325195,0.000000
40313.000000,2018392.000000,75549924.000000, , , ,-0.325195,0.325195,0.000000
40314.000000,2018399.000000,75549924.000000,0.037700,-0.026100,-1.038200, , , 
40315.000000,2018493.000000,75549924.000000, , , ,0.000000,0.000000,0.000000
40316.000000,2018500.000000,75549924.000000,0.046400,-0.023200,-0.986000, , , 
40317.000000,2018594.000000,75549924.000000, , , ,-0.650391,-0.650391,0.000000
40318.000000,2018599.000000,75549924.000000,0.026100,-0.017400,-0.968600, , , 
40319.000000,2018695.000000,75549924.000000, , , ,-0.650391,0.000000,0.000000
40320.000000,2018700.000000,75549924.000000,0.020300,-0.026100,-1.000500, , , 
40321.000000,2018796.000000,75549924.000000, , , ,-1.300781,0.975586,0.000000
40322.000000,2018799.000000,75549924.000000,0.040600,-0.034800,-1.041100, , , 
40323.000000,2018897.000000,75549924.000000, , , ,-1.300781,0.000000,0.000000
40324.000000,2018900.000000,75549924.000000,0.029000,-0.023200,-0.994700, , , 
40325.000000,2018998.000000,75549924.000000, , , ,-1.951172,-0.975586,-0.325195
40326.000000,2018999.000000,75549924.000000,0.043500,-0.023200,-0.980200, , , 
40327.000000,2019099.000000,75549924.000000, , , ,-1.625977,0.000000,-0.325195
40328.000000,2019100.000000,75549924.000000,0.023200,-0.023200,-0.974400, , , 
40329.000000,2019199.000000,75549924.000000,0.043500,-0.014500,-0.986000, , , 
40330.000000,2019200.000000,75549924.000000, , , ,-1.300781,-0.325195,0.000000
40331.000000,2019300.000000,75549924.000000,0.029000,-0.011600,-0.948300, , , 
40332.000000,2019301.000000,75549924.000000, , , ,-0.325195,-0.650391,-0.325195
40333.000000,2019392.000000,75549924.000000, , , ,0.000000,-0.650391,-0.325195
40334.000000,2019399.000000,75549924.000000,0.052200,-0.014500,-0.962800, , , 
40335.000000,2019493.000000,75549924.000000, , , ,0.000000,-0.325195,0.000000
40336.000000,2019500.000000,75549924.000000,0.026100,-0.026100,-0.959900, , , 
40337.000000,2019594.000000,75549924.000000, , , ,-0.975586,-0.325195,-0.325195
40338.000000,2019599.000000,75549924.000000,0.020300,-0.034800,-0.977300, , , 
40339.000000,2019695.000000,75549924.000000, , , ,-1.625977,0.000000,-0.325195
40340.000000,2019700.000000,75549924.000000,0.002900,-0.031900,-0.988900, , , 
40341.000000,2019796.000000,75549924.000000, , , ,-1.625977,-0.325195,0.000000
40342.000000,2019799.000000,75549924.000000,0.005800,-0.034800,-0.994700, , , 
40343.000000,2019897.000000,75549924.000000, , , ,-1.625977,-0.325195,0.000000
40344.000000,2019900.000000,75549924.000000,0.008700,-0.014500,-0.968600, , , 
40345.000000,2019998.000000,75549924.000000, , , ,-0.975586,0.000000,-0.325195
40346.000000,2019999.000000,75549924.000000,0.011600,-0.011600,-0.997600, , , 
40347.000000,2020099.000000,75549924.000000, , , ,-0.650391,0.000000,-0.650391
40348.000000,2020100.000000,75549924.000000,0.005800,-0.002900,-1.015000, , , 
40349.000000,2020199.000000,75549924.000000,0.008700,-0.005800,-1.006300, , , 
40350.000000,2020200.000000,75549924.000000, , , ,0.325195,0.000000,-0.650391
40351.000000,2020300.000000,75549924.000000,0.005800,-0.026100,-0.991800, , , 
40352.000000,2020301.000000,75549924.000000, , , ,0.650391,0.000000,-0.650391
40353.000000,2020392.000000,75549924.000000, , , ,0.000000,0.000000,-0.325195
40354.000000,2020399.000000,75549924.000000,0.017400,-0.052200,-0.988900, , , 
40355.000000,2020493.000000,75549924.000000, , , ,-0.325195,0.000000,-0.325195
40356.000000,2020500.000000,75549924.000000,0.005800,-0.029000,-0.977300, , , 
40357.000000,2020594.000000,75549924.000000, , , ,-0.325195,-0.325195,-0.650391
40358.000000,2020599.000000,75549924.000000,0.011600,-0.029000,-0.980200, , , 
40359.000000,2020695.000000,75549924.000000, , , ,0.325195,-0.650391,-0.650391
40360.000000,2020700.000000,75549924.000000,0.031900,-0.017400,-0.951200, , , 
40361.000000,2020796.000000,75549924.000000, , , ,1.300781,-0.325195,-0.650391
40362.000000,2020799.000000,75549924.000000,0.000000,-0.034800,-0.980200, , , 
40363.000000,2020897.000000,75549924.000000, , , ,0.650391,0.000000,-0.650391
40364.000000,2020900.000000,75549924.000000,0.005800,-0.031900,-1.009200, , , 
40365.000000,2020998.000000,75549924.000000, , , ,0.000000,0.325195,-0.650391
40366.000000,2020999.000000,75549924.000000,0.000000,-0.063800,-1.026600, , , 
40367.000000,2021099.000000,75549924.000000, , , ,-1.951172,0.325195,-0.325195
40368.000000,2021100.000000,75549924.000000,0.020300,-0.075400,-1.017900, , , 
40369.000000,2021199.000000,75549924.000000,0.014500,-0.034800,-0.980200, , , 
40370.000000,2021200.000000,75549924.000000, , , ,-2.276367,0.000000,0.000000
40371.000000,2021300.000000,75549924.000000,0.008700,-0.005800,-0.948300, , , 
40372.000000,2021301.000000,75549924.000000, , , ,-1.300781,-0.975586,0.000000
40373.000000,2021392.000000,75549924.000000, , , ,-1.625977,0.000000,0.000000
40374.000000,2021399.000000,75549924.000000,-0.020300,0.002900,-1.009200, , , 
40375.000000,2021493.000000,75549924.000000, , , ,-1.300781,0.650391,0.000000
40376.000000,2021500.000000,75549924.000000,0.049300,0.008700,-1.003400, , , 
40377.000000,2021594.000000,75549924.000000, , , ,-0.975586,-0.975586,0.000000
40378.000000,2021599.000000,75549924.000000,0.011600,0.002900,-0.974400, , , 
40379.000000,2021695.000000,75549924.000000, , , ,-0.325195,-0.325195,0.000000
40380.000000,2021700.000000,75549924.000000,0.017400,0.023200,-0.968600, , , 
40381.000000,2021796.000000,75549924.000000, , , ,0.000000,0.000000,0.000000
40382.000000,2021799.000000,75549924.000000,0.037700,0.011600,-0.951200, , , 
40383.000000,2021897.000000,75549924.000000, , , ,0.325195,-0.325195,0.000000
40384.000000,2021900.000000,75549924.000000,0.046400,0.023200,-0.971500, , , 
40385.000000,2021998.000000,75549924.000000, , , ,0.000000,0.325195,0.000000
40386.000000,2021999.000000,75549924.000000,0.052200,-0.011600,-1.009200, , , 
40387.000000,2022099.000000,75549924.000000, , , ,-0.650391,0.325195,0.000000
40388.000000,2022100.000000,75549924.000000,0.049300,-0.008700,-1.032400, , , 
40389.000000,2022199.000000,75549924.000000,0.046400,-0.002900,-1.023700, , , 
40390.000000,2022200.000000,75549924.000000, , , ,-0.650391,0.325195,0.000000
40391.000000,2022300.000000,75549924.000000,0.058000,0.000000,-1.009200, , , 
40392.000000,2022301.000000,75549924.000000, , , ,0.000000,0.000000,0.000000
40393.000000,2022392.000000,75549924.000000, , , ,-0.650391,-0.325195,-0.325195
40394.000000,2022399.000000,75549924.000000,0.031900,-0.002900,-0.974400, , , 
40395.000000,2022493.000000,75549924.000000, , , ,-0.325195,-0.975586,0.000000
40396.000000,2022500.000000,75549924.000000,0.055100,-0.005800,-0.965700, , , 
40397.000000,2022594.000000,75549924.000000, , , ,-0.975586,-0.325195,0.000000
40398.000000,2022599.000000,75549924.000000,0.034800,-0.017400,-0.991800, , , 
40399.000000,2022695.000000,75549924.000000, , , ,-0.975586,0.000000,0.000000
40400.000000,2022700.000000,75549924.000000,0.060900,-0.017400,-1.020800, , , 
40401.000000,2022796.000000,75549924.000000, , , ,-0.325195,-1.300781,0.000000
40402.000000,2022799.000000,75549924.000000,0.058000,-0.002900,-0.962800, , , 
40403.000000,2022897.000000,75549924.000000, , , ,-0.650391,-0.650391,0.000000
40404.000000,2022900.000000,75549924.000000,0.040600,0.002900,-0.951200, , , 
40405.000000,2022998.000000,75549924.000000, , , ,-0.975586,0.000000,0.325195
40406.000000,2022999.000000,75549924.000000,0.040600,-0.023200,-0.980200, , , 
40407.000000,2023099.000000,75549924.000000, , , ,-0.325195,0.000000,0.000000
40408.000000,2023100.000000,75549924.000000,0.034800,-0.005800,-0.971500, , , 
40409.000000,2023199.000000,75549924.000000,0.072500,-0.008700,-0.971500, , , 
40410.000000,2023200.000000,75549924.000000, , , ,-1.300781,-1.300781,0.325195
40411.000000,2023300.000000,75549924.000000,0.034800,-0.011600,-0.954100, , , 
40412.000000,2023301.000000,75549924.000000, , , ,-0.650391,-0.325195,0.000000
40413.000000,2023392.000000,75549924.000000, , , ,-0.325195,0.000000,0.000000
40414.000000,2023399.000000,75549924.000000,0.043500,0.011600,-0.986000, , , 
40415.000000,2023493.000000,75549924.000000, , , ,0.000000,0.325195,0.325195
40416.000000,2023500.000000,75549924.000000,0.037700,0.014500,-0.968600, , , 
40417.000000,2023594.000000,75549924.000000, , , ,0.000000,-0.325195,0.000000
40418.000000,2023599.000000,75549924.000000,0.037700,0.000000,-0.980200, , , 
40419.000000,2023695.000000,75549924.000000, , , ,0.000000,-0.325195,0.000000
40420.000000,2023700.000000,75549924.000000,0.037700,0.000000,-1.006300, , , 
40421.000000,2023796.000000,75549924.000000, , , ,0.000000,-0.325195,0.000000
40422.000000,2023801.000000,75549924.000000,0.014500,-0.008700,-1.000500, , , 
40423.000000,2023896.000000,75549924.000000, , , ,-0.650391,-0.325195,0.000000
40424.000000,2023899.000000,75549924.000000,0.029000,-0.002900,-0.974400, , , 
40425.000000,2023997.000000,75549924.000000, , , ,0.000000,-0.650391,0.000000
40426.000000,2024000.000000,75549924.000000,0.020300,-0.005800,-0.977300, , , 
40427.000000,2024098.000000,75549924.000000, , , ,-0.325195,0.325195,0.000000
40428.000000,2024099.000000,75549924.000000,0.017400,-0.023200,-1.003400, , , 
40429.000000,2024199.000000,75549924.000000, , , ,-0.975586,-0.650391,0.000000
40430.000000,2024200.000000,75549924.000000,0.034800,-0.002900,-0.965700, , , 
40431.000000,2024299.000000,75549924.000000,0.029000,0.002900,-0.957000, , , 
40432.000000,2024300.000000,75549924.000000, , , ,-0.650391,-0.975586,0.000000
40433.000000,2024400.000000,75549924.000000,0.020300,-0.014500,-0.994700, , , 
40434.000000,2024401.000000,75549924.000000, , , ,-0.325195,0.000000,0.000000
40435.000000,2024492.000000,75549924.000000, , , ,0.000000,-0.975586,0.000000
40436.000000,2024499.000000,75549924.000000,0.005800,0.000000,-0.994700, , , 
40437.000000,2024593.000000,75549924.000000, , , ,-0.650391,0.000000,-0.325195
40438.000000,2024600.000000,75549924.000000,0.026100,-0.005800,-1.000500, , , 
40439.000000,2024694.000000,75549924.000000, , , ,-0.325195,0.325195,0.000000
40440.000000,2024699.000000,75549924.000000,0.020300,-0.023200,-1.006300, , , 
40441.000000,2024795.000000,75549924.000000, , , ,-0.975586,0.000000,-0.325195
40442.000000,2024800.000000,75549924.000000,0.008700,-0.023200,-0.983100, , , 
40443.000000,2024896.000000,75549924.000000, , , ,-0.975586,-0.650391,-0.325195
40444.000000,2024899.000000,75549924.000000,0.043500,-0.014500,-0.974400, , , 
40445.000000,2024997.000000,75549924.000000, , , ,-0.975586,-0.325195,-0.325195
40446.000000,2025000.000000,75549924.000000,0.014500,-0.014500,-0.983100, , , 
40447.000000,2025098.000000,75549924.000000, , , ,-0.650391,0.000000,-0.325195
40448.000000,2025099.000000,75549924.000000,0.043500,-0.023200,-0.983100, , , 
40449.000000,2025199.000000,75549924.000000, , , ,-0.325195,0.000000,-0.325195
40450.000000,2025200.000000,75549924.000000,0.043500,-0.031900,-0.968600, , , 
40451.000000,2025299.000000,75549924.000000,0.049300,-0.017400,-0.971500, , , 
40452.000000,2025300.000000,75549924.000000, , , ,-0.650391,-0.975586,-0.325195
40453.000000,2025400.000000,75549924.000000,0.046400,-0.011600,-0.962800, , , 
40454.000000,2025401.000000,75549924.000000, , , ,-0.325195,-0.975586,-0.325195
40455.000000,2025492.000000,75549924.000000, , , ,0.000000,0.000000,-0.325195
40456.000000,2025499.000000,75549924.000000,0.043500,-0.020300,-0.980200, , , 
40457.000000,2025593.000000,75549924.000000, , , ,0.000000,-0.325195,-0.325195
40458.000000,2025600.000000,75549924.000000,0.043500,-0.002900,-0.994700, , , 
40459.000000,2025694.000000,75549924.000000, , , ,0.000000,-0.650391,-0.325195
40460.000000,2025699.000000,75549924.000000,0.052200,-0.029000,-0.983100, , , 
40461.000000,2025795.000000,75549924.000000, , , ,0.000000,0.325195,0.000000
40462.000000,2025800.000000,75549924.000000,0.037700,-0.026100,-0.980200, , , 
40463.000000,2025896.000000,75549924.000000, , , ,-0.325195,-0.325195,-0.325195
40464.000000,2025899.000000,75549924.000000,0.055100,-0.017400,-1.003400, , , 
40465.000000,2025997.000000,75549924.000000, , , ,0.000000,-0.325195,0.000000
40466.000000,2026000.000000,75549924.000000,0.063800,-0.026100,-0.968600, , , 
40467.000000,2026098.000000,75549924.000000, , , ,0.000000,-0.650391,0.000000
40468.000000,2026099.000000,75549924.000000,0.023200,-0.026100,-0.954100, , , 
40469.000000,2026199.000000,75549924.000000, , , ,-0.325195,0.000000,-0.650391
40470.000000,2026200.000000,75549924.000000,0.020300,-0.029000,-1.015000, , , 
40471.000000,2026299.000000,75549924.000000,0.040600,-0.031900,-0.991800, , , 
40472.000000,2026300.000000,75549924.000000, , , ,0.000000,0.000000,0.000000
40473.000000,2026400.000000,75549924.000000,0.023200,-0.020300,-0.957000, , , 
40474.000000,2026401.000000,75549924.000000, , , ,-0.325195,-1.300781,0.000000
40475.000000,2026492.000000,75549924.000000, , , ,0.000000,0.325195,0.000000
40476.000000,2026499.000000,75549924.000000,0.017400,-0.040600,-0.983100, , , 
40477.000000,2026593.000000,75549924.000000, , , ,-0.325195,0.000000,-0.325195
40478.000000,2026600.000000,75549924.000000,0.029000,-0.043500,-0.994700, , , 
40479.000000,2026694.000000,75549924.000000, , , ,-0.650391,-0.325195,0.000000
40480.000000,2026699.000000,75549924.000000,0.026100,-0.043500,-0.986000, , , 
40481.000000,2026795.000000,75549924.000000, , , ,-0.650391,-0.325195,-0.325195
40482.000000,2026800.000000,75549924.000000,0.014500,-0.040600,-0.980200, , , 
40483.000000,2026896.000000,75549924.000000, , , ,-0.650391,0.000000,0.000000
40484.000000,2026899.000000,75549924.000000,0.031900,-0.031900,-0.980200, , , 
40485.000000,2026997.000000,75549924.000000, , , ,-0.650391,0.000000,-0.325195
40486.000000,2027000.000000,75549924.000000,0.020300,-0.023200,-0.983100, , , 
40487.000000,2027098.000000,75549924.000000, , , ,-0.650391,0.000000,-0.325195
40488.000000,2027099.000000,75549924.000000,0.017400,-0.037700,-1.003400, , , 
40489.000000,2027199.000000,75549924.000000, , , ,-0.325195,0.000000,-0.325195
40490.000000,2027200.000000,75549924.000000,0.031900,-0.034800,-0.986000, , , 
40491.000000,2027299.000000,75549924.000000,0.020300,-0.023200,-0.983100, , , 
40492.000000,2027300.000000,75549924.000000, , , ,-0.325195,-0.325195,-0.325195
40493.000000,2027400.000000,75549924.000000,0.031900,-0.034800,-0.988900, , , 
40494.000000,2027401.000000,75549924.000000, , , ,-0.325195,0.000000,0.000000
40495.000000,2027492.000000,75549924.000000, , , ,-0.325195,-0.325195,-0.325195
40496.000000,2027499.000000,75549924.000000,0.043500,-0.029000,-0.980200, , , 
40497.000000,2027593.000000,75549924.000000, , , ,-0.325195,-0.325195,0.000000
40498.000000,2027600.000000,75549924.000000,0.020300,-0.031900,-0.974400, , , 
40499.000000,2027694.000000,75549924.000000, , , ,0.000000,-0.325195,0.000000
40500.000000,2027699.000000,75549924.000000,0.017400,-0.029000,-0.968600, , , 
40501.000000,2027795.000000,75549924.000000, , , ,-0.325195,0.000000,0.000000
40502.000000,2027800.000000,75549924.000000,0.011600,-0.034800,-0.991800, , , 
40503.000000,2027896.000000,75549924.000000, , , ,-0.650391,0.000000,0.000000
40504.000000,2027899.000000,75549924.000000,0.014500,-0.017400,-0.994700, , , 
40505.000000,2027997.000000,75549924.000000, , , ,-0.650391,-0.975586,-0.325195
40506.000000,2028000.000000,75549924.000000,0.034800,-0.029000,-0.945400, , , 
40507.000000,2028098.000000,75549924.000000, , , ,-0.325195,0.000000,-0.325195
40508.000000,2028099.000000,75549924.000000,0.000000,-0.023200,-0.977300, , , 
40509.000000,2028199.000000,75549924.000000, , , ,-0.325195,0.325195,0.000000
40510.000000,2028200.000000,75549924.000000,0.005800,-0.023200,-1.023700, , , 
40511.000000,2028299.000000,75549924.000000,0.034800,-0.029000,-0.994700, , , 
40512.000000,2028300.000000,75549924.000000, , , ,-0.650391,0.000000,0.000000
40513.000000,2028400.000000,75549924.000000,0.002900,-0.034800,-0.974400, , , 
40514.000000,2028401.000000,75549924.000000, , , ,-0.975586,-0.325195,-0.325195
40515.000000,2028492.000000,75549924.000000, , , ,-1.625977,-0.325195,-0.325195
40516.000000,2028499.000000,75549924.000000,0.029000,-0.011600,-0.962800, , , 
40517.000000,2028593.000000,75549924.000000, , , ,-0.975586,-0.325195,0.325195
40518.000000,2028600.000000,75549924.000000,0.002900,-0.026100,-0.971500, , , 
40519.000000,2028694.000000,75549924.000000, , , ,-1.625977,0.000000,0.000000
40520.000000,2028699.000000,75549924.000000,0.000000,-0.031900,-1.032400, , , 
40521.000000,2028795.000000,75549924.000000, , , ,-1.625977,0.650391,0.000000
40522.000000,2028800.000000,75549924.000000,0.037700,0.000000,-1.041100, , , 
40523.000000,2028896.000000,75549924.000000, , , ,-1.300781,-0.650391,-0.325195
40524.000000,2028899.000000,75549924.000000,0.034800,0.000000,-0.983100, , , 
40525.000000,2028997.000000,75549924.000000, , , ,-0.650391,-0.325195,-0.325195
40526.000000,2029000.000000,75549924.000000,0.034800,-0.002900,-0.939600, , , 
40527.000000,2029098.000000,75549924.000000, , , ,-0.325195,0.000000,0.000000
40528.000000,2029099.000000,75549924.000000,0.040600,-0.005800,-0.957000, , , 
40529.000000,2029199.000000,75549924.000000, , , ,-0.325195,0.000000,0.325195
40530.000000,2029200.000000,75549924.000000,0.043500,-0.008700,-1.006300, , , 
40531.000000,2029299.000000,75549924.000000,0.058000,-0.005800,-0.988900, , , 
40532.000000,2029300.000000,75549924.000000, , , ,-0.325195,0.000000,0.000000
40533.000000,2029400.000000,75549924.000000,0.040600,0.000000,-0.957000, , , 
40534.000000,2029401.000000,75549924.000000, , , ,0.000000,0.000000,0.000000
40535.000000,2029492.000000,75549924.000000, , , ,-0.325195,-0.325195,0.000000
40536.000000,2029499.000000,75549924.000000,0.046400,-0.023200,-0.997600, , , 
40537.000000,2029593.000000,75549924.000000, , , ,-0.975586,-0.325195,0.000000
40538.000000,2029600.000000,75549924.000000,0.052200,-0.023200,-0.974400, , , 
40539.000000,2029694.000000,75549924.000000, , , ,0.000000,-0.650391,0.325195
40540.000000,2029699.000000,75549924.000000,0.058000,0.002900,-0.942500, , , 
40541.000000,2029795.000000,75549924.000000, , , ,0.000000,0.325195,0.000000
40542.000000,2029800.000000,75549924.000000,0.031900,-0.008700,-0.986000, , , 
40543.000000,2029896.000000,75549924.000000, , , ,-1.300781,0.000000,0.000000
40544.000000,2029901.000000,75549924.000000,0.043500,-0.011600,-1.012100, , , 
40545.000000,2029996.000000,75549924.000000, , , ,-0.325195,-0.650391,0.000000
40546.000000,2029999.000000,75549924.000000,0.049300,0.002900,-0.994700, , , 
40547.000000,2030097.000000,75549924.000000, , , ,-0.325195,0.000000,0.000000
40548.000000,2030100.000000,75549924.000000,0.031900,-0.008700,-0.977300, , , 
40549.000000,2030198.000000,75549924.000000, , , ,0.000000,-0.325195,0.000000
40550.000000,2030199.000000,75549924.000000,0.037700,-0.008700,-0.951200, , , 
40551.000000,2030299.000000,75549924.000000, , , ,-0.325195,0.000000,0.000000
40552.000000,2030300.000000,75549924.000000,0.014500,-0.017400,-0.968600, , , 
40553.000000,2030399.000000,75549924.000000,0.043500,-0.026100,-0.971500, , , 
40554.000000,2030400.000000,75549924.000000, , , ,-0.325195,0.000000,0.000000
40555.000000,2030500.000000,75549924.000000,0.026100,-0.029000,-0.994700, , , 
40556.000000,2030501.000000,75549924.000000, , , ,-0.325195,-0.975586,0.000000
40557.000000,2030592.000000,75549924.000000, , , ,-0.325195,0.000000,0.325195
40558.000000,2030599.000000,75549924.000000,0.011600,-0.017400,-0.986000, , , 
40559.000000,2030693.000000,75549924.000000, , , ,-0.325195,0.000000,-0.325195
40560.000000,2030700.000000,75549924.000000,0.023200,-0.034800,-0.965700, , , 
40561.000000,2030794.000000,75549924.000000, , , ,-0.650391,0.000000,-0.325195
40562.000000,2030799.000000,75549924.000000,0.017400,-0.031900,-0.986000, , , 
40563.000000,2030895.000000,75549924.000000, , , ,-0.325195,0.325195,-0.650391
40564.000000,2030900.000000,75549924.000000,0.026100,-0.049300,-0.988900, , , 
40565.000000,2030996.000000,75549924.000000, , , ,-0.325195,-0.650391,-0.650391
40566.000000,2030999.000000,75549924.000000,0.023200,-0.063800,-0.986000, , , 
40567.000000,2031097.000000,75549924.000000, , , ,-0.325195,-0.650391,-1.300781
40568.000000,2031100.000000,75549924.000000,0.026100,-0.060900,-0.945400, , , 
40569.000000,2031198.000000,75549924.000000, , , ,0.000000,-1.625977,-0.975586
40570.000000,2031199.000000,75549924.000000,0.026100,-0.043500,-0.922200, , , 
40571.000000,2031299.000000,75549924.000000, , , ,-0.325195,0.000000,-0.975586
40572.000000,2031300.000000,75549924.000000,0.008700,-0.078300,-0.980200, , , 
40573.000000,2031399.000000,75549924.000000,0.020300,-0.087000,-1.012100, , , 
40574.000000,2031400.000000,75549924.000000, , , ,-0.650391,0.000000,-0.650391
40575.000000,2031500.000000,75549924.000000,0.026100,-0.060900,-1.017900, , , 
40576.000000,2031501.000000,75549924.000000, , , ,-1.300781,-0.325195,-0.325195
40577.000000,2031592.000000,75549924.000000, , , ,-1.300781,0.000000,0.000000
40578.000000,2031599.000000,75549924.000000,0.020300,-0.040600,-0.974400, , , 
40579.000000,2031693.000000,75549924.000000, , , ,-0.975586,-0.325195,-0.325195
40580.000000,2031700.000000,75549924.000000,0.017400,-0.023200,-0.977300, , , 
40581.000000,2031794.000000,75549924.000000, , , ,-0.650391,0.650391,-0.325195
40582.000000,2031799.000000,75549924.000000,0.014500,-0.031900,-1.015000, , , 
40583.000000,2031895.000000,75549924.000000, , , ,0.000000,0.325195,-0.325195
40584.000000,2031900.000000,75549924.000000,0.029000,-0.017400,-0.991800, , , 
40585.000000,2031996.000000,75549924.000000, , , ,-0.325195,0.000000,0.000000
40586.000000,2031999.000000,75549924.000000,0.005800,-0.031900,-1.015000, , , 
40587.000000,2032097.000000,75549924.000000, , , ,-0.325195,0.650391,-0.325195
40588.000000,2032100.000000,75549924.000000,0.014500,-0.040600,-1.029500, , , 
40589.000000,2032198.000000,75549924.000000, , , ,-0.325195,0.000000,-0.325195
40590.000000,2032199.000000,75549924.000000,0.020300,-0.034800,-1.020800, , , 
40591.000000,2032299.000000,75549924.000000, , , ,-0.650391,-0.325195,-0.650391
40592.000000,2032300.000000,75549924.000000,0.008700,-0.043500,-0.980200, , , 
40593.000000,2032399.000000,75549924.000000,0.020300,-0.040600,-0.962800, , , 
40594.000000,2032400.000000,75549924.000000, , , ,-0.650391,0.000000,-0.325195
40595.000000,2032500.000000,75549924.000000,0.020300,-0.037700,-0.974400, , , 
40596.000000,2032501.000000,75549924.000000, , , ,-0.650391,-0.325195,-0.650391
40597.000000,2032592.000000,75549924.000000, , , ,-0.975586,0.000000,-0.325195
40598.000000,2032599.000000,75549924.000000,0.002900,-0.046400,-0.939600, , , 
40599.000000,2032693.000000,75549924.000000, , , ,-0.975586,-0.975586,-0.325195
40600.000000,2032700.000000,75549924.000000,-0.023200,-0.052200,-0.974400, , , 
40601.000000,2032794.000000,75549924.000000, , , ,-1.300781,-0.325195,-0.650391
40602.000000,2032799.000000,75549924.000000,-0.020300,-0.052200,-0.983100, , , 
40603.000000,2032895.000000,75549924.000000, , , ,-1.300781,-0.650391,-0.650391
40604.000000,2032900.000000,75549924.000000,-0.026100,-0.046400,-0.977300, , , 
40605.000000,2032996.000000,75549924.000000, , , ,-1.300781,0.000000,-0.650391
40606.000000,2032999.000000,75549924.000000,-0.043500,-0.049300,-1.015000, , , 
40607.000000,2033097.000000,75549924.000000, , , ,-1.625977,0.325195,-0.325195
40608.000000,2033100.000000,75549924.000000,-0.034800,-0.034800,-1.032400, , , 
40609.000000,2033198.000000,75549924.000000, , , ,-1.625977,-1.625977,0.000000
40610.000000,2033199.000000,75549924.000000,-0.008700,-0.020300,-0.965700, , , 
40611.000000,2033299.000000,75549924.000000, , , ,0.000000,-2.926758,-0.325195
40612.000000,2033300.000000,75549924.000000,-0.037700,0.008700,-0.841000, , , 
40613.000000,2033399.000000,75549924.000000,-0.116000,-0.046400,-0.928000, , , 
40614.000000,2033400.000000,75549924.000000, , , ,0.650391,-0.650391,-0.325195
40615.000000,2033500.000000,75549924.000000,-0.069600,-0.072500,-1.075900, , , 
40616.000000,2033501.000000,75549924.000000, , , ,-0.650391,1.300781,-0.325195
40617.000000,2033592.000000,75549924.000000, , , ,-1.625977,0.975586,0.000000
40618.000000,2033599.000000,75549924.000000,-0.066700,-0.043500,-1.070100, , , 
40619.000000,2033693.000000,75549924.000000, , , ,-0.975586,0.000000,-0.325195
40620.000000,2033700.000000,75549924.000000,-0.049300,-0.023200,-1.026600, , , 
40621.000000,2033794.000000,75549924.000000, , , ,-0.650391,-0.325195,-0.325195
40622.000000,2033799.000000,75549924.000000,-0.046400,-0.017400,-0.942500, , , 
40623.000000,2033895.000000,75549924.000000, , , ,0.000000,-0.975586,-0.650391
40624.000000,2033900.000000,75549924.000000,-0.046400,-0.020300,-0.922200, , , 
40625.000000,2033996.000000,75549924.000000, , , ,-0.325195,-0.650391,-0.325195
40626.000000,2033999.000000,75549924.000000,-0.069600,-0.029000,-0.942500, , , 
40627.000000,2034097.000000,75549924.000000, , , ,-0.975586,0.000000,-0.325195
40628.000000,2034100.000000,75549924.000000,-0.060900,-0.031900,-0.980200, , , 
40629.000000,2034198.000000,75549924.000000, , , ,-0.975586,0.000000,-0.325195
40630.000000,2034199.000000,75549924.000000,-0.066700,-0.052200,-1.015000, , , 
40631.000000,2034299.000000,75549924.000000, , , ,-0.975586,-0.325195,-0.650391
40632.000000,2034300.000000,75549924.000000,-0.058000,-0.043500,-1.012100, , , 
40633.000000,2034399.000000,75549924.000000,-0.058000,-0.026100,-1.023700, , , 
40634.000000,2034400.000000,75549924.000000, , , ,-0.975586,0.650391,-0.325195
40635.000000,2034500.000000,75549924.000000,-0.058000,-0.020300,-1.023700, , , 
40636.000000,2034501.000000,75549924.000000, , , ,0.000000,0.325195,-0.650391
40637.000000,2034592.000000,75549924.000000, , , ,-0.325195,0.325195,-0.650391
40638.000000,2034599.000000,75549924.000000,-0.040600,-0.043500,-1.003400, , , 
40639.000000,2034693.000000,75549924.000000, , , ,-0.325195,-0.325195,-0.325195
40640.000000,2034700.000000,75549924.000000,-0.049300,-0.052200,-0.959900, , , 
40641.000000,2034794.000000,75549924.000000, , , ,-0.325195,-1.300781,-0.325195
40642.000000,2034799.000000,75549924.000000,-0.046400,-0.049300,-0.954100, , , 
40643.000000,2034895.000000,75549924.000000, , , ,0.000000,-0.975586,-0.325195
40644.000000,2034900.000000,75549924.000000,-0.063800,-0.026100,-0.939600, , , 
40645.000000,2034996.000000,75549924.000000, , , ,-0.650391,0.000000,-0.325195
40646.000000,2034999.000000,75549924.000000,-0.060900,-0.052200,-0.977300, , , 
40647.000000,2035097.000000,75549924.000000, , , ,-0.650391,-0.975586,-0.650391
40648.000000,2035100.000000,75549924.000000,-0.037700,-0.049300,-0.951200, , , 
40649.000000,2035198.000000,75549924.000000, , , ,-0.325195,-0.325195,-0.325195
40650.000000,2035199.000000,75549924.000000,-0.060900,-0.043500,-0.954100, , , 
40651.000000,2035299.000000,75549924.000000, , , ,-0.650391,0.000000,-0.650391
40652.000000,2035300.000000,75549924.000000,-0.060900,-0.046400,-0.980200, , , 
40653.000000,2035399.000000,75549924.000000,-0.049300,-0.037700,-0.977300, , , 
40654.000000,2035400.000000,75549924.000000, , , ,-0.325195,0.000000,-0.650391
40655.000000,2035500.000000,75549924.000000,-0.063800,-0.043500,-0.994700, , , 
40656.000000,2035501.000000,75549924.000000, , , ,-0.650391,0.000000,-0.650391
40657.000000,2035592.000000,75549924.000000, , , ,-0.325195,-0.325195,-0.650391
40658.000000,2035599.000000,75549924.000000,-0.046400,-0.043500,-0.974400, , , 
40659.000000,2035693.000000,75549924.000000, , , ,-0.325195,-0.650391,-0.650391
40660.000000,2035700.000000,75549924.000000,-0.040600,-0.049300,-0.936700, , , 
40661.000000,2035794.000000,75549924.000000, , , ,-0.325195,-0.975586,-0.650391
40662.000000,2035799.000000,75549924.000000,-0.060900,-0.049300,-0.939600, , , 
40663.000000,2035895.000000,75549924.000000, , , ,0.000000,-0.975586,-0.975586
40664.000000,2035900.000000,75549924.000000,-0.055100,-0.046400,-0.942500, , , 
40665.000000,2035996.000000,75549924.000000, , , ,0.000000,-0.325195,-0.325195
40666.000000,2035999.000000,75549924.000000,-0.063800,-0.049300,-0.965700, , , 
40667.000000,2036097.000000,75549924.000000, , , ,0.000000,0.325195,-0.325195
40668.000000,2036100.000000,75549924.000000,-0.063800,-0.055100,-1.023700, , , 
40669.000000,2036198.000000,75549924.000000, , , ,-0.650391,-0.325195,-0.325195
40670.000000,2036199.000000,75549924.000000,-0.055100,-0.046400,-1.032400, , , 
40671.000000,2036299.000000,75549924.000000, , , ,-0.650391,0.325195,-0.325195
40672.000000,2036300.000000,75549924.000000,-0.040600,-0.043500,-0.994700, , , 
40673.000000,2036399.000000,75549924.000000,-0.049300,-0.040600,-0.997600, , , 
40674.000000,2036400.000000,75549924.000000, , , ,-0.650391,0.000000,-0.650391
40675.000000,2036500.000000,75549924.000000,-0.046400,-0.043500,-0.988900, , , 
40676.000000,2036501.000000,75549924.000000, , , ,-0.975586,0.000000,-0.325195
40677.000000,2036592.000000,75549924.000000, , , ,-0.650391,-0.325195,-0.325195
40678.000000,2036599.000000,75549924.000000,-0.037700,-0.034800,-0.954100, , , 
40679.000000,2036693.000000,75549924.000000, , , ,0.000000,-0.975586,-0.650391
40680.000000,2036700.000000,75549924.000000,-0.055100,-0.023200,-0.954100, , , 
40681.000000,2036794.000000,75549924.000000, , , ,0.000000,0.000000,-0.650391
40682.000000,2036799.000000,75549924.000000,-0.058000,-0.040600,-0.983100, , , 
40683.000000,2036895.000000,75549924.000000, , , ,0.000000,-0.325195,-0.650391
40684.000000,2036900.000000,75549924.000000,-0.043500,-0.037700,-0.965700, , , 
40685.000000,2036996.000000,75549924.000000, , , ,0.000000,-0.650391,-0.325195
40686.000000,2036999.000000,75549924.000000,-0.049300,-0.043500,-0.962800, , , 
40687.000000,2037097.000000,75549924.000000, , , ,0.000000,0.000000,-0.325195
40688.000000,2037100.000000,75549924.000000,-0.017400,-0.043500,-0.974400, , , 
40689.000000,2037198.000000,75549924.000000, , , ,0.000000,0.000000,-0.650391
40690.000000,2037199.000000,75549924.000000,-0.002900,-0.043500,-1.003400, , , 
40691.000000,2037299.000000,75549924.000000, , , ,-0.325195,0.975586,-0.650391
40692.000000,2037300.000000,75549924.000000,0.000000,-0.049300,-1.000500, , , 
40693.000000,2037399.000000,75549924.000000,0.014500,-0.052200,-0.994700, , , 
40694.000000,2037400.000000,75549924.000000, , , ,-0.650391,0.000000,-0.650391
40695.000000,2037500.000000,75549924.000000,0.020300,-0.052200,-0.962800, , , 
40696.000000,2037501.000000,75549924.000000, , , ,-0.975586,-0.975586,-0.325195
40697.000000,2037592.000000,75549924.000000, , , ,-0.650391,0.000000,-0.650391
40698.000000,2037599.000000,75549924.000000,-0.011600,-0.031900,-0.957000, , , 
40699.000000,2037692.000000,75549924.000000, , , ,-0.650391,0.000000,0.000000
40700.000000,2037699.000000,75549924.000000,0.000000,-0.043500,-1.006300, , , 
40701.000000,2037793.000000,75549924.000000, , , ,-0.650391,0.650391,-0.325195
40702.000000,2037800.000000,75549924.000000,0.011600,-0.043500,-1.003400, , , 
40703.000000,2037894.000000,75549924.000000, , , ,-0.975586,0.000000,-0.325195
40704.000000,2037899.000000,75549924.000000,0.031900,-0.043500,-0.980200, , , 
40705.000000,2037995.000000,75549924.000000, , , ,-0.650391,0.325195,-0.650391
40706.000000,2038000.000000,75549924.000000,0.037700,-0.040600,-0.997600, , , 
40707.000000,2038096.000000,75549924.000000, , , ,-0.325195,-0.325195,-0.650391
40708.000000,2038099.000000,75549924.000000,0.046400,-0.037700,-0.983100, , , 
40709.000000,2038197.000000,75549924.000000, , , ,0.000000,0.000000,-0.650391
40710.000000,2038200.000000,75549924.000000,0.037700,-0.031900,-0.994700, , , 
40711.000000,2038298.000000,75549924.000000, , , ,-0.650391,0.975586,-0.325195
40712.000000,2038299.000000,75549924.000000,0.034800,-0.037700,-1.023700, , , 
40713.000000,2038399.000000,75549924.000000, , , ,-0.975586,0.000000,-0.650391
40714.000000,2038400.000000,75549924.000000,0.040600,-0.052200,-1.015000, , , 
40715.000000,2038499.000000,75549924.000000,0.049300,-0.037700,-0.971500, , , 
40716.000000,2038500.000000,75549924.000000, , , ,-0.975586,-1.300781,-0.325195
40717.000000,2038600.000000,75549924.000000,0.026100,-0.040600,-0.983100, , , 
40718.000000,2038601.000000,75549924.000000, , , ,-0.650391,0.000000,0.000000
40719.000000,2038692.000000,75549924.000000, , , ,-0.650391,0.975586,-0.650391
40720.000000,2038699.000000,75549924.000000,0.029000,-0.034800,-1.015000, , , 
40721.000000,2038793.000000,75549924.000000, , , ,-0.325195,-0.650391,-0.325195
40722.000000,2038800.000000,75549924.000000,0.049300,-0.026100,-0.977300, , , 
40723.000000,2038894.000000,75549924.000000, , , ,0.325195,-0.325195,-0.325195
40724.000000,2038899.000000,75549924.000000,0.029000,-0.034800,-0.959900, , , 
40725.000000,2038995.000000,75549924.000000, , , ,0.000000,-0.325195,-0.325195
40726.000000,2039000.000000,75549924.000000,0.029000,-0.034800,-0.997600, , , 
40727.000000,2039096.000000,75549924.000000, , , ,0.000000,0.000000,0.000000
40728.000000,2039099.000000,75549924.000000,0.023200,-0.052200,-1.009200, , , 
40729.000000,2039197.000000,75549924.000000, , , ,0.000000,1.300781,0.000000
40730.000000,2039200.000000,75549924.000000,0.031900,-0.034800,-1.012100, , , 
40731.000000,2039298.000000,75549924.000000, , , ,-0.325195,0.325195,0.000000
40732.000000,2039299.000000,75549924.000000,0.017400,-0.040600,-1.055600, , , 
40733.000000,2039399.000000,75549924.000000, , , ,-0.975586,0.650391,0.000000
40734.000000,2039400.000000,75549924.000000,0.037700,-0.055100,-1.038200, , , 
40735.000000,2039499.000000,75549924.000000,0.066700,-0.029000,-0.957000, , , 
40736.000000,2039500.000000,75549924.000000, , , ,-0.975586,0.000000,0.000000
40737.000000,2039600.000000,75549924.000000,0.040600,-0.008700,-0.904800, , , 
40738.000000,2039601.000000,75549924.000000, , , ,-0.975586,-2.276367,0.000000
40739.000000,2039692.000000,75549924.000000, , , ,0.000000,-1.300781,-0.325195
40740.000000,2039699.000000,75549924.000000,0.040600,-0.017400,-0.878700, , , 
40741.000000,2039793.000000,75549924.000000, , , ,0.000000,-0.975586,-0.325195
40742.000000,2039800.000000,75549924.000000,-0.011600,-0.026100,-0.945400, , , 
40743.000000,2039894.000000,75549924.000000, , , ,-0.325195,0.975586,-0.325195
40744.000000,2039899.000000,75549924.000000,0.026100,-0.029000,-1.032400, , , 
40745.000000,2039995.000000,75549924.000000, , , ,-0.650391,0.000000,0.000000
40746.000000,2040000.000000,75549924.000000,0.029000,-0.034800,-1.052700, , , 
40747.000000,2040096.000000,75549924.000000, , , ,-0.650391,0.650391,-0.325195
40748.000000,2040099.000000,75549924.000000,0.014500,-0.043500,-1.038200, , , 
40749.000000,2040197.000000,75549924.000000, , , ,-1.300781,0.325195,0.000000
40750.000000,2040200.000000,75549924.000000,0.026100,-0.029000,-1.015000, , , 
40751.000000,2040298.000000,75549924.000000, , , ,-0.650391,0.650391,-0.325195
40752.000000,2040299.000000,75549924.000000,0.029000,-0.026100,-0.997600, , , 
40753.000000,2040399.000000,75549924.000000, , , ,0.000000,0.000000,0.000000
40754.000000,2040400.000000,75549924.000000,0.037700,-0.020300,-0.968600, , , 
40755.000000,2040499.000000,75549924.000000,0.014500,-0.031900,-0.974400, , , 
40756.000000,2040500.000000,75549924.000000, , , ,0.000000,0.000000,-0.325195
40757.000000,2040600.000000,75549924.000000,0.008700,-0.037700,-1.003400, , , 
40758.000000,2040601.000000,75549924.000000, , , ,0.000000,0.000000,-0.325195
40759.000000,2040692.000000,75549924.000000, , , ,-0.325195,0.000000,-0.325195
40760.000000,2040699.000000,75549924.000000,0.037700,-0.043500,-0.997600, , , 
40761.000000,2040793.000000,75549924.000000, , , ,-0.325195,-0.650391,0.000000
40762.000000,2040800.000000,75549924.000000,0.014500,-0.031900,-0.968600, , , 
40763.000000,2040894.000000,75549924.000000, , , ,-0.975586,0.000000,-0.325195
40764.000000,2040899.000000,75549924.000000,0.008700,-0.037700,-0.986000, , , 
40765.000000,2040995.000000,75549924.000000, , , ,-1.625977,-0.325195,-0.325195
40766.000000,2041000.000000,75549924.000000,0.005800,-0.034800,-0.980200, , , 
40767.000000,2041096.000000,75549924.000000, , , ,-0.650391,-0.650391,0.000000
40768.000000,2041099.000000,75549924.000000,0.011600,-0.017400,-0.939600, , , 
40769.000000,2041197.000000,75549924.000000, , , ,0.000000,-0.975586,-0.325195
40770.000000,2041200.000000,75549924.000000,0.002900,-0.011600,-0.959900, , , 
40771.000000,2041298.000000,75549924.000000, , , ,0.000000,0.000000,0.000000
40772.000000,2041299.000000,75549924.000000,0.005800,-0.026100,-0.980200, , , 
40773.000000,2041399.000000,75549924.000000, , , ,-0.325195,-0.325195,-0.325195
40774.000000,2041400.000000,75549924.000000,0.023200,-0.026100,-0.954100, , , 
40775.000000,2041499.000000,75549924.000000,0.014500,-0.026100,-0.959900, , , 
40776.000000,2041500.000000,75549924.000000, , , ,0.000000,-0.650391,-0.325195
40777.000000,2041600.000000,75549924.000000,0.020300,-0.031900,-0.974400, , , 
40778.000000,2041601.000000,75549924.000000, , , ,0.000000,-0.975586,0.000000
40779.000000,2041692.000000,75549924.000000, , , ,-0.975586,0.000000,-0.325195
40780.000000,2041699.000000,75549924.000000,-0.011600,-0.043500,-0.968600, , , 
40781.000000,2041793.000000,75549924.000000, , , ,-0.975586,0.000000,0.000000
40782.000000,2041800.000000,75549924.000000,0.000000,-0.049300,-1.020800, , , 
40783.000000,2041894.000000,75549924.000000, , , ,-0.975586,0.000000,-0.325195
40784.000000,2041899.000000,75549924.000000,0.000000,-0.040600,-1.029500, , , 
40785.000000,2041995.000000,75549924.000000, , , ,-0.650391,0.000000,-0.325195
40786.000000,2042000.000000,75549924.000000,-0.011600,-0.037700,-1.035300, , , 
40787.000000,2042096.000000,75549924.000000, , , ,-0.975586,0.325195,-0.325195
40788.000000,2042099.000000,75549924.000000,-0.011600,-0.040600,-1.041100, , , 
40789.000000,2042197.000000,75549924.000000, , , ,-1.300781,0.325195,-0.650391
40790.000000,2042200.000000,75549924.000000,0.005800,-0.043500,-1.006300, , , 
40791.000000,2042298.000000,75549924.000000, , , ,-1.951172,0.000000,0.000000
40792.000000,2042299.000000,75549924.000000,-0.017400,-0.034800,-1.000500, , , 
40793.000000,2042399.000000,75549924.000000, , , ,-1.300781,0.325195,0.000000
40794.000000,2042400.000000,75549924.000000,0.014500,-0.034800,-0.980200, , , 
40795.000000,2042499.000000,75549924.000000,0.020300,-0.014500,-0.962800, , , 
40796.000000,2042500.000000,75549924.000000, , , ,-0.325195,-0.325195,0.000000
40797.000000,2042600.000000,75549924.000000,0.002900,-0.026100,-0.994700, , , 
40798.000000,2042601.000000,75549924.000000, , , ,0.000000,-0.325195,-0.325195
40799.000000,2042692.000000,75549924.000000, , , ,0.000000,0.000000,-0.325195
40800.000000,2042699.000000,75549924.000000,0.020300,-0.034800,-0.983100, , , 
40801.000000,2042793.000000,75549924.000000, , , ,0.000000,-0.325195,0.000000
40802.000000,2042800.000000,75549924.000000,0.023200,-0.031900,-0.948300, , , 
40803.000000,2042894.000000,75549924.000000, , , ,0.000000,0.000000,0.000000
40804.000000,2042899.000000,75549924.000000,0.017400,-0.055100,-0.968600, , , 
40805.000000,2042995.000000,75549924.000000, , , ,-0.325195,-0.975586,-0.325195
40806.000000,2043000.000000,75549924.000000,0.017400,-0.046400,-0.965700, , , 
40807.000000,2043096.000000,75549924.000000, , , ,-0.650391,0.325195,0.000000
40808.000000,2043099.000000,75549924.000000,0.005800,-0.043500,-0.983100, , , 
40809.000000,2043197.000000,75549924.000000, , , ,-1.300781,0.000000,-0.325195
40810.000000,2043200.000000,75549924.000000,0.017400,-0.031900,-1.012100, , , 
40811.000000,2043298.000000,75549924.000000, , , ,-0.975586,0.000000,0.000000
40812.000000,2043299.000000,75549924.000000,0.029000,-0.034800,-0.986000, , , 
40813.000000,2043399.000000,75549924.000000, , , ,0.000000,0.000000,-0.325195
40814.000000,2043400.000000,75549924.000000,0.029000,-0.029000,-0.954100, , , 
40815.000000,2043499.000000,75549924.000000,0.000000,-0.040600,-0.988900, , , 
40816.000000,2043500.000000,75549924.000000, , , ,-0.325195,-0.325195,-0.325195
40817.000000,2043600.000000,75549924.000000,0.026100,-0.043500,-0.997600, , , 
40818.000000,2043601.000000,75549924.000000, , , ,-0.650391,0.000000,-0.650391
40819.000000,2043692.000000,75549924.000000, , , ,-1.625977,-0.975586,-0.650391
40820.000000,2043699.000000,75549924.000000,0.005800,-0.046400,-0.986000, , , 
40821.000000,2043793.000000,75549924.000000, , , ,-1.625977,0.000000,0.000000
40822.000000,2043800.000000,75549924.000000,-0.005800,-0.037700,-0.977300, , , 
40823.000000,2043894.000000,75549924.000000, , , ,-1.300781,-0.650391,0.000000
40824.000000,2043899.000000,75549924.000000,0.005800,-0.014500,-0.980200, , , 
40825.000000,2043995.000000,75549924.000000, , , ,-1.300781,-0.975586,-0.325195
40826.000000,2044000.000000,75549924.000000,0.000000,-0.014500,-0.968600, , , 
40827.000000,2044096.000000,75549924.000000, , , ,-0.975586,-0.325195,0.000000
40828.000000,2044099.000000,75549924.000000,0.000000,-0.040600,-0.942500, , , 
40829.000000,2044197.000000,75549924.000000, , , ,-1.300781,-0.650391,-0.325195
40830.000000,2044200.000000,75549924.000000,-0.011600,-0.008700,-0.980200, , , 
40831.000000,2044298.000000,75549924.000000, , , ,-1.300781,0.000000,0.000000
40832.000000,2044299.000000,75549924.000000,-0.020300,-0.014500,-0.997600, , , 
40833.000000,2044399.000000,75549924.000000, , , ,-0.325195,-0.325195,0.000000
40834.000000,2044400.000000,75549924.000000,0.000000,-0.002900,-0.983100, , , 
40835.000000,2044499.000000,75549924.000000,-0.008700,-0.005800,-0.983100, , , 
40836.000000,2044500.000000,75549924.000000, , , ,-0.325195,-0.650391,0.000000
40837.000000,2044600.000000,75549924.000000,0.005800,0.002900,-0.991800, , , 
40838.000000,2044601.000000,75549924.000000, , , ,-0.975586,0.325195,0.000000
40839.000000,2044692.000000,75549924.000000, , , ,-0.650391,0.000000,0.000000
40840.000000,2044699.000000,75549924.000000,0.011600,-0.008700,-0.971500, , , 
40841.000000,2044793.000000,75549924.000000, , , ,-0.650391,0.325195,0.000000
40842.000000,2044800.000000,75549924.000000,0.005800,0.002900,-1.000500, , , 
40843.000000,2044894.000000,75549924.000000, , , ,0.000000,0.000000,-0.325195
40844.000000,2044899.000000,75549924.000000,0.023200,0.002900,-1.029500, , , 
40845.000000,2044995.000000,75549924.000000, , , ,0.000000,-0.325195,0.000000
40846.000000,2045000.000000,75549924.000000,0.043500,-0.002900,-0.986000, , , 
40847.000000,2045096.000000,75549924.000000, , , ,0.000000,0.000000,0.000000
40848.000000,2045099.000000,75549924.000000,0.002900,-0.023200,-0.986000, , , 
40849.000000,2045197.000000,75549924.000000, , , ,-0.650391,0.000000,0.000000
40850.000000,2045200.000000,75549924.000000,0.029000,-0.023200,-0.991800, , , 
40851.000000,2045298.000000,75549924.000000, , , ,-1.300781,0.000000,0.000000
40852.000000,2045299.000000,75549924.000000,0.031900,-0.011600,-0.994700, , , 
40853.000000,2045399.000000,75549924.000000, , , ,-0.325195,0.000000,0.000000
40854.000000,2045400.000000,75549924.000000,0.023200,0.002900,-0.977300, , , 
40855.000000,2045499.000000,75549924.000000,0.026100,-0.008700,-0.945400, , , 
40856.000000,2045500.000000,75549924.000000, , , ,0.325195,-0.975586,0.000000
40857.000000,2045600.000000,75549924.000000,0.008700,-0.029000,-1.017900, , , 
40858.000000,2045601.000000,75549924.000000, , , ,-0.650391,0.325195,0.000000
40859.000000,2045692.000000,75549924.000000, , , ,-0.975586,0.325195,0.000000
40860.000000,2045699.000000,75549924.000000,0.029000,-0.037700,-1.035300, , , 
40861.000000,2045793.000000,75549924.000000, , , ,-2.276367,-0.650391,0.000000
40862.000000,2045800.000000,75549924.000000,0.043500,-0.008700,-0.977300, , , 
40863.000000,2045894.000000,75549924.000000, , , ,-0.975586,-1.625977,0.000000
40864.000000,2045899.000000,75549924.000000,0.037700,0.008700,-0.899000, , , 
40865.000000,2045995.000000,75549924.000000, , , ,0.000000,-0.975586,-0.325195
40866.000000,2046000.000000,75549924.000000,0.002900,0.002900,-0.933800, , , 
40867.000000,2046096.000000,75549924.000000, , , ,0.000000,0.000000,0.000000
40868.000000,2046099.000000,75549924.000000,0.020300,-0.020300,-1.006300, , , 
40869.000000,2046197.000000,75549924.000000, , , ,-0.650391,0.000000,0.000000
40870.000000,2046200.000000,75549924.000000,0.034800,-0.020300,-0.997600, , , 
40871.000000,2046298.000000,75549924.000000, , , ,-0.650391,-0.650391,0.000000
40872.000000,2046299.000000,75549924.000000,0.029000,-0.002900,-0.942500, , , 
40873.000000,2046399.000000,75549924.000000, , , ,-0.325195,-0.325195,0.000000
40874.000000,2046400.000000,75549924.000000,0.000000,-0.011600,-0.983100, , , 
40875.000000,2046499.000000,75549924.000000,0.023200,-0.014500,-1.012100, , , 
40876.000000,2046500.000000,75549924.000000, , , ,-0.650391,0.000000,0.000000
40877.000000,2046600.000000,75549924.000000,0.023200,-0.017400,-1.009200, , , 
40878.000000,2046601.000000,75549924.000000, , , ,-0.325195,0.000000,0.000000
40879.000000,2046692.000000,75549924.000000, , , ,-0.650391,0.325195,0.000000
40880.000000,2046699.000000,75549924.000000,0.000000,-0.017400,-1.038200, , , 
40881.000000,2046793.000000,75549924.000000, , , ,-0.650391,0.000000,0.000000
40882.000000,2046800.000000,75549924.000000,0.023200,-0.005800,-0.997600, , , 
40883.000000,2046894.000000,75549924.000000, , , ,0.000000,-0.975586,0.000000
40884.000000,2046899.000000,75549924.000000,0.020300,-0.008700,-0.968600, , , 
40885.000000,2046995.000000,75549924.000000, , , ,-0.325195,-0.325195,0.000000
40886.000000,2047000.000000,75549924.000000,0.002900,-0.017400,-0.965700, , , 
40887.000000,2047096.000000,75549924.000000, , , ,0.000000,0.000000,0.000000
40888.000000,2047099.000000,75549924.000000,0.011600,-0.029000,-0.965700, , , 
40889.000000,2047197.000000,75549924.000000, , , ,-0.325195,-0.325195,0.000000
40890.000000,2047200.000000,75549924.000000,0.011600,-0.008700,-0.965700, , , 
40891.000000,2047298.000000,75549924.000000, , , ,-0.975586,-0.975586,-0.325195
40892.000000,2047299.000000,75549924.000000,0.000000,-0.017400,-0.971500, , , 
40893.000000,2047399.000000,75549924.000000, , , ,-0.975586,0.000000,-0.325195
40894.000000,2047400.000000,75549924.000000,0.000000,-0.017400,-1.017900, , , 
40895.000000,2047499.000000,75549924.000000,0.000000,0.000000,-1.009200, , , 
40896.000000,2047500.000000,75549924.000000, , , ,-0.650391,0.000000,0.000000
40897.000000,2047600.000000,75549924.000000,0.000000,-0.014500,-0.968600, , , 
40898.000000,2047601.000000,75549924.000000, , , ,-0.325195,0.000000,-0.325195
40899.000000,2047692.000000,75549924.000000, , , ,0.000000,-0.975586,0.000000
40900.000000,2047699.000000,75549924.000000,0.011600,-0.014500,-0.954100, , , 
40901.000000,2047793.000000,75549924.000000, , , ,0.000000,-0.650391,-0.325195
40902.000000,2047800.000000,75549924.000000,-0.002900,-0.026100,-0.936700, , , 
40903.000000,2047894.000000,75549924.000000, , , ,0.000000,-0.325195,-0.650391
40904.000000,2047899.000000,75549924.000000,-0.002900,-0.026100,-0.954100, , , 
40905.000000,2047995.000000,75549924.000000, , , ,0.000000,-0.325195,0.000000
40906.000000,2048000.000000,75549924.000000,0.000000,-0.026100,-0.977300, , , 
40907.000000,2048096.000000,75549924.000000, , , ,0.000000,0.325195,0.000000
40908.000000,2048099.000000,75549924.000000,-0.026100,-0.037700,-1.023700, , , 
40909.000000,2048197.000000,75549924.000000, , , ,-0.650391,1.300781,-0.325195
40910.000000,2048200.000000,75549924.000000,-0.017400,-0.058000,-1.113600, , , 
40911.000000,2048298.000000,75549924.000000, , , ,-1.300781,0.325195,-0.325195
40912.000000,2048299.000000,75549924.000000,0.026100,-0.046400,-1.035300, , , 
40913.000000,2048399.000000,75549924.000000, , , ,0.000000,-2.276367,-0.325195
40914.000000,2048400.000000,75549924.000000,0.014500,-0.011600,-0.913500, , , 
40915.000000,2048499.000000,75549924.000000,-0.011600,-0.029000,-0.896100, , , 
40916.000000,2048500.000000,75549924.000000, , , ,0.325195,-0.975586,0.000000
40917.000000,2048600.000000,75549924.000000,-0.017400,-0.043500,-0.948300, , , 
40918.000000,2048601.000000,75549924.000000, , , ,0.000000,0.000000,-0.325195
40919.000000,2048692.000000,75549924.000000, , , ,0.000000,0.650391,-0.325195
40920.000000,2048699.000000,75549924.000000,0.000000,-0.055100,-1.017900, , , 
40921.000000,2048793.000000,75549924.000000, , , ,-0.650391,0.000000,0.000000
40922.000000,2048800.000000,75549924.000000,0.008700,-0.055100,-1.017900, , , 
40923.000000,2048894.000000,75549924.000000, , , ,-1.300781,0.000000,0.000000
40924.000000,2048899.000000,75549924.000000,0.000000,-0.046400,-0.991800, , , 
40925.000000,2048995.000000,75549924.000000, , , ,-1.951172,-0.325195,0.000000
40926.000000,2049000.000000,75549924.000000,0.005800,-0.049300,-0.977300, , , 
40927.000000,2049096.000000,75549924.000000, , , ,-1.300781,-0.325195,-0.325195
40928.000000,2049099.000000,75549924.000000,-0.005800,-0.046400,-0.959900, , , 
40929.000000,2049197.000000,75549924.000000, , , ,-1.625977,0.000000,-0.325195
40930.000000,2049200.000000,75549924.000000,0.014500,-0.037700,-0.997600, , , 
40931.000000,2049298.000000,75549924.000000, , , ,-1.300781,0.000000,0.000000
40932.000000,2049299.000000,75549924.000000,0.023200,-0.034800,-1.006300, , , 
40933.000000,2049399.000000,75549924.000000, , , ,-0.650391,-0.975586,-0.325195
40934.000000,2049400.000000,75549924.000000,0.034800,-0.017400,-0.951200, , , 
40935.000000,2049499.000000,75549924.000000,0.008700,0.000000,-0.948300, , , 
40936.000000,2049500.000000,75549924.000000, , , ,-0.975586,-0.650391,0.000000
40937.000000,2049600.000000,75549924.000000,0.017400,-0.005800,-0.988900, , , 
40938.000000,2049601.000000,75549924.000000, , , ,-0.325195,0.325195,0.000000
40939.000000,2049692.000000,75549924.000000, , , ,-0.325195,0.000000,0.000000
40940.000000,2049699.000000,75549924.000000,0.026100,0.000000,-1.003400, , , 
40941.000000,2049793.000000,75549924.000000, , , ,-0.325195,-0.325195,0.325195
40942.000000,2049800.000000,75549924.000000,0.040600,0.000000,-0.980200, , , 
40943.000000,2049894.000000,75549924.000000, , , ,0.000000,-1.300781,0.000000
40944.000000,2049899.000000,75549924.000000,0.005800,0.000000,-0.948300, , , 
40945.000000,2049995.000000,75549924.000000, , , ,-0.325195,-0.650391,0.325195
40946.000000,2050000.000000,75549924.000000,0.037700,0.000000,-0.948300, , , 
40947.000000,2050096.000000,75549924.000000, , , ,0.000000,-0.975586,0.000000
40948.000000,2050099.000000,75549924.000000,0.034800,-0.008700,-0.933800, , , 
40949.000000,2050197.000000,75549924.000000, , , ,0.000000,0.000000,0.000000
40950.000000,2050200.000000,75549924.000000,0.011600,-0.026100,-0.980200, , , 
40951.000000,2050298.000000,75549924.000000, , , ,0.000000,0.000000,0.000000
40952.000000,2050299.000000,75549924.000000,0.023200,-0.029000,-1.000500, , , 
40953.000000,2050399.000000,75549924.000000, , , ,-0.325195,-0.325195,0.000000
40954.000000,2050400.000000,75549924.000000,0.026100,-0.034800,-0.968600, , , 
40955.000000,2050499.000000,75549924.000000,0.005800,-0.040600,-0.980200, , , 
40956.000000,2050500.000000,75549924.000000, , , ,-0.650391,-0.975586,-0.325195
40957.000000,2050600.000000,75549924.000000,0.023200,-0.040600,-1.003400, , , 
40958.000000,2050601.000000,75549924.000000, , , ,-0.325195,0.000000,-0.325195
40959.000000,2050692.000000,75549924.000000, , , ,-0.650391,0.000000,-0.325195
40960.000000,2050699.000000,75549924.000000,0.000000,-0.046400,-1.003400, , , 
40961.000000,2050793.000000,75549924.000000, , , ,-0.975586,0.325195,-0.650391
40962.000000,2050800.000000,75549924.000000,0.011600,-0.043500,-1.003400, , , 
40963.000000,2050894.000000,75549924.000000, , , ,-1.300781,0.325195,-0.650391
40964.000000,2050899.000000,75549924.000000,0.008700,-0.040600,-1.012100, , , 
40965.000000,2050995.000000,75549924.000000, , , ,-1.300781,0.325195,-0.325195
40966.000000,2051000.000000,75549924.000000,-0.005800,-0.034800,-1.029500, , , 
40967.000000,2051096.000000,75549924.000000, , , ,-0.650391,0.325195,-0.325195
40968.000000,2051099.000000,75549924.000000,0.005800,-0.034800,-0.994700, , , 
40969.000000,2051197.000000,75549924.000000, , , ,-0.650391,0.000000,0.000000
40970.000000,2051200.000000,75549924.000000,0.002900,-0.046400,-0.997600, , , 
40971.000000,2051298.000000,75549924.000000, , , ,-0.975586,-0.325195,-0.325195
40972.000000,2051299.000000,75549924.000000,0.008700,-0.034800,-0.968600, , , 
40973.000000,2051399.000000,75549924.000000, , , ,-0.975586,-0.325195,-0.325195
40974.000000,2051400.000000,75549924.000000,0.000000,-0.023200,-0.954100, , , 
40975.000000,2051499.000000,75549924.000000,-0.005800,-0.017400,-0.974400, , , 
40976.000000,2051500.000000,75549924.000000, , , ,-0.650391,-0.325195,0.000000
40977.000000,2051600.000000,75549924.000000,0.005800,-0.020300,-0.977300, , , 
40978.000000,2051601.000000,75549924.000000, , , ,-0.325195,-0.325195,-0.650391
40979.000000,2051692.000000,75549924.000000, , , ,-0.650391,0.000000,-0.325195
40980.000000,2051699.000000,75549924.000000,-0.005800,-0.023200,-1.003400, , , 
40981.000000,2051793.000000,75549924.000000, , , ,-0.650391,0.000000,0.000000
40982.000000,2051800.000000,75549924.000000,0.002900,-0.031900,-1.003400, , , 
40983.000000,2051894.000000,75549924.000000, , , ,-0.325195,-0.975586,0.000000
40984.000000,2051899.000000,75549924.000000,0.014500,-0.005800,-0.945400, , , 
40985.000000,2051995.000000,75549924.000000, , , ,0.325195,-0.325195,-0.325195
40986.000000,2052000.000000,75549924.000000,-0.031900,-0.020300,-0.974400, , , 
40987.000000,2052096.000000,75549924.000000, , , ,0.000000,0.650391,-0.650391
40988.000000,2052101.000000,75549924.000000,-0.005800,-0.052200,-1.015000, , , 
40989.000000,2052196.000000,75549924.000000, , , ,-0.325195,0.650391,-0.325195
40990.000000,2052199.000000,75549924.000000,0.000000,-0.034800,-1.026600, , , 
40991.000000,2052297.000000,75549924.000000, , , ,-0.650391,0.000000,-0.650391
40992.000000,2052300.000000,75549924.000000,0.000000,-0.043500,-0.986000, , , 
40993.000000,2052398.000000,75549924.000000, , , ,-0.650391,-0.325195,0.000000
40994.000000,2052399.000000,75549924.000000,-0.002900,-0.040600,-0.983100, , , 
40995.000000,2052499.000000,75549924.000000, , , ,-0.975586,-0.975586,-0.650391
40996.000000,2052500.000000,75549924.000000,0.000000,-0.040600,-0.983100, , , 
40997.000000,2052599.000000,75549924.000000, , , ,-0.975586,0.000000,0.000000
40998.000000,2052600.000000,75549924.000000,0.005800,-0.026100,-0.957000, , , 
40999.000000,2052699.000000,75549924.000000,-0.011600,-0.026100,-0.968600, , , 
41000.000000,2052700.000000,75549924.000000, , , ,-0.975586,-0.325195,-0.325195
41001.000000,2052800.000000,75549924.000000,0.000000,-0.023200,-0.959900, , , 
41002.000000,2052801.000000,75549924.000000, , , ,0.000000,-0.325195,-0.325195
41003.000000,2052892.000000,75549924.000000, , , ,0.000000,0.000000,0.000000
41004.000000,2052899.000000,75549924.000000,-0.011600,-0.011600,-0.994700, , , 
41005.000000,2052993.000000,75549924.000000, , , ,0.325195,0.650391,-0.325195
41006.000000,2053000.000000,75549924.000000,-0.005800,-0.023200,-1.023700, , , 
41007.000000,2053094.000000,75549924.000000, , , ,0.000000,0.325195,-0.325195
41008.000000,2053099.000000,75549924.000000,0.000000,-0.029000,-1.029500, , , 
41009.000000,2053195.000000,75549924.000000, , , ,0.325195,0.975586,-0.325195
41010.000000,2053200.000000,75549924.000000,-0.020300,-0.031900,-1.058500, , , 
41011.000000,2053296.000000,75549924.000000, , , ,-0.325195,0.000000,0.000000
41012.000000,2053299.000000,75549924.000000,0.020300,-0.029000,-1.006300, , , 
41013.000000,2053397.000000,75549924.000000, , , ,-0.975586,-0.975586,0.000000
41014.000000,2053400.000000,75549924.000000,0.000000,-0.031900,-0.954100, , , 
41015.000000,2053498.000000,75549924.000000, , , ,-0.975586,0.000000,0.000000
41016.000000,2053499.000000,75549924.000000,-0.020300,-0.029000,-0.971500, , , 
41017.000000,2053599.000000,75549924.000000, , , ,-0.975586,0.000000,0.000000
41018.000000,2053600.000000,75549924.000000,0.017400,-0.017400,-0.957000, , , 
41019.000000,2053699.000000,75549924.000000,0.011600,-0.020300,-0.893200, , , 
41020.000000,2053700.000000,75549924.000000, , , ,-0.650391,-1.300781,0.325195
41021.000000,2053800.000000,75549924.000000,-0.002900,-0.026100,-0.849700, , , 
41022.000000,2053801.000000,75549924.000000, , , ,-1.625977,-2.601563,0.000000
41023.000000,2053892.000000,75549924.000000, , , ,-1.625977,-0.975586,0.000000
41024.000000,2053899.000000,75549924.000000,-0.005800,-0.011600,-0.919300, , , 
41025.000000,2053993.000000,75549924.000000, , , ,-0.650391,-1.300781,0.000000
41026.000000,2054000.000000,75549924.000000,0.000000,0.005800,-0.939600, , , 
41027.000000,2054094.000000,75549924.000000, , , ,0.000000,-1.300781,0.000000
41028.000000,2054099.000000,75549924.000000,-0.002900,-0.008700,-0.954100, , , 
41029.000000,2054195.000000,75549924.000000, , , ,0.000000,0.000000,-0.325195
41030.000000,2054200.000000,75549924.000000,-0.049300,-0.029000,-1.026600, , , 
41031.000000,2054296.000000,75549924.000000, , , ,-0.650391,0.650391,0.000000
41032.000000,2054299.000000,75549924.000000,-0.034800,-0.043500,-1.090400, , , 
41033.000000,2054397.000000,75549924.000000, , , ,-0.975586,0.000000,0.000000
41034.000000,2054400.000000,75549924.000000,-0.026100,-0.034800,-1.084600, , , 
41035.000000,2054498.000000,75549924.000000, , , ,-0.650391,0.000000,0.000000
41036.000000,2054499.000000,75549924.000000,-0.040600,-0.023200,-1.000500, , , 
41037.000000,2054599.000000,75549924.000000, , , ,-0.975586,0.000000,0.000000
41038.000000,2054600.000000,75549924.000000,-0.058000,-0.011600,-0.988900, , , 
41039.000000,2054699.000000,75549924.000000,-0.026100,-0.014500,-1.003400, , , 
41040.000000,2054700.000000,75549924.000000, , , ,-0.650391,0.325195,-0.325195
41041.000000,2054800.000000,75549924.000000,-0.043500,-0.005800,-0.965700, , , 
41042.000000,2054801.000000,75549924.000000, , , ,-0.325195,0.000000,0.000000
41043.000000,2054892.000000,75549924.000000, , , ,-0.650391,0.000000,0.000000
41044.000000,2054899.000000,75549924.000000,-0.060900,-0.014500,-0.997600, , , 
41045.000000,2054993.000000,75549924.000000, , , ,-0.650391,0.650391,0.000000
41046.000000,2055000.000000,75549924.000000,-0.052200,-0.026100,-1.006300, , , 
41047.000000,2055094.000000,75549924.000000, , , ,-0.975586,-1.300781,0.000000
41048.000000,2055099.000000,75549924.000000,-0.031900,-0.014500,-0.922200, , , 
41049.000000,2055195.000000,75549924.000000, , , ,0.000000,-1.625977,0.650391
41050.000000,2055200.000000,75549924.000000,-0.069600,-0.017400,-0.910600, , , 
41051.000000,2055296.000000,75549924.000000, , , ,-0.975586,-0.325195,-0.325195
41052.000000,2055299.000000,75549924.000000,-0.075400,-0.026100,-0.962800, , , 
41053.000000,2055397.000000,75549924.000000, , , ,-0.975586,0.325195,-0.325195
41054.000000,2055400.000000,75549924.000000,-0.058000,-0.017400,-1.015000, , , 
41055.000000,2055498.000000,75549924.000000, , , ,-0.325195,0.650391,0.000000
41056.000000,2055499.000000,75549924.000000,-0.017400,-0.014500,-1.026600, , , 
41057.000000,2055599.000000,75549924.000000, , , ,0.000000,0.000000,0.000000
41058.000000,2055600.000000,75549924.000000,-0.008700,-0.008700,-0.977300, , , 
41059.000000,2055699.000000,75549924.000000,-0.011600,-0.026100,-0.994700, , , 
41060.000000,2055700.000000,75549924.000000, , , ,0.000000,0.000000,-0.650391
41061.000000,2055800.000000,75549924.000000,-0.020300,-0.023200,-1.020800, , , 
41062.000000,2055801.000000,75549924.000000, , , ,-0.650391,0.975586,0.000000
41063.000000,2055892.000000,75549924.000000, , , ,-0.975586,0.000000,0.000000
41064.000000,2055899.000000,75549924.000000,0.014500,-0.020300,-0.988900, , , 
41065.000000,2055993.000000,75549924.000000, , , ,-0.650391,-0.325195,0.000000
41066.000000,2056000.000000,75549924.000000,-0.002900,-0.029000,-0.954100, , , 
41067.000000,2056094.000000,75549924.000000, , , ,-1.625977,-0.325195,0.000000
41068.000000,2056099.000000,75549924.000000,-0.040600,-0.031900,-0.991800, , , 
41069.000000,2056195.000000,75549924.000000, , , ,-1.625977,0.650391,0.000000
41070.000000,2056200.000000,75549924.000000,-0.002900,-0.026100,-1.032400, , , 
41071.000000,2056296.000000,75549924.000000, , , ,-2.276367,0.325195,0.000000
41072.000000,2056299.000000,75549924.000000,0.031900,-0.014500,-1.015000, , , 
41073.000000,2056397.000000,75549924.000000, , , ,-1.300781,-0.650391,0.000000
41074.000000,2056400.000000,75549924.000000,0.011600,0.000000,-0.957000, , , 
41075.000000,2056498.000000,75549924.000000, , , ,0.000000,0.000000,-0.325195
41076.000000,2056499.000000,75549924.000000,0.014500,0.000000,-0.991800, , , 
41077.000000,2056599.000000,75549924.000000, , , ,0.000000,0.000000,-0.325195
41078.000000,2056600.000000,75549924.000000,0.029000,0.000000,-0.991800, , , 
41079.000000,2056699.000000,75549924.000000,0.026100,0.000000,-0.959900, , , 
41080.000000,2056700.000000,75549924.000000, , , ,0.325195,-0.650391,0.000000
41081.000000,2056800.000000,75549924.000000,0.005800,-0.026100,-1.000500, , , 
41082.000000,2056801.000000,75549924.000000, , , ,0.325195,0.325195,0.000000
41083.000000,2056892.000000,75549924.000000, , , ,0.000000,0.000000,-0.325195
41084.000000,2056899.000000,75549924.000000,0.017400,-0.031900,-1.009200, , , 
41085.000000,2056993.000000,75549924.000000, , , ,-0.650391,0.000000,0.000000
41086.000000,2057000.000000,75549924.000000,0.017400,-0.017400,-0.983100, , , 
41087.000000,2057094.000000,75549924.000000, , , ,-0.650391,-0.650391,0.000000
41088.000000,2057099.000000,75549924.000000,0.031900,-0.031900,-0.954100, , , 
41089.000000,2057195.000000,75549924.000000, , , ,-0.325195,-0.975586,-0.325195
41090.000000,2057200.000000,75549924.000000,-0.002900,-0.011600,-0.954100, , , 
41091.000000,2057296.000000,75549924.000000, , , ,-0.650391,0.000000,-0.325195
41092.000000,2057299.000000,75549924.000000,0.017400,-0.020300,-0.997600, , , 
41093.000000,2057397.000000,75549924.000000, , , ,-0.650391,-0.325195,0.000000
41094.000000,2057400.000000,75549924.000000,0.020300,-0.014500,-1.009200, , , 
41095.000000,2057498.000000,75549924.000000, , , ,0.000000,-1.300781,0.000000
41096.000000,2057499.000000,75549924.000000,0.034800,0.000000,-0.939600, , , 
41097.000000,2057599.000000,75549924.000000, , , ,0.000000,-0.325195,0.000000
41098.000000,2057600.000000,75549924.000000,-0.017400,-0.002900,-0.965700, , , 
41099.000000,2057699.000000,75549924.000000,0.000000,-0.020300,-1.023700, , , 
41100.000000,2057700.000000,75549924.000000, , , ,0.000000,0.650391,-0.325195
41101.000000,2057800.000000,75549924.000000,0.020300,-0.034800,-1.003400, , , 
41102.000000,2057801.000000,75549924.000000, , , ,-0.650391,-0.325195,0.000000
41103.000000,2057892.000000,75549924.000000, , , ,-0.975586,0.000000,0.000000
41104.000000,2057899.000000,75549924.000000,-0.005800,-0.011600,-0.983100, , , 
41105.000000,2057993.000000,75549924.000000, , , ,-0.325195,0.000000,-0.325195
41106.000000,2058000.000000,75549924.000000,-0.002900,-0.031900,-0.994700, , , 
41107.000000,2058094.000000,75549924.000000, , , ,-0.975586,-0.975586,0.000000
41108.000000,2058099.000000,75549924.000000,0.020300,-0.020300,-0.974400, , , 
41109.000000,2058195.000000,75549924.000000, , , ,-0.325195,0.000000,-0.325195
41110.000000,2058200.000000,75549924.000000,0.005800,-0.014500,-0.957000, , , 
41111.000000,2058296.000000,75549924.000000, , , ,-0.325195,-1.300781,-0.325195
41112.000000,2058299.000000,75549924.000000,-0.005800,-0.023200,-0.928000, , , 
41113.000000,2058397.000000,75549924.000000, , , ,-0.325195,-0.650391,0.000000
41114.000000,2058400.000000,75549924.000000,-0.008700,-0.026100,-0.977300, , , 
41115.000000,2058498.000000,75549924.000000, , , ,-0.325195,0.325195,0.000000
41116.000000,2058499.000000,75549924.000000,0.000000,-0.011600,-1.012100, , , 
41117.000000,2058599.000000,75549924.000000, , , ,-0.325195,0.000000,0.000000
41118.000000,2058600.000000,75549924.000000,-0.002900,-0.020300,-1.012100, , , 
41119.000000,2058699.000000,75549924.000000,0.000000,-0.017400,-1.000500, , , 
41120.000000,2058700.000000,75549924.000000, , , ,0.000000,-0.650391,-0.325195
41121.000000,2058800.000000,75549924.000000,0.000000,-0.023200,-0.991800, , , 
41122.000000,2058801.000000,75549924.000000, , , ,0.000000,0.000000,0.000000
41123.000000,2058892.000000,75549924.000000, , , ,-0.325195,0.000000,-0.325195
41124.000000,2058899.000000,75549924.000000,0.000000,-0.037700,-0.986000, , , 
41125.000000,2058993.000000,75549924.000000, , , ,-0.650391,-0.325195,-0.325195
41126.000000,2059000.000000,75549924.000000,0.008700,-0.046400,-0.962800, , , 
41127.000000,2059094.000000,75549924.000000, , , ,-1.300781,-0.325195,0.325195
41128.000000,2059099.000000,75549924.000000,0.008700,-0.023200,-0.942500, , , 
41129.000000,2059195.000000,75549924.000000, , , ,-1.625977,-0.325195,0.000000
41130.000000,2059200.000000,75549924.000000,-0.020300,-0.023200,-0.974400, , , 
41131.000000,2059296.000000,75549924.000000, , , ,-0.975586,0.000000,-0.325195
41132.000000,2059299.000000,75549924.000000,-0.005800,-0.029000,-0.991800, , , 
41133.000000,2059397.000000,75549924.000000, , , ,-0.650391,-0.325195,-0.325195
41134.000000,2059400.000000,75549924.000000,-0.034800,-0.020300,-0.991800, , , 
41135.000000,2059498.000000,75549924.000000, , , ,-0.325195,0.000000,-0.650391
41136.000000,2059499.000000,75549924.000000,-0.020300,-0.017400,-1.020800, , , 
41137.000000,2059599.000000,75549924.000000, , , ,-0.975586,0.000000,0.000000
41138.000000,2059600.000000,75549924.000000,-0.023200,-0.026100,-0.997600, , , 
41139.000000,2059699.000000,75549924.000000,-0.037700,-0.043500,-0.991800, , , 
41140.000000,2059700.000000,75549924.000000, , , ,-1.625977,0.000000,0.000000
41141.000000,2059800.000000,75549924.000000,-0.040600,-0.037700,-1.020800, , , 
41142.000000,2059801.000000,75549924.000000, , , ,-2.601563,0.000000,0.000000
41143.000000,2059892.000000,75549924.000000, , , ,-2.601563,-0.650391,-0.325195
41144.000000,2059899.000000,75549924.000000,-0.014500,-0.008700,-0.971500, , , 
41145.000000,2059993.000000,75549924.000000, , , ,-0.650391,-1.300781,-0.650391
41146.000000,2060000.000000,75549924.000000,-0.034800,0.000000,-0.933800, , , 
41147.000000,2060094.000000,75549924.000000, , , ,-0.650391,-0.650391,-0.325195
41148.000000,2060099.000000,75549924.000000,-0.058000,-0.002900,-0.959900, , , 
41149.000000,2060195.000000,75549924.000000, , , ,0.000000,0.000000,-0.325195
41150.000000,2060200.000000,75549924.000000,-0.031900,-0.005800,-0.988900, , , 
41151.000000,2060296.000000,75549924.000000, , , ,0.000000,0.000000,-0.325195
41152.000000,2060299.000000,75549924.000000,-0.043500,-0.017400,-1.000500, , , 
41153.000000,2060397.000000,75549924.000000, , , ,-0.325195,0.650391,-0.325195
41154.000000,2060400.000000,75549924.000000,-0.043500,-0.029000,-1.038200, , , 
41155.000000,2060498.000000,75549924.000000, , , ,-0.650391,0.325195,-0.325195
41156.000000,2060499.000000,75549924.000000,-0.008700,-0.020300,-1.023700, , , 
41157.000000,2060599.000000,75549924.000000, , , ,-0.325195,-0.650391,0.000000
41158.000000,2060600.000000,75549924.000000,-0.011600,-0.023200,-0.971500, , , 
41159.000000,2060699.000000,75549924.000000,-0.026100,-0.011600,-0.962800, , , 
41160.000000,2060700.000000,75549924.000000, , , ,0.000000,0.000000,0.000000
41161.000000,2060800.000000,75549924.000000,-0.005800,-0.002900,-0.994700, , , 
41162.000000,2060801.000000,75549924.000000, , , ,0.000000,-0.650391,-0.325195
41163.000000,2060892.000000,75549924.000000, , , ,0.000000,0.325195,-0.325195
41164.000000,2060899.000000,75549924.000000,-0.005800,-0.002900,-1.003400, , , 
41165.000000,2060993.000000,75549924.000000, , , ,0.000000,-0.325195,-0.325195
41166.000000,2061000.000000,75549924.000000,0.008700,-0.014500,-0.968600, , , 
41167.000000,2061094.000000,75549924.000000, , , ,0.000000,-0.650391,0.000000
41168.000000,2061099.000000,75549924.000000,-0.029000,-0.014500,-0.968600, , , 
41169.000000,2061195.000000,75549924.000000, , , ,0.000000,-0.325195,0.000000
41170.000000,2061200.000000,75549924.000000,-0.034800,-0.005800,-0.974400, , , 
41171.000000,2061296.000000,75549924.000000, , , ,0.000000,-0.975586,0.000000
41172.000000,2061299.000000,75549924.000000,-0.011600,-0.008700,-0.954100, , , 
41173.000000,2061397.000000,75549924.000000, , , ,0.000000,-0.650391,0.000000
41174.000000,2061400.000000,75549924.000000,-0.049300,-0.005800,-0.962800, , , 
41175.000000,2061498.000000,75549924.000000, , , ,-0.325195,0.000000,0.000000
41176.000000,2061499.000000,75549924.000000,-0.058000,-0.014500,-1.000500, , , 
41177.000000,2061599.000000,75549924.000000, , , ,0.000000,-0.650391,0.000000
41178.000000,2061600.000000,75549924.000000,-0.037700,-0.008700,-0.974400, , , 
41179.000000,2061699.000000,75549924.000000,-0.058000,-0.014500,-0.986000, , , 
41180.000000,2061700.000000,75549924.000000, , , ,-0.650391,-0.325195,0.000000
41181.000000,2061800.000000,75549924.000000,-0.043500,-0.005800,-0.980200, , , 
41182.000000,2061801.000000,75549924.000000, , , ,-0.325195,0.000000,0.000000
41183.000000,2061892.000000,75549924.000000, , , ,-0.325195,-0.325195,0.000000
41184.000000,2061899.000000,75549924.000000,-0.049300,-0.002900,-0.954100, , , 
41185.000000,2061993.000000,75549924.000000, , , ,-0.650391,-0.325195,0.325195
41186.000000,2062000.000000,75549924.000000,-0.058000,-0.014500,-0.983100, , , 
41187.000000,2062094.000000,75549924.000000, , , ,-1.300781,0.000000,0.650391
41188.000000,2062099.000000,75549924.000000,-0.058000,-0.020300,-0.997600, , , 
41189.000000,2062195.000000,75549924.000000, , , ,-0.650391,0.325195,0.000000
41190.000000,2062200.000000,75549924.000000,-0.049300,-0.011600,-0.994700, , , 
41191.000000,2062296.000000,75549924.000000, , , ,-0.325195,0.000000,0.000000
41192.000000,2062299.000000,75549924.000000,-0.046400,-0.008700,-1.003400, , , 
41193.000000,2062397.000000,75549924.000000, , , ,0.000000,-0.650391,-0.325195
41194.000000,2062400.000000,75549924.000000,-0.058000,-0.017400,-0.971500, , , 
41195.000000,2062498.000000,75549924.000000, , , ,0.000000,-0.325195,-0.650391
41196.000000,2062499.000000,75549924.000000,-0.043500,-0.011600,-0.965700, , , 
41197.000000,2062599.000000,75549924.000000, , , ,0.000000,-0.650391,-0.325195
41198.000000,2062600.000000,75549924.000000,-0.043500,-0.023200,-0.959900, , , 
41199.000000,2062699.000000,75549924.000000,-0.072500,-0.040600,-0.974400, , , 
41200.000000,2062700.000000,75549924.000000, , , ,0.000000,0.000000,-0.325195
41201.000000,2062800.000000,75549924.000000,-0.043500,-0.023200,-0.986000, , , 
41202.000000,2062801.000000,75549924.000000, , , ,0.000000,0.000000,0.000000
41203.000000,2062892.000000,75549924.000000, , , ,-0.650391,0.000000,0.000000
41204.000000,2062899.000000,75549924.000000,-0.055100,-0.034800,-0.994700, , , 
41205.000000,2062993.000000,75549924.000000, , , ,-0.975586,0.325195,-0.325195
41206.000000,2063000.000000,75549924.000000,-0.060900,-0.040600,-1.012100, , , 
41207.000000,2063094.000000,75549924.000000, , , ,-0.975586,0.000000,0.000000
41208.000000,2063099.000000,75549924.000000,-0.049300,-0.034800,-1.003400, , , 
41209.000000,2063195.000000,75549924.000000, , , ,-1.300781,0.000000,0.000000
41210.000000,2063200.000000,75549924.000000,-0.066700,-0.008700,-0.994700, , , 
41211.000000,2063296.000000,75549924.000000, , , ,-0.975586,0.650391,0.000000
41212.000000,2063299.000000,75549924.000000,-0.049300,-0.029000,-1.029500, , , 
41213.000000,2063397.000000,75549924.000000, , , ,-0.325195,-0.325195,0.000000
41214.000000,2063400.000000,75549924.000000,-0.040600,-0.023200,-0.971500, , , 
41215.000000,2063498.000000,75549924.000000, , , ,0.000000,0.000000,0.000000
41216.000000,2063499.000000,75549924.000000,-0.046400,-0.017400,-0.954100, , , 
41217.000000,2063599.000000,75549924.000000, , , ,-0.325195,0.000000,0.000000
41218.000000,2063600.000000,75549924.000000,-0.052200,-0.023200,-0.977300, , , 
41219.000000,2063699.000000,75549924.000000,-0.058000,-0.020300,-0.971500, , , 
41220.000000,2063700.000000,75549924.000000, , , ,-0.650391,0.000000,0.000000
41221.000000,2063800.000000,75549924.000000,-0.043500,-0.026100,-0.977300, , , 
41222.000000,2063801.000000,75549924.000000, , , ,-0.975586,0.000000,0.000000
41223.000000,2063892.000000,75549924.000000, , , ,-0.975586,-0.325195,0.000000
41224.000000,2063899.000000,75549924.000000,-0.049300,-0.011600,-0.957000, , , 
41225.000000,2063993.000000,75549924.000000, , , ,-0.650391,-0.650391,0.000000
41226.000000,2064000.000000,75549924.000000,-0.040600,0.000000,-0.954100, , , 
41227.000000,2064094.000000,75549924.000000, , , ,-0.325195,-0.650391,0.000000
41228.000000,2064099.000000,75549924.000000,-0.063800,-0.002900,-0.962800, , , 
41229.000000,2064195.000000,75549924.000000, , , ,-0.650391,0.000000,0.000000
41230.000000,2064200.000000,75549924.000000,-0.046400,-0.020300,-0.994700, , , 
41231.000000,2064296.000000,75549924.000000, , , ,-0.975586,-0.325195,0.000000
41232.000000,2064299.000000,75549924.000000,-0.046400,0.000000,-0.959900, , , 
41233.000000,2064397.000000,75549924.000000, , , ,-0.650391,-0.325195,0.000000
41234.000000,2064400.000000,75549924.000000,-0.046400,-0.008700,-0.968600, , , 
41235.000000,2064498.000000,75549924.000000, , , ,-0.325195,0.000000,0.000000
41236.000000,2064499.000000,75549924.000000,-0.058000,-0.017400,-0.962800, , , 
41237.000000,2064599.000000,75549924.000000, , , ,-0.650391,0.000000,0.000000
41238.000000,2064600.000000,75549924.000000,-0.052200,-0.017400,-0.991800, , , 
41239.000000,2064699.000000,75549924.000000, , , ,-0.975586,0.000000,0.000000
41240.000000,2064700.000000,75549924.000000,-0.052200,-0.023200,-1.000500, , , 
41241.000000,2064799.000000,75549924.000000,-0.046400,-0.029000,-1.003400, , , 
41242.000000,2064800.000000,75549924.000000, , , ,-0.975586,0.000000,0.000000
41243.000000,2064900.000000,75549924.000000,-0.040600,-0.002900,-0.959900, , , 
41244.000000,2064901.000000,75549924.000000, , , ,-0.650391,-0.650391,0.000000
41245.000000,2064992.000000,75549924.000000, , , ,-0.650391,-0.650391,0.000000
41246.000000,2064999.000000,75549924.000000,-0.049300,-0.020300,-0.951200, , , 
41247.000000,2065093.000000,75549924.000000, , , ,-0.325195,0.325195,-0.325195
41248.000000,2065100.000000,75549924.000000,-0.069600,-0.017400,-0.974400, , , 
41249.000000,2065194.000000,75549924.000000, , , ,-0.325195,0.000000,-0.325195
41250.000000,2065199.000000,75549924.000000,-0.046400,-0.031900,-1.029500, , , 
41251.000000,2065295.000000,75549924.000000, , , ,-0.650391,0.325195,-0.325195
41252.000000,2065300.000000,75549924.000000,-0.060900,-0.029000,-1.023700, , , 
41253.000000,2065396.000000,75549924.000000, , , ,-0.325195,0.000000,-0.325195
41254.000000,2065399.000000,75549924.000000,-0.037700,-0.017400,-0.977300, , , 
41255.000000,2065497.000000,75549924.000000, , , ,0.000000,-0.325195,-0.325195
41256.000000,2065500.000000,75549924.000000,-0.058000,-0.023200,-0.959900, , , 
41257.000000,2065598.000000,75549924.000000, , , ,-0.325195,0.000000,0.000000
41258.000000,2065599.000000,75549924.000000,-0.052200,-0.029000,-0.974400, , , 
41259.000000,2065699.000000,75549924.000000, , , ,-0.650391,-0.325195,-0.325195
41260.000000,2065700.000000,75549924.000000,-0.046400,-0.031900,-0.977300, , , 
41261.000000,2065799.000000,75549924.000000,-0.055100,-0.026100,-0.974400, , , 
41262.000000,2065800.000000,75549924.000000, , , ,-0.975586,0.000000,-0.325195
41263.000000,2065900.000000,75549924.000000,-0.046400,-0.026100,-0.974400, , , 
41264.000000,2065901.000000,75549924.000000, , , ,-0.650391,-0.325195,0.000000
41265.000000,2065992.000000,75549924.000000, , , ,0.000000,0.000000,0.000000
41266.000000,2065999.000000,75549924.000000,-0.058000,-0.014500,-0.971500, , , 
41267.000000,2066093.000000,75549924.000000, , , ,-0.325195,0.000000,-0.325195
41268.000000,2066100.000000,75549924.000000,-0.049300,-0.017400,-1.006300, , , 
41269.000000,2066194.000000,75549924.000000, , , ,0.000000,0.000000,0.000000
41270.000000,2066199.000000,75549924.000000,-0.055100,-0.023200,-1.003400, , , 
41271.000000,2066295.000000,75549924.000000, , , ,-0.325195,0.000000,0.000000
41272.000000,2066300.000000,75549924.000000,-0.040600,-0.031900,-0.977300, , , 
41273.000000,2066396.000000,75549924.000000, , , ,-0.325195,0.000000,0.000000
41274.000000,2066399.000000,75549924.000000,-0.052200,-0.026100,-0.971500, , , 
41275.000000,2066497.000000,75549924.000000, , , ,-0.325195,0.325195,-0.325195
41276.000000,2066500.000000,75549924.000000,-0.055100,-0.037700,-0.980200, , , 
41277.000000,2066598.000000,75549924.000000, , , ,-0.975586,0.000000,0.000000
41278.000000,2066599.000000,75549924.000000,-0.055100,-0.040600,-1.003400, , , 
41279.000000,2066699.000000,75549924.000000, , , ,-0.975586,0.000000,0.000000
41280.000000,2066700.000000,75549924.000000,-0.052200,-0.034800,-1.009200, , , 
41281.000000,2066799.000000,75549924.000000,-0.049300,-0.020300,-0.994700, , , 
41282.000000,2066800.000000,75549924.000000, , , ,-0.975586,0.000000,0.000000
41283.000000,2066900.000000,75549924.000000,-0.037700,-0.023200,-0.980200, , , 
41284.000000,2066901.000000,75549924.000000, , , ,-0.975586,0.000000,-0.325195
41285.000000,2066992.000000,75549924.000000, , , ,-0.325195,-0.325195,0.000000
41286.000000,2066999.000000,75549924.000000,-0.046400,-0.002900,-0.957000, , , 
41287.000000,2067093.000000,75549924.000000, , , ,0.000000,0.000000,-0.325195
41288.000000,2067100.000000,75549924.000000,-0.058000,-0.040600,-0.983100, , , 
41289.000000,2067194.000000,75549924.000000, , , ,0.000000,0.000000,-0.325195
41290.000000,2067199.000000,75549924.000000,-0.040600,-0.029000,-0.980200, , , 
41291.000000,2067295.000000,75549924.000000, , , ,-0.325195,0.000000,0.000000
41292.000000,2067300.000000,75549924.000000,-0.058000,-0.031900,-0.986000, , , 
41293.000000,2067396.000000,75549924.000000, , , ,-0.650391,0.000000,0.325195
41294.000000,2067399.000000,75549924.000000,-0.046400,-0.037700,-1.003400, , , 
41295.000000,2067497.000000,75549924.000000, , , ,-0.325195,0.325195,-0.325195
41296.000000,2067500.000000,75549924.000000,-0.014500,-0.023200,-0.974400, , , 
41297.000000,2067598.000000,75549924.000000, , , ,0.000000,-0.975586,0.000000
41298.000000,2067599.000000,75549924.000000,-0.005800,-0.029000,-0.951200, , , 
41299.000000,2067699.000000,75549924.000000, , , ,-0.325195,0.000000,0.000000
41300.000000,2067700.000000,75549924.000000,-0.008700,-0.040600,-0.971500, , , 
41301.000000,2067799.000000,75549924.000000,-0.002900,-0.031900,-1.000500, , , 
41302.000000,2067800.000000,75549924.000000, , , ,-0.975586,0.325195,0.000000
41303.000000,2067900.000000,75549924.000000,0.011600,-0.020300,-0.983100, , , 
41304.000000,2067901.000000,75549924.000000, , , ,-0.650391,0.000000,0.000000
41305.000000,2067992.000000,75549924.000000, , , ,-0.325195,-0.650391,0.000000
41306.000000,2067999.000000,75549924.000000,0.023200,0.000000,-0.965700, , , 
41307.000000,2068093.000000,75549924.000000, , , ,-0.325195,-0.325195,-0.325195
41308.000000,2068100.000000,75549924.000000,-0.005800,-0.017400,-0.988900, , , 
41309.000000,2068194.000000,75549924.000000, , , ,-0.650391,0.325195,0.000000
41310.000000,2068199.000000,75549924.000000,0.014500,-0.037700,-0.994700, , , 
41311.000000,2068295.000000,75549924.000000, , , ,-0.650391,0.000000,0.000000
41312.000000,2068300.000000,75549924.000000,0.000000,-0.023200,-0.971500, , , 
41313.000000,2068396.000000,75549924.000000, , , ,-0.325195,-0.650391,-0.325195
41314.000000,2068399.000000,75549924.000000,0.008700,-0.017400,-0.954100, , , 
41315.000000,2068497.000000,75549924.000000, , , ,-0.325195,-0.325195,-0.325195
41316.000000,2068500.000000,75549924.000000,-0.005800,-0.020300,-0.965700, , , 
41317.000000,2068598.000000,75549924.000000, , , ,-0.325195,0.000000,-0.325195
41318.000000,2068599.000000,75549924.000000,0.002900,-0.034800,-1.000500, , , 
41319.000000,2068699.000000,75549924.000000, , , ,-0.325195,0.000000,-0.325195
41320.000000,2068700.000000,75549924.000000,0.002900,-0.037700,-1.017900, , , 
41321.000000,2068799.000000,75549924.000000,0.020300,-0.026100,-0.994700, , , 
41322.000000,2068800.000000,75549924.000000, , , ,-0.650391,0.000000,-0.325195
41323.000000,2068900.000000,75549924.000000,0.008700,-0.031900,-0.986000, , , 
41324.000000,2068901.000000,75549924.000000, , , ,-0.975586,0.000000,-0.325195
41325.000000,2068992.000000,75549924.000000, , , ,-0.325195,-0.325195,-0.325195
41326.000000,2068999.000000,75549924.000000,0.031900,-0.014500,-0.968600, , , 
41327.000000,2069093.000000,75549924.000000, , , ,0.000000,-1.300781,-0.325195
41328.000000,2069100.000000,75549924.000000,0.011600,-0.005800,-0.942500, , , 
41329.000000,2069194.000000,75549924.000000, , , ,0.000000,-0.325195,-0.975586
41330.000000,2069199.000000,75549924.000000,0.000000,-0.031900,-0.962800, , , 
41331.000000,2069295.000000,75549924.000000, , , ,0.000000,0.000000,-0.325195
41332.000000,2069300.000000,75549924.000000,0.000000,-0.026100,-1.000500, , , 
41333.000000,2069396.000000,75549924.000000, , , ,-0.650391,0.000000,-0.325195
41334.000000,2069399.000000,75549924.000000,0.002900,-0.034800,-1.015000, , , 
41335.000000,2069497.000000,75549924.000000, , , ,-0.650391,0.000000,-0.975586
41336.000000,2069500.000000,75549924.000000,0.011600,-0.049300,-1.003400, , , 
41337.000000,2069598.000000,75549924.000000, , , ,-1.300781,-0.650391,0.000000
41338.000000,2069599.000000,75549924.000000,0.014500,-0.031900,-0.962800, , , 
41339.000000,2069699.000000,75549924.000000, , , ,-1.300781,0.000000,-0.325195
41340.000000,2069700.000000,75549924.000000,-0.008700,-0.031900,-0.977300, , , 
41341.000000,2069799.000000,75549924.000000,0.023200,-0.037700,-1.000500, , , 
41342.000000,2069800.000000,75549924.000000, , , ,-1.951172,0.000000,0.000000
41343.000000,2069900.000000,75549924.000000,0.014500,-0.014500,-0.974400, , , 
41344.000000,2069901.000000,75549924.000000, , , ,-1.300781,-0.325195,-0.975586
41345.000000,2069992.000000,75549924.000000, , , ,-0.975586,-0.325195,-0.650391
41346.000000,2069999.000000,75549924.000000,-0.002900,-0.020300,-0.971500, , , 
41347.000000,2070093.000000,75549924.000000, , , ,-1.300781,-0.325195,-0.650391
41348.000000,2070100.000000,75549924.000000,0.014500,-0.023200,-0.983100, , , 
41349.000000,2070194.000000,75549924.000000, , , ,-0.325195,-0.650391,-0.325195
41350.000000,2070199.000000,75549924.000000,0.014500,-0.005800,-0.957000, , , 
41351.000000,2070295.000000,75549924.000000, , , ,-0.325195,-0.325195,-0.325195
41352.000000,2070300.000000,75549924.000000,-0.008700,-0.031900,-1.000500, , , 
41353.000000,2070396.000000,75549924.000000, , , ,-0.650391,1.300781,-0.325195
41354.000000,2070399.000000,75549924.000000,-0.011600,-0.055100,-1.061400, , , 
41355.000000,2070497.000000,75549924.000000, , , ,-1.951172,0.975586,0.000000
41356.000000,2070500.000000,75549924.000000,0.017400,-0.040600,-1.046900, , , 
41357.000000,2070598.000000,75549924.000000, , , ,-1.300781,-0.650391,-0.325195
41358.000000,2070599.000000,75549924.000000,0.023200,-0.011600,-0.974400, , , 
41359.000000,2070699.000000,75549924.000000, , , ,-0.325195,-1.300781,-0.325195
41360.000000,2070700.000000,75549924.000000,0.011600,-0.008700,-0.933800, , , 
41361.000000,2070799.000000,75549924.000000,0.008700,0.011600,-0.913500, , , 
41362.000000,2070800.000000,75549924.000000, , , ,0.325195,-0.975586,-0.325195
41363.000000,2070900.000000,75549924.000000,0.002900,-0.026100,-0.965700, , , 
41364.000000,2070901.000000,75549924.000000, , , ,0.325195,-0.325195,-0.650391
41365.000000,2070992.000000,75549924.000000, , , ,0.325195,0.000000,0.000000
41366.000000,2070999.000000,75549924.000000,-0.017400,-0.043500,-0.997600, , , 
41367.000000,2071093.000000,75549924.000000, , , ,-0.650391,0.325195,-0.325195
41368.000000,2071100.000000,75549924.000000,0.000000,-0.046400,-1.015000, , , 
41369.000000,2071194.000000,75549924.000000, , , ,-1.300781,0.000000,-0.325195
41370.000000,2071199.000000,75549924.000000,0.017400,-0.043500,-0.997600, , , 
41371.000000,2071295.000000,75549924.000000, , , ,-0.650391,-0.650391,0.000000
41372.000000,2071300.000000,75549924.000000,0.008700,-0.043500,-0.954100, , , 
41373.000000,2071396.000000,75549924.000000, , , ,-1.625977,0.000000,0.000000
41374.000000,2071399.000000,75549924.000000,-0.008700,-0.029000,-0.991800, , , 
41375.000000,2071497.000000,75549924.000000, , , ,0.000000,-0.325195,-0.650391
41376.000000,2071500.000000,75549924.000000,0.034800,-0.005800,-0.951200, , , 
41377.000000,2071598.000000,75549924.000000, , , ,1.625977,-2.276367,-0.325195
41378.000000,2071599.000000,75549924.000000,0.002900,0.037700,-0.904800, , , 
41379.000000,2071699.000000,75549924.000000, , , ,1.951172,-0.325195,-0.325195
41380.000000,2071700.000000,75549924.000000,-0.023200,-0.037700,-0.962800, , , 
41381.000000,2071799.000000,75549924.000000,-0.005800,-0.069600,-1.032400, , , 
41382.000000,2071800.000000,75549924.000000, , , ,0.650391,0.975586,-0.650391
41383.000000,2071900.000000,75549924.000000,0.034800,-0.058000,-1.035300, , , 
41384.000000,2071901.000000,75549924.000000, , , ,-0.975586,0.650391,0.650391
41385.000000,2071992.000000,75549924.000000, , , ,-1.625977,0.000000,0.325195
41386.000000,2071999.000000,75549924.000000,0.023200,-0.043500,-1.003400, , , 
41387.000000,2072093.000000,75549924.000000, , , ,-1.951172,-0.325195,0.000000
41388.000000,2072100.000000,75549924.000000,0.002900,-0.043500,-0.983100, , , 
41389.000000,2072194.000000,75549924.000000, , , ,-1.625977,0.325195,0.000000
41390.000000,2072199.000000,75549924.000000,0.008700,-0.020300,-0.986000, , , 
41391.000000,2072295.000000,75549924.000000, , , ,-1.300781,0.000000,0.975586
41392.000000,2072300.000000,75549924.000000,-0.008700,-0.011600,-1.003400, , , 
41393.000000,2072396.000000,75549924.000000, , , ,-1.300781,0.000000,0.000000
41394.000000,2072399.000000,75549924.000000,0.000000,-0.002900,-0.997600, , , 
41395.000000,2072497.000000,75549924.000000, , , ,-0.325195,0.000000,0.000000
41396.000000,2072500.000000,75549924.000000,0.017400,0.002900,-0.991800, , , 
41397.000000,2072597.000000,75549924.000000, , , ,0.000000,-0.325195,0.000000
41398.000000,2072600.000000,75549924.000000,-0.008700,-0.017400,-1.000500, , , 
41399.000000,2072698.000000,75549924.000000, , , ,0.000000,0.650391,0.000000
41400.000000,2072699.000000,75549924.000000,0.020300,-0.014500,-1.012100, , , 
41401.000000,2072799.000000,75549924.000000, , , ,0.000000,-0.325195,0.000000
41402.000000,2072800.000000,75549924.000000,0.020300,-0.008700,-0.983100, , , 
41403.000000,2072899.000000,75549924.000000,-0.008700,-0.017400,-0.986000, , , 
41404.000000,2072900.000000,75549924.000000, , , ,0.000000,-0.325195,0.000000
41405.000000,2073000.000000,75549924.000000,-0.011600,-0.031900,-1.017900, , , 
41406.000000,2073001.000000,75549924.000000, , , ,-0.975586,0.650391,0.000000
41407.000000,2073092.000000,75549924.000000, , , ,-1.300781,0.000000,0.325195
41408.000000,2073099.000000,75549924.000000,0.005800,-0.026100,-0.994700, , , 
41409.000000,2073193.000000,75549924.000000, , , ,-0.650391,-0.650391,0.000000
41410.000000,2073200.000000,75549924.000000,0.002900,0.002900,-0.954100, , , 
41411.000000,2073294.000000,75549924.000000, , , ,0.000000,0.000000,0.000000
41412.000000,2073299.000000,75549924.000000,0.000000,-0.002900,-0.983100, , , 
41413.000000,2073395.000000,75549924.000000, , , ,0.000000,0.325195,0.000000
41414.000000,2073400.000000,75549924.000000,0.000000,-0.020300,-1.006300, , , 
41415.000000,2073496.000000,75549924.000000, , , ,-0.975586,0.000000,0.000000
41416.000000,2073499.000000,75549924.000000,0.014500,-0.014500,-1.006300, , , 
41417.000000,2073597.000000,75549924.000000, , , ,-0.975586,0.000000,0.000000
41418.000000,2073600.000000,75549924.000000,0.005800,-0.011600,-0.991800, , , 
41419.000000,2073698.000000,75549924.000000, , , ,-0.650391,0.000000,0.325195
41420.000000,2073699.000000,75549924.000000,0.005800,-0.002900,-0.997600, , , 
41421.000000,2073799.000000,75549924.000000, , , ,-0.325195,0.000000,-0.650391
41422.000000,2073800.000000,75549924.000000,0.008700,-0.011600,-0.983100, , , 
41423.000000,2073899.000000,75549924.000000,0.005800,-0.011600,-0.994700, , , 
41424.000000,2073900.000000,75549924.000000, , , ,-0.650391,0.000000,0.000000
41425.000000,2074000.000000,75549924.000000,0.005800,-0.052200,-1.017900, , , 
41426.000000,2074001.000000,75549924.000000, , , ,-0.650391,0.325195,-0.650391
41427.000000,2074092.000000,75549924.000000, , , ,-0.975586,0.000000,0.000000
41428.000000,2074099.000000,75549924.000000,0.014500,-0.008700,-0.988900, , , 
41429.000000,2074193.000000,75549924.000000, , , ,-0.975586,0.000000,0.000000
41430.000000,2074200.000000,75549924.000000,0.002900,-0.023200,-0.971500, , , 
41431.000000,2074294.000000,75549924.000000, , , ,-0.650391,-0.325195,-0.650391
41432.000000,2074299.000000,75549924.000000,0.017400,-0.011600,-0.974400, , , 
41433.000000,2074395.000000,75549924.000000, , , ,-0.650391,-0.650391,0.000000
41434.000000,2074400.000000,75549924.000000,-0.005800,0.008700,-0.962800, , , 
41435.000000,2074496.000000,75549924.000000, , , ,-0.325195,-0.325195,-0.325195
41436.000000,2074499.000000,75549924.000000,0.000000,-0.011600,-0.977300, , , 
41437.000000,2074597.000000,75549924.000000, , , ,-0.650391,0.000000,-0.650391
41438.000000,2074600.000000,75549924.000000,0.014500,-0.014500,-0.997600, , , 
41439.000000,2074698.000000,75549924.000000, , , ,-0.975586,0.000000,0.650391
41440.000000,2074699.000000,75549924.000000,0.014500,-0.014500,-0.988900, , , 
41441.000000,2074799.000000,75549924.000000, , , ,-0.650391,-0.650391,-0.325195
41442.000000,2074800.000000,75549924.000000,0.014500,-0.014500,-0.974400, , , 
41443.000000,2074899.000000,75549924.000000,0.005800,-0.017400,-0.962800, , , 
41444.000000,2074900.000000,75549924.000000, , , ,-0.325195,-0.650391,-0.325195
41445.000000,2075000.000000,75549924.000000,0.002900,-0.011600,-0.965700, , , 
41446.000000,2075001.000000,75549924.000000, , , ,0.000000,-0.325195,0.000000
41447.000000,2075092.000000,75549924.000000, , , ,-0.650391,0.000000,-0.325195
41448.000000,2075099.000000,75549924.000000,0.002900,-0.029000,-1.003400, , , 
41449.000000,2075193.000000,75549924.000000, , , ,-0.975586,0.325195,0.325195
41450.000000,2075200.000000,75549924.000000,0.002900,-0.029000,-1.015000, , , 
41451.000000,2075294.000000,75549924.000000, , , ,-0.325195,0.000000,0.325195
41452.000000,2075299.000000,75549924.000000,0.002900,-0.023200,-0.977300, , , 
41453.000000,2075395.000000,75549924.000000, , , ,0.000000,-0.325195,-0.650391
41454.000000,2075400.000000,75549924.000000,-0.020300,-0.014500,-0.986000, , , 
41455.000000,2075496.000000,75549924.000000, , , ,0.000000,0.000000,-0.325195
41456.000000,2075499.000000,75549924.000000,-0.023200,-0.023200,-0.994700, , , 
41457.000000,2075597.000000,75549924.000000, , , ,0.000000,-0.650391,-0.325195
41458.000000,2075600.000000,75549924.000000,-0.011600,-0.029000,-0.977300, , , 
41459.000000,2075698.000000,75549924.000000, , , ,-0.650391,-0.650391,0.000000
41460.000000,2075699.000000,75549924.000000,-0.023200,-0.020300,-0.962800, , , 
41461.000000,2075799.000000,75549924.000000, , , ,-1.300781,0.000000,0.000000
41462.000000,2075800.000000,75549924.000000,-0.034800,-0.031900,-0.986000, , , 
41463.000000,2075899.000000,75549924.000000,-0.031900,-0.034800,-0.991800, , , 
41464.000000,2075900.000000,75549924.000000, , , ,-0.975586,0.000000,-0.325195
41465.000000,2076000.000000,75549924.000000,-0.034800,-0.029000,-0.962800, , , 
41466.000000,2076001.000000,75549924.000000, , , ,-0.975586,-0.325195,0.000000
41467.000000,2076092.000000,75549924.000000, , , ,0.000000,-0.975586,0.000000
41468.000000,2076099.000000,75549924.000000,-0.043500,-0.011600,-0.962800, , , 
41469.000000,2076193.000000,75549924.000000, , , ,0.000000,0.000000,0.000000
41470.000000,2076200.000000,75549924.000000,-0.052200,-0.023200,-0.986000, , , 
41471.000000,2076294.000000,75549924.000000, , , ,0.000000,0.000000,-0.650391
41472.000000,2076299.000000,75549924.000000,-0.055100,-0.040600,-1.020800, , , 
41473.000000,2076395.000000,75549924.000000, , , ,-0.650391,0.650391,-0.325195
41474.000000,2076400.000000,75549924.000000,-0.046400,-0.026100,-1.029500, , , 
41475.000000,2076496.000000,75549924.000000, , , ,-0.650391,0.000000,-0.325195
41476.000000,2076499.000000,75549924.000000,-0.040600,-0.020300,-0.994700, , , 
41477.000000,2076597.000000,75549924.000000, , , ,-0.325195,-0.325195,-0.325195
41478.000000,2076600.000000,75549924.000000,-0.046400,-0.037700,-0.974400, , , 
41479.000000,2076698.000000,75549924.000000, , , ,-0.325195,-0.650391,-0.325195
41480.000000,2076699.000000,75549924.000000,-0.049300,-0.029000,-0.957000, , , 
41481.000000,2076799.000000,75549924.000000, , , ,-0.650391,-0.325195,-0.325195
41482.000000,2076800.000000,75549924.000000,-0.043500,-0.026100,-0.968600, , , 
41483.000000,2076899.000000,75549924.000000,-0.052200,-0.046400,-0.980200, , , 
41484.000000,2076900.000000,75549924.000000, , , ,-0.975586,0.000000,0.325195
41485.000000,2077000.000000,75549924.000000,-0.046400,-0.037700,-0.980200, , , 
41486.000000,2077001.000000,75549924.000000, , , ,-1.300781,0.000000,-0.650391
41487.000000,2077092.000000,75549924.000000, , , ,-1.625977,-0.325195,0.000000
41488.000000,2077099.000000,75549924.000000,-0.043500,-0.020300,-0.977300, , , 
41489.000000,2077193.000000,75549924.000000, , , ,-0.650391,-0.325195,0.000000
41490.000000,2077200.000000,75549924.000000,-0.055100,-0.026100,-0.974400, , , 
41491.000000,2077294.000000,75549924.000000, , , ,-0.975586,0.000000,-0.975586
41492.000000,2077299.000000,75549924.000000,-0.052200,-0.023200,-0.997600, , , 
41493.000000,2077395.000000,75549924.000000, , , ,-0.975586,0.325195,-0.325195
41494.000000,2077400.000000,75549924.000000,-0.052200,-0.008700,-1.006300, , , 
41495.000000,2077496.000000,75549924.000000, , , ,-0.650391,0.325195,0.000000
41496.000000,2077499.000000,75549924.000000,-0.049300,-0.011600,-1.017900, , , 
41497.000000,2077597.000000,75549924.000000, , , ,-0.325195,0.000000,-0.325195
41498.000000,2077600.000000,75549924.000000,-0.034800,-0.017400,-0.983100, , , 
41499.000000,2077698.000000,75549924.000000, , , ,-0.325195,-0.975586,-0.325195
41500.000000,2077699.000000,75549924.000000,-0.020300,-0.023200,-0.945400, , , 
41501.000000,2077799.000000,75549924.000000, , , ,0.000000,-0.975586,-0.325195
41502.000000,2077800.000000,75549924.000000,-0.052200,-0.017400,-0.936700, , , 
41503.000000,2077899.000000,75549924.000000,-0.060900,-0.017400,-0.971500, , , 
41504.000000,2077900.000000,75549924.000000, , , ,-0.650391,-0.325195,0.000000
41505.000000,2078000.000000,75549924.000000,-0.055100,-0.020300,-0.997600, , , 
41506.000000,2078001.000000,75549924.000000, , , ,-0.650391,0.000000,-0.325195
41507.000000,2078092.000000,75549924.000000, , , ,-0.650391,0.000000,-0.325195
41508.000000,2078099.000000,75549924.000000,-0.037700,-0.017400,-0.983100, , , 
41509.000000,2078193.000000,75549924.000000, , , ,0.000000,-0.325195,0.650391
41510.000000,2078200.000000,75549924.000000,-0.055100,-0.005800,-0.954100, , , 
41511.000000,2078294.000000,75549924.000000, , , ,-0.325195,-0.325195,0.000000
41512.000000,2078299.000000,75549924.000000,-0.052200,-0.011600,-0.971500, , , 
41513.000000,2078395.000000,75549924.000000, , , ,0.000000,-0.325195,0.000000
41514.000000,2078400.000000,75549924.000000,-0.034800,-0.011600,-0.959900, , , 
41515.000000,2078496.000000,75549924.000000, , , ,0.325195,-0.975586,0.000000
41516.000000,2078499.000000,75549924.000000,-0.052200,-0.005800,-0.951200, , , 
41517.000000,2078597.000000,75549924.000000, , , ,0.325195,0.000000,0.000000
41518.000000,2078600.000000,75549924.000000,-0.084100,-0.029000,-0.997600, , , 
41519.000000,2078698.000000,75549924.000000, , , ,-0.650391,1.625977,0.000000
41520.000000,2078699.000000,75549924.000000,-0.069600,-0.040600,-1.055600, , , 
41521.000000,2078799.000000,75549924.000000, , , ,-0.650391,0.975586,-0.325195
41522.000000,2078800.000000,75549924.000000,-0.052200,-0.020300,-1.061400, , , 
41523.000000,2078899.000000,75549924.000000,-0.052200,-0.017400,-1.017900, , , 
41524.000000,2078900.000000,75549924.000000, , , ,-0.325195,0.325195,0.000000
41525.000000,2079000.000000,75549924.000000,-0.043500,-0.017400,-0.954100, , , 
41526.000000,2079001.000000,75549924.000000, , , ,0.000000,0.000000,-0.325195
41527.000000,2079092.000000,75549924.000000, , , ,0.000000,-0.975586,0.000000
41528.000000,2079099.000000,75549924.000000,-0.052200,-0.020300,-0.954100, , , 
41529.000000,2079193.000000,75549924.000000, , , ,0.000000,-0.325195,0.000000
41530.000000,2079200.000000,75549924.000000,-0.066700,-0.023200,-0.968600, , , 
41531.000000,2079294.000000,75549924.000000, , , ,-0.325195,0.000000,-0.325195
41532.000000,2079299.000000,75549924.000000,-0.037700,-0.017400,-0.954100, , , 
41533.000000,2079395.000000,75549924.000000, , , ,-0.325195,-1.625977,0.000000
41534.000000,2079400.000000,75549924.000000,-0.046400,-0.011600,-0.936700, , , 
41535.000000,2079496.000000,75549924.000000, , , ,0.000000,-0.650391,0.000000
41536.000000,2079499.000000,75549924.000000,-0.066700,-0.023200,-0.957000, , , 
41537.000000,2079597.000000,75549924.000000, , , ,0.000000,0.000000,0.000000
41538.000000,2079600.000000,75549924.000000,-0.069600,-0.023200,-0.988900, , , 
41539.000000,2079698.000000,75549924.000000, , , ,-0.325195,0.000000,-0.325195
41540.000000,2079699.000000,75549924.000000,-0.055100,-0.034800,-1.003400, , , 
41541.000000,2079799.000000,75549924.000000, , , ,-0.325195,0.000000,0.000000
41542.000000,2079800.000000,75549924.000000,-0.055100,-0.017400,-1.000500, , , 
41543.000000,2079899.000000,75549924.000000,-0.058000,-0.023200,-0.977300, , , 
41544.000000,2079900.000000,75549924.000000, , , ,-0.325195,-0.325195,0.000000
41545.000000,2080000.000000,75549924.000000,-0.060900,-0.017400,-0.986000, , , 
41546.000000,2080001.000000,75549924.000000, , , ,0.000000,0.000000,-0.325195
41547.000000,2080092.000000,75549924.000000, , , ,0.000000,-0.325195,0.000000
41548.000000,2080099.000000,75549924.000000,-0.049300,-0.031900,-0.983100, , , 
41549.000000,2080193.000000,75549924.000000, , , ,0.000000,-0.325195,0.000000
41550.000000,2080200.000000,75549924.000000,-0.069600,-0.020300,-0.971500, , , 
41551.000000,2080294.000000,75549924.000000, , , ,-0.650391,-0.650391,0.000000
41552.000000,2080299.000000,75549924.000000,-0.063800,-0.043500,-0.988900, , , 
41553.000000,2080395.000000,75549924.000000, , , ,0.000000,-0.325195,-0.325195
41554.000000,2080400.000000,75549924.000000,-0.078300,-0.017400,-0.977300, , , 
41555.000000,2080496.000000,75549924.000000, , , ,0.000000,-0.650391,0.000000
41556.000000,2080499.000000,75549924.000000,-0.072500,-0.026100,-0.968600, , , 
41557.000000,2080597.000000,75549924.000000, , , ,0.000000,-0.975586,0.325195
41558.000000,2080600.000000,75549924.000000,-0.110200,-0.031900,-0.971500, , , 
41559.000000,2080698.000000,75549924.000000, , , ,-0.650391,0.000000,0.000000
41560.000000,2080699.000000,75549924.000000,-0.118900,-0.040600,-0.994700, , , 
41561.000000,2080799.000000,75549924.000000, , , ,-0.975586,0.325195,0.000000
41562.000000,2080800.000000,75549924.000000,-0.110200,-0.034800,-1.015000, , , 
41563.000000,2080899.000000,75549924.000000,-0.101500,-0.046400,-0.997600, , , 
41564.000000,2080900.000000,75549924.000000, , , ,-1.300781,0.000000,0.000000
41565.000000,2081000.000000,75549924.000000,-0.104400,-0.029000,-0.980200, , , 
41566.000000,2081001.000000,75549924.000000, , , ,-0.975586,-0.325195,-0.325195
41567.000000,2081092.000000,75549924.000000, , , ,-0.975586,-0.325195,0.000000
41568.000000,2081099.000000,75549924.000000,-0.107300,-0.026100,-0.980200, , , 
41569.000000,2081193.000000,75549924.000000, , , ,-0.975586,0.000000,0.000000
41570.000000,2081200.000000,75549924.000000,-0.101500,-0.023200,-0.971500, , , 
41571.000000,2081294.000000,75549924.000000, , , ,-0.650391,-0.325195,0.000000
41572.000000,2081299.000000,75549924.000000,-0.101500,-0.023200,-0.971500, , , 
41573.000000,2081395.000000,75549924.000000, , , ,-0.650391,-0.325195,0.000000
41574.000000,2081400.000000,75549924.000000,-0.118900,-0.014500,-0.980200, , , 
41575.000000,2081496.000000,75549924.000000, , , ,0.000000,0.325195,0.000000
41576.000000,2081499.000000,75549924.000000,-0.124700,-0.034800,-0.991800, , , 
41577.000000,2081597.000000,75549924.000000, , , ,0.000000,0.000000,0.000000
41578.000000,2081600.000000,75549924.000000,-0.110200,-0.029000,-0.994700, , , 
41579.000000,2081698.000000,75549924.000000, , , ,-0.325195,0.000000,0.000000
41580.000000,2081699.000000,75549924.000000,-0.124700,-0.031900,-0.988900, , , 
41581.000000,2081799.000000,75549924.000000, , , ,-0.325195,0.000000,0.000000
41582.000000,2081800.000000,75549924.000000,-0.104400,-0.034800,-0.959900, , , 
41583.000000,2081899.000000,75549924.000000,-0.118900,-0.017400,-0.951200, , , 
41584.000000,2081900.000000,75549924.000000, , , ,-0.650391,-1.300781,0.000000
41585.000000,2082000.000000,75549924.000000,-0.142100,-0.029000,-0.968600, , , 
41586.000000,2082001.000000,75549924.000000, , , ,-0.650391,-0.325195,0.000000
41587.000000,2082092.000000,75549924.000000, , , ,-0.325195,0.000000,0.000000
41588.000000,2082099.000000,75549924.000000,-0.116000,-0.031900,-0.983100, , , 
41589.000000,2082193.000000,75549924.000000, , , ,0.000000,-0.650391,0.000000
41590.000000,2082200.000000,75549924.000000,-0.121800,-0.011600,-0.951200, , , 
41591.000000,2082294.000000,75549924.000000, , , ,0.000000,-0.325195,0.000000
41592.000000,2082299.000000,75549924.000000,-0.142100,-0.055100,-0.980200, , , 
41593.000000,2082395.000000,75549924.000000, , , ,0.325195,0.325195,-0.650391
41594.000000,2082400.000000,75549924.000000,-0.145000,-0.043500,-0.997600, , , 
41595.000000,2082496.000000,75549924.000000, , , ,-0.975586,0.325195,-0.650391
41596.000000,2082499.000000,75549924.000000,-0.130500,-0.060900,-1.006300, , , 
41597.000000,2082597.000000,75549924.000000, , , ,-0.975586,0.000000,-0.325195
41598.000000,2082600.000000,75549924.000000,-0.145000,-0.046400,-0.980200, , , 
41599.000000,2082698.000000,75549924.000000, , , ,-0.650391,-0.325195,0.000000
41600.000000,2082699.000000,75549924.000000,-0.127600,-0.055100,-0.965700, , , 
41601.000000,2082799.000000,75549924.000000, , , ,-0.650391,-0.325195,0.000000
41602.000000,2082800.000000,75549924.000000,-0.159500,-0.031900,-0.971500, , , 
41603.000000,2082899.000000,75549924.000000,-0.153700,-0.046400,-0.986000, , , 
41604.000000,2082900.000000,75549924.000000, , , ,-0.975586,0.325195,-0.650391
41605.000000,2083000.000000,75549924.000000,-0.150800,-0.034800,-0.971500, , , 
41606.000000,2083001.000000,75549924.000000, , , ,-0.650391,-0.325195,-0.325195
41607.000000,2083092.000000,75549924.000000, , , ,-1.300781,0.000000,0.000000
41608.000000,2083099.000000,75549924.000000,-0.153700,-0.046400,-0.965700, , , 
41609.000000,2083193.000000,75549924.000000, , , ,-0.975586,-0.975586,0.000000
41610.000000,2083200.000000,75549924.000000,-0.159500,-0.037700,-0.951200, , , 
41611.000000,2083294.000000,75549924.000000, , , ,-0.975586,-0.650391,0.000000
41612.000000,2083299.000000,75549924.000000,-0.171100,-0.031900,-0.965700, , , 
41613.000000,2083395.000000,75549924.000000, , , ,-0.975586,0.000000,0.000000
41614.000000,2083400.000000,75549924.000000,-0.174000,-0.046400,-0.980200, , , 
41615.000000,2083496.000000,75549924.000000, , , ,-0.325195,0.325195,-0.650391
41616.000000,2083499.000000,75549924.000000,-0.174000,-0.031900,-0.988900, , , 
41617.000000,2083597.000000,75549924.000000, , , ,0.000000,0.000000,-0.325195
41618.000000,2083600.000000,75549924.000000,-0.162400,-0.031900,-0.986000, , , 
41619.000000,2083698.000000,75549924.000000, , , ,0.000000,0.000000,0.000000
41620.000000,2083699.000000,75549924.000000,-0.162400,-0.034800,-0.965700, , , 
41621.000000,2083799.000000,75549924.000000, , , ,0.000000,-0.325195,-0.650391
41622.000000,2083800.000000,75549924.000000,-0.159500,-0.043500,-0.971500, , , 
41623.000000,2083899.000000,75549924.000000, , , ,-0.325195,0.000000,-0.325195
41624.000000,2083900.000000,75549924.000000,-0.174000,-0.058000,-0.986000, , , 
41625.000000,2083999.000000,75549924.000000,-0.165300,-0.058000,-1.000500, , , 
41626.000000,2084000.000000,75549924.000000, , , ,-0.975586,0.975586,0.000000
41627.000000,2084100.000000,75549924.000000,-0.133400,-0.046400,-0.980200, , , 
41628.000000,2084101.000000,75549924.000000, , , ,-1.625977,0.000000,-0.325195
41629.000000,2084200.000000,75549924.000000,-0.121800,-0.037700,-0.986000, , , 
41630.000000,2084201.000000,75549924.000000, , , ,-2.601563,0.000000,0.000000
41631.000000,2084292.000000,75549924.000000, , , ,-1.625977,0.325195,-0.325195
41632.000000,2084299.000000,75549924.000000,-0.124700,-0.034800,-0.983100, , , 
41633.000000,2084393.000000,75549924.000000, , , ,-1.625977,0.650391,0.000000
41634.000000,2084400.000000,75549924.000000,-0.107300,-0.026100,-0.994700, , , 
41635.000000,2084494.000000,75549924.000000, , , ,-0.650391,0.000000,-0.325195
41636.000000,2084499.000000,75549924.000000,-0.092800,-0.031900,-0.965700, , , 
41637.000000,2084595.000000,75549924.000000, , , ,-1.300781,-0.650391,-0.325195
41638.000000,2084600.000000,75549924.000000,-0.101500,-0.011600,-0.980200, , , 
41639.000000,2084696.000000,75549924.000000, , , ,-1.625977,-0.650391,0.000000
41640.000000,2084699.000000,75549924.000000,-0.124700,-0.029000,-0.974400, , , 
41641.000000,2084797.000000,75549924.000000, , , ,-0.650391,0.325195,0.000000
41642.000000,2084800.000000,75549924.000000,-0.092800,-0.014500,-0.965700, , , 
41643.000000,2084898.000000,75549924.000000, , , ,-0.975586,-0.650391,-0.325195
41644.000000,2084899.000000,75549924.000000,-0.113100,-0.026100,-0.983100, , , 
41645.000000,2084999.000000,75549924.000000, , , ,-0.975586,-0.325195,0.000000
41646.000000,2085000.000000,75549924.000000,-0.118900,-0.008700,-0.951200, , , 
41647.000000,2085099.000000,75549924.000000,-0.121800,-0.043500,-0.986000, , , 
41648.000000,2085100.000000,75549924.000000, , , ,-1.300781,-0.325195,0.000000
41649.000000,2085200.000000,75549924.000000,-0.139200,-0.008700,-0.974400, , , 
41650.000000,2085201.000000,75549924.000000, , , ,-0.325195,-0.650391,0.000000
41651.000000,2085292.000000,75549924.000000, , , ,-0.975586,0.000000,0.000000
41652.000000,2085299.000000,75549924.000000,-0.136300,-0.023200,-0.983100, , , 
41653.000000,2085393.000000,75549924.000000, , , ,-0.975586,0.000000,-0.325195
41654.000000,2085400.000000,75549924.000000,-0.156600,-0.031900,-0.986000, , , 
41655.000000,2085494.000000,75549924.000000, , , ,-0.650391,-0.325195,-0.325195
41656.000000,2085499.000000,75549924.000000,-0.156600,-0.011600,-0.959900, , , 
41657.000000,2085595.000000,75549924.000000, , , ,-1.300781,-0.975586,-0.325195
41658.000000,2085600.000000,75549924.000000,-0.168200,-0.023200,-0.977300, , , 
41659.000000,2085696.000000,75549924.000000, , , ,-1.625977,-0.325195,-0.325195
41660.000000,2085699.000000,75549924.000000,-0.185600,-0.011600,-0.971500, , , 
41661.000000,2085797.000000,75549924.000000, , , ,-0.650391,-0.325195,-0.325195
41662.000000,2085800.000000,75549924.000000,-0.182700,-0.014500,-0.971500, , , 
41663.000000,2085898.000000,75549924.000000, , , ,-0.325195,-0.325195,-0.650391
41664.000000,2085899.000000,75549924.000000,-0.188500,0.005800,-0.965700, , , 
41665.000000,2085999.000000,75549924.000000, , , ,-0.650391,-0.650391,-0.650391
41666.000000,2086000.000000,75549924.000000,-0.200100,-0.034800,-0.974400, , , 
41667.000000,2086099.000000,75549924.000000,-0.194300,-0.005800,-0.959900, , , 
41668.000000,2086100.000000,75549924.000000, , , ,-0.325195,-0.325195,-0.325195
41669.000000,2086200.000000,75549924.000000,-0.197200,-0.014500,-0.971500, , , 
41670.000000,2086201.000000,75549924.000000, , , ,-0.325195,-0.650391,0.000000
41671.000000,2086292.000000,75549924.000000, , , ,-0.650391,-0.650391,-0.325195
41672.000000,2086299.000000,75549924.000000,-0.200100,-0.029000,-0.974400, , , 
41673.000000,2086393.000000,75549924.000000, , , ,-0.325195,-0.650391,-0.650391
41674.000000,2086400.000000,75549924.000000,-0.211700,-0.014500,-0.971500, , , 
41675.000000,2086494.000000,75549924.000000, , , ,-0.650391,0.000000,-0.325195
41676.000000,2086499.000000,75549924.000000,-0.220400,-0.023200,-0.968600, , , 
41677.000000,2086595.000000,75549924.000000, , , ,-0.325195,-0.650391,-0.650391
41678.000000,2086600.000000,75549924.000000,-0.226200,-0.014500,-0.977300, , , 
41679.000000,2086696.000000,75549924.000000, , , ,-0.650391,-0.325195,-0.325195
41680.000000,2086699.000000,75549924.000000,-0.243600,-0.011600,-0.965700, , , 
41681.000000,2086797.000000,75549924.000000, , , ,-0.325195,0.000000,-0.650391
41682.000000,2086800.000000,75549924.000000,-0.232000,-0.014500,-0.974400, , , 
41683.000000,2086898.000000,75549924.000000, , , ,-0.650391,0.000000,0.000000
41684.000000,2086899.000000,75549924.000000,-0.234900,-0.005800,-0.977300, , , 
41685.000000,2086999.000000,75549924.000000, , , ,-0.325195,-0.325195,0.000000
41686.000000,2087000.000000,75549924.000000,-0.234900,0.000000,-0.968600, , , 
41687.000000,2087099.000000,75549924.000000,-0.240700,0.014500,-0.974400, , , 
41688.000000,2087100.000000,75549924.000000, , , ,0.000000,0.000000,0.325195
41689.000000,2087200.000000,75549924.000000,-0.229100,-0.008700,-0.974400, , , 
41690.000000,2087201.000000,75549924.000000, , , ,0.000000,0.000000,0.650391
41691.000000,2087292.000000,75549924.000000, , , ,-0.325195,0.000000,0.325195
41692.000000,2087299.000000,75549924.000000,-0.243600,-0.014500,-0.988900, , , 
41693.000000,2087393.000000,75549924.000000, , , ,0.000000,0.000000,0.000000
41694.000000,2087400.000000,75549924.000000,-0.237800,-0.011600,-0.968600, , , 
41695.000000,2087494.000000,75549924.000000, , , ,-0.325195,0.000000,0.325195
41696.000000,2087499.000000,75549924.000000,-0.234900,-0.005800,-0.977300, , , 
41697.000000,2087595.000000,75549924.000000, , , ,0.000000,0.000000,0.325195
41698.000000,2087600.000000,75549924.000000,-0.220400,-0.026100,-0.977300, , , 
41699.000000,2087696.000000,75549924.000000, , , ,-0.650391,-0.325195,0.000000
41700.000000,2087699.000000,75549924.000000,-0.237800,-0.017400,-0.977300, , , 
41701.000000,2087797.000000,75549924.000000, , , ,-0.650391,-0.325195,0.000000
41702.000000,2087800.000000,75549924.000000,-0.234900,-0.008700,-0.977300, , , 
41703.000000,2087898.000000,75549924.000000, , , ,-0.650391,0.000000,0.325195
41704.000000,2087899.000000,75549924.000000,-0.243600,-0.008700,-0.962800, , , 
41705.000000,2087999.000000,75549924.000000, , , ,-0.325195,0.000000,0.325195
41706.000000,2088000.000000,75549924.000000,-0.249400,-0.002900,-0.977300, , , 
41707.000000,2088099.000000,75549924.000000,-0.246500,-0.023200,-0.968600, , , 
41708.000000,2088100.000000,75549924.000000, , , ,-0.650391,0.000000,0.325195
41709.000000,2088200.000000,75549924.000000,-0.261000,-0.011600,-0.971500, , , 
41710.000000,2088201.000000,75549924.000000, , , ,-0.325195,-0.325195,0.000000
41711.000000,2088292.000000,75549924.000000, , , ,0.000000,-0.325195,0.000000
41712.000000,2088299.000000,75549924.000000,-0.252300,-0.014500,-0.974400, , , 
41713.000000,2088393.000000,75549924.000000, , , ,-0.650391,-0.325195,0.000000
41714.000000,2088400.000000,75549924.000000,-0.261000,-0.020300,-0.971500, , , 
41715.000000,2088494.000000,75549924.000000, , , ,-0.650391,0.000000,0.000000
41716.000000,2088499.000000,75549924.000000,-0.269700,-0.014500,-0.974400, , , 
41717.000000,2088595.000000,75549924.000000, , , ,0.000000,0.000000,0.000000
41718.000000,2088600.000000,75549924.000000,-0.243600,-0.014500,-0.971500, , , 
41719.000000,2088696.000000,75549924.000000, , , ,-0.325195,0.000000,0.000000
41720.000000,2088699.000000,75549924.000000,-0.194300,-0.031900,-0.977300, , , 
41721.000000,2088797.000000,75549924.000000, , , ,-0.650391,0.650391,0.000000
41722.000000,2088800.000000,75549924.000000,-0.150800,0.000000,-0.968600, , , 
41723.000000,2088898.000000,75549924.000000, , , ,-0.650391,0.000000,0.000000
41724.000000,2088899.000000,75549924.000000,-0.118900,-0.017400,-0.977300, , , 
41725.000000,2088999.000000,75549924.000000, , , ,-0.650391,0.325195,0.325195
41726.000000,2089000.000000,75549924.000000,-0.081200,-0.017400,-0.986000, , , 
41727.000000,2089099.000000,75549924.000000,-0.043500,-0.014500,-0.980200, , , 
41728.000000,2089100.000000,75549924.000000, , , ,-0.650391,0.325195,0.325195
41729.000000,2089200.000000,75549924.000000,-0.023200,-0.011600,-0.980200, , , 
41730.000000,2089201.000000,75549924.000000, , , ,-0.650391,0.000000,0.650391
41731.000000,2089292.000000,75549924.000000, , , ,0.000000,0.000000,0.000000
41732.000000,2089299.000000,75549924.000000,-0.017400,-0.026100,-0.983100, , , 
41733.000000,2089393.000000,75549924.000000, , , ,0.000000,0.000000,0.325195
41734.000000,2089400.000000,75549924.000000,-0.017400,-0.014500,-0.980200, , , 
41735.000000,2089494.000000,75549924.000000, , , ,-0.650391,0.000000,0.325195
41736.000000,2089499.000000,75549924.000000,-0.008700,-0.029000,-0.968600, , , 
41737.000000,2089595.000000,75549924.000000, , , ,-0.650391,-0.650391,0.325195
41738.000000,2089600.000000,75549924.000000,-0.011600,-0.014500,-0.977300, , , 
41739.000000,2089696.000000,75549924.000000, , , ,-0.650391,-0.325195,0.000000
41740.000000,2089699.000000,75549924.000000,-0.020300,-0.020300,-0.994700, , , 
41741.000000,2089797.000000,75549924.000000, , , ,-0.325195,-0.325195,0.325195
41742.000000,2089800.000000,75549924.000000,-0.020300,-0.017400,-0.980200, , , 
41743.000000,2089898.000000,75549924.000000, , , ,-0.325195,-0.325195,0.000000
41744.000000,2089899.000000,75549924.000000,-0.023200,-0.020300,-0.983100, , , 
41745.000000,2089999.000000,75549924.000000, , , ,-0.325195,0.000000,0.325195
41746.000000,2090000.000000,75549924.000000,-0.023200,-0.023200,-0.977300, , , 
41747.000000,2090099.000000,75549924.000000,-0.026100,-0.034800,-0.974400, , , 
41748.000000,2090100.000000,75549924.000000, , , ,-0.975586,0.000000,0.325195
41749.000000,2090200.000000,75549924.000000,-0.011600,-0.014500,-0.986000, , , 
41750.000000,2090201.000000,75549924.000000, , , ,-0.975586,-0.325195,0.325195
41751.000000,2090292.000000,75549924.000000, , , ,-0.650391,-0.650391,0.000000
41752.000000,2090299.000000,75549924.000000,-0.014500,-0.014500,-0.988900, , , 
41753.000000,2090393.000000,75549924.000000, , , ,-0.650391,-0.325195,0.325195
41754.000000,2090400.000000,75549924.000000,-0.005800,-0.026100,-0.977300, , , 
41755.000000,2090494.000000,75549924.000000, , , ,-0.975586,-0.325195,0.325195
41756.000000,2090499.000000,75549924.000000,-0.008700,-0.020300,-0.983100, , , 
41757.000000,2090595.000000,75549924.000000, , , ,0.000000,-0.325195,0.325195
41758.000000,2090600.000000,75549924.000000,-0.008700,-0.020300,-0.988900, , , 
41759.000000,2090696.000000,75549924.000000, , , ,-0.325195,0.000000,0.325195
41760.000000,2090699.000000,75549924.000000,0.000000,-0.002900,-0.980200, , , 
41761.000000,2090797.000000,75549924.000000, , , ,-0.650391,0.000000,0.325195
41762.000000,2090800.000000,75549924.000000,0.011600,-0.034800,-0.988900, , , 
41763.000000,2090898.000000,75549924.000000, , , ,-0.650391,0.000000,-0.325195
41764.000000,2090899.000000,75549924.000000,0.037700,-0.031900,-0.980200, , , 
41765.000000,2090999.000000,75549924.000000, , , ,0.000000,0.000000,-0.975586
41766.000000,2091000.000000,75549924.000000,0.060900,-0.052200,-0.986000, , , 
41767.000000,2091099.000000,75549924.000000,0.072500,-0.058000,-0.997600, , , 
41768.000000,2091100.000000,75549924.000000, , , ,0.000000,0.650391,-1.625977
41769.000000,2091200.000000,75549924.000000,0.089900,-0.069600,-0.968600, , , 
41770.000000,2091201.000000,75549924.000000, , , ,-0.325195,0.325195,-1.951172
41771.000000,2091292.000000,75549924.000000, , , ,-0.325195,0.000000,-2.601563
41772.000000,2091299.000000,75549924.000000,0.092800,-0.066700,-0.983100, , , 
41773.000000,2091393.000000,75549924.000000, , , ,-1.300781,0.000000,-2.926758
41774.000000,2091400.000000,75549924.000000,0.095700,-0.055100,-0.997600, , , 
41775.000000,2091494.000000,75549924.000000, , , ,-0.325195,0.000000,-3.251953
41776.000000,2091499.000000,75549924.000000,0.110200,-0.060900,-0.988900, , , 
41777.000000,2091595.000000,75549924.000000, , , ,-1.300781,0.000000,-3.251953
41778.000000,2091600.000000,75549924.000000,0.124700,-0.081200,-0.997600, , , 
41779.000000,2091696.000000,75549924.000000, , , ,-0.325195,0.000000,-3.902344
41780.000000,2091699.000000,75549924.000000,0.107300,-0.078300,-0.971500, , , 
41781.000000,2091797.000000,75549924.000000, , , ,-0.325195,0.325195,-5.203125
41782.000000,2091800.000000,75549924.000000,0.121800,-0.098600,-0.994700, , , 
41783.000000,2091898.000000,75549924.000000, , , ,-0.650391,0.000000,-5.853516
41784.000000,2091899.000000,75549924.000000,0.118900,-0.127600,-0.991800, , , 
41785.000000,2091999.000000,75549924.000000, , , ,-0.650391,0.000000,-7.154297
41786.000000,2092000.000000,75549924.000000,0.110200,-0.162400,-0.991800, , , 
41787.000000,2092099.000000,75549924.000000,0.098600,-0.147900,-0.986000, , , 
41788.000000,2092100.000000,75549924.000000, , , ,-0.975586,0.000000,-8.455078
41789.000000,2092200.000000,75549924.000000,0.124700,-0.174000,-0.986000, , , 
41790.000000,2092201.000000,75549924.000000, , , ,-1.300781,-0.650391,-9.430664
41791.000000,2092292.000000,75549924.000000, , , ,-1.951172,1.300781,-10.406250
41792.000000,2092299.000000,75549924.000000,0.150800,-0.185600,-1.017900, , , 
41793.000000,2092393.000000,75549924.000000, , , ,-0.975586,0.000000,-11.381836
41794.000000,2092400.000000,75549924.000000,0.214600,-0.168200,-0.971500, , , 
41795.000000,2092494.000000,75549924.000000, , , ,-1.951172,0.000000,-12.032227
41796.000000,2092499.000000,75549924.000000,0.229100,-0.188500,-0.988900, , , 
41797.000000,2092595.000000,75549924.000000, , , ,-1.951172,0.650391,-12.682617
41798.000000,2092600.000000,75549924.000000,0.232000,-0.220400,-0.986000, , , 
41799.000000,2092696.000000,75549924.000000, , , ,-1.300781,0.000000,-13.658203
41800.000000,2092699.000000,75549924.000000,0.220400,-0.197200,-0.980200, , , 
41801.000000,2092797.000000,75549924.000000, , , ,-1.951172,-0.650391,-15.284179
41802.000000,2092800.000000,75549924.000000,0.191400,-0.278400,-0.997600, , , 
41803.000000,2092898.000000,75549924.000000, , , ,-2.926758,0.000000,-13.983398
41804.000000,2092899.000000,75549924.000000,0.197200,-0.298700,-0.986000, , , 
41805.000000,2092999.000000,75549924.000000, , , ,-2.926758,-1.300781,-16.584961
41806.000000,2093000.000000,75549924.000000,0.217500,-0.223300,-0.928000, , , 
41807.000000,2093099.000000,75549924.000000,0.217500,-0.205900,-0.951200, , , 
41808.000000,2093100.000000,75549924.000000, , , ,0.325195,-2.276367,-17.235352
41809.000000,2093200.000000,75549924.000000,0.214600,-0.255200,-0.983100, , , 
41810.000000,2093201.000000,75549924.000000, , , ,0.000000,-3.577148,-17.560547
41811.000000,2093292.000000,75549924.000000, , , ,-1.625977,-2.601563,-17.235352
41812.000000,2093299.000000,75549924.000000,0.156600,-0.382800,-1.000500, , , 
41813.000000,2093393.000000,75549924.000000, , , ,-7.154297,0.000000,-16.910156
41814.000000,2093400.000000,75549924.000000,0.110200,-0.385700,-1.015000, , , 
41815.000000,2093494.000000,75549924.000000, , , ,-10.731445,3.902344,-16.584961
41816.000000,2093499.000000,75549924.000000,0.121800,-0.240700,-1.070100, , , 
41817.000000,2093595.000000,75549924.000000, , , ,-5.203125,5.203125,-16.910156
41818.000000,2093600.000000,75549924.000000,0.205900,-0.095700,-1.012100, , , 
41819.000000,2093696.000000,75549924.000000, , , ,-0.325195,2.926758,-14.958983
41820.000000,2093699.000000,75549924.000000,0.223300,-0.130500,-1.000500, , , 
41821.000000,2093797.000000,75549924.000000, , , ,-0.650391,-0.650391,-13.983398
41822.000000,2093800.000000,75549924.000000,0.240700,-0.203000,-1.026600, , , 
41823.000000,2093898.000000,75549924.000000, , , ,0.975586,-3.251953,-14.308594
41824.000000,2093899.000000,75549924.000000,0.182700,-0.162400,-0.983100, , , 
41825.000000,2093999.000000,75549924.000000, , , ,5.203125,-1.300781,-15.609375
41826.000000,2094000.000000,75549924.000000,0.171100,-0.168200,-0.919300, , , 
41827.000000,2094099.000000,75549924.000000,0.200100,-0.240700,-0.930900, , , 
41828.000000,2094100.000000,75549924.000000, , , ,4.227539,-1.300781,-14.958983
41829.000000,2094200.000000,75549924.000000,0.200100,-0.266800,-0.977300, , , 
41830.000000,2094201.000000,75549924.000000, , , ,3.577148,-3.577148,-11.707031
41831.000000,2094292.000000,75549924.000000, , , ,1.300781,-3.577148,-13.658203
41832.000000,2094299.000000,75549924.000000,0.159500,-0.304500,-0.971500, , , 
41833.000000,2094393.000000,75549924.000000, , , ,-0.650391,-1.300781,-13.658203
41834.000000,2094400.000000,75549924.000000,0.136300,-0.290000,-0.957000, , , 
41835.000000,2094494.000000,75549924.000000, , , ,-1.300781,0.000000,-13.333008
41836.000000,2094499.000000,75549924.000000,0.165300,-0.237800,-0.983100, , , 
41837.000000,2094595.000000,75549924.000000, , , ,-0.325195,-0.325195,-12.682617
41838.000000,2094600.000000,75549924.000000,0.185600,-0.234900,-0.988900, , , 
41839.000000,2094696.000000,75549924.000000, , , ,-1.300781,-1.300781,-11.707031
41840.000000,2094699.000000,75549924.000000,0.182700,-0.220400,-0.991800, , , 
41841.000000,2094797.000000,75549924.000000, , , ,0.000000,-0.975586,-11.707031
41842.000000,2094800.000000,75549924.000000,0.176900,-0.203000,-0.974400, , , 
41843.000000,2094898.000000,75549924.000000, , , ,0.325195,-0.650391,-11.056641
41844.000000,2094899.000000,75549924.000000,0.179800,-0.208800,-0.974400, , , 
41845.000000,2094999.000000,75549924.000000, , , ,0.000000,-0.325195,-10.406250
41846.000000,2095000.000000,75549924.000000,0.188500,-0.208800,-0.986000, , , 
41847.000000,2095099.000000,75549924.000000,0.174000,-0.176900,-0.986000, , , 
41848.000000,2095100.000000,75549924.000000, , , ,0.650391,-0.325195,-10.406250
41849.000000,2095200.000000,75549924.000000,0.182700,-0.205900,-0.983100, , , 
41850.000000,2095201.000000,75549924.000000, , , ,1.300781,-0.325195,-10.081055
41851.000000,2095292.000000,75549924.000000, , , ,1.625977,0.000000,-9.755859
41852.000000,2095299.000000,75549924.000000,0.188500,-0.208800,-1.003400, , , 
41853.000000,2095393.000000,75549924.000000, , , ,1.300781,0.000000,-9.430664
41854.000000,2095400.000000,75549924.000000,0.171100,-0.252300,-0.988900, , , 
41855.000000,2095494.000000,75549924.000000, , , ,-0.325195,0.000000,-8.455078
41856.000000,2095499.000000,75549924.000000,0.185600,-0.208800,-0.994700, , , 
41857.000000,2095595.000000,75549924.000000, , , ,-0.325195,-0.325195,-7.479492
41858.000000,2095600.000000,75549924.000000,0.191400,-0.174000,-0.991800, , , 
41859.000000,2095696.000000,75549924.000000, , , ,-1.625977,-0.650391,-5.853516
41860.000000,2095699.000000,75549924.000000,0.194300,-0.118900,-0.977300, , , 
41861.000000,2095797.000000,75549924.000000, , , ,-0.975586,0.000000,-3.902344
41862.000000,2095800.000000,75549924.000000,0.174000,-0.095700,-0.997600, , , 
41863.000000,2095898.000000,75549924.000000, , , ,-1.625977,0.000000,-2.926758
41864.000000,2095899.000000,75549924.000000,0.179800,-0.066700,-0.994700, , , 
41865.000000,2095999.000000,75549924.000000, , , ,-1.300781,0.325195,-1.951172
41866.000000,2096000.000000,75549924.000000,0.194300,-0.037700,-1.003400, , , 
41867.000000,2096099.000000,75549924.000000,0.179800,-0.055100,-0.997600, , , 
41868.000000,2096100.000000,75549924.000000, , , ,-0.325195,-0.325195,-1.300781
41869.000000,2096200.000000,75549924.000000,0.182700,-0.046400,-1.000500, , , 
41870.000000,2096201.000000,75549924.000000, , , ,-0.325195,0.000000,-1.300781
41871.000000,2096292.000000,75549924.000000, , , ,0.000000,0.000000,-1.300781
41872.000000,2096299.000000,75549924.000000,0.185600,-0.060900,-0.997600, , , 
41873.000000,2096393.000000,75549924.000000, , , ,0.000000,0.000000,-1.300781
41874.000000,2096400.000000,75549924.000000,0.179800,-0.052200,-0.997600, , , 
41875.000000,2096494.000000,75549924.000000, , , ,-0.325195,0.000000,-0.975586
41876.000000,2096499.000000,75549924.000000,0.188500,-0.075400,-0.988900, , , 
41877.000000,2096595.000000,75549924.000000, , , ,0.000000,-0.325195,-1.300781
41878.000000,2096600.000000,75549924.000000,0.185600,-0.031900,-0.988900, , , 
41879.000000,2096696.000000,75549924.000000, , , ,-0.650391,0.000000,-0.975586
41880.000000,2096699.000000,75549924.000000,0.179800,-0.069600,-0.994700, , , 
41881.000000,2096797.000000,75549924.000000, , , ,0.000000,0.000000,-1.300781
41882.000000,2096800.000000,75549924.000000,0.174000,-0.069600,-1.000500, , , 
41883.000000,2096898.000000,75549924.000000, , , ,0.000000,0.000000,-0.975586
41884.000000,2096900.000000,75549924.000000,0.179800,-0.066700,-1.000500, , , 
41885.000000,2096998.000000,75549924.000000, , , ,-0.325195,0.650391,-1.300781
41886.000000,2096999.000000,75549924.000000,0.185600,-0.055100,-0.997600, , , 
41887.000000,2097099.000000,75549924.000000, , , ,-0.325195,0.000000,-1.300781
41888.000000,2097100.000000,75549924.000000,0.174000,-0.078300,-1.009200, , , 
41889.000000,2097199.000000,75549924.000000,0.176900,-0.063800,-1.003400, , , 
41890.000000,2097200.000000,75549924.000000, , , ,-0.650391,0.000000,-1.300781
41891.000000,2097300.000000,75549924.000000,0.182700,-0.072500,-1.000500, , , 
41892.000000,2097301.000000,75549924.000000, , , ,-0.650391,0.000000,-0.975586
41893.000000,2097392.000000,75549924.000000, , , ,-0.325195,0.000000,-1.300781
41894.000000,2097399.000000,75549924.000000,0.174000,-0.063800,-0.994700, , , 
41895.000000,2097493.000000,75549924.000000, , , ,-0.975586,0.325195,-1.300781
41896.000000,2097500.000000,75549924.000000,0.174000,-0.063800,-1.012100, , , 
41897.000000,2097594.000000,75549924.000000, , , ,-0.975586,0.325195,-1.300781
41898.000000,2097599.000000,75549924.000000,0.182700,-0.069600,-0.986000, , , 
41899.000000,2097695.000000,75549924.000000, , , ,-0.975586,-1.625977,-0.650391
41900.000000,2097700.000000,75549924.000000,0.203000,-0.043500,-0.942500, , , 
41901.000000,2097796.000000,75549924.000000, , , ,-0.975586,-1.951172,-0.325195
41902.000000,2097800.000000,75549924.000000,0.159500,-0.026100,-0.951200, , , 
41903.000000,2097896.000000,75549924.000000, , , ,-1.300781,0.325195,-0.325195
41904.000000,2097899.000000,75549924.000000,0.130500,-0.046400,-1.006300, , , 
41905.000000,2097997.000000,75549924.000000, , , ,-0.975586,0.325195,0.000000
41906.000000,2098000.000000,75549924.000000,0.139200,-0.031900,-1.035300, , , 
41907.000000,2098098.000000,75549924.000000, , , ,-0.650391,0.000000,-0.325195
41908.000000,2098099.000000,75549924.000000,0.136300,-0.023200,-1.009200, , , 
41909.000000,2098199.000000,75549924.000000, , , ,-0.650391,-0.325195,0.000000
41910.000000,2098200.000000,75549924.000000,0.113100,-0.020300,-0.988900, , , 
41911.000000,2098299.000000,75549924.000000,0.127600,-0.026100,-0.991800, , , 
41912.000000,2098300.000000,75549924.000000, , , ,-0.650391,0.000000,-0.325195
41913.000000,2098400.000000,75549924.000000,0.165300,-0.029000,-0.968600, , , 
41914.000000,2098401.000000,75549924.000000, , , ,-0.325195,0.000000,0.000000
41915.000000,2098492.000000,75549924.000000, , , ,-0.975586,-0.975586,-0.325195
41916.000000,2098499.000000,75549924.000000,0.174000,-0.043500,-0.965700, , , 
41917.000000,2098593.000000,75549924.000000, , , ,-1.300781,-0.975586,-0.325195
41918.000000,2098600.000000,75549924.000000,0.153700,-0.043500,-0.936700, , , 
41919.000000,2098694.000000,75549924.000000, , , ,-1.951172,-0.975586,0.000000
41920.000000,2098699.000000,75549924.000000,0.165300,-0.029000,-0.962800, , , 
41921.000000,2098795.000000,75549924.000000, , , ,-1.300781,-1.300781,0.000000
41922.000000,2098800.000000,75549924.000000,0.133400,-0.014500,-0.951200, , , 
41923.000000,2098896.000000,75549924.000000, , , ,-0.650391,-0.650391,0.000000
41924.000000,2098899.000000,75549924.000000,0.130500,0.000000,-0.971500, , , 
41925.000000,2098997.000000,75549924.000000, , , ,-0.650391,-0.650391,-0.650391
41926.000000,2099000.000000,75549924.000000,0.130500,0.000000,-0.980200, , , 
41927.000000,2099098.000000,75549924.000000, , , ,0.000000,-0.325195,0.000000
41928.000000,2099099.000000,75549924.000000,0.124700,-0.008700,-0.980200, , , 
41929.000000,2099199.000000,75549924.000000, , , ,0.000000,0.000000,0.000000
41930.000000,2099200.000000,75549924.000000,0.127600,-0.031900,-0.983100, , , 
41931.000000,2099299.000000,75549924.000000,0.121800,-0.031900,-0.986000, , , 
41932.000000,2099300.000000,75549924.000000, , , ,-0.325195,-0.325195,-0.325195
41933.000000,2099400.000000,75549924.000000,0.130500,-0.040600,-0.983100, , , 
41934.000000,2099401.000000,75549924.000000, , , ,-0.325195,-0.325195,-0.650391
41935.000000,2099492.000000,75549924.000000, , , ,-0.650391,-0.325195,0.000000
41936.000000,2099499.000000,75549924.000000,0.113100,-0.037700,-0.983100, , , 
41937.000000,2099593.000000,75549924.000000, , , ,-0.325195,-0.325195,-0.325195
41938.000000,2099600.000000,75549924.000000,0.121800,-0.029000,-0.980200, , , 
41939.000000,2099694.000000,75549924.000000, , , ,0.000000,0.000000,-0.325195
41940.000000,2099699.000000,75549924.000000,0.121800,-0.034800,-0.986000, , , 
41941.000000,2099795.000000,75549924.000000, , , ,0.000000,-0.325195,-0.325195
41942.000000,2099800.000000,75549924.000000,0.113100,-0.029000,-0.983100, , , 
41943.000000,2099896.000000,75549924.000000, , , ,0.000000,-0.325195,-0.325195
41944.000000,2099899.000000,75549924.000000,0.139200,-0.031900,-0.968600, , , 
41945.000000,2099997.000000,75549924.000000, , , ,-0.650391,-0.975586,-0.325195
41946.000000,2100000.000000,75549924.000000,0.116000,-0.037700,-0.962800, , , 
41947.000000,2100098.000000,75549924.000000, , , ,-0.325195,-0.650391,0.000000
41948.000000,2100099.000000,75549924.000000,0.124700,-0.046400,-0.954100, , , 
41949.000000,2100199.000000,75549924.000000, , , ,0.000000,-0.325195,-0.325195
41950.000000,2100200.000000,75549924.000000,0.118900,-0.029000,-0.980200, , , 
41951.000000,2100299.000000,75549924.000000,0.104400,-0.040600,-0.986000, , , 
41952.000000,2100300.000000,75549924.000000, , , ,-0.650391,0.000000,-0.650391
41953.000000,2100400.000000,75549924.000000,0.130500,-0.037700,-0.997600, , , 
41954.000000,2100401.000000,75549924.000000, , , ,-0.975586,0.000000,-0.650391
41955.000000,2100492.000000,75549924.000000, , , ,-0.975586,-0.650391,0.000000
41956.000000,2100499.000000,75549924.000000,0.113100,-0.040600,-0.986000, , , 
41957.000000,2100593.000000,75549924.000000, , , ,-1.625977,0.000000,-0.325195
41958.000000,2100600.000000,75549924.000000,0.116000,-0.023200,-0.974400, , , 
41959.000000,2100694.000000,75549924.000000, , , ,-1.625977,-0.325195,0.000000
41960.000000,2100699.000000,75549924.000000,0.124700,-0.029000,-0.971500, , , 
41961.000000,2100795.000000,75549924.000000, , , ,-1.300781,-0.975586,0.000000
41962.000000,2100800.000000,75549924.000000,0.113100,-0.043500,-0.968600, , , 
41963.000000,2100896.000000,75549924.000000, , , ,-0.975586,-0.975586,0.000000
41964.000000,2100899.000000,75549924.000000,0.118900,-0.002900,-0.988900, , , 
41965.000000,2100997.000000,75549924.000000, , , ,-1.951172,0.000000,0.000000
41966.000000,2101000.000000,75549924.000000,0.113100,-0.046400,-0.994700, , , 
41967.000000,2101098.000000,75549924.000000, , , ,-0.975586,0.000000,0.325195
41968.000000,2101099.000000,75549924.000000,0.116000,-0.011600,-0.986000, , , 
41969.000000,2101199.000000,75549924.000000, , , ,-0.650391,0.000000,0.000000
41970.000000,2101200.000000,75549924.000000,0.121800,-0.008700,-0.977300, , , 
41971.000000,2101299.000000,75549924.000000,0.116000,0.023200,-0.965700, , , 
41972.000000,2101300.000000,75549924.000000, , , ,-0.975586,-1.300781,0.000000
41973.000000,2101400.000000,75549924.000000,0.118900,0.011600,-0.945400, , , 
41974.000000,2101401.000000,75549924.000000, , , ,-0.325195,-0.975586,0.325195
41975.000000,2101492.000000,75549924.000000, , , ,-0.325195,-1.300781,0.000000
41976.000000,2101499.000000,75549924.000000,0.116000,0.000000,-0.945400, , , 
41977.000000,2101593.000000,75549924.000000, , , ,-0.650391,-1.300781,0.325195
41978.000000,2101600.000000,75549924.000000,0.107300,0.011600,-0.939600, , , 
41979.000000,2101694.000000,75549924.000000, , , ,0.000000,-0.325195,0.325195
41980.000000,2101699.000000,75549924.000000,0.107300,0.005800,-0.971500, , , 
41981.000000,2101795.000000,75549924.000000, , , ,-0.650391,-0.975586,0.325195
41982.000000,2101800.000000,75549924.000000,0.116000,0.008700,-0.954100, , , 
41983.000000,2101896.000000,75549924.000000, , , ,0.000000,-0.975586,0.000000
41984.000000,2101899.000000,75549924.000000,0.084100,0.005800,-0.948300, , , 
41985.000000,2101997.000000,75549924.000000, , , ,-0.325195,-0.975586,0.000000
41986.000000,2102000.000000,75549924.000000,0.087000,0.000000,-0.962800, , , 
41987.000000,2102098.000000,75549924.000000, , , ,0.000000,-0.325195,0.325195
41988.000000,2102099.000000,75549924.000000,0.075400,0.000000,-0.983100, , , 
41989.000000,2102199.000000,75549924.000000, , , ,-0.325195,0.000000,0.000000
41990.000000,2102200.000000,75549924.000000,0.075400,0.000000,-0.994700, , , 
41991.000000,2102299.000000,75549924.000000,0.089900,-0.014500,-1.015000, , , 
41992.000000,2102300.000000,75549924.000000, , , ,-0.650391,-0.650391,0.325195
41993.000000,2102400.000000,75549924.000000,0.066700,0.002900,-0.968600, , , 
41994.000000,2102401.000000,75549924.000000, , , ,0.000000,-0.650391,0.000000
41995.000000,2102500.000000,75549924.000000,0.063800,-0.023200,-0.977300, , , 
41996.000000,2102501.000000,75549924.000000, , , ,0.000000,-0.325195,0.000000
41997.000000,2102592.000000,75549924.000000, , , ,0.325195,-0.325195,0.000000
41998.000000,2102599.000000,75549924.000000,0.046400,-0.023200,-0.983100, , , 
41999.000000,2102693.000000,75549924.000000, , , ,0.000000,-0.975586,0.000000
42000.000000,2102700.000000,75549924.000000,0.040600,-0.020300,-0.983100, , , 
42001.000000,2102794.000000,75549924.000000, , , ,0.000000,0.000000,0.000000
42002.000000,2102799.000000,75549924.000000,0.063800,-0.037700,-0.968600, , , 
42003.000000,2102895.000000,75549924.000000, , , ,-0.650391,-0.325195,0.000000
42004.000000,2102900.000000,75549924.000000,0.046400,-0.031900,-0.983100, , , 
42005.000000,2102996.000000,75549924.000000, , , ,-0.650391,0.000000,0.000000
42006.000000,2102999.000000,75549924.000000,0.081200,-0.014500,-0.974400, , , 
42007.000000,2103097.000000,75549924.000000, , , ,-0.975586,-0.650391,0.000000
42008.000000,2103100.000000,75549924.000000,0.092800,0.014500,-0.951200, , , 
42009.000000,2103198.000000,75549924.000000, , , ,-0.325195,-0.975586,0.000000
42010.000000,2103199.000000,75549924.000000,0.052200,-0.017400,-0.945400, , , 
42011.000000,2103299.000000,75549924.000000, , , ,0.000000,-0.325195,0.000000
42012.000000,2103300.000000,75549924.000000,0.058000,-0.026100,-0.959900, , , 
42013.000000,2103399.000000,75549924.000000,0.072500,-0.017400,-0.954100, , , 
42014.000000,2103400.000000,75549924.000000, , , ,-0.650391,-1.300781,0.000000
42015.000000,2103500.000000,75549924.000000,0.031900,-0.020300,-0.945400, , , 
42016.000000,2103501.000000,75549924.000000, , , ,0.000000,-0.975586,0.000000
42017.000000,2103601.000000,75549924.000000,0.052200,-0.014500,-0.948300,0.325195,-0.650391,0.000000
42018.000000,2103692.000000,75549924.000000, , , ,0.000000,-0.975586,-0.325195
42019.000000,2103699.000000,75549924.000000,0.034800,-0.014500,-0.962800, , , 
42020.000000,2103793.000000,75549924.000000, , , ,-0.650391,0.000000,-0.325195
42021.000000,2103800.000000,75549924.000000,0.037700,-0.040600,-1.000500, , , 
42022.000000,2103894.000000,75549924.000000, , , ,-0.975586,0.000000,0.325195
42023.000000,2103899.000000,75549924.000000,0.049300,-0.026100,-1.003400, , , 
42024.000000,2103995.000000,75549924.000000, , , ,-1.300781,-0.650391,0.325195
42025.000000,2104000.000000,75549924.000000,0.058000,-0.029000,-0.962800, , , 
42026.000000,2104096.000000,75549924.000000, , , ,-0.975586,-1.300781,0.000000
42027.000000,2104099.000000,75549924.000000,0.040600,0.008700,-0.971500, , , 
42028.000000,2104197.000000,75549924.000000, , , ,-0.650391,0.000000,0.000000
42029.000000,2104200.000000,75549924.000000,0.063800,-0.031900,-0.968600, , , 
42030.000000,2104298.000000,75549924.000000, , , ,-0.325195,-0.975586,0.000000
42031.000000,2104299.000000,75549924.000000,0.055100,-0.023200,-0.942500, , , 
42032.000000,2104399.000000,75549924.000000, , , ,0.000000,-0.975586,0.000000
42033.000000,2104400.000000,75549924.000000,0.031900,0.005800,-0.945400, , , 
42034.000000,2104499.000000,75549924.000000,0.029000,-0.017400,-1.000500, , , 
42035.000000,2104500.000000,75549924.000000, , , ,0.000000,-0.650391,0.000000
42036.000000,2104600.000000,75549924.000000,0.037700,-0.011600,-1.023700, , , 
42037.000000,2104601.000000,75549924.000000, , , ,-0.650391,0.650391,0.000000
42038.000000,2104692.000000,75549924.000000, , , ,0.000000,-0.325195,0.000000
42039.000000,2104699.000000,75549924.000000,0.063800,-0.005800,-0.971500, , , 
42040.000000,2104793.000000,75549924.000000, , , ,-0.325195,-1.300781,0.000000
42041.000000,2104800.000000,75549924.000000,0.034800,0.000000,-0.954100, , , 
42042.000000,2104894.000000,75549924.000000, , , ,0.000000,0.000000,0.000000
42043.000000,2104899.000000,75549924.000000,0.034800,-0.002900,-0.971500, , , 
42044.000000,2104995.000000,75549924.000000, , , ,-0.325195,0.000000,0.325195
42045.000000,2105000.000000,75549924.000000,0.040600,-0.014500,-0.991800, , , 
42046.000000,2105096.000000,75549924.000000, , , ,-0.650391,0.000000,0.000000
42047.000000,2105099.000000,75549924.000000,0.034800,-0.002900,-0.986000, , , 
42048.000000,2105197.000000,75549924.000000, , , ,-1.625977,-0.975586,0.000000
42049.000000,2105200.000000,75549924.000000,0.055100,-0.014500,-0.971500, , , 
42050.000000,2105298.000000,75549924.000000, , , ,-0.650391,0.000000,0.325195
42051.000000,2105299.000000,75549924.000000,0.020300,-0.023200,-0.977300, , , 
42052.000000,2105399.000000,75549924.000000, , , ,-0.325195,0.325195,0.000000
42053.000000,2105400.000000,75549924.000000,0.034800,0.000000,-1.000500, , , 
42054.000000,2105499.000000,75549924.000000,0.037700,-0.023200,-1.017900, , , 
42055.000000,2105500.000000,75549924.000000, , , ,-0.650391,0.650391,0.325195
42056.000000,2105600.000000,75549924.000000,0.043500,-0.029000,-1.012100, , , 
42057.000000,2105601.000000,75549924.000000, , , ,-0.975586,0.650391,0.650391
42058.000000,2105692.000000,75549924.000000, , , ,-0.975586,0.000000,0.000000
42059.000000,2105699.000000,75549924.000000,0.031900,-0.026100,-1.026600, , , 
42060.000000,2105793.000000,75549924.000000, , , ,-0.650391,0.650391,0.000000
42061.000000,2105800.000000,75549924.000000,0.034800,-0.023200,-1.017900, , , 
42062.000000,2105894.000000,75549924.000000, , , ,-0.650391,0.325195,-0.325195
42063.000000,2105899.000000,75549924.000000,0.052200,-0.008700,-1.009200, , , 
42064.000000,2105995.000000,75549924.000000, , , ,-0.325195,0.000000,0.000000
42065.000000,2106000.000000,75549924.000000,0.046400,-0.002900,-0.980200, , , 
42066.000000,2106096.000000,75549924.000000, , , ,-0.650391,-0.325195,0.000000
42067.000000,2106099.000000,75549924.000000,0.034800,-0.002900,-0.974400, , , 
42068.000000,2106197.000000,75549924.000000, , , ,0.000000,-0.975586,0.000000
42069.000000,2106200.000000,75549924.000000,0.002900,-0.031900,-0.965700, , , 
42070.000000,2106298.000000,75549924.000000, , , ,-0.325195,-0.650391,0.000000
42071.000000,2106299.000000,75549924.000000,-0.020300,-0.014500,-0.980200, , , 
42072.000000,2106399.000000,75549924.000000, , , ,-0.650391,0.325195,0.000000
42073.000000,2106400.000000,75549924.000000,-0.020300,-0.008700,-1.006300, , , 
42074.000000,2106499.000000,75549924.000000,-0.002900,-0.005800,-0.986000, , , 
42075.000000,2106500.000000,75549924.000000, , , ,-0.975586,-0.325195,0.650391
42076.000000,2106600.000000,75549924.000000,-0.040600,0.000000,-0.980200, , , 
42077.000000,2106601.000000,75549924.000000, , , ,-0.650391,-0.325195,0.325195
42078.000000,2106692.000000,75549924.000000, , , ,-1.625977,0.000000,0.000000
42079.000000,2106699.000000,75549924.000000,-0.023200,-0.005800,-0.997600, , , 
42080.000000,2106793.000000,75549924.000000, , , ,-0.650391,-0.975586,0.000000
42081.000000,2106800.000000,75549924.000000,-0.005800,0.008700,-0.948300, , , 
42082.000000,2106894.000000,75549924.000000, , , ,0.000000,-1.625977,0.000000
42083.000000,2106899.000000,75549924.000000,-0.037700,0.020300,-0.925100, , , 
42084.000000,2106995.000000,75549924.000000, , , ,0.325195,0.000000,0.000000
42085.000000,2107000.000000,75549924.000000,-0.055100,-0.005800,-0.986000, , , 
42086.000000,2107096.000000,75549924.000000, , , ,0.000000,0.325195,0.000000
42087.000000,2107099.000000,75549924.000000,-0.005800,0.000000,-1.020800, , , 
42088.000000,2107197.000000,75549924.000000, , , ,0.325195,0.000000,0.000000
42089.000000,2107200.000000,75549924.000000,-0.002900,0.008700,-1.000500, , , 
42090.000000,2107298.000000,75549924.000000, , , ,0.325195,0.325195,0.000000
42091.000000,2107299.000000,75549924.000000,-0.014500,0.000000,-0.997600, , , 
42092.000000,2107399.000000,75549924.000000, , , ,0.000000,0.650391,0.325195
42093.000000,2107400.000000,75549924.000000,0.000000,0.011600,-1.012100, , , 
42094.000000,2107499.000000,75549924.000000,0.005800,0.014500,-0.986000, , , 
42095.000000,2107500.000000,75549924.000000, , , ,-0.325195,0.000000,0.650391
42096.000000,2107600.000000,75549924.000000,0.000000,0.023200,-0.983100, , , 
42097.000000,2107601.000000,75549924.000000, , , ,0.000000,-0.325195,1.300781
42098.000000,2107692.000000,75549924.000000, , , ,-0.650391,0.000000,1.625977
42099.000000,2107699.000000,75549924.000000,0.000000,0.037700,-1.017900, , , 
42100.000000,2107793.000000,75549924.000000, , , ,-0.650391,0.325195,2.276367
42101.000000,2107800.000000,75549924.000000,0.014500,0.055100,-0.997600, , , 
42102.000000,2107894.000000,75549924.000000, , , ,0.000000,-0.325195,1.300781
42103.000000,2107899.000000,75549924.000000,0.008700,0.058000,-0.991800, , , 
42104.000000,2107995.000000,75549924.000000, , , ,-0.325195,0.000000,1.951172
42105.000000,2108000.000000,75549924.000000,-0.005800,0.069600,-0.991800, , , 
42106.000000,2108096.000000,75549924.000000, , , ,0.325195,0.325195,1.951172
42107.000000,2108099.000000,75549924.000000,-0.008700,0.060900,-0.994700, , , 
42108.000000,2108197.000000,75549924.000000, , , ,0.000000,0.000000,2.276367
42109.000000,2108200.000000,75549924.000000,0.000000,0.060900,-0.986000, , , 
42110.000000,2108298.000000,75549924.000000, , , ,0.650391,0.000000,1.625977
42111.000000,2108299.000000,75549924.000000,0.000000,0.060900,-0.991800, , , 
42112.000000,2108399.000000,75549924.000000, , , ,0.325195,0.000000,1.951172
42113.000000,2108400.000000,75549924.000000,-0.005800,0.084100,-1.009200, , , 
42114.000000,2108499.000000,75549924.000000,0.000000,0.049300,-1.020800, , , 
42115.000000,2108500.000000,75549924.000000, , , ,0.000000,0.000000,2.601563
42116.000000,2108600.000000,75549924.000000,0.005800,0.078300,-1.009200, , , 
42117.000000,2108601.000000,75549924.000000, , , ,0.000000,0.325195,1.951172
42118.000000,2108692.000000,75549924.000000, , , ,0.325195,0.325195,1.625977
42119.000000,2108699.000000,75549924.000000,-0.002900,0.078300,-1.006300, , , 
42120.000000,2108793.000000,75549924.000000, , , ,0.325195,0.650391,2.276367
42121.000000,2108800.000000,75549924.000000,-0.002900,0.075400,-1.026600, , , 
42122.000000,2108894.000000,75549924.000000, , , ,0.325195,0.975586,2.601563
42123.000000,2108899.000000,75549924.000000,0.000000,0.060900,-1.044000, , , 
42124.000000,2108995.000000,75549924.000000, , , ,0.000000,0.325195,2.601563
42125.000000,2109000.000000,75549924.000000,0.017400,0.075400,-0.988900, , , 
42126.000000,2109096.000000,75549924.000000, , , ,0.000000,-0.650391,2.276367
42127.000000,2109099.000000,75549924.000000,-0.002900,0.066700,-0.974400, , , 
42128.000000,2109197.000000,75549924.000000, , , ,0.650391,0.000000,2.601563
42129.000000,2109200.000000,75549924.000000,0.000000,0.069600,-0.977300, , , 
42130.000000,2109298.000000,75549924.000000, , , ,0.325195,0.000000,2.601563
42131.000000,2109299.000000,75549924.000000,-0.002900,0.072500,-0.988900, , , 
42132.000000,2109399.000000,75549924.000000, , , ,0.000000,0.000000,2.601563
42133.000000,2109400.000000,75549924.000000,-0.002900,0.069600,-0.994700, , , 
42134.000000,2109499.000000,75549924.000000,0.000000,0.052200,-1.006300, , , 
42135.000000,2109500.000000,75549924.000000, , , ,-0.650391,0.325195,2.926758
42136.000000,2109600.000000,75549924.000000,-0.002900,0.069600,-1.017900, , , 
42137.000000,2109601.000000,75549924.000000, , , ,-0.975586,0.650391,2.926758
42138.000000,2109692.000000,75549924.000000, , , ,-0.975586,0.000000,2.601563
42139.000000,2109699.000000,75549924.000000,0.000000,0.072500,-1.003400, , , 
42140.000000,2109793.000000,75549924.000000, , , ,-0.325195,0.000000,2.276367
42141.000000,2109800.000000,75549924.000000,0.011600,0.084100,-0.983100, , , 
42142.000000,2109894.000000,75549924.000000, , , ,-0.975586,-0.325195,2.601563
42143.000000,2109899.000000,75549924.000000,0.002900,0.066700,-0.954100, , , 
42144.000000,2109995.000000,75549924.000000, , , ,-0.975586,0.000000,2.926758
42145.000000,2110000.000000,75549924.000000,-0.008700,0.060900,-0.974400, , , 
42146.000000,2110096.000000,75549924.000000, , , ,-0.975586,0.325195,2.276367
42147.000000,2110099.000000,75549924.000000,0.005800,0.066700,-1.012100, , , 
42148.000000,2110197.000000,75549924.000000, , , ,-0.975586,0.000000,2.276367
42149.000000,2110200.000000,75549924.000000,0.000000,0.081200,-1.009200, , , 
42150.000000,2110298.000000,75549924.000000, , , ,-0.975586,0.325195,2.926758
42151.000000,2110299.000000,75549924.000000,-0.008700,0.069600,-1.012100, , , 
42152.000000,2110399.000000,75549924.000000, , , ,-0.975586,0.650391,2.601563
42153.000000,2110400.000000,75549924.000000,-0.002900,0.084100,-1.020800, , , 
42154.000000,2110499.000000,75549924.000000,-0.020300,0.075400,-0.983100, , , 
42155.000000,2110500.000000,75549924.000000, , , ,-0.975586,-0.325195,2.926758
42156.000000,2110600.000000,75549924.000000,-0.023200,0.092800,-0.957000, , , 
42157.000000,2110601.000000,75549924.000000, , , ,-0.325195,-0.650391,2.276367
42158.000000,2110692.000000,75549924.000000, , , ,0.000000,0.000000,2.601563
42159.000000,2110699.000000,75549924.000000,-0.020300,0.072500,-0.991800, , , 
42160.000000,2110793.000000,75549924.000000, , , ,-0.975586,0.000000,2.926758
42161.000000,2110800.000000,75549924.000000,-0.034800,0.052200,-1.003400, , , 
42162.000000,2110894.000000,75549924.000000, , , ,-0.650391,-0.325195,2.601563
42163.000000,2110899.000000,75549924.000000,-0.023200,0.081200,-0.965700, , , 
42164.000000,2110995.000000,75549924.000000, , , ,-0.325195,-0.650391,2.926758
42165.000000,2111000.000000,75549924.000000,-0.037700,0.092800,-0.968600, , , 
42166.000000,2111096.000000,75549924.000000, , , ,-0.650391,0.000000,2.601563
42167.000000,2111099.000000,75549924.000000,-0.046400,0.078300,-0.991800, , , 
42168.000000,2111197.000000,75549924.000000, , , ,-0.650391,0.000000,2.601563
42169.000000,2111200.000000,75549924.000000,-0.037700,0.072500,-0.983100, , , 
42170.000000,2111298.000000,75549924.000000, , , ,0.000000,-0.325195,2.926758
42171.000000,2111299.000000,75549924.000000,-0.043500,0.075400,-0.986000, , , 
42172.000000,2111399.000000,75549924.000000, , , ,0.000000,-0.325195,2.601563
42173.000000,2111400.000000,75549924.000000,-0.055100,0.098600,-0.971500, , , 
42174.000000,2111499.000000,75549924.000000,-0.058000,0.092800,-0.971500, , , 
42175.000000,2111500.000000,75549924.000000, , , ,0.000000,0.000000,2.601563
42176.000000,2111600.000000,75549924.000000,-0.046400,0.063800,-1.003400, , , 
42177.000000,2111601.000000,75549924.000000, , , ,0.000000,0.325195,2.276367
42178.000000,2111692.000000,75549924.000000, , , ,0.650391,0.325195,2.601563
42179.000000,2111699.000000,75549924.000000,-0.034800,0.072500,-1.012100, , , 
42180.000000,2111793.000000,75549924.000000, , , ,0.650391,0.000000,2.926758
42181.000000,2111800.000000,75549924.000000,0.000000,0.092800,-0.988900, , , 
42182.000000,2111894.000000,75549924.000000, , , ,0.650391,0.000000,2.276367
42183.000000,2111899.000000,75549924.000000,-0.014500,0.049300,-1.003400, , , 
42184.000000,2111995.000000,75549924.000000, , , ,0.000000,0.650391,2.601563
42185.000000,2112000.000000,75549924.000000,-0.005800,0.063800,-1.015000, , , 
42186.000000,2112096.000000,75549924.000000, , , ,-0.325195,0.325195,2.601563
42187.000000,2112099.000000,75549924.000000,-0.002900,0.052200,-1.015000, , , 
42188.000000,2112197.000000,75549924.000000, , , ,-0.325195,1.300781,2.926758
42189.000000,2112200.000000,75549924.000000,-0.008700,0.066700,-1.049800, , , 
42190.000000,2112298.000000,75549924.000000, , , ,0.000000,0.975586,2.926758
42191.000000,2112299.000000,75549924.000000,0.031900,0.081200,-1.012100, , , 
42192.000000,2112399.000000,75549924.000000, , , ,0.325195,-1.951172,2.601563
42193.000000,2112400.000000,75549924.000000,0.020300,0.084100,-0.916400, , , 
42194.000000,2112499.000000,75549924.000000,-0.034800,0.043500,-0.962800, , , 
42195.000000,2112500.000000,75549924.000000, , , ,0.000000,-0.650391,2.926758
42196.000000,2112600.000000,75549924.000000,-0.005800,0.072500,-1.052700, , , 
42197.000000,2112601.000000,75549924.000000, , , ,-0.325195,1.951172,3.251953
42198.000000,2112692.000000,75549924.000000, , , ,0.000000,0.650391,3.251953
42199.000000,2112699.000000,75549924.000000,0.023200,0.098600,-1.029500, , , 
42200.000000,2112793.000000,75549924.000000, , , ,0.325195,-0.325195,2.926758
42201.000000,2112800.000000,75549924.000000,0.011600,0.084100,-0.977300, , , 
42202.000000,2112894.000000,75549924.000000, , , ,0.325195,0.000000,3.251953
42203.000000,2112899.000000,75549924.000000,-0.029000,0.069600,-0.988900, , , 
42204.000000,2112995.000000,75549924.000000, , , ,-0.325195,0.325195,3.251953
42205.000000,2113000.000000,75549924.000000,-0.020300,0.066700,-1.000500, , , 
42206.000000,2113096.000000,75549924.000000, , , ,-1.951172,0.000000,3.251953
42207.000000,2113099.000000,75549924.000000,-0.017400,0.069600,-1.017900, , , 
42208.000000,2113197.000000,75549924.000000, , , ,-1.625977,0.325195,2.926758
42209.000000,2113200.000000,75549924.000000,-0.026100,0.078300,-1.029500, , , 
42210.000000,2113298.000000,75549924.000000, , , ,-1.300781,0.325195,2.926758
42211.000000,2113299.000000,75549924.000000,-0.029000,0.063800,-0.997600, , , 
42212.000000,2113399.000000,75549924.000000, , , ,-0.975586,0.000000,2.926758
42213.000000,2113400.000000,75549924.000000,-0.017400,0.098600,-0.971500, , , 
42214.000000,2113499.000000,75549924.000000,-0.037700,0.087000,-0.965700, , , 
42215.000000,2113500.000000,75549924.000000, , , ,-0.650391,-0.975586,3.251953
42216.000000,2113600.000000,75549924.000000,-0.055100,0.069600,-0.983100, , , 
42217.000000,2113601.000000,75549924.000000, , , ,-0.325195,0.000000,2.926758
42218.000000,2113692.000000,75549924.000000, , , ,-0.325195,0.325195,2.926758
42219.000000,2113699.000000,75549924.000000,-0.046400,0.081200,-1.015000, , , 
42220.000000,2113793.000000,75549924.000000, , , ,0.325195,0.650391,2.276367
42221.000000,2113800.000000,75549924.000000,-0.034800,0.078300,-1.026600, , , 
42222.000000,2113894.000000,75549924.000000, , , ,0.325195,-0.975586,2.276367
42223.000000,2113899.000000,75549924.000000,-0.029000,0.055100,-0.951200, , , 
42224.000000,2113995.000000,75549924.000000, , , ,0.000000,-1.300781,2.276367
42225.000000,2114000.000000,75549924.000000,-0.043500,0.046400,-0.916400, , , 
42226.000000,2114096.000000,75549924.000000, , , ,-0.650391,-0.650391,2.601563
42227.000000,2114099.000000,75549924.000000,-0.052200,0.031900,-0.942500, , , 
42228.000000,2114197.000000,75549924.000000, , , ,-0.975586,-0.650391,2.601563
42229.000000,2114200.000000,75549924.000000,-0.040600,0.058000,-0.942500, , , 
42230.000000,2114298.000000,75549924.000000, , , ,-0.325195,-0.325195,2.276367
42231.000000,2114299.000000,75549924.000000,-0.066700,0.049300,-0.986000, , , 
42232.000000,2114399.000000,75549924.000000, , , ,0.000000,0.975586,1.951172
42233.000000,2114400.000000,75549924.000000,-0.072500,0.058000,-1.055600, , , 
42234.000000,2114499.000000,75549924.000000,-0.049300,0.014500,-1.075900, , , 
42235.000000,2114500.000000,75549924.000000, , , ,-0.650391,1.300781,1.951172
42236.000000,2114600.000000,75549924.000000,-0.031900,0.005800,-1.009200, , , 
42237.000000,2114601.000000,75549924.000000, , , ,-1.300781,0.000000,1.625977
42238.000000,2114692.000000,75549924.000000, , , ,-1.300781,0.000000,1.300781
42239.000000,2114699.000000,75549924.000000,-0.063800,0.014500,-0.988900, , , 
42240.000000,2114793.000000,75549924.000000, , , ,-0.650391,0.650391,0.975586
42241.000000,2114800.000000,75549924.000000,-0.046400,0.031900,-1.000500, , , 
42242.000000,2114894.000000,75549924.000000, , , ,0.000000,0.000000,1.625977
42243.000000,2114899.000000,75549924.000000,-0.037700,0.026100,-0.968600, , , 
42244.000000,2114995.000000,75549924.000000, , , ,0.000000,-0.325195,0.975586
42245.000000,2115000.000000,75549924.000000,-0.043500,-0.005800,-0.971500, , , 
42246.000000,2115096.000000,75549924.000000, , , ,-0.325195,0.000000,1.300781
42247.000000,2115099.000000,75549924.000000,-0.052200,0.008700,-0.971500, , , 
42248.000000,2115197.000000,75549924.000000, , , ,-0.975586,-0.325195,0.975586
42249.000000,2115200.000000,75549924.000000,-0.040600,0.000000,-0.977300, , , 
42250.000000,2115298.000000,75549924.000000, , , ,-0.325195,0.000000,1.300781
42251.000000,2115299.000000,75549924.000000,-0.037700,0.011600,-0.965700, , , 
42252.000000,2115399.000000,75549924.000000, , , ,-0.325195,-0.650391,1.300781
42253.000000,2115400.000000,75549924.000000,-0.055100,-0.020300,-0.968600, , , 
42254.000000,2115499.000000,75549924.000000,-0.049300,0.005800,-0.994700, , , 
42255.000000,2115500.000000,75549924.000000, , , ,-0.650391,0.000000,1.300781
42256.000000,2115600.000000,75549924.000000,-0.040600,0.000000,-0.991800, , , 
42257.000000,2115601.000000,75549924.000000, , , ,-1.625977,0.000000,1.300781
42258.000000,2115692.000000,75549924.000000, , , ,-1.625977,0.000000,0.975586
42259.000000,2115699.000000,75549924.000000,-0.052200,-0.008700,-0.991800, , , 
42260.000000,2115793.000000,75549924.000000, , , ,-1.300781,0.000000,0.975586
42261.000000,2115800.000000,75549924.000000,-0.055100,0.014500,-0.997600, , , 
42262.000000,2115894.000000,75549924.000000, , , ,-1.300781,0.325195,1.300781
42263.000000,2115899.000000,75549924.000000,-0.037700,0.008700,-1.003400, , , 
42264.000000,2115995.000000,75549924.000000, , , ,-1.625977,-0.325195,0.975586
42265.000000,2116000.000000,75549924.000000,-0.026100,0.005800,-0.968600, , , 
42266.000000,2116096.000000,75549924.000000, , , ,-0.325195,-0.650391,0.975586
42267.000000,2116099.000000,75549924.000000,-0.058000,0.000000,-0.968600, , , 
42268.000000,2116197.000000,75549924.000000, , , ,-1.625977,0.000000,0.975586
42269.000000,2116200.000000,75549924.000000,-0.052200,-0.005800,-1.012100, , , 
42270.000000,2116298.000000,75549924.000000, , , ,-1.951172,0.000000,0.975586
42271.000000,2116299.000000,75549924.000000,-0.058000,0.002900,-1.023700, , , 
42272.000000,2116399.000000,75549924.000000, , , ,-1.625977,0.325195,1.300781
42273.000000,2116400.000000,75549924.000000,-0.031900,0.008700,-1.009200, , , 
42274.000000,2116499.000000,75549924.000000,-0.034800,0.017400,-0.965700, , , 
42275.000000,2116500.000000,75549924.000000, , , ,-0.975586,-0.650391,0.975586
42276.000000,2116600.000000,75549924.000000,-0.060900,0.002900,-0.965700, , , 
42277.000000,2116601.000000,75549924.000000, , , ,-0.650391,-0.325195,0.975586
42278.000000,2116692.000000,75549924.000000, , , ,-0.650391,0.000000,0.975586
42279.000000,2116699.000000,75549924.000000,-0.049300,0.000000,-0.983100, , , 
42280.000000,2116793.000000,75549924.000000, , , ,-0.325195,0.000000,0.650391
42281.000000,2116800.000000,75549924.000000,-0.055100,0.005800,-1.009200, , , 
42282.000000,2116894.000000,75549924.000000, , , ,-1.300781,0.325195,0.650391
42283.000000,2116899.000000,75549924.000000,-0.040600,-0.017400,-1.003400, , , 
42284.000000,2116995.000000,75549924.000000, , , ,-1.951172,0.650391,0.650391
42285.000000,2117000.000000,75549924.000000,-0.046400,-0.020300,-1.003400, , , 
42286.000000,2117096.000000,75549924.000000, , , ,-1.951172,0.000000,0.650391
42287.000000,2117099.000000,75549924.000000,-0.055100,-0.011600,-1.006300, , , 
42288.000000,2117197.000000,75549924.000000, , , ,-1.300781,0.000000,0.325195
42289.000000,2117200.000000,75549924.000000,-0.026100,0.002900,-0.965700, , , 
42290.000000,2117298.000000,75549924.000000, , , ,-0.650391,-0.975586,0.325195
42291.000000,2117299.000000,75549924.000000,-0.040600,0.014500,-0.971500, , , 
42292.000000,2117399.000000,75549924.000000, , , ,0.000000,-0.325195,0.000000
42293.000000,2117400.000000,75549924.000000,-0.046400,0.017400,-0.957000, , , 
42294.000000,2117499.000000,75549924.000000,-0.055100,-0.017400,-0.991800, , , 
42295.000000,2117500.000000,75549924.000000, , , ,0.000000,-0.325195,0.000000
42296.000000,2117600.000000,75549924.000000,-0.060900,-0.026100,-1.015000, , , 
42297.000000,2117601.000000,75549924.000000, , , ,-0.325195,0.650391,0.000000
42298.000000,2117692.000000,75549924.000000, , , ,-1.625977,0.325195,0.000000
42299.000000,2117699.000000,75549924.000000,-0.034800,-0.031900,-1.017900, , , 
42300.000000,2117793.000000,75549924.000000, , , ,-0.975586,0.000000,0.325195
42301.000000,2117800.000000,75549924.000000,-0.037700,0.002900,-0.986000, , , 
42302.000000,2117894.000000,75549924.000000, , , ,-0.650391,-0.325195,0.325195
42303.000000,2117899.000000,75549924.000000,-0.052200,-0.002900,-0.974400, , , 
42304.000000,2117995.000000,75549924.000000, , , ,-0.650391,0.325195,0.000000
42305.000000,2118000.000000,75549924.000000,-0.037700,-0.008700,-0.991800, , , 
42306.000000,2118096.000000,75549924.000000, , , ,-0.975586,-0.650391,0.325195
42307.000000,2118099.000000,75549924.000000,-0.029000,-0.008700,-0.962800, , , 
42308.000000,2118197.000000,75549924.000000, , , ,-0.325195,-0.975586,0.000000
42309.000000,2118200.000000,75549924.000000,-0.046400,0.000000,-0.962800, , , 
42310.000000,2118298.000000,75549924.000000, , , ,-0.325195,0.000000,0.000000
42311.000000,2118299.000000,75549924.000000,-0.058000,0.005800,-0.986000, , , 
42312.000000,2118399.000000,75549924.000000, , , ,-0.975586,0.325195,0.325195
42313.000000,2118400.000000,75549924.000000,-0.043500,-0.011600,-1.012100, , , 
42314.000000,2118499.000000,75549924.000000,-0.037700,-0.002900,-0.988900, , , 
42315.000000,2118500.000000,75549924.000000, , , ,-1.300781,0.000000,0.000000
42316.000000,2118600.000000,75549924.000000,-0.031900,-0.017400,-0.977300, , , 
42317.000000,2118601.000000,75549924.000000, , , ,-0.975586,-0.650391,0.000000
42318.000000,2118692.000000,75549924.000000, , , ,-1.300781,-0.325195,0.325195
42319.000000,2118699.000000,75549924.000000,-0.052200,-0.005800,-0.971500, , , 
42320.000000,2118793.000000,75549924.000000, , , ,-0.325195,0.000000,0.000000
42321.000000,2118800.000000,75549924.000000,-0.037700,0.000000,-0.991800, , , 
42322.000000,2118894.000000,75549924.000000, , , ,-0.975586,0.000000,0.975586
42323.000000,2118899.000000,75549924.000000,-0.049300,0.000000,-0.986000, , , 
42324.000000,2118995.000000,75549924.000000, , , ,-0.650391,0.000000,0.325195
42325.000000,2119000.000000,75549924.000000,-0.043500,-0.005800,-1.009200, , , 
42326.000000,2119096.000000,75549924.000000, , , ,-0.650391,0.000000,0.000000
42327.000000,2119099.000000,75549924.000000,-0.037700,-0.002900,-0.994700, , , 
42328.000000,2119197.000000,75549924.000000, , , ,-1.300781,0.000000,0.000000
42329.000000,2119200.000000,75549924.000000,-0.043500,0.000000,-0.994700, , , 
42330.000000,2119298.000000,75549924.000000, , , ,-0.650391,0.000000,0.000000
42331.000000,2119299.000000,75549924.000000,-0.043500,0.000000,-0.977300, , , 
42332.000000,2119399.000000,75549924.000000, , , ,-0.325195,-0.650391,0.325195
42333.000000,2119400.000000,75549924.000000,-0.031900,0.000000,-0.965700, , , 
42334.000000,2119499.000000,75549924.000000,-0.043500,-0.011600,-0.951200, , , 
42335.000000,2119500.000000,75549924.000000, , , ,-0.325195,-0.650391,0.000000
42336.000000,2119600.000000,75549924.000000,-0.052200,0.000000,-0.968600, , , 
42337.000000,2119601.000000,75549924.000000, , , ,0.000000,-0.650391,0.000000
42338.000000,2119692.000000,75549924.000000, , , ,-0.650391,0.000000,0.325195
42339.000000,2119699.000000,75549924.000000,-0.046400,-0.023200,-0.988900, , , 
42340.000000,2119793.000000,75549924.000000, , , ,-0.650391,0.000000,0.325195
42341.000000,2119800.000000,75549924.000000,-0.037700,-0.023200,-0.974400, , , 
42342.000000,2119894.000000,75549924.000000, , , ,-0.650391,-0.325195,0.650391
42343.000000,2119899.000000,75549924.000000,-0.040600,-0.020300,-0.977300, , , 
42344.000000,2119995.000000,75549924.000000, , , ,-0.650391,0.000000,0.000000
42345.000000,2120000.000000,75549924.000000,-0.060900,-0.005800,-0.991800, , , 
42346.000000,2120096.000000,75549924.000000, , , ,-0.975586,0.000000,0.000000
42347.000000,2120101.000000,75549924.000000,-0.031900,-0.023200,-1.006300, , , 
42348.000000,2120196.000000,75549924.000000, , , ,-0.650391,0.000000,0.000000
42349.000000,2120199.000000,75549924.000000,-0.046400,-0.011600,-0.983100, , , 
42350.000000,2120297.000000,75549924.000000, , , ,-1.300781,0.000000,0.000000
42351.000000,2120300.000000,75549924.000000,-0.049300,-0.026100,-0.986000, , , 
42352.000000,2120398.000000,75549924.000000, , , ,-0.975586,0.325195,-0.325195
42353.000000,2120399.000000,75549924.000000,-0.034800,-0.026100,-0.997600, , , 
42354.000000,2120499.000000,75549924.000000, , , ,-0.650391,0.000000,-0.325195
42355.000000,2120500.000000,75549924.000000,-0.046400,-0.020300,-0.986000, , , 
42356.000000,2120599.000000,75549924.000000,-0.049300,-0.023200,-0.994700, , , 
42357.000000,2120600.000000,75549924.000000, , , ,-0.325195,0.000000,-0.650391
42358.000000,2120700.000000,75549924.000000,-0.017400,-0.008700,-0.957000, , , 
42359.000000,2120701.000000,75549924.000000, , , ,-0.650391,-0.975586,-0.325195
42360.000000,2120792.000000,75549924.000000, , , ,0.325195,-1.625977,-0.650391
42361.000000,2120799.000000,75549924.000000,-0.052200,-0.029000,-0.954100, , , 
42362.000000,2120893.000000,75549924.000000, , , ,0.000000,0.000000,-0.650391
42363.000000,2120900.000000,75549924.000000,-0.055100,-0.029000,-0.988900, , , 
42364.000000,2120994.000000,75549924.000000, , , ,-0.325195,0.325195,0.000000
42365.000000,2120999.000000,75549924.000000,-0.017400,-0.026100,-0.965700, , , 
42366.000000,2121095.000000,75549924.000000, , , ,0.000000,-1.951172,-0.325195
42367.000000,2121100.000000,75549924.000000,-0.014500,-0.014500,-0.936700, , , 
42368.000000,2121196.000000,75549924.000000, , , ,0.000000,-1.300781,0.000000
42369.000000,2121199.000000,75549924.000000,-0.075400,-0.026100,-0.959900, , , 
42370.000000,2121297.000000,75549924.000000, , , ,0.000000,0.650391,0.000000
42371.000000,2121300.000000,75549924.000000,-0.046400,-0.002900,-1.009200, , , 
42372.000000,2121398.000000,75549924.000000, , , ,-0.650391,0.000000,0.000000
42373.000000,2121399.000000,75549924.000000,-0.031900,-0.023200,-1.023700, , , 
42374.000000,2121499.000000,75549924.000000, , , ,-0.975586,0.000000,0.325195
42375.000000,2121500.000000,75549924.000000,-0.049300,-0.011600,-0.997600, , , 
42376.000000,2121599.000000,75549924.000000,-0.034800,-0.008700,-0.986000, , , 
42377.000000,2121600.000000,75549924.000000, , , ,-0.325195,0.000000,0.000000
42378.000000,2121700.000000,75549924.000000,-0.034800,-0.002900,-0.968600, , , 
42379.000000,2121701.000000,75549924.000000, , , ,-0.650391,-0.650391,0.000000
42380.000000,2121792.000000,75549924.000000, , , ,-0.325195,0.000000,0.000000
42381.000000,2121799.000000,75549924.000000,-0.046400,-0.014500,-0.983100, , , 
42382.000000,2121893.000000,75549924.000000, , , ,-0.325195,0.000000,0.000000
42383.000000,2121900.000000,75549924.000000,-0.043500,-0.008700,-1.000500, , , 
42384.000000,2121994.000000,75549924.000000, , , ,-0.325195,0.000000,0.000000
42385.000000,2121999.000000,75549924.000000,-0.034800,0.000000,-0.983100, , , 
42386.000000,2122095.000000,75549924.000000, , , ,-0.650391,-0.325195,0.000000
42387.000000,2122100.000000,75549924.000000,-0.040600,-0.023200,-0.988900, , , 
42388.000000,2122196.000000,75549924.000000, , , ,-0.325195,0.000000,0.000000
42389.000000,2122199.000000,75549924.000000,-0.029000,-0.008700,-0.988900, , , 
42390.000000,2122297.000000,75549924.000000, , , ,0.000000,0.000000,0.000000
42391.000000,2122300.000000,75549924.000000,-0.005800,-0.005800,-0.983100, , , 
42392.000000,2122398.000000,75549924.000000, , , ,-0.325195,-0.650391,0.000000
42393.000000,2122399.000000,75549924.000000,0.000000,-0.008700,-0.962800, , , 
42394.000000,2122499.000000,75549924.000000, , , ,0.000000,-0.650391,0.000000
42395.000000,2122500.000000,75549924.000000,-0.008700,-0.034800,-0.954100, , , 
42396.000000,2122599.000000,75549924.000000,0.002900,-0.017400,-0.951200, , , 
42397.000000,2122600.000000,75549924.000000, , , ,-0.325195,-0.975586,0.000000
42398.000000,2122700.000000,75549924.000000,0.000000,-0.020300,-0.959900, , , 
42399.000000,2122701.000000,75549924.000000, , , ,-0.325195,-0.325195,0.000000
42400.000000,2122792.000000,75549924.000000, , , ,-0.650391,-0.325195,-0.325195
42401.000000,2122799.000000,75549924.000000,0.002900,-0.014500,-0.974400, , , 
42402.000000,2122893.000000,75549924.000000, , , ,0.000000,-0.325195,0.000000
42403.000000,2122900.000000,75549924.000000,0.011600,-0.040600,-0.977300, , , 
42404.000000,2122994.000000,75549924.000000, , , ,-0.650391,-0.325195,0.000000
42405.000000,2122999.000000,75549924.000000,0.011600,-0.014500,-0.971500, , , 
42406.000000,2123095.000000,75549924.000000, , , ,-0.650391,-0.325195,0.000000
42407.000000,2123100.000000,75549924.000000,0.011600,-0.031900,-0.965700, , , 
42408.000000,2123196.000000,75549924.000000, , , ,-0.650391,-0.325195,-0.325195
42409.000000,2123199.000000,75549924.000000,0.002900,-0.017400,-0.971500, , , 
42410.000000,2123297.000000,75549924.000000, , , ,-0.975586,-0.325195,0.000000
42411.000000,2123300.000000,75549924.000000,0.000000,-0.026100,-0.959900, , , 
42412.000000,2123398.000000,75549924.000000, , , ,-0.650391,-1.625977,-0.325195
42413.000000,2123399.000000,75549924.000000,0.002900,-0.023200,-0.959900, , , 
42414.000000,2123499.000000,75549924.000000, , , ,-0.325195,-0.975586,-0.325195
42415.000000,2123500.000000,75549924.000000,-0.023200,-0.017400,-0.965700, , , 
42416.000000,2123599.000000,75549924.000000,-0.011600,-0.029000,-0.988900, , , 
42417.000000,2123600.000000,75549924.000000, , , ,0.000000,0.000000,-0.650391
42418.000000,2123700.000000,75549924.000000,-0.002900,-0.020300,-0.988900, , , 
42419.000000,2123701.000000,75549924.000000, , , ,0.325195,0.000000,-0.325195
42420.000000,2123792.000000,75549924.000000, , , ,0.000000,0.000000,0.325195
42421.000000,2123799.000000,75549924.000000,-0.040600,-0.043500,-0.986000, , , 
42422.000000,2123893.000000,75549924.000000, , , ,-1.300781,0.000000,-0.325195
42423.000000,2123900.000000,75549924.000000,-0.020300,-0.060900,-0.968600, , , 
42424.000000,2123994.000000,75549924.000000, , , ,-0.325195,-0.975586,-0.325195
42425.000000,2123999.000000,75549924.000000,-0.014500,-0.037700,-0.983100, , , 
42426.000000,2124095.000000,75549924.000000, , , ,-0.975586,-0.325195,-0.325195
42427.000000,2124100.000000,75549924.000000,-0.043500,-0.026100,-0.962800, , , 
42428.000000,2124196.000000,75549924.000000, , , ,-0.650391,0.000000,0.000000
42429.000000,2124199.000000,75549924.000000,-0.029000,-0.049300,-1.006300, , , 
42430.000000,2124297.000000,75549924.000000, , , ,-0.975586,0.325195,-0.325195
42431.000000,2124300.000000,75549924.000000,-0.037700,-0.040600,-0.994700, , , 
42432.000000,2124398.000000,75549924.000000, , , ,-0.975586,-0.325195,0.000000
42433.000000,2124399.000000,75549924.000000,-0.011600,-0.026100,-0.977300, , , 
42434.000000,2124499.000000,75549924.000000, , , ,-1.625977,-1.300781,-0.325195
42435.000000,2124500.000000,75549924.000000,-0.026100,-0.026100,-0.945400, , , 
42436.000000,2124599.000000,75549924.000000,-0.043500,-0.020300,-0.977300, , , 
42437.000000,2124600.000000,75549924.000000, , , ,-0.975586,-0.975586,-0.325195
42438.000000,2124700.000000,75549924.000000,-0.037700,-0.020300,-0.983100, , , 
42439.000000,2124701.000000,75549924.000000, , , ,-1.300781,0.000000,0.000000
42440.000000,2124792.000000,75549924.000000, , , ,-0.975586,0.000000,0.325195
42441.000000,2124799.000000,75549924.000000,-0.029000,-0.014500,-1.000500, , , 
42442.000000,2124893.000000,75549924.000000, , , ,-0.325195,0.000000,0.000000
42443.000000,2124900.000000,75549924.000000,-0.034800,-0.020300,-1.017900, , , 
42444.000000,2124994.000000,75549924.000000, , , ,-0.325195,0.325195,-0.325195
42445.000000,2124999.000000,75549924.000000,-0.037700,0.000000,-1.012100, , , 
42446.000000,2125095.000000,75549924.000000, , , ,-0.325195,0.325195,-0.325195
42447.000000,2125100.000000,75549924.000000,-0.014500,-0.037700,-0.988900, , , 
42448.000000,2125196.000000,75549924.000000, , , ,-0.975586,-0.650391,0.000000
42449.000000,2125199.000000,75549924.000000,-0.026100,-0.029000,-0.974400, , , 
42450.000000,2125297.000000,75549924.000000, , , ,0.000000,-0.975586,0.000000
42451.000000,2125300.000000,75549924.000000,-0.011600,0.000000,-0.919300, , , 
42452.000000,2125398.000000,75549924.000000, , , ,0.000000,-2.601563,0.000000
42453.000000,2125399.000000,75549924.000000,-0.014500,-0.034800,-0.910600, , , 
42454.000000,2125499.000000,75549924.000000, , , ,0.000000,-1.300781,0.000000
42455.000000,2125500.000000,75549924.000000,-0.043500,-0.008700,-0.933800, , , 
42456.000000,2125599.000000,75549924.000000,-0.037700,-0.052200,-0.965700, , , 
42457.000000,2125600.000000,75549924.000000, , , ,-0.650391,-0.650391,-0.325195
42458.000000,2125700.000000,75549924.000000,-0.034800,-0.020300,-0.997600, , , 
42459.000000,2125701.000000,75549924.000000, , , ,-1.300781,0.000000,0.000000
42460.000000,2125792.000000,75549924.000000, , , ,-0.975586,-0.325195,0.000000
42461.000000,2125799.000000,75549924.000000,-0.020300,-0.017400,-0.980200, , , 
42462.000000,2125893.000000,75549924.000000, , , ,-0.650391,-0.975586,0.000000
42463.000000,2125900.000000,75549924.000000,-0.029000,-0.020300,-0.965700, , , 
42464.000000,2125994.000000,75549924.000000, , , ,0.000000,-0.975586,-0.325195
42465.000000,2125999.000000,75549924.000000,-0.023200,0.005800,-0.942500, , , 
42466.000000,2126095.000000,75549924.000000, , , ,-0.650391,-0.975586,0.000000
42467.000000,2126100.000000,75549924.000000,-0.031900,-0.023200,-0.959900, , , 
42468.000000,2126196.000000,75549924.000000, , , ,0.975586,0.000000,-0.325195
42469.000000,2126199.000000,75549924.000000,-0.034800,0.011600,-0.968600, , , 
42470.000000,2126297.000000,75549924.000000, , , ,0.000000,-0.325195,0.000000
42471.000000,2126300.000000,75549924.000000,-0.029000,-0.037700,-0.971500, , , 
42472.000000,2126398.000000,75549924.000000, , , ,0.975586,-1.300781,-0.325195
42473.000000,2126399.000000,75549924.000000,-0.023200,-0.023200,-0.968600, , , 
42474.000000,2126499.000000,75549924.000000, , , ,0.000000,0.000000,0.000000
42475.000000,2126500.000000,75549924.000000,-0.066700,-0.014500,-1.003400, , , 
42476.000000,2126599.000000,75549924.000000,-0.037700,-0.031900,-1.044000, , , 
42477.000000,2126600.000000,75549924.000000, , , ,0.000000,1.625977,0.000000
42478.000000,2126700.000000,75549924.000000,-0.046400,-0.026100,-1.052700, , , 
42479.000000,2126701.000000,75549924.000000, , , ,-0.650391,1.300781,0.000000
42480.000000,2126792.000000,75549924.000000, , , ,-2.276367,0.000000,1.951172
42481.000000,2126799.000000,75549924.000000,0.002900,-0.011600,-0.974400, , , 
42482.000000,2126893.000000,75549924.000000, , , ,-1.300781,-1.951172,0.000000
42483.000000,2126900.000000,75549924.000000,-0.037700,-0.069600,-0.988900, , , 
42484.000000,2126994.000000,75549924.000000, , , ,-0.650391,0.975586,0.000000
42485.000000,2126999.000000,75549924.000000,-0.058000,0.043500,-0.968600, , , 
42486.000000,2127095.000000,75549924.000000, , , ,-0.650391,0.000000,0.000000
42487.000000,2127100.000000,75549924.000000,-0.017400,-0.002900,-1.003400, , , 
42488.000000,2127196.000000,75549924.000000, , , ,0.325195,-0.325195,0.000000
42489.000000,2127199.000000,75549924.000000,-0.029000,-0.031900,-1.012100, , , 
42490.000000,2127297.000000,75549924.000000, , , ,-0.325195,0.000000,-0.325195
42491.000000,2127300.000000,75549924.000000,-0.037700,-0.037700,-0.980200, , , 
42492.000000,2127398.000000,75549924.000000, , , ,-0.650391,0.000000,0.325195
42493.000000,2127399.000000,75549924.000000,-0.034800,-0.014500,-0.991800, , , 
42494.000000,2127499.000000,75549924.000000, , , ,0.000000,-0.325195,-0.325195
42495.000000,2127500.000000,75549924.000000,-0.020300,-0.008700,-0.971500, , , 
42496.000000,2127599.000000,75549924.000000,-0.031900,-0.011600,-0.965700, , , 
42497.000000,2127600.000000,75549924.000000, , , ,0.650391,-0.650391,-0.325195
42498.000000,2127700.000000,75549924.000000,-0.046400,-0.031900,-0.988900, , , 
42499.000000,2127701.000000,75549924.000000, , , ,0.000000,0.000000,0.000000
42500.000000,2127792.000000,75549924.000000, , , ,0.000000,0.325195,-0.325195
42501.000000,2127799.000000,75549924.000000,-0.029000,-0.049300,-0.988900, , , 
42502.000000,2127893.000000,75549924.000000, , , ,-1.300781,-0.325195,0.000000
42503.000000,2127900.000000,75549924.000000,-0.008700,-0.049300,-0.962800, , , 
42504.000000,2127994.000000,75549924.000000, , , ,-0.975586,-1.300781,-0.325195
42505.000000,2127999.000000,75549924.000000,-0.017400,0.014500,-0.939600, , , 
42506.000000,2128095.000000,75549924.000000, , , ,-0.650391,-0.975586,0.000000
42507.000000,2128100.000000,75549924.000000,-0.052200,-0.014500,-0.957000, , , 
42508.000000,2128196.000000,75549924.000000, , , ,0.975586,-0.650391,-0.325195
42509.000000,2128199.000000,75549924.000000,-0.043500,-0.002900,-0.951200, , , 
42510.000000,2128297.000000,75549924.000000, , , ,-0.325195,0.325195,-0.325195
42511.000000,2128300.000000,75549924.000000,-0.043500,-0.069600,-1.058500, , , 
42512.000000,2128398.000000,75549924.000000, , , ,-1.951172,1.625977,-1.951172
42513.000000,2128399.000000,75549924.000000,-0.049300,-0.040600,-0.971500, , , 
42514.000000,2128499.000000,75549924.000000, , , ,-0.650391,0.325195,-0.325195
42515.000000,2128500.000000,75549924.000000,-0.020300,-0.040600,-1.035300, , , 
42516.000000,2128599.000000,75549924.000000,-0.017400,-0.020300,-1.003400, , , 
42517.000000,2128600.000000,75549924.000000, , , ,-1.300781,-1.300781,-2.601563
42518.000000,2128700.000000,75549924.000000,-0.017400,-0.037700,-0.942500, , , 
42519.000000,2128701.000000,75549924.000000, , , ,0.000000,-0.975586,-0.650391
42520.000000,2128792.000000,75549924.000000, , , ,0.000000,-0.325195,-0.325195
42521.000000,2128799.000000,75549924.000000,-0.040600,-0.037700,-0.942500, , , 
42522.000000,2128893.000000,75549924.000000, , , ,-0.325195,0.000000,0.000000
42523.000000,2128900.000000,75549924.000000,-0.040600,-0.046400,-1.000500, , , 
42524.000000,2128994.000000,75549924.000000, , , ,-0.650391,0.325195,0.000000
42525.000000,2128999.000000,75549924.000000,-0.020300,-0.029000,-0.986000, , , 
42526.000000,2129095.000000,75549924.000000, , , ,-0.975586,-1.300781,0.000000
42527.000000,2129100.000000,75549924.000000,-0.011600,-0.023200,-0.954100, , , 
42528.000000,2129196.000000,75549924.000000, , , ,0.000000,-0.975586,-0.325195
42529.000000,2129199.000000,75549924.000000,-0.055100,-0.017400,-0.983100, , , 
42530.000000,2129297.000000,75549924.000000, , , ,0.000000,1.625977,-0.325195
42531.000000,2129300.000000,75549924.000000,-0.055100,-0.017400,-1.015000, , , 
42532.000000,2129398.000000,75549924.000000, , , ,-0.975586,0.000000,0.000000
42533.000000,2129399.000000,75549924.000000,-0.020300,-0.052200,-1.020800, , , 
42534.000000,2129499.000000,75549924.000000, , , ,-0.650391,-0.650391,0.000000
42535.000000,2129500.000000,75549924.000000,-0.031900,-0.037700,-1.000500, , , 
42536.000000,2129599.000000,75549924.000000,-0.031900,-0.031900,-0.954100, , , 
42537.000000,2129600.000000,75549924.000000, , , ,-0.650391,0.000000,-0.325195
42538.000000,2129700.000000,75549924.000000,-0.017400,-0.017400,-0.962800, , , 
42539.000000,2129701.000000,75549924.000000, , , ,-0.325195,-0.650391,-0.325195
42540.000000,2129792.000000,75549924.000000, , , ,0.000000,-0.975586,0.000000
42541.000000,2129799.000000,75549924.000000,-0.040600,-0.037700,-0.983100, , , 
42542.000000,2129893.000000,75549924.000000, , , ,0.000000,0.000000,0.000000
42543.000000,2129900.000000,75549924.000000,-0.037700,-0.014500,-0.983100, , , 
42544.000000,2129994.000000,75549924.000000, , , ,0.000000,0.000000,-0.325195
42545.000000,2129999.000000,75549924.000000,-0.023200,-0.023200,-0.980200, , , 
42546.000000,2130095.000000,75549924.000000, , , ,0.000000,-0.650391,-0.325195
42547.000000,2130100.000000,75549924.000000,-0.029000,-0.040600,-0.968600, , , 
42548.000000,2130196.000000,75549924.000000, , , ,0.325195,-0.325195,-0.325195
42549.000000,2130199.000000,75549924.000000,-0.046400,-0.055100,-0.994700, , , 
42550.000000,2130297.000000,75549924.000000, , , ,0.000000,1.300781,-0.650391
42551.000000,2130300.000000,75549924.000000,-0.049300,-0.060900,-1.017900, , , 
42552.000000,2130398.000000,75549924.000000, , , ,0.000000,1.300781,-0.325195
42553.000000,2130399.000000,75549924.000000,-0.055100,-0.063800,-1.049800, , , 
42554.000000,2130499.000000,75549924.000000, , , ,-0.650391,0.975586,-0.325195
42555.000000,2130500.000000,75549924.000000,-0.014500,-0.040600,-1.029500, , , 
42556.000000,2130599.000000,75549924.000000,-0.031900,-0.104400,-1.009200, , , 
42557.000000,2130600.000000,75549924.000000, , , ,-0.975586,0.000000,-0.650391
42558.000000,2130700.000000,75549924.000000,-0.031900,-0.017400,-0.994700, , , 
42559.000000,2130701.000000,75549924.000000, , , ,-0.650391,0.000000,-0.325195
42560.000000,2130792.000000,75549924.000000, , , ,-1.625977,0.000000,-0.650391
42561.000000,2130799.000000,75549924.000000,-0.014500,-0.063800,-0.980200, , , 
42562.000000,2130893.000000,75549924.000000, , , ,-0.650391,-0.325195,0.000000
42563.000000,2130900.000000,75549924.000000,-0.034800,-0.046400,-0.974400, , , 
42564.000000,2130994.000000,75549924.000000, , , ,-0.975586,0.325195,-0.325195
42565.000000,2130999.000000,75549924.000000,-0.034800,-0.046400,-0.994700, , , 
42566.000000,2131095.000000,75549924.000000, , , ,-0.975586,0.000000,-0.325195
42567.000000,2131100.000000,75549924.000000,-0.026100,-0.063800,-0.994700, , , 
42568.000000,2131196.000000,75549924.000000, , , ,-0.650391,0.000000,-0.325195
42569.000000,2131199.000000,75549924.000000,-0.026100,-0.020300,-0.980200, , , 
42570.000000,2131297.000000,75549924.000000, , , ,-0.325195,0.000000,-0.325195
42571.000000,2131300.000000,75549924.000000,-0.029000,-0.049300,-0.991800, , , 
42572.000000,2131398.000000,75549924.000000, , , ,0.650391,0.000000,0.000000
42573.000000,2131399.000000,75549924.000000,-0.034800,-0.023200,-0.971500, , , 
42574.000000,2131499.000000,75549924.000000, , , ,0.325195,0.000000,-0.650391
42575.000000,2131500.000000,75549924.000000,-0.031900,-0.078300,-1.012100, , , 
42576.000000,2131599.000000,75549924.000000,-0.049300,-0.063800,-0.988900, , , 
42577.000000,2131600.000000,75549924.000000, , , ,-0.650391,0.325195,-0.325195
42578.000000,2131700.000000,75549924.000000,0.000000,-0.066700,-0.974400, , , 
42579.000000,2131701.000000,75549924.000000, , , ,-0.325195,0.000000,-0.325195
42580.000000,2131792.000000,75549924.000000, , , ,-0.325195,-1.625977,0.000000
42581.000000,2131799.000000,75549924.000000,-0.023200,-0.026100,-0.954100, , , 
42582.000000,2131893.000000,75549924.000000, , , ,-0.975586,-0.325195,-0.325195
42583.000000,2131900.000000,75549924.000000,-0.072500,-0.084100,-0.971500, , , 
42584.000000,2131994.000000,75549924.000000, , , ,-0.650391,0.325195,-0.325195
42585.000000,2131999.000000,75549924.000000,-0.026100,-0.031900,-0.988900, , , 
42586.000000,2132095.000000,75549924.000000, , , ,-1.625977,-0.650391,-0.325195
42587.000000,2132100.000000,75549924.000000,-0.020300,-0.058000,-0.983100, , , 
42588.000000,2132196.000000,75549924.000000, , , ,0.000000,0.000000,0.000000
42589.000000,2132199.000000,75549924.000000,-0.031900,-0.043500,-0.974400, , , 
42590.000000,2132297.000000,75549924.000000, , , ,-0.650391,-0.325195,-0.325195
42591.000000,2132300.000000,75549924.000000,-0.040600,-0.046400,-0.977300, , , 
42592.000000,2132398.000000,75549924.000000, , , ,-0.325195,0.000000,0.000000
42593.000000,2132399.000000,75549924.000000,-0.020300,-0.049300,-0.980200, , , 
42594.000000,2132499.000000,75549924.000000, , , ,-0.325195,-0.325195,-0.325195
42595.000000,2132500.000000,75549924.000000,-0.026100,-0.040600,-0.980200, , , 
42596.000000,2132599.000000,75549924.000000,-0.029000,-0.052200,-0.974400, , , 
42597.000000,2132600.000000,75549924.000000, , , ,-0.650391,0.000000,0.000000
42598.000000,2132700.000000,75549924.000000,-0.014500,-0.034800,-0.951200, , , 
42599.000000,2132701.000000,75549924.000000, , , ,0.325195,-0.650391,0.000000
42600.000000,2132792.000000,75549924.000000, , , ,-1.951172,-0.650391,0.325195
42601.000000,2132799.000000,75549924.000000,-0.043500,-0.055100,-0.988900, , , 
42602.000000,2132893.000000,75549924.000000, , , ,-0.975586,0.000000,0.000000
42603.000000,2132900.000000,75549924.000000,-0.023200,-0.069600,-0.974400, , , 
42604.000000,2132994.000000,75549924.000000, , , ,-1.300781,0.000000,-0.325195
42605.000000,2132999.000000,75549924.000000,-0.020300,-0.020300,-0.968600, , , 
42606.000000,2133095.000000,75549924.000000, , , ,-0.325195,-0.650391,0.000000
42607.000000,2133100.000000,75549924.000000,-0.023200,-0.055100,-0.945400, , , 
42608.000000,2133196.000000,75549924.000000, , , ,-1.300781,-1.625977,0.000000
42609.000000,2133199.000000,75549924.000000,-0.029000,-0.029000,-0.971500, , , 
42610.000000,2133297.000000,75549924.000000, , , ,-0.325195,-0.650391,0.000000
42611.000000,2133300.000000,75549924.000000,-0.046400,-0.034800,-0.959900, , , 
42612.000000,2133398.000000,75549924.000000, , , ,-0.325195,-0.325195,0.000000
42613.000000,2133399.000000,75549924.000000,-0.020300,-0.046400,-0.962800, , , 
42614.000000,2133499.000000,75549924.000000, , , ,0.000000,-0.650391,-0.325195
42615.000000,2133500.000000,75549924.000000,-0.034800,-0.031900,-0.986000, , , 
42616.000000,2133599.000000,75549924.000000,-0.031900,-0.046400,-0.968600, , , 
42617.000000,2133600.000000,75549924.000000, , , ,0.000000,0.325195,0.000000
42618.000000,2133700.000000,75549924.000000,-0.026100,-0.060900,-0.997600, , , 
42619.000000,2133701.000000,75549924.000000, , , ,-0.650391,0.000000,-0.325195
42620.000000,2133792.000000,75549924.000000, , , ,-0.975586,-0.325195,0.000000
42621.000000,2133799.000000,75549924.000000,-0.020300,-0.029000,-0.968600, , , 
42622.000000,2133893.000000,75549924.000000, , , ,0.000000,-0.650391,0.000000
42623.000000,2133900.000000,75549924.000000,-0.034800,-0.043500,-0.971500, , , 
42624.000000,2133994.000000,75549924.000000, , , ,-0.650391,0.000000,0.000000
42625.000000,2133999.000000,75549924.000000,-0.040600,-0.040600,-0.988900, , , 
42626.000000,2134095.000000,75549924.000000, , , ,-0.650391,0.650391,0.000000
42627.000000,2134100.000000,75549924.000000,-0.020300,-0.063800,-1.000500, , , 
42628.000000,2134196.000000,75549924.000000, , , ,-1.625977,0.000000,0.000000
42629.000000,2134199.000000,75549924.000000,-0.023200,-0.020300,-0.994700, , , 
42630.000000,2134297.000000,75549924.000000, , , ,-0.975586,0.000000,0.000000
42631.000000,2134300.000000,75549924.000000,-0.020300,-0.034800,-0.968600, , , 
42632.000000,2134398.000000,75549924.000000, , , ,-0.325195,-0.975586,0.325195
42633.000000,2134399.000000,75549924.000000,-0.008700,-0.014500,-0.930900, , , 
42634.000000,2134499.000000,75549924.000000, , , ,-0.650391,-2.601563,0.325195
42635.000000,2134500.000000,75549924.000000,-0.023200,-0.043500,-0.957000, , , 
42636.000000,2134599.000000,75549924.000000,-0.072500,-0.040600,-0.983100, , , 
42637.000000,2134600.000000,75549924.000000, , , ,0.325195,-0.325195,0.000000
42638.000000,2134700.000000,75549924.000000,-0.037700,-0.052200,-1.032400, , , 
42639.000000,2134701.000000,75549924.000000, , , ,-0.325195,1.951172,0.000000
42640.000000,2134792.000000,75549924.000000, , , ,0.000000,0.000000,-0.325195
42641.000000,2134799.000000,75549924.000000,0.002900,-0.029000,-0.988900, , , 
42642.000000,2134893.000000,75549924.000000, , , ,0.000000,-1.625977,-0.325195
42643.000000,2134900.000000,75549924.000000,-0.020300,-0.063800,-0.965700, , , 
42644.000000,2134994.000000,75549924.000000, , , ,0.325195,-0.650391,-0.650391
42645.000000,2134999.000000,75549924.000000,-0.034800,-0.017400,-0.939600, , , 
42646.000000,2135095.000000,75549924.000000, , , ,0.000000,-0.650391,-0.650391
42647.000000,2135100.000000,75549924.000000,-0.008700,-0.063800,-0.962800, , , 
42648.000000,2135196.000000,75549924.000000, , , ,0.650391,-0.975586,-0.650391
42649.000000,2135199.000000,75549924.000000,-0.034800,-0.046400,-0.942500, , , 
42650.000000,2135297.000000,75549924.000000, , , ,0.650391,0.000000,-0.650391
42651.000000,2135300.000000,75549924.000000,-0.046400,-0.075400,-1.006300, , , 
42652.000000,2135398.000000,75549924.000000, , , ,0.000000,1.625977,-0.975586
42653.000000,2135399.000000,75549924.000000,-0.063800,-0.110200,-1.073000, , , 
42654.000000,2135499.000000,75549924.000000, , , ,-1.300781,2.926758,-0.325195
42655.000000,2135500.000000,75549924.000000,-0.031900,-0.084100,-1.055600, , , 
42656.000000,2135599.000000,75549924.000000,0.020300,-0.066700,-1.006300, , , 
42657.000000,2135600.000000,75549924.000000, , , ,-0.975586,0.650391,-0.325195
42658.000000,2135700.000000,75549924.000000,-0.040600,-0.069600,-0.983100, , , 
42659.000000,2135701.000000,75549924.000000, , , ,-2.926758,-0.650391,0.000000
42660.000000,2135792.000000,75549924.000000, , , ,0.000000,0.325195,-0.325195
42661.000000,2135799.000000,75549924.000000,-0.040600,-0.060900,-0.986000, , , 
42662.000000,2135893.000000,75549924.000000, , , ,-2.276367,0.325195,-0.650391
42663.000000,2135900.000000,75549924.000000,-0.029000,-0.037700,-0.994700, , , 
42664.000000,2135994.000000,75549924.000000, , , ,-0.650391,0.000000,0.000000
42665.000000,2135999.000000,75549924.000000,-0.005800,-0.063800,-0.974400, , , 
42666.000000,2136095.000000,75549924.000000, , , ,-0.325195,-1.300781,0.000000
42667.000000,2136100.000000,75549924.000000,-0.011600,-0.060900,-0.980200, , , 
42668.000000,2136196.000000,75549924.000000, , , ,-1.625977,0.000000,-0.325195
42669.000000,2136199.000000,75549924.000000,-0.072500,-0.043500,-1.000500, , , 
42670.000000,2136297.000000,75549924.000000, , , ,-1.625977,1.625977,-0.650391
42671.000000,2136300.000000,75549924.000000,-0.040600,-0.081200,-1.029500, , , 
42672.000000,2136398.000000,75549924.000000, , , ,-2.601563,0.650391,0.000000
42673.000000,2136399.000000,75549924.000000,0.000000,-0.040600,-1.012100, , , 
42674.000000,2136499.000000,75549924.000000, , , ,-2.276367,-0.325195,-0.650391
42675.000000,2136500.000000,75549924.000000,-0.017400,-0.031900,-0.988900, , , 
42676.000000,2136599.000000,75549924.000000,-0.029000,-0.020300,-0.980200, , , 
42677.000000,2136600.000000,75549924.000000, , , ,-1.300781,0.000000,0.000000
42678.000000,2136700.000000,75549924.000000,-0.034800,-0.020300,-0.986000, , , 
42679.000000,2136701.000000,75549924.000000, , , ,-0.325195,0.000000,0.000000
42680.000000,2136792.000000,75549924.000000, , , ,-0.325195,-0.325195,0.000000
42681.000000,2136799.000000,75549924.000000,-0.011600,-0.031900,-0.957000, , , 
42682.000000,2136893.000000,75549924.000000, , , ,0.650391,-1.300781,-0.325195
42683.000000,2136900.000000,75549924.000000,-0.023200,-0.029000,-0.986000, , , 
42684.000000,2136994.000000,75549924.000000, , , ,0.000000,0.325195,-0.975586
42685.000000,2136999.000000,75549924.000000,-0.058000,0.000000,-1.000500, , , 
42686.000000,2137095.000000,75549924.000000, , , ,0.000000,0.975586,-0.650391
42687.000000,2137100.000000,75549924.000000,-0.017400,-0.052200,-0.974400, , , 
42688.000000,2137196.000000,75549924.000000, , , ,0.000000,-0.975586,0.000000
42689.000000,2137199.000000,75549924.000000,-0.011600,-0.043500,-0.997600, , , 
42690.000000,2137297.000000,75549924.000000, , , ,0.000000,-0.975586,0.000000
42691.000000,2137300.000000,75549924.000000,-0.020300,-0.031900,-0.930900, , , 
42692.000000,2137398.000000,75549924.000000, , , ,-0.325195,-0.975586,0.000000
42693.000000,2137399.000000,75549924.000000,-0.031900,-0.031900,-0.962800, , , 
42694.000000,2137499.000000,75549924.000000, , , ,-0.650391,0.000000,0.000000
42695.000000,2137500.000000,75549924.000000,-0.043500,-0.037700,-0.986000, , , 
42696.000000,2137599.000000,75549924.000000, , , ,0.000000,0.325195,0.000000
42697.000000,2137600.000000,75549924.000000,-0.026100,-0.031900,-0.977300, , , 
42698.000000,2137699.000000,75549924.000000,-0.014500,-0.058000,-0.983100, , , 
42699.000000,2137700.000000,75549924.000000, , , ,-0.650391,-0.325195,-0.325195
42700.000000,2137800.000000,75549924.000000,-0.037700,-0.043500,-0.977300, , , 
42701.000000,2137801.000000,75549924.000000, , , ,-0.650391,0.000000,-0.325195
42702.000000,2137892.000000,75549924.000000, , , ,-1.625977,0.000000,0.000000
42703.000000,2137899.000000,75549924.000000,-0.026100,-0.055100,-0.997600, , , 
42704.000000,2137993.000000,75549924.000000, , , ,-1.300781,0.000000,0.000000
42705.000000,2138000.000000,75549924.000000,-0.014500,-0.034800,-0.974400, , , 
42706.000000,2138094.000000,75549924.000000, , , ,-0.650391,-0.325195,0.000000
42707.000000,2138099.000000,75549924.000000,0.008700,-0.023200,-0.980200, , , 
42708.000000,2138195.000000,75549924.000000, , , ,-0.975586,-0.650391,-0.325195
42709.000000,2138200.000000,75549924.000000,0.002900,-0.020300,-0.971500, , , 
42710.000000,2138296.000000,75549924.000000, , , ,-0.325195,0.325195,-0.325195
42711.000000,2138299.000000,75549924.000000,0.000000,-0.037700,-0.983100, , , 
42712.000000,2138397.000000,75549924.000000, , , ,0.000000,0.000000,0.650391
42713.000000,2138400.000000,75549924.000000,0.002900,-0.029000,-0.988900, , , 
42714.000000,2138498.000000,75549924.000000, , , ,0.000000,0.000000,0.000000
42715.000000,2138499.000000,75549924.000000,0.011600,-0.040600,-0.983100, , , 
42716.000000,2138599.000000,75549924.000000, , , ,-0.325195,-0.325195,0.000000
42717.000000,2138600.000000,75549924.000000,0.000000,-0.049300,-1.015000, , , 
42718.000000,2138699.000000,75549924.000000,-0.005800,-0.037700,-0.971500, , , 
42719.000000,2138700.000000,75549924.000000, , , ,-0.650391,0.325195,-0.325195
42720.000000,2138800.000000,75549924.000000,0.037700,-0.043500,-0.980200, , , 
42721.000000,2138801.000000,75549924.000000, , , ,-0.650391,-0.325195,-0.325195
42722.000000,2138892.000000,75549924.000000, , , ,-0.975586,-1.951172,0.000000
42723.000000,2138899.000000,75549924.000000,0.011600,-0.037700,-0.974400, , , 
42724.000000,2138993.000000,75549924.000000, , , ,-0.650391,-0.325195,0.000000
42725.000000,2139000.000000,75549924.000000,-0.029000,-0.034800,-0.983100, , , 
42726.000000,2139094.000000,75549924.000000, , , ,-0.650391,0.650391,0.000000
42727.000000,2139099.000000,75549924.000000,-0.005800,-0.049300,-0.997600, , , 
42728.000000,2139195.000000,75549924.000000, , , ,-0.975586,0.000000,0.000000
42729.000000,2139200.000000,75549924.000000,0.026100,-0.049300,-1.012100, , , 
42730.000000,2139296.000000,75549924.000000, , , ,-0.650391,-0.325195,0.000000
42731.000000,2139299.000000,75549924.000000,0.020300,-0.040600,-0.977300, , , 
42732.000000,2139397.000000,75549924.000000, , , ,-0.975586,-0.975586,0.000000
42733.000000,2139400.000000,75549924.000000,0.026100,-0.046400,-0.957000, , , 
42734.000000,2139498.000000,75549924.000000, , , ,-1.951172,-0.975586,0.000000
42735.000000,2139499.000000,75549924.000000,-0.020300,-0.034800,-0.977300, , , 
42736.000000,2139599.000000,75549924.000000, , , ,-0.325195,0.000000,0.000000
42737.000000,2139600.000000,75549924.000000,0.014500,-0.017400,-0.974400, , , 
42738.000000,2139699.000000,75549924.000000,0.017400,-0.040600,-0.991800, , , 
42739.000000,2139700.000000,75549924.000000, , , ,-1.300781,0.000000,0.000000
42740.000000,2139800.000000,75549924.000000,-0.017400,-0.002900,-0.983100, , , 
42741.000000,2139801.000000,75549924.000000, , , ,0.000000,-0.325195,-0.325195
42742.000000,2139892.000000,75549924.000000, , , ,-0.325195,0.000000,0.000000
42743.000000,2139899.000000,75549924.000000,0.002900,-0.029000,-0.988900, , , 
42744.000000,2139993.000000,75549924.000000, , , ,-0.325195,0.000000,0.000000
42745.000000,2140000.000000,75549924.000000,-0.002900,-0.034800,-1.012100, , , 
42746.000000,2140094.000000,75549924.000000, , , ,-0.650391,0.000000,0.000000
42747.000000,2140099.000000,75549924.000000,0.002900,-0.043500,-0.983100, , , 
42748.000000,2140195.000000,75549924.000000, , , ,-0.650391,-0.975586,0.000000
42749.000000,2140200.000000,75549924.000000,0.017400,-0.017400,-0.971500, , , 
42750.000000,2140296.000000,75549924.000000, , , ,-0.975586,-1.300781,0.000000
42751.000000,2140299.000000,75549924.000000,-0.008700,-0.023200,-0.942500, , , 
42752.000000,2140397.000000,75549924.000000, , , ,-0.650391,-0.650391,0.000000
42753.000000,2140400.000000,75549924.000000,-0.026100,-0.029000,-0.968600, , , 
42754.000000,2140498.000000,75549924.000000, , , ,-0.650391,0.000000,0.000000
42755.000000,2140499.000000,75549924.000000,-0.023200,-0.017400,-0.988900, , , 
42756.000000,2140599.000000,75549924.000000, , , ,0.000000,0.000000,0.000000
42757.000000,2140600.000000,75549924.000000,-0.002900,-0.017400,-0.983100, , , 
42758.000000,2140699.000000,75549924.000000,-0.008700,-0.020300,-0.988900, , , 
42759.000000,2140700.000000,75549924.000000, , , ,0.000000,-0.325195,0.000000
42760.000000,2140800.000000,75549924.000000,-0.029000,-0.037700,-0.983100, , , 
42761.000000,2140801.000000,75549924.000000, , , ,0.000000,0.000000,-0.325195
42762.000000,2140892.000000,75549924.000000, , , ,-0.325195,0.325195,0.000000
42763.000000,2140899.000000,75549924.000000,-0.017400,-0.031900,-0.986000, , , 
42764.000000,2140993.000000,75549924.000000, , , ,0.000000,-0.325195,0.000000
42765.000000,2141000.000000,75549924.000000,0.005800,-0.034800,-0.954100, , , 
42766.000000,2141094.000000,75549924.000000, , , ,-0.650391,-1.951172,0.000000
42767.000000,2141099.000000,75549924.000000,-0.023200,-0.031900,-0.959900, , , 
42768.000000,2141195.000000,75549924.000000, , , ,-1.625977,-1.300781,0.000000
42769.000000,2141200.000000,75549924.000000,-0.031900,-0.075400,-0.925100, , , 
42770.000000,2141296.000000,75549924.000000, , , ,-2.276367,0.000000,0.325195
42771.000000,2141299.000000,75549924.000000,-0.055100,-0.008700,-1.064300, , , 
42772.000000,2141397.000000,75549924.000000, , , ,-1.951172,2.276367,0.000000
42773.000000,2141400.000000,75549924.000000,-0.034800,-0.060900,-1.020800, , , 
42774.000000,2141498.000000,75549924.000000, , , ,-0.650391,1.951172,0.325195
42775.000000,2141499.000000,75549924.000000,0.002900,0.014500,-1.035300, , , 
42776.000000,2141599.000000,75549924.000000, , , ,0.650391,-0.650391,0.000000
42777.000000,2141600.000000,75549924.000000,0.000000,0.000000,-0.971500, , , 
42778.000000,2141699.000000,75549924.000000,-0.026100,-0.008700,-0.939600, , , 
42779.000000,2141700.000000,75549924.000000, , , ,0.000000,-0.650391,-0.325195
42780.000000,2141800.000000,75549924.000000,-0.031900,-0.066700,-0.951200, , , 
42781.000000,2141801.000000,75549924.000000, , , ,-0.325195,-0.325195,0.000000
42782.000000,2141892.000000,75549924.000000, , , ,0.000000,-0.325195,0.000000
42783.000000,2141899.000000,75549924.000000,-0.011600,-0.020300,-0.974400, , , 
42784.000000,2141993.000000,75549924.000000, , , ,-0.325195,-0.975586,0.000000
42785.000000,2142000.000000,75549924.000000,-0.020300,-0.023200,-0.957000, , , 
42786.000000,2142094.000000,75549924.000000, , , ,-0.325195,-0.975586,0.000000
42787.000000,2142099.000000,75549924.000000,-0.031900,-0.026100,-0.974400, , , 
42788.000000,2142195.000000,75549924.000000, , , ,-0.325195,0.000000,0.000000
42789.000000,2142200.000000,75549924.000000,-0.026100,-0.023200,-0.968600, , , 
42790.000000,2142296.000000,75549924.000000, , , ,-0.325195,0.000000,0.325195
42791.000000,2142299.000000,75549924.000000,-0.020300,-0.023200,-0.986000, , , 
42792.000000,2142397.000000,75549924.000000, , , ,-0.975586,-0.325195,0.000000
42793.000000,2142400.000000,75549924.000000,-0.037700,-0.043500,-0.980200, , , 
42794.000000,2142498.000000,75549924.000000, , , ,-0.650391,0.000000,0.000000
42795.000000,2142499.000000,75549924.000000,-0.020300,-0.034800,-0.968600, , , 
42796.000000,2142599.000000,75549924.000000, , , ,-0.975586,-0.975586,0.000000
42797.000000,2142600.000000,75549924.000000,-0.011600,-0.031900,-0.962800, , , 
42798.000000,2142699.000000,75549924.000000,-0.029000,-0.011600,-0.962800, , , 
42799.000000,2142700.000000,75549924.000000, , , ,0.000000,-1.300781,0.000000
42800.000000,2142800.000000,75549924.000000,-0.034800,-0.023200,-0.974400, , , 
42801.000000,2142801.000000,75549924.000000, , , ,-0.325195,-0.325195,0.000000
42802.000000,2142892.000000,75549924.000000, , , ,0.000000,0.000000,0.000000
42803.000000,2142899.000000,75549924.000000,-0.023200,-0.023200,-0.971500, , , 
42804.000000,2142993.000000,75549924.000000, , , ,-0.325195,-0.650391,0.000000
42805.000000,2143000.000000,75549924.000000,-0.017400,-0.011600,-0.971500, , , 
42806.000000,2143094.000000,75549924.000000, , , ,-0.325195,-0.975586,0.000000
42807.000000,2143099.000000,75549924.000000,-0.029000,-0.034800,-0.948300, , , 
42808.000000,2143195.000000,75549924.000000, , , ,0.000000,0.000000,0.000000
42809.000000,2143200.000000,75549924.000000,-0.040600,-0.034800,-0.986000, , , 
42810.000000,2143296.000000,75549924.000000, , , ,-1.625977,-0.325195,-0.325195
42811.000000,2143299.000000,75549924.000000,-0.034800,-0.020300,-0.965700, , , 
42812.000000,2143397.000000,75549924.000000, , , ,0.000000,-0.650391,-0.325195
42813.000000,2143400.000000,75549924.000000,-0.017400,-0.034800,-0.965700, , , 
42814.000000,2143498.000000,75549924.000000, , , ,-1.300781,-1.300781,0.000000
42815.000000,2143499.000000,75549924.000000,-0.029000,-0.031900,-0.951200, , , 
42816.000000,2143599.000000,75549924.000000, , , ,-0.650391,-1.625977,0.000000
42817.000000,2143600.000000,75549924.000000,-0.031900,-0.026100,-0.959900, , , 
42818.000000,2143699.000000,75549924.000000,-0.037700,-0.043500,-0.959900, , , 
42819.000000,2143700.000000,75549924.000000, , , ,-0.650391,-0.975586,-0.325195
42820.000000,2143800.000000,75549924.000000,-0.031900,-0.020300,-0.951200, , , 
42821.000000,2143801.000000,75549924.000000, , , ,-0.650391,-0.325195,-0.325195
42822.000000,2143892.000000,75549924.000000, , , ,-0.650391,-0.325195,0.000000
42823.000000,2143899.000000,75549924.000000,-0.046400,-0.046400,-1.006300, , , 
42824.000000,2143993.000000,75549924.000000, , , ,0.000000,0.000000,0.000000
42825.000000,2144000.000000,75549924.000000,-0.034800,-0.026100,-0.971500, , , 
42826.000000,2144094.000000,75549924.000000, , , ,-1.300781,0.000000,0.000000
42827.000000,2144099.000000,75549924.000000,-0.049300,-0.037700,-1.000500, , , 
42828.000000,2144195.000000,75549924.000000, , , ,0.000000,0.000000,0.000000
42829.000000,2144200.000000,75549924.000000,-0.020300,-0.020300,-0.962800, , , 
42830.000000,2144296.000000,75549924.000000, , , ,-0.650391,-1.300781,0.000000
42831.000000,2144299.000000,75549924.000000,-0.008700,-0.037700,-0.962800, , , 
42832.000000,2144397.000000,75549924.000000, , , ,-0.325195,-0.975586,0.000000
42833.000000,2144400.000000,75549924.000000,-0.052200,-0.046400,-0.977300, , , 
42834.000000,2144498.000000,75549924.000000, , , ,-0.325195,0.000000,0.000000
42835.000000,2144499.000000,75549924.000000,-0.034800,-0.026100,-0.965700, , , 
42836.000000,2144599.000000,75549924.000000, , , ,-0.325195,0.000000,0.000000
42837.000000,2144600.000000,75549924.000000,-0.023200,-0.055100,-0.994700, , , 
42838.000000,2144699.000000,75549924.000000,-0.034800,-0.014500,-0.962800, , , 
42839.000000,2144700.000000,75549924.000000, , , ,-0.650391,-0.650391,0.000000
42840.000000,2144800.000000,75549924.000000,-0.049300,-0.049300,-0.988900, , , 
42841.000000,2144801.000000,75549924.000000, , , ,-0.650391,0.000000,0.000000
42842.000000,2144892.000000,75549924.000000, , , ,-1.625977,0.975586,0.000000
42843.000000,2144899.000000,75549924.000000,-0.063800,-0.037700,-1.026600, , , 
42844.000000,2144993.000000,75549924.000000, , , ,-0.650391,1.300781,-0.325195
42845.000000,2145000.000000,75549924.000000,-0.026100,-0.020300,-0.997600, , , 
42846.000000,2145094.000000,75549924.000000, , , ,-1.300781,-0.975586,-0.325195
42847.000000,2145099.000000,75549924.000000,-0.008700,-0.023200,-1.006300, , , 
42848.000000,2145195.000000,75549924.000000, , , ,0.000000,-0.650391,0.000000
42849.000000,2145200.000000,75549924.000000,-0.052200,-0.011600,-0.971500, , , 
42850.000000,2145296.000000,75549924.000000, , , ,-0.650391,0.325195,0.000000
42851.000000,2145299.000000,75549924.000000,-0.052200,-0.043500,-0.977300, , , 
42852.000000,2145397.000000,75549924.000000, , , ,0.000000,0.325195,0.325195
42853.000000,2145400.000000,75549924.000000,-0.029000,-0.026100,-0.977300, , , 
42854.000000,2145498.000000,75549924.000000, , , ,-1.300781,-0.325195,0.975586
42855.000000,2145499.000000,75549924.000000,-0.023200,-0.011600,-0.968600, , , 
42856.000000,2145599.000000,75549924.000000, , , ,0.000000,-1.300781,0.975586
42857.000000,2145600.000000,75549924.000000,-0.029000,0.002900,-0.939600, , , 
42858.000000,2145699.000000,75549924.000000,-0.046400,-0.008700,-0.977300, , , 
42859.000000,2145700.000000,75549924.000000, , , ,-0.325195,-1.300781,1.300781
42860.000000,2145800.000000,75549924.000000,-0.072500,0.005800,-1.003400, , , 
42861.000000,2145801.000000,75549924.000000, , , ,-0.325195,0.325195,1.300781
42862.000000,2145892.000000,75549924.000000, , , ,-0.650391,1.625977,1.300781
42863.000000,2145899.000000,75549924.000000,-0.049300,0.002900,-1.006300, , , 
42864.000000,2145993.000000,75549924.000000, , , ,0.000000,0.000000,1.625977
42865.000000,2146000.000000,75549924.000000,-0.029000,0.017400,-0.986000, , , 
42866.000000,2146094.000000,75549924.000000, , , ,-0.650391,-0.650391,1.300781
42867.000000,2146099.000000,75549924.000000,-0.058000,0.000000,-0.977300, , , 
42868.000000,2146195.000000,75549924.000000, , , ,-1.300781,-0.325195,1.625977
42869.000000,2146200.000000,75549924.000000,-0.081200,0.011600,-0.994700, , , 
42870.000000,2146296.000000,75549924.000000, , , ,-0.650391,0.000000,1.300781
42871.000000,2146299.000000,75549924.000000,-0.058000,0.002900,-0.968600, , , 
42872.000000,2146397.000000,75549924.000000, , , ,-1.300781,-0.325195,1.951172
42873.000000,2146400.000000,75549924.000000,-0.058000,0.026100,-0.988900, , , 
42874.000000,2146498.000000,75549924.000000, , , ,-0.975586,-0.325195,1.625977
42875.000000,2146499.000000,75549924.000000,-0.081200,0.037700,-0.986000, , , 
42876.000000,2146599.000000,75549924.000000, , , ,-0.325195,0.325195,1.951172
42877.000000,2146600.000000,75549924.000000,-0.066700,0.029000,-0.977300, , , 
42878.000000,2146699.000000,75549924.000000,-0.060900,0.014500,-0.959900, , , 
42879.000000,2146700.000000,75549924.000000, , , ,-0.325195,-0.325195,1.951172
42880.000000,2146800.000000,75549924.000000,-0.081200,0.005800,-0.977300, , , 
42881.000000,2146801.000000,75549924.000000, , , ,-1.300781,-1.625977,1.951172
42882.000000,2146892.000000,75549924.000000, , , ,0.000000,0.000000,1.951172
42883.000000,2146899.000000,75549924.000000,-0.104400,0.043500,-0.994700, , , 
42884.000000,2146993.000000,75549924.000000, , , ,-0.650391,0.975586,1.951172
42885.000000,2147000.000000,75549924.000000,-0.095700,0.014500,-0.991800, , , 
42886.000000,2147094.000000,75549924.000000, , , ,-0.975586,0.650391,2.276367
42887.000000,2147099.000000,75549924.000000,-0.078300,0.049300,-0.997600, , , 
42888.000000,2147195.000000,75549924.000000, , , ,-0.650391,0.000000,2.276367
42889.000000,2147200.000000,75549924.000000,-0.069600,0.031900,-0.971500, , , 
42890.000000,2147296.000000,75549924.000000, , , ,-0.650391,-0.650391,2.601563
42891.000000,2147299.000000,75549924.000000,-0.098600,0.063800,-0.977300, , , 
42892.000000,2147397.000000,75549924.000000, , , ,-0.650391,0.000000,2.601563
42893.000000,2147400.000000,75549924.000000,-0.092800,0.046400,-0.968600, , , 
42894.000000,2147498.000000,75549924.000000, , , ,-1.625977,-0.325195,2.601563
42895.000000,2147499.000000,75549924.000000,-0.081200,0.040600,-0.968600, , , 
42896.000000,2147599.000000,75549924.000000, , , ,-0.975586,0.000000,3.251953
42897.000000,2147600.000000,75549924.000000,-0.101500,0.075400,-0.991800, , , 
42898.000000,2147699.000000,75549924.000000,-0.107300,0.043500,-0.983100, , , 
42899.000000,2147700.000000,75549924.000000, , , ,-0.975586,0.325195,2.926758
42900.000000,2147800.000000,75549924.000000,-0.089900,0.043500,-0.991800, , , 
42901.000000,2147801.000000,75549924.000000, , , ,-0.975586,0.650391,2.601563
42902.000000,2147892.000000,75549924.000000, , , ,-0.325195,0.000000,2.276367
42903.000000,2147899.000000,75549924.000000,-0.072500,0.069600,-0.974400, , , 
42904.000000,2147993.000000,75549924.000000, , , ,0.000000,-0.650391,2.276367
42905.000000,2148000.000000,75549924.000000,-0.075400,0.023200,-0.962800, , , 
42906.000000,2148094.000000,75549924.000000, , , ,-1.951172,-0.325195,2.926758
42907.000000,2148099.000000,75549924.000000,-0.104400,0.063800,-0.991800, , , 
42908.000000,2148195.000000,75549924.000000, , , ,-0.325195,0.325195,2.601563
42909.000000,2148200.000000,75549924.000000,-0.101500,0.043500,-1.000500, , , 
42910.000000,2148296.000000,75549924.000000, , , ,-1.300781,0.975586,2.926758
42911.000000,2148299.000000,75549924.000000,-0.089900,0.046400,-0.983100, , , 
42912.000000,2148397.000000,75549924.000000, , , ,-0.650391,-0.325195,2.601563
42913.000000,2148400.000000,75549924.000000,-0.078300,0.052200,-0.991800, , , 
42914.000000,2148498.000000,75549924.000000, , , ,-0.975586,-0.650391,2.601563
42915.000000,2148499.000000,75549924.000000,-0.089900,0.026100,-0.965700, , , 
42916.000000,2148599.000000,75549924.000000, , , ,-0.650391,0.000000,2.601563
42917.000000,2148600.000000,75549924.000000,-0.107300,0.063800,-1.006300, , , 
42918.000000,2148699.000000,75549924.000000,-0.107300,0.058000,-0.997600, , , 
42919.000000,2148700.000000,75549924.000000, , , ,-0.325195,0.650391,2.601563
42920.000000,2148800.000000,75549924.000000,-0.098600,0.055100,-1.020800, , , 
42921.000000,2148801.000000,75549924.000000, , , ,0.650391,1.300781,2.601563
42922.000000,2148892.000000,75549924.000000, , , ,0.325195,0.975586,2.926758
42923.000000,2148899.000000,75549924.000000,-0.098600,0.031900,-1.009200, , , 
42924.000000,2148993.000000,75549924.000000, , , ,0.325195,0.325195,2.276367
42925.000000,2149000.000000,75549924.000000,-0.087000,0.031900,-0.968600, , , 
42926.000000,2149094.000000,75549924.000000, , , ,-0.325195,-0.325195,2.276367
42927.000000,2149099.000000,75549924.000000,-0.072500,0.005800,-0.971500, , , 
42928.000000,2149195.000000,75549924.000000, , , ,0.000000,-0.325195,2.926758
42929.000000,2149200.000000,75549924.000000,-0.118900,0.055100,-0.994700, , , 
42930.000000,2149296.000000,75549924.000000, , , ,-0.325195,0.000000,2.926758
42931.000000,2149299.000000,75549924.000000,-0.121800,0.017400,-1.006300, , , 
42932.000000,2149397.000000,75549924.000000, , , ,-1.300781,1.300781,2.601563
42933.000000,2149400.000000,75549924.000000,-0.110200,0.031900,-0.977300, , , 
42934.000000,2149498.000000,75549924.000000, , , ,-0.325195,0.325195,2.601563
42935.000000,2149499.000000,75549924.000000,-0.081200,0.063800,-0.991800, , , 
42936.000000,2149599.000000,75549924.000000, , , ,-1.300781,-0.650391,2.276367
42937.000000,2149600.000000,75549924.000000,-0.098600,0.031900,-0.988900, , , 
42938.000000,2149699.000000,75549924.000000,-0.113100,0.020300,-0.974400, , , 
42939.000000,2149700.000000,75549924.000000, , , ,-0.650391,0.000000,2.601563
42940.000000,2149800.000000,75549924.000000,-0.107300,0.037700,-0.968600, , , 
42941.000000,2149801.000000,75549924.000000, , , ,-0.975586,0.000000,2.276367
42942.000000,2149892.000000,75549924.000000, , , ,-0.325195,0.000000,1.951172
42943.000000,2149899.000000,75549924.000000,-0.098600,0.020300,-0.997600, , , 
42944.000000,2149993.000000,75549924.000000, , , ,-0.650391,0.000000,1.951172
42945.000000,2150000.000000,75549924.000000,-0.104400,0.043500,-0.965700, , , 
42946.000000,2150094.000000,75549924.000000, , , ,-0.975586,-0.325195,2.276367
42947.000000,2150099.000000,75549924.000000,-0.095700,0.011600,-0.980200, , , 
42948.000000,2150195.000000,75549924.000000, , , ,-0.650391,-0.325195,1.951172
42949.000000,2150200.000000,75549924.000000,-0.104400,0.034800,-0.974400, , , 
42950.000000,2150296.000000,75549924.000000, , , ,-0.650391,-0.650391,1.625977
42951.000000,2150299.000000,75549924.000000,-0.101500,0.020300,-0.974400, , , 
42952.000000,2150397.000000,75549924.000000, , , ,0.000000,-0.325195,1.625977
42953.000000,2150400.000000,75549924.000000,-0.107300,0.031900,-0.974400, , , 
42954.000000,2150498.000000,75549924.000000, , , ,-0.650391,-0.325195,1.951172
42955.000000,2150499.000000,75549924.000000,-0.095700,0.014500,-0.974400, , , 
42956.000000,2150599.000000,75549924.000000, , , ,0.000000,-0.325195,1.300781
42957.000000,2150600.000000,75549924.000000,-0.110200,0.026100,-0.983100, , , 
42958.000000,2150699.000000,75549924.000000,-0.130500,-0.002900,-1.012100, , , 
42959.000000,2150700.000000,75549924.000000, , , ,0.975586,0.325195,1.300781
42960.000000,2150800.000000,75549924.000000,-0.118900,-0.014500,-1.000500, , , 
42961.000000,2150801.000000,75549924.000000, , , ,0.000000,1.300781,1.300781
42962.000000,2150892.000000,75549924.000000, , , ,0.325195,2.276367,0.975586
42963.000000,2150899.000000,75549924.000000,-0.116000,0.008700,-1.017900, , , 
42964.000000,2150993.000000,75549924.000000, , , ,-0.325195,0.650391,0.975586
42965.000000,2151000.000000,75549924.000000,-0.081200,0.005800,-0.983100, , , 
42966.000000,2151094.000000,75549924.000000, , , ,-1.951172,0.000000,1.625977
42967.000000,2151099.000000,75549924.000000,-0.113100,-0.014500,-0.977300, , , 
42968.000000,2151195.000000,75549924.000000, , , ,0.000000,-0.325195,1.625977
42969.000000,2151200.000000,75549924.000000,-0.110200,0.002900,-0.977300, , , 
42970.000000,2151296.000000,75549924.000000, , , ,-1.951172,-1.300781,1.625977
42971.000000,2151299.000000,75549924.000000,-0.124700,0.005800,-0.951200, , , 
42972.000000,2151397.000000,75549924.000000, , , ,-0.325195,-0.650391,1.300781
42973.000000,2151400.000000,75549924.000000,-0.116000,0.023200,-0.977300, , , 
42974.000000,2151498.000000,75549924.000000, , , ,-0.975586,-0.650391,1.300781
42975.000000,2151499.000000,75549924.000000,-0.127600,0.002900,-0.974400, , , 
42976.000000,2151599.000000,75549924.000000, , , ,-0.650391,-0.975586,1.625977
42977.000000,2151600.000000,75549924.000000,-0.133400,0.000000,-0.968600, , , 
42978.000000,2151699.000000,75549924.000000,-0.130500,-0.005800,-0.983100, , , 
42979.000000,2151700.000000,75549924.000000, , , ,-1.300781,0.000000,0.975586
42980.000000,2151800.000000,75549924.000000,-0.136300,0.017400,-0.983100, , , 
42981.000000,2151801.000000,75549924.000000, , , ,0.000000,-0.325195,1.300781
42982.000000,2151892.000000,75549924.000000, , , ,-0.325195,0.000000,0.975586
42983.000000,2151899.000000,75549924.000000,-0.136300,-0.002900,-0.971500, , , 
42984.000000,2151993.000000,75549924.000000, , , ,-1.300781,-0.325195,1.300781
42985.000000,2152000.000000,75549924.000000,-0.142100,-0.023200,-0.968600, , , 
42986.000000,2152094.000000,75549924.000000, , , ,-0.325195,-0.650391,1.300781
42987.000000,2152099.000000,75549924.000000,-0.133400,0.029000,-0.983100, , , 
42988.000000,2152195.000000,75549924.000000, , , ,-0.975586,-0.325195,1.300781
42989.000000,2152200.000000,75549924.000000,-0.153700,0.011600,-0.977300, , , 
42990.000000,2152296.000000,75549924.000000, , , ,0.000000,0.000000,2.276367
42991.000000,2152299.000000,75549924.000000,-0.153700,0.029000,-0.974400, , , 
42992.000000,2152397.000000,75549924.000000, , , ,-0.650391,0.000000,2.926758
42993.000000,2152400.000000,75549924.000000,-0.150800,0.043500,-0.974400, , , 
42994.000000,2152498.000000,75549924.000000, , , ,-1.300781,-0.325195,3.251953
42995.000000,2152499.000000,75549924.000000,-0.176900,0.049300,-0.988900, , , 
42996.000000,2152599.000000,75549924.000000, , , ,-0.650391,0.000000,4.227539
42997.000000,2152600.000000,75549924.000000,-0.188500,0.072500,-0.974400, , , 
42998.000000,2152699.000000,75549924.000000,-0.205900,0.098600,-0.962800, , , 
42999.000000,2152700.000000,75549924.000000, , , ,-0.650391,-0.325195,4.877930
43000.000000,2152800.000000,75549924.000000,-0.229100,0.084100,-0.971500, , , 
43001.000000,2152801.000000,75549924.000000, , , ,-0.650391,-0.650391,6.503906
43002.000000,2152892.000000,75549924.000000, , , ,-0.650391,-0.650391,7.479492
43003.000000,2152899.000000,75549924.000000,-0.232000,0.121800,-0.974400, , , 
43004.000000,2152993.000000,75549924.000000, , , ,-0.650391,-1.300781,8.455078
43005.000000,2153000.000000,75549924.000000,-0.263900,0.133400,-0.959900, , , 
43006.000000,2153094.000000,75549924.000000, , , ,0.325195,-0.650391,9.755859
43007.000000,2153099.000000,75549924.000000,-0.252300,0.174000,-0.957000, , , 
43008.000000,2153195.000000,75549924.000000, , , ,0.000000,-0.325195,10.406250
43009.000000,2153200.000000,75549924.000000,-0.266800,0.156600,-0.974400, , , 
43010.000000,2153296.000000,75549924.000000, , , ,0.000000,-0.325195,13.333008
43011.000000,2153299.000000,75549924.000000,-0.272600,0.191400,-0.962800, , , 
43012.000000,2153397.000000,75549924.000000, , , ,0.650391,-0.325195,14.633790
43013.000000,2153400.000000,75549924.000000,-0.287100,0.217500,-0.974400, , , 
43014.000000,2153498.000000,75549924.000000, , , ,1.300781,0.000000,16.259766
43015.000000,2153499.000000,75549924.000000,-0.295800,0.223300,-0.959900, , , 
43016.000000,2153599.000000,75549924.000000, , , ,1.300781,0.000000,17.885742
43017.000000,2153600.000000,75549924.000000,-0.301600,0.194300,-0.957000, , , 
43018.000000,2153699.000000,75549924.000000,-0.313200,0.185600,-0.968600, , , 
43019.000000,2153700.000000,75549924.000000, , , ,1.300781,-0.325195,18.536133
43020.000000,2153800.000000,75549924.000000,-0.319000,0.171100,-0.965700, , , 
43021.000000,2153801.000000,75549924.000000, , , ,1.625977,-0.325195,19.186523
43022.000000,2153892.000000,75549924.000000, , , ,1.951172,-0.325195,19.186523
43023.000000,2153899.000000,75549924.000000,-0.316100,0.174000,-0.959900, , , 
43024.000000,2153993.000000,75549924.000000, , , ,1.625977,-0.650391,19.186523
43025.000000,2154000.000000,75549924.000000,-0.313200,0.118900,-0.957000, , , 
43026.000000,2154094.000000,75549924.000000, , , ,1.300781,-0.975586,19.511719
43027.000000,2154099.000000,75549924.000000,-0.310300,0.124700,-0.942500, , , 
43028.000000,2154195.000000,75549924.000000, , , ,0.975586,-0.975586,19.186523
43029.000000,2154200.000000,75549924.000000,-0.281300,0.078300,-0.974400, , , 
43030.000000,2154296.000000,75549924.000000, , , ,-0.325195,0.000000,19.511719
43031.000000,2154299.000000,75549924.000000,-0.261000,0.116000,-0.997600, , , 
43032.000000,2154397.000000,75549924.000000, , , ,-2.601563,0.975586,18.536133
43033.000000,2154400.000000,75549924.000000,-0.324800,-0.118900,-1.078800, , , 
43034.000000,2154498.000000,75549924.000000, , , ,-5.528320,2.601563,19.186523
43035.000000,2154499.000000,75549924.000000,-0.188500,0.205900,-0.910600, , , 
43036.000000,2154599.000000,75549924.000000, , , ,-6.503906,1.951172,19.511719
43037.000000,2154600.000000,75549924.000000,-0.176900,-0.014500,-1.000500, , , 
43038.000000,2154699.000000,75549924.000000,-0.052200,0.017400,-0.988900, , , 
43039.000000,2154700.000000,75549924.000000, , , ,-14.308594,2.926758,19.186523
43040.000000,2154800.000000,75549924.000000,-0.029000,0.292900,-0.986000, , , 
43041.000000,2154801.000000,75549924.000000, , , ,-7.804688,3.251953,19.186523
43042.000000,2154892.000000,75549924.000000, , , ,1.951172,2.276367,16.584961
43043.000000,2154899.000000,75549924.000000,-0.145000,0.379900,-1.044000, , , 
43044.000000,2154993.000000,75549924.000000, , , ,4.227539,4.552734,16.584961
43045.000000,2155000.000000,75549924.000000,-0.121800,0.194300,-1.049800, , , 
43046.000000,2155094.000000,75549924.000000, , , ,10.731445,7.804688,18.210938
43047.000000,2155099.000000,75549924.000000,-0.113100,0.176900,-1.026600, , , 
43048.000000,2155195.000000,75549924.000000, , , ,5.203125,9.430664,17.885742
43049.000000,2155200.000000,75549924.000000,-0.029000,-0.145000,-1.026600, , , 
43050.000000,2155296.000000,75549924.000000, , , ,-7.154297,4.877930,18.536133
43051.000000,2155299.000000,75549924.000000,0.113100,-0.029000,-0.852600, , , 
43052.000000,2155397.000000,75549924.000000, , , ,-5.528320,2.926758,16.910156
43053.000000,2155400.000000,75549924.000000,0.046400,0.046400,-0.820700, , , 
43054.000000,2155498.000000,75549924.000000, , , ,-11.707031,-0.325195,18.861328
43055.000000,2155499.000000,75549924.000000,0.058000,0.121800,-0.928000, , , 
43056.000000,2155599.000000,75549924.000000, , , ,-2.601563,-5.203125,16.910156
43057.000000,2155600.000000,75549924.000000,0.017400,0.261000,-1.041100, , , 
43058.000000,2155699.000000,75549924.000000,0.040600,0.353800,-1.104900, , , 
43059.000000,2155700.000000,75549924.000000, , , ,2.276367,-4.877930,14.633790
43060.000000,2155800.000000,75549924.000000,0.043500,0.072500,-0.997600, , , 
43061.000000,2155801.000000,75549924.000000, , , ,4.877930,-2.601563,14.958983
43062.000000,2155892.000000,75549924.000000, , , ,2.276367,-1.951172,17.235352
43063.000000,2155899.000000,75549924.000000,0.124700,0.104400,-0.986000, , , 
43064.000000,2155993.000000,75549924.000000, , , ,2.926758,-3.902344,16.584961
43065.000000,2156000.000000,75549924.000000,0.168200,0.136300,-0.959900, , , 
43066.000000,2156094.000000,75549924.000000, , , ,0.325195,-5.203125,15.609375
43067.000000,2156099.000000,75549924.000000,0.136300,0.124700,-0.922200, , , 
43068.000000,2156195.000000,75549924.000000, , , ,0.650391,-3.251953,17.885742
43069.000000,2156200.000000,75549924.000000,0.116000,0.078300,-0.933800, , , 
43070.000000,2156296.000000,75549924.000000, , , ,-0.650391,-0.975586,18.210938
43071.000000,2156299.000000,75549924.000000,0.118900,0.203000,-0.933800, , , 
43072.000000,2156397.000000,75549924.000000, , , ,1.951172,-1.951172,17.235352
43073.000000,2156400.000000,75549924.000000,0.139200,0.232000,-1.026600, , , 
43074.000000,2156498.000000,75549924.000000, , , ,4.552734,-1.951172,16.584961
43075.000000,2156499.000000,75549924.000000,0.104400,0.113100,-0.997600, , , 
43076.000000,2156599.000000,75549924.000000, , , ,0.975586,0.000000,16.584961
43077.000000,2156600.000000,75549924.000000,0.113100,0.002900,-0.980200, , , 
43078.000000,2156699.000000,75549924.000000,0.139200,0.005800,-0.994700, , , 
43079.000000,2156700.000000,75549924.000000, , , ,-1.300781,0.325195,15.934570
43080.000000,2156800.000000,75549924.000000,0.156600,0.101500,-0.977300, , , 
43081.000000,2156801.000000,75549924.000000, , , ,-1.951172,-0.650391,13.658203
43082.000000,2156892.000000,75549924.000000, , , ,0.000000,-0.975586,11.381836
43083.000000,2156899.000000,75549924.000000,0.136300,0.104400,-0.951200, , , 
43084.000000,2156993.000000,75549924.000000, , , ,1.951172,-0.650391,9.105469
43085.000000,2157000.000000,75549924.000000,0.130500,0.055100,-0.971500, , , 
43086.000000,2157094.000000,75549924.000000, , , ,3.251953,-0.975586,6.178711
43087.000000,2157099.000000,75549924.000000,0.127600,-0.005800,-0.980200, , , 
43088.000000,2157195.000000,75549924.000000, , , ,1.625977,-1.300781,2.926758
43089.000000,2157200.000000,75549924.000000,0.127600,-0.092800,-0.994700, , , 
43090.000000,2157296.000000,75549924.000000, , , ,-0.325195,-1.625977,1.300781
43091.000000,2157299.000000,75549924.000000,0.113100,-0.089900,-0.991800, , , 
43092.000000,2157397.000000,75549924.000000, , , ,-1.951172,-1.625977,0.000000
43093.000000,2157400.000000,75549924.000000,0.110200,-0.026100,-0.991800, , , 
43094.000000,2157498.000000,75549924.000000, , , ,-2.276367,-0.975586,-0.325195
43095.000000,2157499.000000,75549924.000000,0.078300,0.000000,-0.977300, , , 
43096.000000,2157599.000000,75549924.000000, , , ,-1.300781,-0.325195,0.000000
43097.000000,2157600.000000,75549924.000000,0.052200,0.029000,-0.977300, , , 
43098.000000,2157699.000000,75549924.000000,0.011600,0.026100,-0.974400, , , 
43099.000000,2157700.000000,75549924.000000, , , ,-0.975586,-0.975586,-0.650391
43100.000000,2157800.000000,75549924.000000,0.000000,-0.014500,-0.983100, , , 
43101.000000,2157801.000000,75549924.000000, , , ,-0.650391,-0.975586,-0.325195
43102.000000,2157892.000000,75549924.000000, , , ,-1.300781,0.000000,0.650391
43103.000000,2157899.000000,75549924.000000,-0.002900,0.000000,-0.991800, , , 
43104.000000,2157993.000000,75549924.000000, , , ,-1.625977,0.000000,-0.650391
43105.000000,2158000.000000,75549924.000000,0.000000,0.005800,-0.997600, , , 
43106.000000,2158094.000000,75549924.000000, , , ,-0.975586,-0.325195,-0.325195
43107.000000,2158099.000000,75549924.000000,0.000000,0.029000,-0.968600, , , 
43108.000000,2158195.000000,75549924.000000, , , ,-0.650391,-0.650391,-0.325195
43109.000000,2158200.000000,75549924.000000,-0.031900,0.014500,-0.983100, , , 
43110.000000,2158296.000000,75549924.000000, , , ,-0.650391,0.000000,0.000000
43111.000000,2158299.000000,75549924.000000,-0.055100,0.011600,-0.991800, , , 
43112.000000,2158397.000000,75549924.000000, , , ,-2.276367,0.000000,0.000000
43113.000000,2158400.000000,75549924.000000,-0.055100,0.005800,-1.000500, , , 
43114.000000,2158498.000000,75549924.000000, , , ,-1.951172,-0.325195,0.325195
43115.000000,2158499.000000,75549924.000000,-0.052200,0.043500,-0.974400, , , 
43116.000000,2158599.000000,75549924.000000, , , ,-0.650391,0.000000,0.325195
43117.000000,2158600.000000,75549924.000000,-0.075400,0.063800,-0.977300, , , 
43118.000000,2158699.000000,75549924.000000,-0.029000,0.049300,-0.980200, , , 
43119.000000,2158700.000000,75549924.000000, , , ,-0.650391,0.650391,0.325195
43120.000000,2158800.000000,75549924.000000,0.000000,0.008700,-0.997600, , , 
43121.000000,2158801.000000,75549924.000000, , , ,-0.975586,0.000000,0.325195
43122.000000,2158892.000000,75549924.000000, , , ,-1.300781,-0.650391,0.975586
43123.000000,2158899.000000,75549924.000000,-0.005800,0.052200,-0.991800, , , 
43124.000000,2158993.000000,75549924.000000, , , ,-1.625977,-0.650391,0.975586
43125.000000,2159000.000000,75549924.000000,-0.101500,0.069600,-1.015000, , , 
43126.000000,2159094.000000,75549924.000000, , , ,-1.300781,2.601563,0.650391
43127.000000,2159099.000000,75549924.000000,0.008700,-0.058000,-0.977300, , , 
43128.000000,2159195.000000,75549924.000000, , , ,-4.552734,0.325195,2.601563
43129.000000,2159200.000000,75549924.000000,0.023200,0.145000,-0.939600, , , 
43130.000000,2159296.000000,75549924.000000, , , ,-2.926758,0.000000,3.251953
43131.000000,2159299.000000,75549924.000000,-0.011600,0.118900,-0.994700, , , 
43132.000000,2159397.000000,75549924.000000, , , ,-1.951172,0.000000,3.902344
43133.000000,2159400.000000,75549924.000000,-0.026100,0.142100,-1.012100, , , 
43134.000000,2159498.000000,75549924.000000, , , ,0.000000,0.975586,4.877930
43135.000000,2159499.000000,75549924.000000,-0.026100,0.116000,-0.997600, , , 
43136.000000,2159599.000000,75549924.000000, , , ,1.951172,-1.300781,5.203125
43137.000000,2159600.000000,75549924.000000,-0.005800,0.174000,-1.058500, , , 
43138.000000,2159699.000000,75549924.000000,-0.058000,0.069600,-0.899000, , , 
43139.000000,2159700.000000,75549924.000000, , , ,-1.625977,-1.300781,7.479492
43140.000000,2159800.000000,75549924.000000,-0.020300,0.116000,-0.948300, , , 
43141.000000,2159801.000000,75549924.000000, , , ,-1.300781,1.951172,6.503906
43142.000000,2159892.000000,75549924.000000, , , ,-1.300781,2.601563,7.154297
43143.000000,2159899.000000,75549924.000000,0.052200,0.156600,-1.009200, , , 
43144.000000,2159993.000000,75549924.000000, , , ,0.650391,0.975586,7.154297
43145.000000,2160000.000000,75549924.000000,0.087000,0.150800,-1.017900, , , 
43146.000000,2160094.000000,75549924.000000, , , ,0.650391,0.000000,8.129883
43147.000000,2160099.000000,75549924.000000,0.089900,0.139200,-0.994700, , , 
43148.000000,2160195.000000,75549924.000000, , , ,1.300781,0.000000,8.129883
43149.000000,2160200.000000,75549924.000000,0.087000,0.127600,-0.994700, , , 
43150.000000,2160296.000000,75549924.000000, , , ,1.300781,0.325195,8.129883
43151.000000,2160299.000000,75549924.000000,0.110200,0.133400,-0.971500, , , 
43152.000000,2160397.000000,75549924.000000, , , ,0.650391,0.000000,8.129883
43153.000000,2160400.000000,75549924.000000,0.121800,0.110200,-0.974400, , , 
43154.000000,2160498.000000,75549924.000000, , , ,0.325195,-1.300781,8.455078
43155.000000,2160499.000000,75549924.000000,0.121800,0.116000,-0.957000, , , 
43156.000000,2160599.000000,75549924.000000, , , ,0.325195,-0.975586,8.780273
43157.000000,2160600.000000,75549924.000000,0.098600,0.118900,-0.983100, , , 
43158.000000,2160699.000000,75549924.000000,0.092800,0.145000,-1.012100, , , 
43159.000000,2160700.000000,75549924.000000, , , ,0.975586,-0.975586,8.780273
43160.000000,2160800.000000,75549924.000000,0.089900,0.147900,-0.991800, , , 
43161.000000,2160801.000000,75549924.000000, , , ,1.300781,-0.650391,8.780273
43162.000000,2160892.000000,75549924.000000, , , ,1.300781,-0.975586,9.105469
43163.000000,2160899.000000,75549924.000000,0.089900,0.101500,-0.971500, , , 
43164.000000,2160993.000000,75549924.000000, , , ,0.000000,0.000000,9.430664
43165.000000,2161000.000000,75549924.000000,0.089900,0.124700,-0.957000, , , 
43166.000000,2161094.000000,75549924.000000, , , ,0.325195,0.000000,9.430664
43167.000000,2161099.000000,75549924.000000,0.110200,0.118900,-0.983100, , , 
43168.000000,2161195.000000,75549924.000000, , , ,1.300781,-0.975586,8.780273
43169.000000,2161200.000000,75549924.000000,0.110200,0.136300,-0.988900, , , 
43170.000000,2161296.000000,75549924.000000, , , ,1.625977,-0.975586,7.479492
43171.000000,2161299.000000,75549924.000000,0.089900,0.063800,-1.000500, , , 
43172.000000,2161397.000000,75549924.000000, , , ,0.325195,-0.325195,6.829102
43173.000000,2161400.000000,75549924.000000,0.101500,0.043500,-0.974400, , , 
43174.000000,2161498.000000,75549924.000000, , , ,0.000000,-0.650391,5.853516
43175.000000,2161499.000000,75549924.000000,0.081200,0.066700,-0.974400, , , 
43176.000000,2161599.000000,75549924.000000, , , ,-0.650391,-0.650391,5.853516
43177.000000,2161600.000000,75549924.000000,0.095700,0.087000,-0.980200, , , 
43178.000000,2161699.000000,75549924.000000,0.098600,0.092800,-0.991800, , , 
43179.000000,2161700.000000,75549924.000000, , , ,-0.325195,-0.650391,6.178711
43180.000000,2161800.000000,75549924.000000,0.084100,0.118900,-0.983100, , , 
43181.000000,2161801.000000,75549924.000000, , , ,0.000000,-0.975586,5.853516
43182.000000,2161892.000000,75549924.000000, , , ,0.650391,0.000000,6.178711
43183.000000,2161899.000000,75549924.000000,0.078300,0.087000,-0.994700, , , 
43184.000000,2161993.000000,75549924.000000, , , ,-0.325195,0.000000,6.503906
43185.000000,2162000.000000,75549924.000000,0.075400,0.081200,-1.003400, , , 
43186.000000,2162094.000000,75549924.000000, , , ,0.000000,0.650391,5.853516
43187.000000,2162099.000000,75549924.000000,0.087000,0.087000,-0.980200, , , 
43188.000000,2162195.000000,75549924.000000, , , ,0.000000,0.000000,5.853516
43189.000000,2162200.000000,75549924.000000,0.089900,0.092800,-0.986000, , , 
43190.000000,2162296.000000,75549924.000000, , , ,0.325195,0.000000,5.528320
43191.000000,2162299.000000,75549924.000000,0.078300,0.078300,-1.000500, , , 
43192.000000,2162397.000000,75549924.000000, , , ,-0.325195,0.000000,5.528320
43193.000000,2162400.000000,75549924.000000,0.092800,0.078300,-0.994700, , , 
43194.000000,2162498.000000,75549924.000000, , , ,-0.650391,-0.325195,5.528320
43195.000000,2162499.000000,75549924.000000,0.092800,0.072500,-0.962800, , , 
43196.000000,2162599.000000,75549924.000000, , , ,-0.975586,-0.325195,5.853516
43197.000000,2162600.000000,75549924.000000,0.081200,0.113100,-0.986000, , , 
43198.000000,2162699.000000,75549924.000000,0.075400,0.101500,-1.003400, , , 
43199.000000,2162700.000000,75549924.000000, , , ,0.000000,-0.975586,5.528320
43200.000000,2162800.000000,75549924.000000,0.069600,0.089900,-0.983100, , , 
43201.000000,2162801.000000,75549924.000000, , , ,-0.325195,-0.650391,5.528320
43202.000000,2162892.000000,75549924.000000, , , ,0.000000,0.000000,4.877930
43203.000000,2162899.000000,75549924.000000,0.072500,0.078300,-0.974400, , , 
43204.000000,2162993.000000,75549924.000000, , , ,-0.975586,-0.650391,4.552734
43205.000000,2163000.000000,75549924.000000,0.098600,0.060900,-0.965700, , , 
43206.000000,2163094.000000,75549924.000000, , , ,0.000000,-1.300781,4.227539
43207.000000,2163099.000000,75549924.000000,0.063800,0.078300,-0.986000, , , 
43208.000000,2163195.000000,75549924.000000, , , ,0.000000,-1.300781,3.902344
43209.000000,2163200.000000,75549924.000000,0.060900,0.075400,-1.000500, , , 
43210.000000,2163296.000000,75549924.000000, , , ,0.650391,-0.325195,3.251953
43211.000000,2163299.000000,75549924.000000,0.031900,0.052200,-0.986000, , , 
43212.000000,2163396.000000,75549924.000000, , , ,-0.650391,0.650391,3.251953
43213.000000,2163399.000000,75549924.000000,0.031900,0.023200,-0.991800, , , 
43214.000000,2163497.000000,75549924.000000, , , ,-0.325195,0.650391,2.926758
43215.000000,2163500.000000,75549924.000000,0.023200,0.063800,-1.000500, , , 
43216.000000,2163598.000000,75549924.000000, , , ,-0.325195,0.975586,2.926758
43217.000000,2163599.000000,75549924.000000,0.031900,0.058000,-0.994700, , , 
43218.000000,2163699.000000,75549924.000000, , , ,-0.325195,0.000000,2.926758
43219.000000,2163700.000000,75549924.000000,0.023200,0.055100,-0.968600, , , 
43220.000000,2163799.000000,75549924.000000,0.011600,0.049300,-0.983100, , , 
43221.000000,2163800.000000,75549924.000000, , , ,-0.975586,-0.325195,3.251953
43222.000000,2163900.000000,75549924.000000,0.011600,0.069600,-0.986000, , , 
43223.000000,2163901.000000,75549924.000000, , , ,0.000000,-0.975586,2.276367
43224.000000,2163992.000000,75549924.000000, , , ,-0.325195,-1.300781,2.601563
43225.000000,2163999.000000,75549924.000000,0.000000,0.029000,-0.971500, , , 
43226.000000,2164093.000000,75549924.000000, , , ,0.000000,-0.325195,1.625977
43227.000000,2164100.000000,75549924.000000,-0.002900,0.023200,-0.986000, , , 
43228.000000,2164194.000000,75549924.000000, , , ,-0.650391,-0.325195,0.975586
43229.000000,2164199.000000,75549924.000000,0.000000,0.017400,-0.980200, , , 
43230.000000,2164295.000000,75549924.000000, , , ,-1.625977,-0.325195,1.951172
43231.000000,2164300.000000,75549924.000000,-0.008700,0.023200,-0.971500, , , 
43232.000000,2164396.000000,75549924.000000, , , ,-1.300781,0.000000,1.951172
43233.000000,2164399.000000,75549924.000000,-0.002900,0.037700,-0.997600, , , 
43234.000000,2164497.000000,75549924.000000, , , ,-0.325195,-0.325195,1.625977
43235.000000,2164500.000000,75549924.000000,0.002900,0.058000,-0.971500, , , 
43236.000000,2164598.000000,75549924.000000, , , ,-0.325195,-0.650391,1.300781
43237.000000,2164599.000000,75549924.000000,0.008700,0.063800,-0.971500, , , 
43238.000000,2164699.000000,75549924.000000, , , ,-0.325195,-0.325195,1.300781
43239.000000,2164700.000000,75549924.000000,0.020300,0.026100,-0.986000, , , 
43240.000000,2164799.000000,75549924.000000,0.005800,0.037700,-0.991800, , , 
43241.000000,2164800.000000,75549924.000000, , , ,-0.650391,-0.325195,1.625977
43242.000000,2164900.000000,75549924.000000,-0.005800,0.029000,-0.971500, , , 
43243.000000,2164901.000000,75549924.000000, , , ,-1.300781,-0.325195,0.975586
43244.000000,2164992.000000,75549924.000000, , , ,0.000000,-0.325195,1.625977
43245.000000,2164999.000000,75549924.000000,-0.017400,0.049300,-0.986000, , , 
43246.000000,2165093.000000,75549924.000000, , , ,0.000000,-0.325195,1.300781
43247.000000,2165100.000000,75549924.000000,-0.002900,0.026100,-0.988900, , , 
43248.000000,2165194.000000,75549924.000000, , , ,-0.325195,-0.650391,1.625977
43249.000000,2165199.000000,75549924.000000,-0.008700,0.034800,-0.974400, , , 
43250.000000,2165295.000000,75549924.000000, , , ,0.000000,-0.325195,0.975586
43251.000000,2165300.000000,75549924.000000,-0.014500,0.040600,-0.974400, , , 
43252.000000,2165396.000000,75549924.000000, , , ,-0.325195,-0.975586,0.325195
43253.000000,2165399.000000,75549924.000000,-0.002900,0.011600,-0.983100, , , 
43254.000000,2165497.000000,75549924.000000, , , ,-0.325195,-0.325195,0.650391
43255.000000,2165500.000000,75549924.000000,-0.037700,0.017400,-0.994700, , , 
43256.000000,2165598.000000,75549924.000000, , , ,-0.325195,0.325195,0.325195
43257.000000,2165599.000000,75549924.000000,-0.029000,0.017400,-1.003400, , , 
43258.000000,2165699.000000,75549924.000000, , , ,-0.650391,0.650391,0.325195
43259.000000,2165700.000000,75549924.000000,-0.023200,0.023200,-0.977300, , , 
43260.000000,2165799.000000,75549924.000000,-0.011600,0.040600,-0.977300, , , 
43261.000000,2165800.000000,75549924.000000, , , ,0.325195,0.975586,0.650391
43262.000000,2165900.000000,75549924.000000,-0.020300,-0.005800,-1.023700, , , 
43263.000000,2165901.000000,75549924.000000, , , ,-0.650391,-0.325195,0.325195
43264.000000,2165992.000000,75549924.000000, , , ,0.000000,-0.325195,0.975586
43265.000000,2165999.000000,75549924.000000,-0.026100,0.023200,-0.968600, , , 
43266.000000,2166093.000000,75549924.000000, , , ,-0.325195,-0.325195,0.325195
43267.000000,2166100.000000,75549924.000000,-0.008700,0.020300,-0.962800, , , 
43268.000000,2166194.000000,75549924.000000, , , ,-1.625977,-1.625977,0.650391
43269.000000,2166199.000000,75549924.000000,0.008700,0.017400,-0.904800, , , 
43270.000000,2166295.000000,75549924.000000, , , ,0.000000,-2.926758,0.975586
43271.000000,2166300.000000,75549924.000000,-0.058000,0.017400,-1.035300, , , 
43272.000000,2166396.000000,75549924.000000, , , ,-0.975586,0.000000,0.325195
43273.000000,2166399.000000,75549924.000000,-0.121800,0.023200,-1.119400, , , 
43274.000000,2166497.000000,75549924.000000, , , ,0.000000,5.203125,0.000000
43275.000000,2166500.000000,75549924.000000,-0.124700,0.000000,-1.012100, , , 
43276.000000,2166598.000000,75549924.000000, , , ,-0.325195,8.129883,0.325195
43277.000000,2166599.000000,75549924.000000,-0.002900,0.000000,-0.968600, , , 
43278.000000,2166699.000000,75549924.000000, , , ,-1.951172,2.926758,0.325195
43279.000000,2166700.000000,75549924.000000,0.049300,0.008700,-0.983100, , , 
43280.000000,2166799.000000,75549924.000000,0.060900,0.031900,-1.009200, , , 
43281.000000,2166800.000000,75549924.000000, , , ,-1.625977,-3.577148,0.975586
43282.000000,2166900.000000,75549924.000000,-0.052200,0.055100,-0.965700, , , 
43283.000000,2166901.000000,75549924.000000, , , ,0.000000,-5.203125,0.000000
43284.000000,2166992.000000,75549924.000000, , , ,0.000000,-1.951172,0.325195
43285.000000,2166999.000000,75549924.000000,-0.087000,0.014500,-0.951200, , , 
43286.000000,2167093.000000,75549924.000000, , , ,-0.325195,0.975586,0.650391
43287.000000,2167100.000000,75549924.000000,-0.058000,-0.005800,-0.980200, , , 
43288.000000,2167194.000000,75549924.000000, , , ,-1.625977,2.276367,0.650391
43289.000000,2167199.000000,75549924.000000,-0.029000,0.000000,-0.974400, , , 
43290.000000,2167295.000000,75549924.000000, , , ,-0.650391,0.325195,0.325195
43291.000000,2167300.000000,75549924.000000,-0.011600,0.049300,-0.983100, , , 
43292.000000,2167396.000000,75549924.000000, , , ,0.650391,-1.300781,0.325195
43293.000000,2167399.000000,75549924.000000,-0.026100,0.049300,-0.997600, , , 
43294.000000,2167497.000000,75549924.000000, , , ,-0.325195,-1.951172,0.000000
43295.000000,2167500.000000,75549924.000000,-0.052200,-0.008700,-0.948300, , , 
43296.000000,2167598.000000,75549924.000000, , , ,0.000000,-1.951172,0.000000
43297.000000,2167599.000000,75549924.000000,-0.069600,0.000000,-0.965700, , , 
43298.000000,2167699.000000,75549924.000000, , , ,0.000000,-0.975586,-0.325195
43299.000000,2167700.000000,75549924.000000,-0.084100,0.000000,-0.980200, , , 
43300.000000,2167799.000000,75549924.000000,-0.095700,-0.008700,-0.986000, , , 
43301.000000,2167800.000000,75549924.000000, , , ,0.975586,-0.975586,-0.325195
43302.000000,2167900.000000,75549924.000000,-0.098600,-0.043500,-0.986000, , , 
43303.000000,2167901.000000,75549924.000000, , , ,0.000000,0.000000,-1.300781
43304.000000,2167992.000000,75549924.000000, , , ,0.325195,0.975586,-1.300781
43305.000000,2167999.000000,75549924.000000,-0.098600,-0.011600,-0.983100, , , 
43306.000000,2168093.000000,75549924.000000, , , ,0.000000,-0.325195,-1.951172
43307.000000,2168100.000000,75549924.000000,-0.089900,-0.043500,-0.968600, , , 
43308.000000,2168194.000000,75549924.000000, , , ,0.000000,-0.325195,-2.601563
43309.000000,2168199.000000,75549924.000000,-0.081200,-0.034800,-0.971500, , , 
43310.000000,2168295.000000,75549924.000000, , , ,-0.325195,-0.650391,-2.276367
43311.000000,2168300.000000,75549924.000000,-0.095700,-0.037700,-1.003400, , , 
43312.000000,2168396.000000,75549924.000000, , , ,0.000000,-0.325195,-3.251953
43313.000000,2168399.000000,75549924.000000,-0.113100,-0.040600,-0.994700, , , 
43314.000000,2168497.000000,75549924.000000, , , ,0.000000,0.650391,-3.251953
43315.000000,2168500.000000,75549924.000000,-0.101500,-0.066700,-0.977300, , , 
43316.000000,2168598.000000,75549924.000000, , , ,-0.325195,0.650391,-3.902344
43317.000000,2168599.000000,75549924.000000,-0.101500,-0.078300,-0.968600, , , 
43318.000000,2168699.000000,75549924.000000, , , ,-0.975586,0.000000,-4.227539
43319.000000,2168700.000000,75549924.000000,-0.087000,-0.066700,-0.977300, , , 
43320.000000,2168799.000000,75549924.000000,-0.098600,-0.069600,-0.997600, , , 
43321.000000,2168800.000000,75549924.000000, , , ,-0.325195,-0.650391,-4.877930
43322.000000,2168900.000000,75549924.000000,-0.052200,-0.049300,-0.988900, , , 
43323.000000,2168901.000000,75549924.000000, , , ,0.000000,0.000000,-5.528320
43324.000000,2168992.000000,75549924.000000, , , ,0.000000,0.000000,-5.853516
43325.000000,2168999.000000,75549924.000000,-0.008700,-0.095700,-0.959900, , , 
43326.000000,2169093.000000,75549924.000000, , , ,0.000000,0.000000,-6.178711
43327.000000,2169100.000000,75549924.000000,-0.029000,-0.110200,-0.983100, , , 
43328.000000,2169194.000000,75549924.000000, , , ,-0.975586,0.000000,-6.829102
43329.000000,2169199.000000,75549924.000000,-0.034800,-0.078300,-1.023700, , , 
43330.000000,2169295.000000,75549924.000000, , , ,-0.325195,0.650391,-6.829102
43331.000000,2169300.000000,75549924.000000,-0.020300,-0.072500,-0.986000, , , 
43332.000000,2169396.000000,75549924.000000, , , ,-0.650391,0.000000,-7.154297
43333.000000,2169399.000000,75549924.000000,0.005800,-0.078300,-0.916400, , , 
43334.000000,2169497.000000,75549924.000000, , , ,-7.479492,0.000000,-5.853516
43335.000000,2169500.000000,75549924.000000,-0.020300,-0.171100,-0.962800, , , 
43336.000000,2169598.000000,75549924.000000, , , ,-0.325195,-1.300781,-5.203125
43337.000000,2169599.000000,75549924.000000,0.017400,0.049300,-0.907700, , , 
43338.000000,2169699.000000,75549924.000000, , , ,0.000000,-2.926758,-5.853516
43339.000000,2169700.000000,75549924.000000,-0.049300,-0.037700,-1.093300, , , 
43340.000000,2169799.000000,75549924.000000,-0.020300,-0.095700,-1.015000, , , 
43341.000000,2169800.000000,75549924.000000, , , ,0.975586,-0.975586,-6.503906
43342.000000,2169900.000000,75549924.000000,-0.011600,-0.223300,-1.032400, , , 
43343.000000,2169901.000000,75549924.000000, , , ,-1.625977,0.650391,-4.227539
43344.000000,2169992.000000,75549924.000000, , , ,-3.577148,0.650391,-5.528320
43345.000000,2169999.000000,75549924.000000,-0.005800,0.002900,-0.881600, , , 
43346.000000,2170093.000000,75549924.000000, , , ,-0.650391,3.251953,-7.154297
43347.000000,2170100.000000,75549924.000000,0.049300,0.011600,-0.962800, , , 
43348.000000,2170194.000000,75549924.000000, , , ,0.650391,0.975586,-6.503906
43349.000000,2170199.000000,75549924.000000,0.107300,-0.029000,-1.023700, , , 
43350.000000,2170295.000000,75549924.000000, , , ,1.300781,-0.650391,-5.528320
43351.000000,2170300.000000,75549924.000000,0.098600,-0.095700,-1.009200, , , 
43352.000000,2170396.000000,75549924.000000, , , ,-0.650391,-1.625977,-5.853516
43353.000000,2170399.000000,75549924.000000,0.110200,-0.075400,-0.951200, , , 
43354.000000,2170497.000000,75549924.000000, , , ,0.000000,-1.300781,-5.528320
43355.000000,2170500.000000,75549924.000000,0.104400,-0.072500,-0.945400, , , 
43356.000000,2170598.000000,75549924.000000, , , ,-0.325195,-1.300781,-4.877930
43357.000000,2170599.000000,75549924.000000,0.110200,-0.066700,-0.968600, , , 
43358.000000,2170699.000000,75549924.000000, , , ,0.000000,-1.951172,-5.203125
43359.000000,2170700.000000,75549924.000000,0.104400,-0.049300,-1.006300, , , 
43360.000000,2170799.000000,75549924.000000,0.084100,-0.066700,-0.977300, , , 
43361.000000,2170800.000000,75549924.000000, , , ,0.000000,-0.975586,-5.203125
43362.000000,2170900.000000,75549924.000000,0.089900,-0.046400,-0.983100, , , 
43363.000000,2170901.000000,75549924.000000, , , ,0.650391,0.000000,-4.552734
43364.000000,2170992.000000,75549924.000000, , , ,-0.650391,0.325195,-4.227539
43365.000000,2170999.000000,75549924.000000,0.101500,-0.098600,-0.977300, , , 
43366.000000,2171093.000000,75549924.000000, , , ,-1.300781,0.325195,-2.926758
43367.000000,2171100.000000,75549924.000000,0.101500,-0.049300,-1.006300, , , 
43368.000000,2171194.000000,75549924.000000, , , ,0.000000,-0.325195,-2.601563
43369.000000,2171199.000000,75549924.000000,0.121800,-0.002900,-0.988900, , , 
43370.000000,2171295.000000,75549924.000000, , , ,0.000000,-0.975586,-3.251953
43371.000000,2171300.000000,75549924.000000,0.089900,-0.046400,-0.994700, , , 
43372.000000,2171396.000000,75549924.000000, , , ,-0.975586,0.000000,-1.625977
43373.000000,2171399.000000,75549924.000000,0.060900,-0.052200,-1.000500, , , 
43374.000000,2171497.000000,75549924.000000, , , ,-1.625977,0.650391,-0.650391
43375.000000,2171500.000000,75549924.000000,0.066700,-0.058000,-1.000500, , , 
43376.000000,2171598.000000,75549924.000000, , , ,-0.975586,0.000000,-1.300781
43377.000000,2171599.000000,75549924.000000,0.046400,0.002900,-0.954100, , , 
43378.000000,2171699.000000,75549924.000000, , , ,-0.650391,-0.650391,-0.650391
43379.000000,2171700.000000,75549924.000000,0.029000,-0.002900,-0.983100, , , 
43380.000000,2171799.000000,75549924.000000,0.026100,-0.011600,-0.977300, , , 
43381.000000,2171800.000000,75549924.000000, , , ,-0.325195,-1.625977,-0.325195
43382.000000,2171900.000000,75549924.000000,0.014500,-0.031900,-0.977300, , , 
43383.000000,2171901.000000,75549924.000000, , , ,-0.975586,-2.276367,-0.325195
43384.000000,2171992.000000,75549924.000000, , , ,-1.625977,-1.300781,0.000000
43385.000000,2171999.000000,75549924.000000,-0.005800,-0.023200,-0.974400, , , 
43386.000000,2172093.000000,75549924.000000, , , ,-1.300781,-0.325195,-0.325195
43387.000000,2172100.000000,75549924.000000,-0.008700,-0.020300,-0.971500, , , 
43388.000000,2172194.000000,75549924.000000, , , ,-2.276367,-0.975586,0.650391
43389.000000,2172199.000000,75549924.000000,-0.002900,0.040600,-0.977300, , , 
43390.000000,2172295.000000,75549924.000000, , , ,-1.625977,0.000000,0.975586
43391.000000,2172300.000000,75549924.000000,-0.029000,0.000000,-1.003400, , , 
43392.000000,2172396.000000,75549924.000000, , , ,-2.926758,0.325195,1.625977
43393.000000,2172399.000000,75549924.000000,-0.023200,0.023200,-1.012100, , , 
43394.000000,2172497.000000,75549924.000000, , , ,-1.625977,0.325195,1.625977
43395.000000,2172500.000000,75549924.000000,-0.014500,0.049300,-0.959900, , , 
43396.000000,2172598.000000,75549924.000000, , , ,-0.650391,1.625977,2.601563
43397.000000,2172599.000000,75549924.000000,-0.029000,0.092800,-1.006300, , , 
43398.000000,2172699.000000,75549924.000000, , , ,-0.650391,0.650391,3.577148
43399.000000,2172700.000000,75549924.000000,-0.008700,0.043500,-1.038200, , , 
43400.000000,2172799.000000,75549924.000000,-0.026100,0.095700,-0.971500, , , 
43401.000000,2172800.000000,75549924.000000, , , ,-0.325195,0.000000,3.902344
43402.000000,2172900.000000,75549924.000000,-0.008700,0.101500,-0.939600, , , 
43403.000000,2172901.000000,75549924.000000, , , ,0.650391,0.000000,4.877930
43404.000000,2172992.000000,75549924.000000, , , ,0.000000,-0.650391,4.877930
43405.000000,2172999.000000,75549924.000000,-0.014500,0.104400,-0.997600, , , 
43406.000000,2173093.000000,75549924.000000, , , ,-0.975586,0.000000,7.154297
43407.000000,2173100.000000,75549924.000000,-0.063800,0.072500,-1.049800, , , 
43408.000000,2173194.000000,75549924.000000, , , ,-0.975586,0.975586,8.129883
43409.000000,2173199.000000,75549924.000000,-0.052200,0.139200,-1.000500, , , 
43410.000000,2173295.000000,75549924.000000, , , ,0.325195,1.625977,8.129883
43411.000000,2173300.000000,75549924.000000,-0.026100,0.150800,-0.942500, , , 
43412.000000,2173395.000000,75549924.000000, , , ,0.325195,0.650391,8.780273
43413.000000,2173400.000000,75549924.000000,0.011600,0.142100,-0.930900, , , 
43414.000000,2173496.000000,75549924.000000, , , ,-0.325195,-1.300781,9.430664
43415.000000,2173499.000000,75549924.000000,-0.002900,0.055100,-1.049800, , , 
43416.000000,2173597.000000,75549924.000000, , , ,-2.601563,-1.951172,8.455078
43417.000000,2173600.000000,75549924.000000,-0.052200,0.098600,-1.003400, , , 
43418.000000,2173698.000000,75549924.000000, , , ,0.000000,0.000000,8.780273
43419.000000,2173699.000000,75549924.000000,-0.046400,0.113100,-0.957000, , , 
43420.000000,2173799.000000,75549924.000000, , , ,-0.975586,1.625977,8.455078
43421.000000,2173800.000000,75549924.000000,-0.066700,0.136300,-0.991800, , , 
43422.000000,2173899.000000,75549924.000000,-0.014500,0.078300,-1.020800, , , 
43423.000000,2173900.000000,75549924.000000, , , ,-1.625977,2.601563,9.105469
43424.000000,2174000.000000,75549924.000000,0.020300,0.136300,-0.948300, , , 
43425.000000,2174001.000000,75549924.000000, , , ,-1.300781,0.000000,9.105469
43426.000000,2174092.000000,75549924.000000, , , ,-0.325195,-0.975586,8.780273
43427.000000,2174099.000000,75549924.000000,-0.008700,0.162400,-0.936700, , , 
43428.000000,2174193.000000,75549924.000000, , , ,-0.650391,-2.276367,8.780273
43429.000000,2174200.000000,75549924.000000,-0.014500,0.113100,-0.988900, , , 
43430.000000,2174294.000000,75549924.000000, , , ,-0.650391,-3.577148,9.105469
43431.000000,2174299.000000,75549924.000000,0.000000,0.121800,-0.930900, , , 
43432.000000,2174395.000000,75549924.000000, , , ,0.650391,-3.577148,8.780273
43433.000000,2174400.000000,75549924.000000,-0.040600,0.147900,-0.962800, , , 
43434.000000,2174496.000000,75549924.000000, , , ,0.325195,-0.975586,8.780273
43435.000000,2174499.000000,75549924.000000,-0.058000,0.060900,-1.015000, , , 
43436.000000,2174597.000000,75549924.000000, , , ,-2.926758,0.000000,8.455078
43437.000000,2174600.000000,75549924.000000,-0.072500,0.089900,-1.026600, , , 
43438.000000,2174698.000000,75549924.000000, , , ,0.325195,2.926758,8.455078
43439.000000,2174699.000000,75549924.000000,-0.063800,0.182700,-0.968600, , , 
43440.000000,2174799.000000,75549924.000000, , , ,2.601563,2.276367,7.804688
43441.000000,2174800.000000,75549924.000000,0.000000,0.127600,-0.965700, , , 
43442.000000,2174899.000000,75549924.000000,0.002900,-0.014500,-1.000500, , , 
43443.000000,2174900.000000,75549924.000000, , , ,-0.975586,0.975586,8.129883
43444.000000,2175000.000000,75549924.000000,0.020300,0.098600,-0.980200, , , 
43445.000000,2175001.000000,75549924.000000, , , ,-3.251953,-2.276367,9.755859
43446.000000,2175092.000000,75549924.000000, , , ,-1.300781,-3.577148,8.129883
43447.000000,2175099.000000,75549924.000000,-0.040600,0.159500,-0.971500, , , 
43448.000000,2175193.000000,75549924.000000, , , ,0.650391,-1.625977,7.804688
43449.000000,2175200.000000,75549924.000000,-0.052200,0.182700,-0.980200, , , 
43450.000000,2175294.000000,75549924.000000, , , ,2.276367,-0.325195,8.129883
43451.000000,2175299.000000,75549924.000000,-0.031900,0.087000,-0.959900, , , 
43452.000000,2175395.000000,75549924.000000, , , ,0.000000,0.000000,7.154297
43453.000000,2175400.000000,75549924.000000,-0.043500,0.069600,-0.974400, , , 
43454.000000,2175496.000000,75549924.000000, , , ,0.325195,0.975586,7.154297
43455.000000,2175499.000000,75549924.000000,-0.020300,0.072500,-0.991800, , , 
43456.000000,2175597.000000,75549924.000000, , , ,-3.577148,-0.325195,7.154297
43457.000000,2175600.000000,75549924.000000,0.000000,0.092800,-0.983100, , , 
43458.000000,2175698.000000,75549924.000000, , , ,1.625977,0.000000,6.178711
43459.000000,2175699.000000,75549924.000000,-0.034800,0.104400,-0.994700, , , 
43460.000000,2175799.000000,75549924.000000, , , ,0.000000,0.000000,5.853516
43461.000000,2175800.000000,75549924.000000,-0.017400,0.069600,-0.994700, , , 
43462.000000,2175899.000000,75549924.000000,-0.002900,0.031900,-0.968600, , , 
43463.000000,2175900.000000,75549924.000000, , , ,0.000000,0.325195,5.528320
43464.000000,2176000.000000,75549924.000000,-0.020300,0.020300,-0.971500, , , 
43465.000000,2176001.000000,75549924.000000, , , ,-1.951172,0.000000,4.552734
43466.000000,2176092.000000,75549924.000000, , , ,0.000000,-0.325195,4.227539
43467.000000,2176099.000000,75549924.000000,-0.014500,0.081200,-1.006300, , , 
43468.000000,2176193.000000,75549924.000000, , , ,-0.975586,-0.325195,3.577148
43469.000000,2176200.000000,75549924.000000,-0.014500,0.066700,-0.980200, , , 
43470.000000,2176294.000000,75549924.000000, , , ,0.000000,0.000000,3.577148
43471.000000,2176299.000000,75549924.000000,-0.026100,0.029000,-0.971500, , , 
43472.000000,2176395.000000,75549924.000000, , , ,0.650391,0.325195,2.926758
43473.000000,2176400.000000,75549924.000000,-0.023200,0.043500,-1.000500, , , 
43474.000000,2176496.000000,75549924.000000, , , ,0.000000,0.000000,2.601563
43475.000000,2176499.000000,75549924.000000,0.000000,0.031900,-0.968600, , , 
43476.000000,2176597.000000,75549924.000000, , , ,-0.975586,-1.300781,2.276367
43477.000000,2176600.000000,75549924.000000,-0.020300,-0.002900,-0.971500, , , 
43478.000000,2176698.000000,75549924.000000, , , ,0.000000,0.000000,1.300781
43479.000000,2176701.000000,75549924.000000,-0.023200,0.040600,-0.991800, , , 
43480.000000,2176798.000000,75549924.000000, , , ,0.000000,-0.325195,1.625977
43481.000000,2176799.000000,75549924.000000,-0.008700,0.029000,-0.997600, , , 
43482.000000,2176899.000000,75549924.000000, , , ,0.000000,-0.325195,0.975586
43483.000000,2176900.000000,75549924.000000,-0.029000,-0.002900,-0.965700, , , 
43484.000000,2176999.000000,75549924.000000,-0.017400,-0.005800,-0.980200, , , 
43485.000000,2177000.000000,75549924.000000, , , ,0.000000,0.325195,0.650391
43486.000000,2177100.000000,75549924.000000,-0.002900,0.005800,-0.983100, , , 
43487.000000,2177101.000000,75549924.000000, , , ,-0.325195,-0.325195,0.000000
43488.000000,2177192.000000,75549924.000000, , , ,0.325195,-0.975586,-0.650391
43489.000000,2177199.000000,75549924.000000,-0.011600,0.014500,-0.957000, , , 
43490.000000,2177293.000000,75549924.000000, , , ,0.325195,-0.975586,-1.300781
43491.000000,2177300.000000,75549924.000000,-0.014500,-0.029000,-0.991800, , , 
43492.000000,2177394.000000,75549924.000000, , , ,-0.975586,-0.325195,-0.975586
43493.000000,2177399.000000,75549924.000000,-0.037700,-0.046400,-1.012100, , , 
43494.000000,2177495.000000,75549924.000000, , , ,-1.951172,0.000000,-1.625977
43495.000000,2177500.000000,75549924.000000,-0.037700,-0.029000,-0.983100, , , 
43496.000000,2177596.000000,75549924.000000, , , ,-0.325195,0.650391,-1.951172
43497.000000,2177599.000000,75549924.000000,-0.034800,-0.002900,-0.974400, , , 
43498.000000,2177697.000000,75549924.000000, , , ,-0.975586,1.300781,-2.276367
43499.000000,2177700.000000,75549924.000000,-0.034800,-0.011600,-1.000500, , , 
43500.000000,2177798.000000,75549924.000000, , , ,-0.975586,0.325195,-2.276367
43501.000000,2177799.000000,75549924.000000,-0.017400,-0.031900,-0.991800, , , 
43502.000000,2177899.000000,75549924.000000, , , ,-1.300781,-0.325195,-2.601563
43503.000000,2177900.000000,75549924.000000,-0.002900,-0.031900,-0.951200, , , 
43504.000000,2177999.000000,75549924.000000,-0.029000,-0.020300,-0.968600, , , 
43505.000000,2178000.000000,75549924.000000, , , ,-0.975586,-0.975586,-3.251953
43506.000000,2178100.000000,75549924.000000,-0.034800,-0.026100,-1.003400, , , 
43507.000000,2178101.000000,75549924.000000, , , ,-0.650391,-1.300781,-2.926758
43508.000000,2178192.000000,75549924.000000, , , ,-1.625977,-1.625977,-3.251953
43509.000000,2178199.000000,75549924.000000,-0.043500,-0.049300,-0.983100, , , 
43510.000000,2178293.000000,75549924.000000, , , ,-0.975586,-0.650391,-3.577148
43511.000000,2178300.000000,75549924.000000,-0.055100,0.011600,-0.991800, , , 
43512.000000,2178394.000000,75549924.000000, , , ,-0.325195,0.975586,-3.577148
43513.000000,2178399.000000,75549924.000000,-0.055100,-0.017400,-0.974400, , , 
43514.000000,2178495.000000,75549924.000000, , , ,0.000000,0.650391,-3.902344
43515.000000,2178500.000000,75549924.000000,-0.023200,-0.002900,-0.959900, , , 
43516.000000,2178596.000000,75549924.000000, , , ,0.975586,-0.975586,-4.552734
43517.000000,2178599.000000,75549924.000000,-0.026100,-0.072500,-0.965700, , , 
43518.000000,2178697.000000,75549924.000000, , , ,-0.650391,-0.975586,-4.552734
43519.000000,2178700.000000,75549924.000000,-0.043500,-0.092800,-1.000500, , , 
43520.000000,2178798.000000,75549924.000000, , , ,0.000000,-0.975586,-5.528320
43521.000000,2178799.000000,75549924.000000,-0.031900,-0.043500,-0.991800, , , 
43522.000000,2178899.000000,75549924.000000, , , ,-0.325195,-0.975586,-5.528320
43523.000000,2178900.000000,75549924.000000,-0.020300,-0.058000,-0.968600, , , 
43524.000000,2178999.000000,75549924.000000,-0.017400,-0.029000,-0.948300, , , 
43525.000000,2179000.000000,75549924.000000, , , ,1.625977,-0.650391,-6.178711
43526.000000,2179100.000000,75549924.000000,-0.023200,-0.139200,-0.980200, , , 
43527.000000,2179101.000000,75549924.000000, , , ,-0.650391,-0.650391,-6.503906
43528.000000,2179192.000000,75549924.000000, , , ,0.325195,-0.650391,-6.829102
43529.000000,2179199.000000,75549924.000000,-0.023200,-0.084100,-1.003400, , , 
43530.000000,2179293.000000,75549924.000000, , , ,0.325195,-0.325195,-7.804688
43531.000000,2179300.000000,75549924.000000,-0.060900,-0.005800,-1.038200, , , 
43532.000000,2179394.000000,75549924.000000, , , ,-1.951172,0.975586,-7.154297
43533.000000,2179399.000000,75549924.000000,0.002900,-0.203000,-0.933800, , , 
43534.000000,2179495.000000,75549924.000000, , , ,0.325195,0.000000,-6.503906
43535.000000,2179500.000000,75549924.000000,-0.029000,-0.101500,-0.971500, , , 
43536.000000,2179596.000000,75549924.000000, , , ,-1.951172,0.325195,-7.154297
43537.000000,2179599.000000,75549924.000000,-0.020300,-0.040600,-0.997600, , , 
43538.000000,2179697.000000,75549924.000000, , , ,0.000000,-0.325195,-7.479492
43539.000000,2179700.000000,75549924.000000,0.002900,-0.084100,-0.994700, , , 
43540.000000,2179798.000000,75549924.000000, , , ,1.951172,-1.625977,-8.129883
43541.000000,2179799.000000,75549924.000000,-0.017400,-0.049300,-1.017900, , , 
43542.000000,2179899.000000,75549924.000000, , , ,-5.528320,0.650391,-5.528320
43543.000000,2179900.000000,75549924.000000,-0.069600,-0.185600,-0.965700, , , 
43544.000000,2179999.000000,75549924.000000,-0.002900,0.000000,-0.968600, , , 
43545.000000,2180000.000000,75549924.000000, , , ,-1.625977,1.300781,-5.853516
43546.000000,2180100.000000,75549924.000000,-0.017400,-0.023200,-1.003400, , , 
43547.000000,2180101.000000,75549924.000000, , , ,0.000000,0.325195,-6.829102
43548.000000,2180192.000000,75549924.000000, , , ,-2.276367,0.975586,-5.528320
43549.000000,2180199.000000,75549924.000000,0.002900,-0.136300,-0.971500, , , 
43550.000000,2180293.000000,75549924.000000, , , ,-5.203125,-0.975586,-4.227539
43551.000000,2180300.000000,75549924.000000,0.026100,-0.058000,-0.942500, , , 
43552.000000,2180394.000000,75549924.000000, , , ,-2.601563,-3.251953,-4.227539
43553.000000,2180399.000000,75549924.000000,-0.031900,0.037700,-0.957000, , , 
43554.000000,2180495.000000,75549924.000000, , , ,0.975586,-0.325195,-4.877930
43555.000000,2180500.000000,75549924.000000,-0.110200,0.029000,-1.116500, , , 
43556.000000,2180596.000000,75549924.000000, , , ,1.625977,3.902344,-4.552734
43557.000000,2180599.000000,75549924.000000,-0.104400,-0.055100,-1.186100, , , 
43558.000000,2180697.000000,75549924.000000, , , ,-3.577148,5.853516,-2.926758
43559.000000,2180700.000000,75549924.000000,-0.020300,-0.153700,-0.910600, , , 
43560.000000,2180798.000000,75549924.000000, , , ,-5.203125,6.503906,-1.951172
43561.000000,2180799.000000,75549924.000000,0.014500,-0.011600,-0.846800, , , 
43562.000000,2180899.000000,75549924.000000, , , ,-1.951172,4.552734,-3.902344
43563.000000,2180900.000000,75549924.000000,0.023200,0.130500,-0.945400, , , 
43564.000000,2180999.000000,75549924.000000,0.089900,-0.005800,-1.104900, , , 
43565.000000,2181000.000000,75549924.000000, , , ,0.000000,-2.276367,-2.276367
43566.000000,2181100.000000,75549924.000000,0.026100,-0.023200,-1.023700, , , 
43567.000000,2181101.000000,75549924.000000, , , ,-0.325195,-7.804688,-1.300781
43568.000000,2181192.000000,75549924.000000, , , ,-1.951172,-5.853516,-0.325195
43569.000000,2181199.000000,75549924.000000,-0.075400,-0.008700,-0.913500, , , 
43570.000000,2181293.000000,75549924.000000, , , ,-0.650391,-0.325195,-1.625977
43571.000000,2181300.000000,75549924.000000,-0.066700,0.011600,-0.916400, , , 
43572.000000,2181394.000000,75549924.000000, , , ,-1.625977,1.625977,-1.625977
43573.000000,2181399.000000,75549924.000000,-0.023200,-0.014500,-0.986000, , , 
43574.000000,2181495.000000,75549924.000000, , , ,-2.276367,1.300781,-0.975586
43575.000000,2181500.000000,75549924.000000,0.000000,0.002900,-1.023700, , , 
43576.000000,2181596.000000,75549924.000000, , , ,-2.276367,0.000000,0.000000
43577.000000,2181599.000000,75549924.000000,0.002900,0.049300,-0.977300, , , 
43578.000000,2181697.000000,75549924.000000, , , ,-1.300781,-0.325195,0.000000
43579.000000,2181700.000000,75549924.000000,-0.017400,0.072500,-0.986000, , , 
43580.000000,2181798.000000,75549924.000000, , , ,0.000000,0.000000,0.325195
43581.000000,2181799.000000,75549924.000000,-0.005800,0.060900,-0.959900, , , 
43582.000000,2181899.000000,75549924.000000, , , ,-1.625977,-1.300781,1.300781
43583.000000,2181900.000000,75549924.000000,0.008700,0.023200,-0.971500, , , 
43584.000000,2181999.000000,75549924.000000,0.000000,0.034800,-0.991800, , , 
43585.000000,2182000.000000,75549924.000000, , , ,-0.325195,-2.601563,1.625977
43586.000000,2182100.000000,75549924.000000,-0.052200,0.026100,-1.015000, , , 
43587.000000,2182101.000000,75549924.000000, , , ,-2.601563,-0.650391,1.625977
43588.000000,2182192.000000,75549924.000000, , , ,0.000000,0.000000,1.625977
43589.000000,2182199.000000,75549924.000000,0.000000,0.098600,-0.959900, , , 
43590.000000,2182293.000000,75549924.000000, , , ,0.000000,-0.975586,1.300781
43591.000000,2182300.000000,75549924.000000,-0.014500,0.043500,-0.965700, , , 
43592.000000,2182394.000000,75549924.000000, , , ,0.325195,0.000000,1.300781
43593.000000,2182399.000000,75549924.000000,-0.020300,0.034800,-0.983100, , , 
43594.000000,2182495.000000,75549924.000000, , , ,-0.325195,0.325195,1.300781
43595.000000,2182500.000000,75549924.000000,-0.014500,0.014500,-0.977300, , , 
43596.000000,2182596.000000,75549924.000000, , , ,-1.951172,-0.650391,1.625977
43597.000000,2182599.000000,75549924.000000,-0.002900,0.017400,-1.009200, , , 
43598.000000,2182697.000000,75549924.000000, , , ,-0.325195,-1.300781,1.625977
43599.000000,2182700.000000,75549924.000000,-0.046400,0.089900,-0.968600, , , 
43600.000000,2182798.000000,75549924.000000, , , ,0.000000,0.000000,1.300781
43601.000000,2182799.000000,75549924.000000,-0.046400,0.066700,-0.977300, , , 
43602.000000,2182899.000000,75549924.000000, , , ,0.325195,0.000000,1.300781
43603.000000,2182900.000000,75549924.000000,-0.049300,0.043500,-0.965700, , , 
43604.000000,2182999.000000,75549924.000000,-0.075400,0.026100,-0.991800, , , 
43605.000000,2183000.000000,75549924.000000, , , ,-1.300781,-0.325195,1.625977
43606.000000,2183100.000000,75549924.000000,-0.060900,0.072500,-0.971500, , , 
43607.000000,2183101.000000,75549924.000000, , , ,-1.625977,0.000000,2.276367
43608.000000,2183192.000000,75549924.000000, , , ,0.000000,0.000000,2.601563
43609.000000,2183199.000000,75549924.000000,-0.063800,0.101500,-0.983100, , , 
43610.000000,2183293.000000,75549924.000000, , , ,-0.325195,-0.650391,3.251953
43611.000000,2183300.000000,75549924.000000,-0.075400,0.092800,-0.974400, , , 
43612.000000,2183394.000000,75549924.000000, , , ,0.000000,-0.325195,4.552734
43613.000000,2183399.000000,75549924.000000,-0.084100,0.089900,-0.977300, , , 
43614.000000,2183495.000000,75549924.000000, , , ,-1.300781,0.000000,5.203125
43615.000000,2183500.000000,75549924.000000,-0.084100,0.069600,-0.994700, , , 
43616.000000,2183596.000000,75549924.000000, , , ,-1.625977,-0.325195,6.503906
43617.000000,2183599.000000,75549924.000000,-0.081200,0.110200,-0.971500, , , 
43618.000000,2183697.000000,75549924.000000, , , ,0.325195,-0.325195,6.829102
43619.000000,2183700.000000,75549924.000000,-0.069600,0.168200,-0.933800, , , 
43620.000000,2183798.000000,75549924.000000, , , ,0.000000,-0.975586,7.804688
43621.000000,2183799.000000,75549924.000000,-0.092800,0.124700,-0.983100, , , 
43622.000000,2183899.000000,75549924.000000, , , ,0.325195,-0.325195,8.780273
43623.000000,2183900.000000,75549924.000000,-0.098600,0.124700,-1.003400, , , 
43624.000000,2183999.000000,75549924.000000,-0.049300,0.147900,-0.980200, , , 
43625.000000,2184000.000000,75549924.000000, , , ,0.650391,0.000000,9.430664
43626.000000,2184100.000000,75549924.000000,-0.023200,0.147900,-0.959900, , , 
43627.000000,2184101.000000,75549924.000000, , , ,0.650391,0.000000,10.406250
43628.000000,2184192.000000,75549924.000000, , , ,0.325195,-0.975586,11.056641
43629.000000,2184199.000000,75549924.000000,-0.037700,0.121800,-0.971500, , , 
43630.000000,2184293.000000,75549924.000000, , , ,0.650391,0.000000,11.381836
43631.000000,2184300.000000,75549924.000000,-0.058000,0.145000,-0.986000, , , 
43632.000000,2184394.000000,75549924.000000, , , ,1.300781,0.325195,11.707031
43633.000000,2184399.000000,75549924.000000,-0.055100,0.118900,-0.994700, , , 
43634.000000,2184495.000000,75549924.000000, , , ,-0.975586,-0.975586,12.357422
43635.000000,2184500.000000,75549924.000000,-0.034800,0.081200,-0.968600, , , 
43636.000000,2184596.000000,75549924.000000, , , ,0.000000,-1.951172,12.357422
43637.000000,2184599.000000,75549924.000000,-0.055100,0.153700,-0.928000, , , 
43638.000000,2184697.000000,75549924.000000, , , ,0.975586,-0.975586,12.032227
43639.000000,2184700.000000,75549924.000000,-0.095700,0.124700,-1.009200, , , 
43640.000000,2184798.000000,75549924.000000, , , ,0.650391,0.000000,12.032227
43641.000000,2184799.000000,75549924.000000,-0.089900,0.095700,-1.029500, , , 
43642.000000,2184899.000000,75549924.000000, , , ,0.000000,0.650391,12.032227
43643.000000,2184900.000000,75549924.000000,-0.072500,0.072500,-0.997600, , , 
43644.000000,2184999.000000,75549924.000000,-0.052200,0.110200,-0.954100, , , 
43645.000000,2185000.000000,75549924.000000, , , ,0.000000,0.000000,12.032227
43646.000000,2185100.000000,75549924.000000,-0.078300,0.130500,-0.913500, , , 
43647.000000,2185101.000000,75549924.000000, , , ,0.650391,-0.650391,11.707031
43648.000000,2185192.000000,75549924.000000, , , ,0.975586,0.650391,11.056641
43649.000000,2185199.000000,75549924.000000,-0.110200,0.029000,-1.035300, , , 
43650.000000,2185293.000000,75549924.000000, , , ,0.325195,1.951172,9.755859
43651.000000,2185300.000000,75549924.000000,-0.066700,0.052200,-0.977300, , , 
43652.000000,2185394.000000,75549924.000000, , , ,-0.325195,0.000000,9.430664
43653.000000,2185399.000000,75549924.000000,-0.014500,0.034800,-0.965700, , , 
43654.000000,2185495.000000,75549924.000000, , , ,1.300781,-1.625977,7.154297
43655.000000,2185500.000000,75549924.000000,-0.104400,0.043500,-0.994700, , , 
43656.000000,2185596.000000,75549924.000000, , , ,-0.325195,0.325195,4.877930
43657.000000,2185599.000000,75549924.000000,-0.089900,-0.069600,-1.020800, , , 
43658.000000,2185697.000000,75549924.000000, , , ,0.325195,1.300781,2.276367
43659.000000,2185700.000000,75549924.000000,-0.087000,-0.014500,-0.959900, , , 
43660.000000,2185798.000000,75549924.000000, , , ,0.975586,1.951172,0.000000
43661.000000,2185799.000000,75549924.000000,-0.063800,-0.069600,-0.962800, , , 
43662.000000,2185899.000000,75549924.000000, , , ,0.000000,0.325195,-1.951172
43663.000000,2185900.000000,75549924.000000,-0.040600,-0.072500,-1.017900, , , 
43664.000000,2185999.000000,75549924.000000,-0.055100,-0.078300,-0.977300, , , 
43665.000000,2186000.000000,75549924.000000, , , ,0.325195,-2.276367,-2.926758
43666.000000,2186100.000000,75549924.000000,-0.066700,-0.014500,-0.925100, , , 
43667.000000,2186101.000000,75549924.000000, , , ,0.000000,-1.625977,-4.552734
43668.000000,2186192.000000,75549924.000000, , , ,1.951172,-0.325195,-6.178711
43669.000000,2186199.000000,75549924.000000,-0.089900,-0.014500,-0.951200, , , 
43670.000000,2186293.000000,75549924.000000, , , ,1.625977,0.000000,-6.503906
43671.000000,2186300.000000,75549924.000000,-0.081200,-0.142100,-1.055600, , , 
43672.000000,2186394.000000,75549924.000000, , , ,-1.625977,-0.975586,-6.829102
43673.000000,2186399.000000,75549924.000000,-0.092800,-0.191400,-1.026600, , , 
43674.000000,2186495.000000,75549924.000000, , , ,-3.577148,0.000000,-8.780273
43675.000000,2186500.000000,75549924.000000,-0.095700,-0.098600,-0.962800, , , 
43676.000000,2186596.000000,75549924.000000, , , ,-1.625977,0.000000,-11.056641
43677.000000,2186599.000000,75549924.000000,-0.081200,-0.026100,-0.951200, , , 
43678.000000,2186697.000000,75549924.000000, , , ,1.300781,-0.325195,-12.032227
43679.000000,2186700.000000,75549924.000000,-0.063800,-0.055100,-0.957000, , , 
43680.000000,2186798.000000,75549924.000000, , , ,0.975586,-1.300781,-12.357422
43681.000000,2186799.000000,75549924.000000,-0.087000,-0.139200,-0.974400, , , 
43682.000000,2186899.000000,75549924.000000, , , ,-0.325195,0.000000,-13.658203
43683.000000,2186900.000000,75549924.000000,-0.098600,-0.147900,-0.986000, , , 
43684.000000,2186999.000000,75549924.000000,-0.084100,-0.116000,-0.986000, , , 
43685.000000,2187000.000000,75549924.000000, , , ,-0.975586,0.975586,-14.958983
43686.000000,2187100.000000,75549924.000000,-0.058000,-0.130500,-0.997600, , , 
43687.000000,2187101.000000,75549924.000000, , , ,-1.625977,0.650391,-13.983398
43688.000000,2187192.000000,75549924.000000, , , ,-1.300781,-0.325195,-16.910156
43689.000000,2187199.000000,75549924.000000,-0.069600,-0.139200,-0.974400, , , 
43690.000000,2187293.000000,75549924.000000, , , ,-2.276367,-0.650391,-17.235352
43691.000000,2187300.000000,75549924.000000,-0.087000,-0.124700,-0.965700, , , 
43692.000000,2187394.000000,75549924.000000, , , ,-2.276367,-0.325195,-18.210938
43693.000000,2187399.000000,75549924.000000,-0.092800,-0.081200,-0.980200, , , 
43694.000000,2187495.000000,75549924.000000, , , ,-1.625977,-1.300781,-17.885742
43695.000000,2187500.000000,75549924.000000,-0.089900,-0.069600,-0.959900, , , 
43696.000000,2187596.000000,75549924.000000, , , ,-1.951172,-1.300781,-16.910156
43697.000000,2187599.000000,75549924.000000,-0.104400,-0.049300,-0.980200, , , 
43698.000000,2187697.000000,75549924.000000, , , ,-1.625977,-0.650391,-16.910156
43699.000000,2187700.000000,75549924.000000,-0.087000,-0.046400,-0.994700, , , 
43700.000000,2187798.000000,75549924.000000, , , ,-1.625977,-0.975586,-15.284179
43701.000000,2187799.000000,75549924.000000,-0.072500,-0.058000,-0.988900, , , 
43702.000000,2187899.000000,75549924.000000, , , ,-1.300781,-0.975586,-14.958983
43703.000000,2187900.000000,75549924.000000,-0.078300,-0.043500,-0.968600, , , 
43704.000000,2187999.000000,75549924.000000,-0.087000,-0.026100,-0.980200, , , 
43705.000000,2188000.000000,75549924.000000, , , ,-1.625977,-0.650391,-14.308594
43706.000000,2188100.000000,75549924.000000,-0.092800,-0.037700,-0.988900, , , 
43707.000000,2188101.000000,75549924.000000, , , ,-1.625977,-0.650391,-13.983398
43708.000000,2188192.000000,75549924.000000, , , ,-1.951172,-0.975586,-13.333008
43709.000000,2188199.000000,75549924.000000,-0.113100,-0.020300,-0.977300, , , 
43710.000000,2188293.000000,75549924.000000, , , ,-1.300781,-0.650391,-11.707031
43711.000000,2188300.000000,75549924.000000,-0.113100,0.000000,-0.977300, , , 
43712.000000,2188394.000000,75549924.000000, , , ,-1.300781,-0.650391,-11.056641
43713.000000,2188399.000000,75549924.000000,-0.113100,0.000000,-0.968600, , , 
43714.000000,2188495.000000,75549924.000000, , , ,-0.975586,-0.650391,-10.406250
43715.000000,2188500.000000,75549924.000000,-0.107300,-0.011600,-0.974400, , , 
43716.000000,2188596.000000,75549924.000000, , , ,-1.625977,-0.325195,-9.430664
43717.000000,2188599.000000,75549924.000000,-0.110200,-0.008700,-0.986000, , , 
43718.000000,2188697.000000,75549924.000000, , , ,-2.276367,-0.650391,-9.105469
43719.000000,2188700.000000,75549924.000000,-0.087000,0.000000,-0.983100, , , 
43720.000000,2188798.000000,75549924.000000, , , ,-1.625977,0.000000,-7.479492
43721.000000,2188799.000000,75549924.000000,-0.078300,0.026100,-0.980200, , , 
43722.000000,2188899.000000,75549924.000000, , , ,-0.975586,0.000000,-6.829102
43723.000000,2188900.000000,75549924.000000,-0.078300,0.040600,-0.983100, , , 
43724.000000,2188999.000000,75549924.000000,-0.072500,0.011600,-0.983100, , , 
43725.000000,2189000.000000,75549924.000000, , , ,-0.325195,-0.325195,-6.503906
43726.000000,2189100.000000,75549924.000000,-0.066700,-0.005800,-0.980200, , , 
43727.000000,2189101.000000,75549924.000000, , , ,-0.650391,0.000000,-5.853516
43728.000000,2189192.000000,75549924.000000, , , ,-1.300781,-0.325195,-5.528320
43729.000000,2189199.000000,75549924.000000,-0.066700,-0.002900,-0.980200, , , 
43730.000000,2189293.000000,75549924.000000, , , ,-1.951172,-0.325195,-4.877930
43731.000000,2189300.000000,75549924.000000,-0.066700,0.008700,-0.980200, , , 
43732.000000,2189394.000000,75549924.000000, , , ,-0.975586,-0.325195,-4.877930
43733.000000,2189399.000000,75549924.000000,-0.060900,0.020300,-0.977300, , , 
43734.000000,2189495.000000,75549924.000000, , , ,-0.650391,-0.325195,-3.251953
43735.000000,2189500.000000,75549924.000000,-0.063800,0.020300,-0.980200, , , 
43736.000000,2189596.000000,75549924.000000, , , ,-0.975586,-0.325195,-3.577148
43737.000000,2189599.000000,75549924.000000,-0.060900,0.017400,-0.988900, , , 
43738.000000,2189697.000000,75549924.000000, , , ,-0.975586,0.000000,-3.251953
43739.000000,2189700.000000,75549924.000000,-0.058000,0.034800,-0.980200, , , 
43740.000000,2189798.000000,75549924.000000, , , ,-0.650391,0.000000,-2.926758
43741.000000,2189799.000000,75549924.000000,-0.037700,0.008700,-0.983100, , , 
43742.000000,2189899.000000,75549924.000000, , , ,0.000000,0.000000,-2.926758
43743.000000,2189900.000000,75549924.000000,-0.026100,0.005800,-0.986000, , , 
43744.000000,2189999.000000,75549924.000000,-0.023200,0.011600,-0.983100, , , 
43745.000000,2190000.000000,75549924.000000, , , ,-0.650391,0.000000,-2.601563
43746.000000,2190100.000000,75549924.000000,-0.031900,0.008700,-0.980200, , , 
43747.000000,2190101.000000,75549924.000000, , , ,-0.975586,0.000000,-2.276367
43748.000000,2190192.000000,75549924.000000, , , ,-0.650391,-0.325195,-2.276367
43749.000000,2190199.000000,75549924.000000,-0.046400,0.008700,-0.983100, , , 
43750.000000,2190293.000000,75549924.000000, , , ,-0.650391,0.000000,-0.975586
43751.000000,2190300.000000,75549924.000000,-0.052200,0.008700,-0.983100, , , 
43752.000000,2190394.000000,75549924.000000, , , ,-0.650391,0.000000,-1.625977
43753.000000,2190399.000000,75549924.000000,-0.049300,0.011600,-0.983100, , , 
43754.000000,2190495.000000,75549924.000000, , , ,-0.650391,0.000000,-0.975586
43755.000000,2190500.000000,75549924.000000,-0.043500,0.014500,-0.980200, , , 
43756.000000,2190596.000000,75549924.000000, , , ,-0.325195,0.000000,-1.300781
43757.000000,2190599.000000,75549924.000000,-0.020300,0.008700,-0.983100, , , 
43758.000000,2190697.000000,75549924.000000, , , ,-0.650391,0.000000,-0.975586
43759.000000,2190700.000000,75549924.000000,-0.005800,0.002900,-0.986000, , , 
43760.000000,2190798.000000,75549924.000000, , , ,-0.325195,0.000000,-0.650391
43761.000000,2190799.000000,75549924.000000,-0.005800,0.005800,-0.980200, , , 
43762.000000,2190899.000000,75549924.000000, , , ,-0.325195,0.000000,-1.300781
43763.000000,2190900.000000,75549924.000000,-0.002900,0.002900,-0.986000, , , 
43764.000000,2190999.000000,75549924.000000,-0.008700,0.002900,-0.980200, , , 
43765.000000,2191000.000000,75549924.000000, , , ,-0.650391,0.000000,-0.650391
43766.000000,2191100.000000,75549924.000000,-0.014500,0.005800,-0.986000, , , 
43767.000000,2191101.000000,75549924.000000, , , ,-0.650391,-0.325195,-0.650391
43768.000000,2191192.000000,75549924.000000, , , ,-0.325195,0.000000,-0.650391
43769.000000,2191199.000000,75549924.000000,-0.017400,0.002900,-0.983100, , , 
43770.000000,2191293.000000,75549924.000000, , , ,-0.650391,-0.325195,-0.325195
43771.000000,2191300.000000,75549924.000000,-0.020300,0.005800,-0.986000, , , 
43772.000000,2191394.000000,75549924.000000, , , ,-0.650391,-0.325195,-0.325195
43773.000000,2191399.000000,75549924.000000,-0.029000,0.005800,-0.980200, , , 
43774.000000,2191495.000000,75549924.000000, , , ,-0.650391,-0.650391,-0.325195
43775.000000,2191500.000000,75549924.000000,-0.034800,0.005800,-0.986000, , , 
43776.000000,2191596.000000,75549924.000000, , , ,-0.325195,0.000000,0.000000
43777.000000,2191599.000000,75549924.000000,-0.037700,0.008700,-0.983100, , , 
43778.000000,2191697.000000,75549924.000000, , , ,-0.325195,0.000000,-0.325195
43779.000000,2191700.000000,75549924.000000,0.008700,0.000000,-0.991800, , , 
43780.000000,2191798.000000,75549924.000000, , , ,-0.650391,0.000000,0.000000
43781.000000,2191799.000000,75549924.000000,0.017400,0.000000,-0.980200, , , 
43782.000000,2191899.000000,75549924.000000, , , ,-0.650391,-0.325195,0.000000
43783.000000,2191900.000000,75549924.000000,0.000000,0.002900,-0.986000, , , 
43784.000000,2191999.000000,75549924.000000,-0.005800,0.000000,-0.983100, , , 
43785.000000,2192000.000000,75549924.000000, , , ,-0.650391,0.000000,-0.325195
43786.000000,2192100.000000,75549924.000000,0.000000,0.000000,-0.986000, , , 
43787.000000,2192101.000000,75549924.000000, , , ,-0.325195,0.000000,-0.325195
43788.000000,2192192.000000,75549924.000000, , , ,-0.650391,0.000000,0.000000
43789.000000,2192199.000000,75549924.000000,0.002900,0.005800,-0.980200, , , 
43790.000000,2192293.000000,75549924.000000, , , ,-0.650391,0.000000,0.000000
43791.000000,2192300.000000,75549924.000000,0.000000,0.005800,-0.986000, , , 
43792.000000,2192394.000000,75549924.000000, , , ,-0.650391,-0.650391,-0.325195
43793.000000,2192399.000000,75549924.000000,0.000000,0.000000,-0.986000, , , 
43794.000000,2192495.000000,75549924.000000, , , ,-0.650391,0.000000,0.000000
43795.000000,2192500.000000,75549924.000000,0.000000,0.002900,-0.983100, , , 
43796.000000,2192596.000000,75549924.000000, , , ,-0.325195,0.000000,0.000000
43797.000000,2192599.000000,75549924.000000,0.000000,0.002900,-0.986000, , , 
43798.000000,2192697.000000,75549924.000000, , , ,-0.325195,-0.325195,-0.325195
43799.000000,2192700.000000,75549924.000000,0.000000,0.000000,-0.983100, , , 
43800.000000,2192798.000000,75549924.000000, , , ,-0.325195,-0.325195,0.000000
43801.000000,2192799.000000,75549924.000000,0.000000,0.002900,-0.986000, , , 
43802.000000,2192899.000000,75549924.000000, , , ,-0.650391,0.000000,-0.325195
43803.000000,2192900.000000,75549924.000000,0.000000,0.002900,-0.980200, , , 
43804.000000,2192999.000000,75549924.000000,0.000000,0.000000,-0.988900, , , 
43805.000000,2193000.000000,75549924.000000, , , ,-0.650391,0.000000,0.000000
43806.000000,2193100.000000,75549924.000000,0.008700,0.005800,-0.986000, , , 
43807.000000,2193101.000000,75549924.000000, , , ,-0.650391,0.000000,0.000000
43808.000000,2193192.000000,75549924.000000, , , ,-0.325195,-0.325195,0.000000
43809.000000,2193199.000000,75549924.000000,0.008700,0.002900,-0.986000, , , 
43810.000000,2193293.000000,75549924.000000, , , ,-0.650391,-0.325195,-0.325195
43811.000000,2193300.000000,75549924.000000,0.002900,0.000000,-0.980200, , , 
43812.000000,2193394.000000,75549924.000000, , , ,-0.325195,0.000000,-0.650391
43813.000000,2193399.000000,75549924.000000,0.008700,0.000000,-0.988900, , , 
43814.000000,2193495.000000,75549924.000000, , , ,-0.650391,0.000000,0.000000
43815.000000,2193500.000000,75549924.000000,0.008700,0.002900,-0.983100, , , 
43816.000000,2193596.000000,75549924.000000, , , ,-0.325195,0.000000,-0.325195
43817.000000,2193599.000000,75549924.000000,0.008700,0.002900,-0.983100, , , 
43818.000000,2193697.000000,75549924.000000, , , ,-0.975586,-0.325195,-0.325195
43819.000000,2193700.000000,75549924.000000,0.008700,0.000000,-0.983100, , , 
43820.000000,2193798.000000,75549924.000000, , , ,-0.650391,0.000000,-0.650391
43821.000000,2193799.000000,75549924.000000,0.005800,0.000000,-0.983100, , , 
43822.000000,2193899.000000,75549924.000000, , , ,-0.650391,-0.325195,-0.650391
43823.000000,2193900.000000,75549924.000000,0.002900,0.000000,-0.983100, , , 
43824.000000,2193999.000000,75549924.000000,0.000000,0.000000,-0.986000, , , 
43825.000000,2194000.000000,75549924.000000, , , ,-0.325195,0.000000,-0.325195
43826.000000,2194100.000000,75549924.000000,0.000000,0.000000,-0.988900, , , 
43827.000000,2194101.000000,75549924.000000, , , ,-0.325195,0.000000,0.000000
43828.000000,2194192.000000,75549924.000000, , , ,-0.650391,-0.325195,-0.325195
43829.000000,2194199.000000,75549924.000000,-0.011600,0.002900,-0.980200, , , 
43830.000000,2194293.000000,75549924.000000, , , ,-0.650391,-0.325195,-0.325195
43831.000000,2194300.000000,75549924.000000,-0.029000,0.005800,-0.983100, , , 
43832.000000,2194394.000000,75549924.000000, , , ,-0.650391,-0.325195,0.000000
43833.000000,2194399.000000,75549924.000000,-0.031900,0.005800,-0.986000, , , 
43834.000000,2194495.000000,75549924.000000, , , ,-0.650391,0.000000,0.000000
43835.000000,2194500.000000,75549924.000000,-0.014500,0.000000,-0.988900, , , 
43836.000000,2194596.000000,75549924.000000, , , ,-0.650391,0.000000,0.000000
43837.000000,2194599.000000,75549924.000000,0.000000,0.000000,-0.983100, , , 
43838.000000,2194697.000000,75549924.000000, , , ,-0.650391,0.000000,0.000000
43839.000000,2194700.000000,75549924.000000,0.008700,0.000000,-0.988900, , , 
43840.000000,2194798.000000,75549924.000000, , , ,-0.650391,0.000000,0.000000
43841.000000,2194799.000000,75549924.000000,0.017400,0.000000,-0.980200, , , 
43842.000000,2194899.000000,75549924.000000, , , ,-0.650391,-0.325195,-0.325195
43843.000000,2194900.000000,75549924.000000,0.008700,0.000000,-0.986000, , , 
43844.000000,2194999.000000,75549924.000000,0.000000,0.002900,-0.986000, , , 
43845.000000,2195000.000000,75549924.000000, , , ,-0.650391,0.000000,0.000000
43846.000000,2195100.000000,75549924.000000,0.000000,0.000000,-0.986000, , , 
43847.000000,2195101.000000,75549924.000000, , , ,-0.325195,0.000000,0.000000
43848.000000,2195192.000000,75549924.000000, , , ,-0.650391,-0.325195,-0.325195
43849.000000,2195199.000000,75549924.000000,-0.002900,0.000000,-0.986000, , , 
43850.000000,2195293.000000,75549924.000000, , , ,-0.325195,0.000000,0.000000
43851.000000,2195300.000000,75549924.000000,-0.005800,0.002900,-0.983100, , , 
43852.000000,2195394.000000,75549924.000000, , , ,-0.650391,0.000000,0.000000
43853.000000,2195399.000000,75549924.000000,0.000000,0.000000,-0.986000, , , 
43854.000000,2195495.000000,75549924.000000, , , ,-0.650391,-0.325195,-0.325195
43855.000000,2195500.000000,75549924.000000,0.000000,0.000000,-0.983100, , , 
43856.000000,2195596.000000,75549924.000000, , , ,-0.650391,0.000000,-0.325195
43857.000000,2195599.000000,75549924.000000,0.000000,0.000000,-0.983100, , , 
43858.000000,2195697.000000,75549924.000000, , , ,-0.650391,-0.325195,0.000000
43859.000000,2195700.000000,75549924.000000,0.000000,0.002900,-0.986000, , , 
43860.000000,2195798.000000,75549924.000000, , , ,-0.325195,0.000000,0.000000
43861.000000,2195799.000000,75549924.000000,0.000000,0.000000,-0.983100, , , 
43862.000000,2195899.000000,75549924.000000, , , ,-0.325195,0.000000,0.000000
43863.000000,2195900.000000,75549924.000000,0.000000,0.000000,-0.986000, , , 
43864.000000,2195999.000000,75549924.000000,0.000000,0.002900,-0.983100, , , 
43865.000000,2196000.000000,75549924.000000, , , ,-0.650391,-0.325195,-0.325195
43866.000000,2196100.000000,75549924.000000,0.000000,0.002900,-0.983100, , , 
43867.000000,2196101.000000,75549924.000000, , , ,-0.325195,0.000000,-0.325195
43868.000000,2196192.000000,75549924.000000, , , ,-0.650391,-0.325195,0.000000
43869.000000,2196199.000000,75549924.000000,0.000000,0.000000,-0.986000, , , 
43870.000000,2196293.000000,75549924.000000, , , ,-0.650391,0.000000,-0.325195
43871.000000,2196300.000000,75549924.000000,0.000000,0.000000,-0.983100, , , 
43872.000000,2196394.000000,75549924.000000, , , ,-0.325195,0.000000,0.000000
43873.000000,2196399.000000,75549924.000000,0.000000,0.002900,-0.983100, , , 
43874.000000,2196495.000000,75549924.000000, , , ,-0.650391,-0.325195,-0.325195
43875.000000,2196500.000000,75549924.000000,0.000000,0.000000,-0.986000, , , 
43876.000000,2196596.000000,75549924.000000, , , ,-0.325195,0.000000,-0.325195
43877.000000,2196599.000000,75549924.000000,0.000000,0.000000,-0.983100, , , 
43878.000000,2196697.000000,75549924.000000, , , ,-0.325195,0.000000,-0.325195
43879.000000,2196700.000000,75549924.000000,0.000000,0.002900,-0.983100, , , 
43880.000000,2196798.000000,75549924.000000, , , ,-0.650391,0.000000,-0.325195
43881.000000,2196799.000000,75549924.000000,0.000000,0.002900,-0.983100, , , 
43882.000000,2196899.000000,75549924.000000, , , ,-0.325195,0.000000,-0.325195
43883.000000,2196900.000000,75549924.000000,0.000000,0.000000,-0.983100, , , 
43884.000000,2196999.000000,75549924.000000,0.000000,0.000000,-0.983100, , , 
43885.000000,2197000.000000,75549924.000000, , , ,-0.325195,0.000000,0.000000
43886.000000,2197100.000000,75549924.000000,0.000000,0.002900,-0.986000, , , 
43887.000000,2197101.000000,75549924.000000, , , ,-0.650391,0.000000,-0.325195
43888.000000,2197192.000000,75549924.000000, , , ,-0.650391,0.000000,-0.325195
43889.000000,2197199.000000,75549924.000000,0.000000,0.002900,-0.983100, , , 
43890.000000,2197293.000000,75549924.000000, , , ,-0.650391,0.000000,0.000000
43891.000000,2197300.000000,75549924.000000,0.000000,0.000000,-0.986000, , , 
43892.000000,2197394.000000,75549924.000000, , , ,-0.650391,0.000000,0.000000
43893.000000,2197399.000000,75549924.000000,0.000000,0.000000,-0.983100, , , 
43894.000000,2197495.000000,75549924.000000, , , ,-0.650391,0.000000,0.000000
43895.000000,2197500.000000,75549924.000000,0.000000,0.000000,-0.983100, , , 
43896.000000,2197596.000000,75549924.000000, , , ,-0.325195,0.000000,-0.325195
43897.000000,2197599.000000,75549924.000000,0.000000,0.000000,-0.986000, , , 
43898.000000,2197697.000000,75549924.000000, , , ,-0.975586,0.000000,-0.325195
43899.000000,2197700.000000,75549924.000000,0.000000,0.002900,-0.983100, , , 
43900.000000,2197798.000000,75549924.000000, , , ,-0.325195,-0.325195,0.000000
43901.000000,2197799.000000,75549924.000000,0.000000,0.000000,-0.986000, , , 
43902.000000,2197899.000000,75549924.000000, , , ,-0.650391,0.000000,-0.325195
43903.000000,2197900.000000,75549924.000000,0.000000,0.000000,-0.983100, , , 
43904.000000,2197999.000000,75549924.000000,0.000000,0.002900,-0.983100, , , 
43905.000000,2198000.000000,75549924.000000, , , ,-0.325195,0.000000,0.000000
43906.000000,2198100.000000,75549924.000000,0.000000,0.000000,-0.986000, , , 
43907.000000,2198101.000000,75549924.000000, , , ,-0.650391,-0.325195,-0.325195
43908.000000,2198192.000000,75549924.000000, , , ,-0.650391,-0.325195,-0.325195
43909.000000,2198199.000000,75549924.000000,0.000000,0.000000,-0.986000, , , 
43910.000000,2198293.000000,75549924.000000, , , ,-0.325195,-0.325195,0.000000
43911.000000,2198300.000000,75549924.000000,0.000000,0.002900,-0.983100, , , 
43912.000000,2198394.000000,75549924.000000, , , ,-0.325195,0.000000,-0.325195
43913.000000,2198399.000000,75549924.000000,0.000000,0.000000,-0.983100, , , 
43914.000000,2198495.000000,75549924.000000, , , ,-0.650391,-0.325195,0.000000
43915.000000,2198500.000000,75549924.000000,0.000000,0.000000,-0.986000, , , 
43916.000000,2198596.000000,75549924.000000, , , ,-0.650391,0.000000,-0.325195
43917.000000,2198599.000000,75549924.000000,0.000000,0.000000,-0.986000, , , 
43918.000000,2198697.000000,75549924.000000, , , ,-0.650391,0.000000,0.000000
43919.000000,2198700.000000,75549924.000000,0.000000,0.002900,-0.983100, , , 
43920.000000,2198798.000000,75549924.000000, , , ,-0.325195,0.000000,0.000000
43921.000000,2198799.000000,75549924.000000,0.000000,0.000000,-0.983100, , , 
43922.000000,2198899.000000,75549924.000000, , , ,-0.325195,0.000000,0.000000
43923.000000,2198900.000000,75549924.000000,0.000000,0.000000,-0.986000, , , 
43924.000000,2198999.000000,75549924.000000,0.000000,0.002900,-0.983100, , , 
43925.000000,2199000.000000,75549924.000000, , , ,-0.650391,0.000000,0.000000
43926.000000,2199100.000000,75549924.000000,0.000000,0.000000,-0.983100, , , 
43927.000000,2199101.000000,75549924.000000, , , ,-0.325195,0.000000,-0.325195
43928.000000,2199192.000000,75549924.000000, , , ,-0.325195,0.000000,0.000000
43929.000000,2199199.000000,75549924.000000,0.000000,0.000000,-0.986000, , , 
43930.000000,2199293.000000,75549924.000000, , , ,-0.325195,0.000000,0.000000
43931.000000,2199300.000000,75549924.000000,0.000000,0.000000,-0.986000, , , 
43932.000000,2199394.000000,75549924.000000, , , ,-0.650391,-0.325195,0.000000
43933.000000,2199399.000000,75549924.000000,0.000000,0.002900,-0.983100, , , 
